Waveform,API_Date,API_Time,API_t0,API_dt,API_ScanMethod,API_TDAvg,API_ScanRate,API_Axis1,API_Axis2,API_Axis3,API_Axis4,API_Axis5,API_Axis6,API_TxPwr,API_RxPwr,API_ExternalDigitalInputs,API_Index,API_SubChannel,API_ID,Data Point 1,Data Point 2,Data Point 3,Data Point 4,Data Point 5,Data Point 6,Data Point 7,Data Point 8,Data Point 9,Data Point 10,Data Point 11,Data Point 12,Data Point 13,Data Point 14,Data Point 15,Data Point 16,Data Point 17,Data Point 18,Data Point 19,Data Point 20,Data Point 21,Data Point 22,Data Point 23,Data Point 24,Data Point 25,Data Point 26,Data Point 27,Data Point 28,Data Point 29,Data Point 30,Data Point 31,Data Point 32,Data Point 33,Data Point 34,Data Point 35,Data Point 36,Data Point 37,Data Point 38,Data Point 39,Data Point 40,Data Point 41,Data Point 42,Data Point 43,Data Point 44,Data Point 45,Data Point 46,Data Point 47,Data Point 48,Data Point 49,Data Point 50,Data Point 51,Data Point 52,Data Point 53,Data Point 54,Data Point 55,Data Point 56,Data Point 57,Data Point 58,Data Point 59,Data Point 60,Data Point 61,Data Point 62,Data Point 63,Data Point 64,Data Point 65,Data Point 66,Data Point 67,Data Point 68,Data Point 69,Data Point 70,Data Point 71,Data Point 72,Data Point 73,Data Point 74,Data Point 75,Data Point 76,Data Point 77,Data Point 78,Data Point 79,Data Point 80,Data Point 81,Data Point 82,Data Point 83,Data Point 84,Data Point 85,Data Point 86,Data Point 87,Data Point 88,Data Point 89,Data Point 90,Data Point 91,Data Point 92,Data Point 93,Data Point 94,Data Point 95,Data Point 96,Data Point 97,Data Point 98,Data Point 99,Data Point 100,Data Point 101,Data Point 102,Data Point 103,Data Point 104,Data Point 105,Data Point 106,Data Point 107,Data Point 108,Data Point 109,Data Point 110,Data Point 111,Data Point 112,Data Point 113,Data Point 114,Data Point 115,Data Point 116,Data Point 117,Data Point 118,Data Point 119,Data Point 120,Data Point 121,Data Point 122,Data Point 123,Data Point 124,Data Point 125,Data Point 126,Data Point 127,Data Point 128,Data Point 129,Data Point 130,Data Point 131,Data Point 132,Data Point 133,Data Point 134,Data Point 135,Data Point 136,Data Point 137,Data Point 138,Data Point 139,Data Point 140,Data Point 141,Data Point 142,Data Point 143,Data Point 144,Data Point 145,Data Point 146,Data Point 147,Data Point 148,Data Point 149,Data Point 150,Data Point 151,Data Point 152,Data Point 153,Data Point 154,Data Point 155,Data Point 156,Data Point 157,Data Point 158,Data Point 159,Data Point 160,Data Point 161,Data Point 162,Data Point 163,Data Point 164,Data Point 165,Data Point 166,Data Point 167,Data Point 168,Data Point 169,Data Point 170,Data Point 171,Data Point 172,Data Point 173,Data Point 174,Data Point 175,Data Point 176,Data Point 177,Data Point 178,Data Point 179,Data Point 180,Data Point 181,Data Point 182,Data Point 183,Data Point 184,Data Point 185,Data Point 186,Data Point 187,Data Point 188,Data Point 189,Data Point 190,Data Point 191,Data Point 192,Data Point 193,Data Point 194,Data Point 195,Data Point 196,Data Point 197,Data Point 198,Data Point 199,Data Point 200,Data Point 201,Data Point 202,Data Point 203,Data Point 204,Data Point 205,Data Point 206,Data Point 207,Data Point 208,Data Point 209,Data Point 210,Data Point 211,Data Point 212,Data Point 213,Data Point 214,Data Point 215,Data Point 216,Data Point 217,Data Point 218,Data Point 219,Data Point 220,Data Point 221,Data Point 222,Data Point 223,Data Point 224,Data Point 225,Data Point 226,Data Point 227,Data Point 228,Data Point 229,Data Point 230,Data Point 231,Data Point 232,Data Point 233,Data Point 234,Data Point 235,Data Point 236,Data Point 237,Data Point 238,Data Point 239,Data Point 240,Data Point 241,Data Point 242,Data Point 243,Data Point 244,Data Point 245,Data Point 246,Data Point 247,Data Point 248,Data Point 249,Data Point 250,Data Point 251,Data Point 252,Data Point 253,Data Point 254,Data Point 255,Data Point 256,Data Point 257,Data Point 258,Data Point 259,Data Point 260,Data Point 261,Data Point 262,Data Point 263,Data Point 264,Data Point 265,Data Point 266,Data Point 267,Data Point 268,Data Point 269,Data Point 270,Data Point 271,Data Point 272,Data Point 273,Data Point 274,Data Point 275,Data Point 276,Data Point 277,Data Point 278,Data Point 279,Data Point 280,Data Point 281,Data Point 282,Data Point 283,Data Point 284,Data Point 285,Data Point 286,Data Point 287,Data Point 288,Data Point 289,Data Point 290,Data Point 291,Data Point 292,Data Point 293,Data Point 294,Data Point 295,Data Point 296,Data Point 297,Data Point 298,Data Point 299,Data Point 300,Data Point 301,Data Point 302,Data Point 303,Data Point 304,Data Point 305,Data Point 306,Data Point 307,Data Point 308,Data Point 309,Data Point 310,Data Point 311,Data Point 312,Data Point 313,Data Point 314,Data Point 315,Data Point 316,Data Point 317,Data Point 318,Data Point 319,Data Point 320,Data Point 321,Data Point 322,Data Point 323,Data Point 324,Data Point 325,Data Point 326,Data Point 327,Data Point 328,Data Point 329,Data Point 330,Data Point 331,Data Point 332,Data Point 333,Data Point 334,Data Point 335,Data Point 336,Data Point 337,Data Point 338,Data Point 339,Data Point 340,Data Point 341,Data Point 342,Data Point 343,Data Point 344,Data Point 345,Data Point 346,Data Point 347,Data Point 348,Data Point 349,Data Point 350,Data Point 351,Data Point 352,Data Point 353,Data Point 354,Data Point 355,Data Point 356,Data Point 357,Data Point 358,Data Point 359,Data Point 360,Data Point 361,Data Point 362,Data Point 363,Data Point 364,Data Point 365,Data Point 366,Data Point 367,Data Point 368,Data Point 369,Data Point 370,Data Point 371,Data Point 372,Data Point 373,Data Point 374,Data Point 375,Data Point 376,Data Point 377,Data Point 378,Data Point 379,Data Point 380,Data Point 381,Data Point 382,Data Point 383,Data Point 384,Data Point 385,Data Point 386,Data Point 387,Data Point 388,Data Point 389,Data Point 390,Data Point 391,Data Point 392,Data Point 393,Data Point 394,Data Point 395,Data Point 396,Data Point 397,Data Point 398,Data Point 399,Data Point 400,Data Point 401,Data Point 402,Data Point 403,Data Point 404,Data Point 405,Data Point 406,Data Point 407,Data Point 408,Data Point 409,Data Point 410,Data Point 411,Data Point 412,Data Point 413,Data Point 414,Data Point 415,Data Point 416,Data Point 417,Data Point 418,Data Point 419,Data Point 420,Data Point 421,Data Point 422,Data Point 423,Data Point 424,Data Point 425,Data Point 426,Data Point 427,Data Point 428,Data Point 429,Data Point 430,Data Point 431,Data Point 432,Data Point 433,Data Point 434,Data Point 435,Data Point 436,Data Point 437,Data Point 438,Data Point 439,Data Point 440,Data Point 441,Data Point 442,Data Point 443,Data Point 444,Data Point 445,Data Point 446,Data Point 447,Data Point 448,Data Point 449,Data Point 450,Data Point 451,Data Point 452,Data Point 453,Data Point 454,Data Point 455,Data Point 456,Data Point 457,Data Point 458,Data Point 459,Data Point 460,Data Point 461,Data Point 462,Data Point 463,Data Point 464,Data Point 465,Data Point 466,Data Point 467,Data Point 468,Data Point 469,Data Point 470,Data Point 471,Data Point 472,Data Point 473,Data Point 474,Data Point 475,Data Point 476,Data Point 477,Data Point 478,Data Point 479,Data Point 480,Data Point 481,Data Point 482,Data Point 483,Data Point 484,Data Point 485,Data Point 486,Data Point 487,Data Point 488,Data Point 489,Data Point 490,Data Point 491,Data Point 492,Data Point 493,Data Point 494,Data Point 495,Data Point 496,Data Point 497,Data Point 498,Data Point 499,Data Point 500,Data Point 501,Data Point 502,Data Point 503,Data Point 504,Data Point 505,Data Point 506,Data Point 507,Data Point 508,Data Point 509,Data Point 510,Data Point 511,Data Point 512,Data Point 513,Data Point 514,Data Point 515,Data Point 516,Data Point 517,Data Point 518,Data Point 519,Data Point 520,Data Point 521,Data Point 522,Data Point 523,Data Point 524,Data Point 525,Data Point 526,Data Point 527,Data Point 528,Data Point 529,Data Point 530,Data Point 531,Data Point 532,Data Point 533,Data Point 534,Data Point 535,Data Point 536,Data Point 537,Data Point 538,Data Point 539,Data Point 540,Data Point 541,Data Point 542,Data Point 543,Data Point 544,Data Point 545,Data Point 546,Data Point 547,Data Point 548,Data Point 549,Data Point 550,Data Point 551,Data Point 552,Data Point 553,Data Point 554,Data Point 555,Data Point 556,Data Point 557,Data Point 558,Data Point 559,Data Point 560,Data Point 561,Data Point 562,Data Point 563,Data Point 564,Data Point 565,Data Point 566,Data Point 567,Data Point 568,Data Point 569,Data Point 570,Data Point 571,Data Point 572,Data Point 573,Data Point 574,Data Point 575,Data Point 576,Data Point 577,Data Point 578,Data Point 579,Data Point 580,Data Point 581,Data Point 582,Data Point 583,Data Point 584,Data Point 585,Data Point 586,Data Point 587,Data Point 588,Data Point 589,Data Point 590,Data Point 591,Data Point 592,Data Point 593,Data Point 594,Data Point 595,Data Point 596,Data Point 597,Data Point 598,Data Point 599,Data Point 600,Data Point 601,Data Point 602,Data Point 603,Data Point 604,Data Point 605,Data Point 606,Data Point 607,Data Point 608,Data Point 609,Data Point 610,Data Point 611,Data Point 612,Data Point 613,Data Point 614,Data Point 615,Data Point 616,Data Point 617,Data Point 618,Data Point 619,Data Point 620,Data Point 621,Data Point 622,Data Point 623,Data Point 624,Data Point 625,Data Point 626,Data Point 627,Data Point 628,Data Point 629,Data Point 630,Data Point 631,Data Point 632,Data Point 633,Data Point 634,Data Point 635,Data Point 636,Data Point 637,Data Point 638,Data Point 639,Data Point 640,Data Point 641,Data Point 642,Data Point 643,Data Point 644,Data Point 645,Data Point 646,Data Point 647,Data Point 648,Data Point 649,Data Point 650,Data Point 651,Data Point 652,Data Point 653,Data Point 654,Data Point 655,Data Point 656,Data Point 657,Data Point 658,Data Point 659,Data Point 660,Data Point 661,Data Point 662,Data Point 663,Data Point 664,Data Point 665,Data Point 666,Data Point 667,Data Point 668,Data Point 669,Data Point 670,Data Point 671,Data Point 672,Data Point 673,Data Point 674,Data Point 675,Data Point 676,Data Point 677,Data Point 678,Data Point 679,Data Point 680,Data Point 681,Data Point 682,Data Point 683,Data Point 684,Data Point 685,Data Point 686,Data Point 687,Data Point 688,Data Point 689,Data Point 690,Data Point 691,Data Point 692,Data Point 693,Data Point 694,Data Point 695,Data Point 696,Data Point 697,Data Point 698,Data Point 699,Data Point 700,Data Point 701,Data Point 702,Data Point 703,Data Point 704,Data Point 705,Data Point 706,Data Point 707,Data Point 708,Data Point 709,Data Point 710,Data Point 711,Data Point 712,Data Point 713,Data Point 714,Data Point 715,Data Point 716,Data Point 717,Data Point 718,Data Point 719,Data Point 720,Data Point 721,Data Point 722,Data Point 723,Data Point 724,Data Point 725,Data Point 726,Data Point 727,Data Point 728,Data Point 729,Data Point 730,Data Point 731,Data Point 732,Data Point 733,Data Point 734,Data Point 735,Data Point 736,Data Point 737,Data Point 738,Data Point 739,Data Point 740,Data Point 741,Data Point 742,Data Point 743,Data Point 744,Data Point 745,Data Point 746,Data Point 747,Data Point 748,Data Point 749,Data Point 750,Data Point 751,Data Point 752,Data Point 753,Data Point 754,Data Point 755,Data Point 756,Data Point 757,Data Point 758,Data Point 759,Data Point 760,Data Point 761,Data Point 762,Data Point 763,Data Point 764,Data Point 765,Data Point 766,Data Point 767,Data Point 768,Data Point 769,Data Point 770,Data Point 771,Data Point 772,Data Point 773,Data Point 774,Data Point 775,Data Point 776,Data Point 777,Data Point 778,Data Point 779,Data Point 780,Data Point 781,Data Point 782,Data Point 783,Data Point 784,Data Point 785,Data Point 786,Data Point 787,Data Point 788,Data Point 789,Data Point 790,Data Point 791,Data Point 792,Data Point 793,Data Point 794,Data Point 795,Data Point 796,Data Point 797,Data Point 798,Data Point 799,Data Point 800,Data Point 801,Data Point 802,Data Point 803,Data Point 804,Data Point 805,Data Point 806,Data Point 807,Data Point 808,Data Point 809,Data Point 810,Data Point 811,Data Point 812,Data Point 813,Data Point 814,Data Point 815,Data Point 816,Data Point 817,Data Point 818,Data Point 819,Data Point 820,Data Point 821,Data Point 822,Data Point 823,Data Point 824,Data Point 825,Data Point 826,Data Point 827,Data Point 828,Data Point 829,Data Point 830,Data Point 831,Data Point 832,Data Point 833,Data Point 834,Data Point 835,Data Point 836,Data Point 837,Data Point 838,Data Point 839,Data Point 840,Data Point 841,Data Point 842,Data Point 843,Data Point 844,Data Point 845,Data Point 846,Data Point 847,Data Point 848,Data Point 849,Data Point 850,Data Point 851,Data Point 852,Data Point 853,Data Point 854,Data Point 855,Data Point 856,Data Point 857,Data Point 858,Data Point 859,Data Point 860,Data Point 861,Data Point 862,Data Point 863,Data Point 864,Data Point 865,Data Point 866,Data Point 867,Data Point 868,Data Point 869,Data Point 870,Data Point 871,Data Point 872,Data Point 873,Data Point 874,Data Point 875,Data Point 876,Data Point 877,Data Point 878,Data Point 879,Data Point 880,Data Point 881,Data Point 882,Data Point 883,Data Point 884,Data Point 885,Data Point 886,Data Point 887,Data Point 888,Data Point 889,Data Point 890,Data Point 891,Data Point 892,Data Point 893,Data Point 894,Data Point 895,Data Point 896,Data Point 897,Data Point 898,Data Point 899,Data Point 900,Data Point 901,Data Point 902,Data Point 903,Data Point 904,Data Point 905,Data Point 906,Data Point 907,Data Point 908,Data Point 909,Data Point 910,Data Point 911,Data Point 912,Data Point 913,Data Point 914,Data Point 915,Data Point 916,Data Point 917,Data Point 918,Data Point 919,Data Point 920,Data Point 921,Data Point 922,Data Point 923,Data Point 924,Data Point 925,Data Point 926,Data Point 927,Data Point 928,Data Point 929,Data Point 930,Data Point 931,Data Point 932,Data Point 933,Data Point 934,Data Point 935,Data Point 936,Data Point 937,Data Point 938,Data Point 939,Data Point 940,Data Point 941,Data Point 942,Data Point 943,Data Point 944,Data Point 945,Data Point 946,Data Point 947,Data Point 948,Data Point 949,Data Point 950,Data Point 951,Data Point 952,Data Point 953,Data Point 954,Data Point 955,Data Point 956,Data Point 957,Data Point 958,Data Point 959,Data Point 960,Data Point 961,Data Point 962,Data Point 963,Data Point 964,Data Point 965,Data Point 966,Data Point 967,Data Point 968,Data Point 969,Data Point 970,Data Point 971,Data Point 972,Data Point 973,Data Point 974,Data Point 975,Data Point 976,Data Point 977,Data Point 978,Data Point 979,Data Point 980,Data Point 981,Data Point 982,Data Point 983,Data Point 984,Data Point 985,Data Point 986,Data Point 987,Data Point 988,Data Point 989,Data Point 990,Data Point 991,Data Point 992,Data Point 993,Data Point 994,Data Point 995,Data Point 996,Data Point 997,Data Point 998,Data Point 999,Data Point 1000,Data Point 1001,Data Point 1002,Data Point 1003,Data Point 1004,Data Point 1005,Data Point 1006,Data Point 1007,Data Point 1008,Data Point 1009,Data Point 1010,Data Point 1011,Data Point 1012,Data Point 1013,Data Point 1014,Data Point 1015,Data Point 1016,Data Point 1017,Data Point 1018,Data Point 1019,Data Point 1020,Data Point 1021,Data Point 1022,Data Point 1023,Data Point 1024,Data Point 1025,Data Point 1026,Data Point 1027,Data Point 1028,Data Point 1029,Data Point 1030,Data Point 1031,Data Point 1032,Data Point 1033,Data Point 1034,Data Point 1035,Data Point 1036,Data Point 1037,Data Point 1038,Data Point 1039,Data Point 1040,Data Point 1041,Data Point 1042,Data Point 1043,Data Point 1044,Data Point 1045,Data Point 1046,Data Point 1047,Data Point 1048,Data Point 1049,Data Point 1050,Data Point 1051,Data Point 1052,Data Point 1053,Data Point 1054,Data Point 1055,Data Point 1056,Data Point 1057,Data Point 1058,Data Point 1059,Data Point 1060,Data Point 1061,Data Point 1062,Data Point 1063,Data Point 1064,Data Point 1065,Data Point 1066,Data Point 1067,Data Point 1068,Data Point 1069,Data Point 1070,Data Point 1071,Data Point 1072,Data Point 1073,Data Point 1074,Data Point 1075,Data Point 1076,Data Point 1077,Data Point 1078,Data Point 1079,Data Point 1080,Data Point 1081,Data Point 1082,Data Point 1083,Data Point 1084,Data Point 1085,Data Point 1086,Data Point 1087,Data Point 1088,Data Point 1089,Data Point 1090,Data Point 1091,Data Point 1092,Data Point 1093,Data Point 1094,Data Point 1095,Data Point 1096,Data Point 1097,Data Point 1098,Data Point 1099,Data Point 1100,Data Point 1101,Data Point 1102,Data Point 1103,Data Point 1104,Data Point 1105,Data Point 1106,Data Point 1107,Data Point 1108,Data Point 1109,Data Point 1110,Data Point 1111,Data Point 1112,Data Point 1113,Data Point 1114,Data Point 1115,Data Point 1116,Data Point 1117,Data Point 1118,Data Point 1119,Data Point 1120,Data Point 1121,Data Point 1122,Data Point 1123,Data Point 1124,Data Point 1125,Data Point 1126,Data Point 1127,Data Point 1128,Data Point 1129,Data Point 1130,Data Point 1131,Data Point 1132,Data Point 1133,Data Point 1134,Data Point 1135,Data Point 1136,Data Point 1137,Data Point 1138,Data Point 1139,Data Point 1140,Data Point 1141,Data Point 1142,Data Point 1143,Data Point 1144,Data Point 1145,Data Point 1146,Data Point 1147,Data Point 1148,Data Point 1149,Data Point 1150,Data Point 1151,Data Point 1152,Data Point 1153,Data Point 1154,Data Point 1155,Data Point 1156,Data Point 1157,Data Point 1158,Data Point 1159,Data Point 1160,Data Point 1161,Data Point 1162,Data Point 1163,Data Point 1164,Data Point 1165,Data Point 1166,Data Point 1167,Data Point 1168,Data Point 1169,Data Point 1170,Data Point 1171,Data Point 1172,Data Point 1173,Data Point 1174,Data Point 1175,Data Point 1176,Data Point 1177,Data Point 1178,Data Point 1179,Data Point 1180,Data Point 1181,Data Point 1182,Data Point 1183,Data Point 1184,Data Point 1185,Data Point 1186,Data Point 1187,Data Point 1188,Data Point 1189,Data Point 1190,Data Point 1191,Data Point 1192,Data Point 1193,Data Point 1194,Data Point 1195,Data Point 1196,Data Point 1197,Data Point 1198,Data Point 1199,Data Point 1200,Data Point 1201,Data Point 1202,Data Point 1203,Data Point 1204,Data Point 1205,Data Point 1206,Data Point 1207,Data Point 1208,Data Point 1209,Data Point 1210,Data Point 1211,Data Point 1212,Data Point 1213,Data Point 1214,Data Point 1215,Data Point 1216,Data Point 1217,Data Point 1218,Data Point 1219,Data Point 1220,Data Point 1221,Data Point 1222,Data Point 1223,Data Point 1224,Data Point 1225,Data Point 1226,Data Point 1227,Data Point 1228,Data Point 1229,Data Point 1230,Data Point 1231,Data Point 1232,Data Point 1233,Data Point 1234,Data Point 1235,Data Point 1236,Data Point 1237,Data Point 1238,Data Point 1239,Data Point 1240,Data Point 1241,Data Point 1242,Data Point 1243,Data Point 1244,Data Point 1245,Data Point 1246,Data Point 1247,Data Point 1248,Data Point 1249,Data Point 1250,Data Point 1251,Data Point 1252,Data Point 1253,Data Point 1254,Data Point 1255,Data Point 1256,Data Point 1257,Data Point 1258,Data Point 1259,Data Point 1260,Data Point 1261,Data Point 1262,Data Point 1263,Data Point 1264,Data Point 1265,Data Point 1266,Data Point 1267,Data Point 1268,Data Point 1269,Data Point 1270,Data Point 1271,Data Point 1272,Data Point 1273,Data Point 1274,Data Point 1275,Data Point 1276,Data Point 1277,Data Point 1278,Data Point 1279,Data Point 1280,Data Point 1281,Data Point 1282,Data Point 1283,Data Point 1284,Data Point 1285,Data Point 1286,Data Point 1287,Data Point 1288,Data Point 1289,Data Point 1290,Data Point 1291,Data Point 1292,Data Point 1293,Data Point 1294,Data Point 1295,Data Point 1296,Data Point 1297,Data Point 1298,Data Point 1299,Data Point 1300,Data Point 1301,Data Point 1302,Data Point 1303,Data Point 1304,Data Point 1305,Data Point 1306,Data Point 1307,Data Point 1308,Data Point 1309,Data Point 1310,Data Point 1311,Data Point 1312,Data Point 1313,Data Point 1314,Data Point 1315,Data Point 1316,Data Point 1317,Data Point 1318,Data Point 1319,Data Point 1320,Data Point 1321,Data Point 1322,Data Point 1323,Data Point 1324,Data Point 1325,Data Point 1326,Data Point 1327,Data Point 1328,Data Point 1329,Data Point 1330,Data Point 1331,Data Point 1332,Data Point 1333,Data Point 1334,Data Point 1335,Data Point 1336,Data Point 1337,Data Point 1338,Data Point 1339,Data Point 1340,Data Point 1341,Data Point 1342,Data Point 1343,Data Point 1344,Data Point 1345,Data Point 1346,Data Point 1347,Data Point 1348,Data Point 1349,Data Point 1350,Data Point 1351,Data Point 1352,Data Point 1353,Data Point 1354,Data Point 1355,Data Point 1356,Data Point 1357,Data Point 1358,Data Point 1359,Data Point 1360,Data Point 1361,Data Point 1362,Data Point 1363,Data Point 1364,Data Point 1365,Data Point 1366,Data Point 1367,Data Point 1368,Data Point 1369,Data Point 1370,Data Point 1371,Data Point 1372,Data Point 1373,Data Point 1374,Data Point 1375,Data Point 1376,Data Point 1377,Data Point 1378,Data Point 1379,Data Point 1380,Data Point 1381,Data Point 1382,Data Point 1383,Data Point 1384,Data Point 1385,Data Point 1386,Data Point 1387,Data Point 1388,Data Point 1389,Data Point 1390,Data Point 1391,Data Point 1392,Data Point 1393,Data Point 1394,Data Point 1395,Data Point 1396,Data Point 1397,Data Point 1398,Data Point 1399,Data Point 1400,Data Point 1401,Data Point 1402,Data Point 1403,Data Point 1404,Data Point 1405,Data Point 1406,Data Point 1407,Data Point 1408,Data Point 1409,Data Point 1410,Data Point 1411,Data Point 1412,Data Point 1413,Data Point 1414,Data Point 1415,Data Point 1416,Data Point 1417,Data Point 1418,Data Point 1419,Data Point 1420,Data Point 1421,Data Point 1422,Data Point 1423,Data Point 1424,Data Point 1425,Data Point 1426,Data Point 1427,Data Point 1428,Data Point 1429,Data Point 1430,Data Point 1431,Data Point 1432,Data Point 1433,Data Point 1434,Data Point 1435,Data Point 1436,Data Point 1437,Data Point 1438,Data Point 1439,Data Point 1440,Data Point 1441,Data Point 1442,Data Point 1443,Data Point 1444,Data Point 1445,Data Point 1446,Data Point 1447,Data Point 1448,Data Point 1449,Data Point 1450,Data Point 1451,Data Point 1452,Data Point 1453,Data Point 1454,Data Point 1455,Data Point 1456,Data Point 1457,Data Point 1458,Data Point 1459,Data Point 1460,Data Point 1461,Data Point 1462,Data Point 1463,Data Point 1464,Data Point 1465,Data Point 1466,Data Point 1467,Data Point 1468,Data Point 1469,Data Point 1470,Data Point 1471,Data Point 1472,Data Point 1473,Data Point 1474,Data Point 1475,Data Point 1476,Data Point 1477,Data Point 1478,Data Point 1479,Data Point 1480,Data Point 1481,Data Point 1482,Data Point 1483,Data Point 1484,Data Point 1485,Data Point 1486,Data Point 1487,Data Point 1488,Data Point 1489,Data Point 1490,Data Point 1491,Data Point 1492,Data Point 1493,Data Point 1494,Data Point 1495,Data Point 1496,Data Point 1497,Data Point 1498,Data Point 1499,Data Point 1500,Data Point 1501,Data Point 1502,Data Point 1503,Data Point 1504,Data Point 1505,Data Point 1506,Data Point 1507,Data Point 1508,Data Point 1509,Data Point 1510,Data Point 1511,Data Point 1512,Data Point 1513,Data Point 1514,Data Point 1515,Data Point 1516,Data Point 1517,Data Point 1518,Data Point 1519,Data Point 1520,Data Point 1521,Data Point 1522,Data Point 1523,Data Point 1524,Data Point 1525,Data Point 1526,Data Point 1527,Data Point 1528,Data Point 1529,Data Point 1530,Data Point 1531,Data Point 1532,Data Point 1533,Data Point 1534,Data Point 1535,Data Point 1536,Data Point 1537,Data Point 1538,Data Point 1539,Data Point 1540,Data Point 1541,Data Point 1542,Data Point 1543,Data Point 1544,Data Point 1545,Data Point 1546,Data Point 1547,Data Point 1548,Data Point 1549,Data Point 1550,Data Point 1551,Data Point 1552,Data Point 1553,Data Point 1554,Data Point 1555,Data Point 1556,Data Point 1557,Data Point 1558,Data Point 1559,Data Point 1560,Data Point 1561,Data Point 1562,Data Point 1563,Data Point 1564,Data Point 1565,Data Point 1566,Data Point 1567,Data Point 1568,Data Point 1569,Data Point 1570,Data Point 1571,Data Point 1572,Data Point 1573,Data Point 1574,Data Point 1575,Data Point 1576,Data Point 1577,Data Point 1578,Data Point 1579,Data Point 1580,Data Point 1581,Data Point 1582,Data Point 1583,Data Point 1584,Data Point 1585,Data Point 1586,Data Point 1587,Data Point 1588,Data Point 1589,Data Point 1590,Data Point 1591,Data Point 1592,Data Point 1593,Data Point 1594,Data Point 1595,Data Point 1596,Data Point 1597,Data Point 1598,Data Point 1599,Data Point 1600,Data Point 1601,Data Point 1602,Data Point 1603,Data Point 1604,Data Point 1605,Data Point 1606,Data Point 1607,Data Point 1608,Data Point 1609,Data Point 1610,Data Point 1611,Data Point 1612,Data Point 1613,Data Point 1614,Data Point 1615,Data Point 1616,Data Point 1617,Data Point 1618,Data Point 1619,Data Point 1620,Data Point 1621,Data Point 1622,Data Point 1623,Data Point 1624,Data Point 1625,Data Point 1626,Data Point 1627,Data Point 1628,Data Point 1629,Data Point 1630,Data Point 1631,Data Point 1632,Data Point 1633,Data Point 1634,Data Point 1635,Data Point 1636,Data Point 1637,Data Point 1638,Data Point 1639,Data Point 1640,Data Point 1641,Data Point 1642,Data Point 1643,Data Point 1644,Data Point 1645,Data Point 1646,Data Point 1647,Data Point 1648,Data Point 1649,Data Point 1650,Data Point 1651,Data Point 1652,Data Point 1653,Data Point 1654,Data Point 1655,Data Point 1656,Data Point 1657,Data Point 1658,Data Point 1659,Data Point 1660,Data Point 1661,Data Point 1662,Data Point 1663,Data Point 1664,Data Point 1665,Data Point 1666,Data Point 1667,Data Point 1668,Data Point 1669,Data Point 1670,Data Point 1671,Data Point 1672,Data Point 1673,Data Point 1674,Data Point 1675,Data Point 1676,Data Point 1677,Data Point 1678,Data Point 1679,Data Point 1680,Data Point 1681,Data Point 1682,Data Point 1683,Data Point 1684,Data Point 1685,Data Point 1686,Data Point 1687,Data Point 1688,Data Point 1689,Data Point 1690,Data Point 1691,Data Point 1692,Data Point 1693,Data Point 1694,Data Point 1695,Data Point 1696,Data Point 1697,Data Point 1698,Data Point 1699,Data Point 1700,Data Point 1701,Data Point 1702,Data Point 1703,Data Point 1704,Data Point 1705,Data Point 1706,Data Point 1707,Data Point 1708,Data Point 1709,Data Point 1710,Data Point 1711,Data Point 1712,Data Point 1713,Data Point 1714,Data Point 1715,Data Point 1716,Data Point 1717,Data Point 1718,Data Point 1719,Data Point 1720,Data Point 1721,Data Point 1722,Data Point 1723,Data Point 1724,Data Point 1725,Data Point 1726,Data Point 1727,Data Point 1728,Data Point 1729,Data Point 1730,Data Point 1731,Data Point 1732,Data Point 1733,Data Point 1734,Data Point 1735,Data Point 1736,Data Point 1737,Data Point 1738,Data Point 1739,Data Point 1740,Data Point 1741,Data Point 1742,Data Point 1743,Data Point 1744,Data Point 1745,Data Point 1746,Data Point 1747,Data Point 1748,Data Point 1749,Data Point 1750,Data Point 1751,Data Point 1752,Data Point 1753,Data Point 1754,Data Point 1755,Data Point 1756,Data Point 1757,Data Point 1758,Data Point 1759,Data Point 1760,Data Point 1761,Data Point 1762,Data Point 1763,Data Point 1764,Data Point 1765,Data Point 1766,Data Point 1767,Data Point 1768,Data Point 1769,Data Point 1770,Data Point 1771,Data Point 1772,Data Point 1773,Data Point 1774,Data Point 1775,Data Point 1776,Data Point 1777,Data Point 1778,Data Point 1779,Data Point 1780,Data Point 1781,Data Point 1782,Data Point 1783,Data Point 1784,Data Point 1785,Data Point 1786,Data Point 1787,Data Point 1788,Data Point 1789,Data Point 1790,Data Point 1791,Data Point 1792,Data Point 1793,Data Point 1794,Data Point 1795,Data Point 1796,Data Point 1797,Data Point 1798,Data Point 1799,Data Point 1800,Data Point 1801,Data Point 1802,Data Point 1803,Data Point 1804,Data Point 1805,Data Point 1806,Data Point 1807,Data Point 1808,Data Point 1809,Data Point 1810,Data Point 1811,Data Point 1812,Data Point 1813,Data Point 1814,Data Point 1815,Data Point 1816,Data Point 1817,Data Point 1818,Data Point 1819,Data Point 1820,Data Point 1821,Data Point 1822,Data Point 1823,Data Point 1824,Data Point 1825,Data Point 1826,Data Point 1827,Data Point 1828,Data Point 1829,Data Point 1830,Data Point 1831,Data Point 1832,Data Point 1833,Data Point 1834,Data Point 1835,Data Point 1836,Data Point 1837,Data Point 1838,Data Point 1839,Data Point 1840,Data Point 1841,Data Point 1842,Data Point 1843,Data Point 1844,Data Point 1845,Data Point 1846,Data Point 1847,Data Point 1848,Data Point 1849,Data Point 1850,Data Point 1851,Data Point 1852,Data Point 1853,Data Point 1854,Data Point 1855,Data Point 1856,Data Point 1857,Data Point 1858,Data Point 1859,Data Point 1860,Data Point 1861,Data Point 1862,Data Point 1863,Data Point 1864,Data Point 1865,Data Point 1866,Data Point 1867,Data Point 1868,Data Point 1869,Data Point 1870,Data Point 1871,Data Point 1872,Data Point 1873,Data Point 1874,Data Point 1875,Data Point 1876,Data Point 1877,Data Point 1878,Data Point 1879,Data Point 1880,Data Point 1881,Data Point 1882,Data Point 1883,Data Point 1884,Data Point 1885,Data Point 1886,Data Point 1887,Data Point 1888,Data Point 1889,Data Point 1890,Data Point 1891,Data Point 1892,Data Point 1893,Data Point 1894,Data Point 1895,Data Point 1896,Data Point 1897,Data Point 1898,Data Point 1899,Data Point 1900,Data Point 1901,Data Point 1902,Data Point 1903,Data Point 1904,Data Point 1905,Data Point 1906,Data Point 1907,Data Point 1908,Data Point 1909,Data Point 1910,Data Point 1911,Data Point 1912,Data Point 1913,Data Point 1914,Data Point 1915,Data Point 1916,Data Point 1917,Data Point 1918,Data Point 1919,Data Point 1920,Data Point 1921,Data Point 1922,Data Point 1923,Data Point 1924,Data Point 1925,Data Point 1926,Data Point 1927,Data Point 1928,Data Point 1929,Data Point 1930,Data Point 1931,Data Point 1932,Data Point 1933,Data Point 1934,Data Point 1935,Data Point 1936,Data Point 1937,Data Point 1938,Data Point 1939,Data Point 1940,Data Point 1941,Data Point 1942,Data Point 1943,Data Point 1944,Data Point 1945,Data Point 1946,Data Point 1947,Data Point 1948,Data Point 1949,Data Point 1950,Data Point 1951,Data Point 1952,Data Point 1953,Data Point 1954,Data Point 1955,Data Point 1956,Data Point 1957,Data Point 1958,Data Point 1959,Data Point 1960,Data Point 1961,Data Point 1962,Data Point 1963,Data Point 1964,Data Point 1965,Data Point 1966,Data Point 1967,Data Point 1968,Data Point 1969,Data Point 1970,Data Point 1971,Data Point 1972,Data Point 1973,Data Point 1974,Data Point 1975,Data Point 1976,Data Point 1977,Data Point 1978,Data Point 1979,Data Point 1980,Data Point 1981,Data Point 1982,Data Point 1983,Data Point 1984,Data Point 1985,Data Point 1986,Data Point 1987,Data Point 1988,Data Point 1989,Data Point 1990,Data Point 1991,Data Point 1992,Data Point 1993,Data Point 1994,Data Point 1995,Data Point 1996,Data Point 1997,Data Point 1998,Data Point 1999,Data Point 2000,Data Point 2001,Data Point 2002,Data Point 2003,Data Point 2004,Data Point 2005,Data Point 2006,Data Point 2007,Data Point 2008,Data Point 2009,Data Point 2010,Data Point 2011,Data Point 2012,Data Point 2013,Data Point 2014,Data Point 2015,Data Point 2016,Data Point 2017,Data Point 2018,Data Point 2019,Data Point 2020,Data Point 2021,Data Point 2022,Data Point 2023,Data Point 2024,Data Point 2025,Data Point 2026,Data Point 2027,Data Point 2028,Data Point 2029,Data Point 2030,Data Point 2031,Data Point 2032,Data Point 2033,Data Point 2034,Data Point 2035,Data Point 2036,Data Point 2037,Data Point 2038,Data Point 2039,Data Point 2040,Data Point 2041,Data Point 2042,Data Point 2043,Data Point 2044,Data Point 2045,Data Point 2046,Data Point 2047,Data Point 2048,Data Point 2049,Data Point 2050,Data Point 2051,Data Point 2052,Data Point 2053,Data Point 2054,Data Point 2055,Data Point 2056,Data Point 2057,Data Point 2058,Data Point 2059,Data Point 2060,Data Point 2061,Data Point 2062,Data Point 2063,Data Point 2064,Data Point 2065,Data Point 2066,Data Point 2067,Data Point 2068,Data Point 2069,Data Point 2070,Data Point 2071,Data Point 2072,Data Point 2073,Data Point 2074,Data Point 2075,Data Point 2076,Data Point 2077,Data Point 2078,Data Point 2079,Data Point 2080,Data Point 2081,Data Point 2082,Data Point 2083,Data Point 2084,Data Point 2085,Data Point 2086,Data Point 2087,Data Point 2088,Data Point 2089,Data Point 2090,Data Point 2091,Data Point 2092,Data Point 2093,Data Point 2094,Data Point 2095,Data Point 2096,Data Point 2097,Data Point 2098,Data Point 2099,Data Point 2100,Data Point 2101,Data Point 2102,Data Point 2103,Data Point 2104,Data Point 2105,Data Point 2106,Data Point 2107,Data Point 2108,Data Point 2109,Data Point 2110,Data Point 2111,Data Point 2112,Data Point 2113,Data Point 2114,Data Point 2115,Data Point 2116,Data Point 2117,Data Point 2118,Data Point 2119,Data Point 2120,Data Point 2121,Data Point 2122,Data Point 2123,Data Point 2124,Data Point 2125,Data Point 2126,Data Point 2127,Data Point 2128,Data Point 2129,Data Point 2130,Data Point 2131,Data Point 2132,Data Point 2133,Data Point 2134,Data Point 2135,Data Point 2136,Data Point 2137,Data Point 2138,Data Point 2139,Data Point 2140,Data Point 2141,Data Point 2142,Data Point 2143,Data Point 2144,Data Point 2145,Data Point 2146,Data Point 2147,Data Point 2148,Data Point 2149,Data Point 2150,Data Point 2151,Data Point 2152,Data Point 2153,Data Point 2154,Data Point 2155,Data Point 2156,Data Point 2157,Data Point 2158,Data Point 2159,Data Point 2160,Data Point 2161,Data Point 2162,Data Point 2163,Data Point 2164,Data Point 2165,Data Point 2166,Data Point 2167,Data Point 2168,Data Point 2169,Data Point 2170,Data Point 2171,Data Point 2172,Data Point 2173,Data Point 2174,Data Point 2175,Data Point 2176,Data Point 2177,Data Point 2178,Data Point 2179,Data Point 2180,Data Point 2181,Data Point 2182,Data Point 2183,Data Point 2184,Data Point 2185,Data Point 2186,Data Point 2187,Data Point 2188,Data Point 2189,Data Point 2190,Data Point 2191,Data Point 2192,Data Point 2193,Data Point 2194,Data Point 2195,Data Point 2196,Data Point 2197,Data Point 2198,Data Point 2199,Data Point 2200,Data Point 2201,Data Point 2202,Data Point 2203,Data Point 2204,Data Point 2205,Data Point 2206,Data Point 2207,Data Point 2208,Data Point 2209,Data Point 2210,Data Point 2211,Data Point 2212,Data Point 2213,Data Point 2214,Data Point 2215,Data Point 2216,Data Point 2217,Data Point 2218,Data Point 2219,Data Point 2220,Data Point 2221,Data Point 2222,Data Point 2223,Data Point 2224,Data Point 2225,Data Point 2226,Data Point 2227,Data Point 2228,Data Point 2229,Data Point 2230,Data Point 2231,Data Point 2232,Data Point 2233,Data Point 2234,Data Point 2235,Data Point 2236,Data Point 2237,Data Point 2238,Data Point 2239,Data Point 2240,Data Point 2241,Data Point 2242,Data Point 2243,Data Point 2244,Data Point 2245,Data Point 2246,Data Point 2247,Data Point 2248,Data Point 2249,Data Point 2250,Data Point 2251,Data Point 2252,Data Point 2253,Data Point 2254,Data Point 2255,Data Point 2256,Data Point 2257,Data Point 2258,Data Point 2259,Data Point 2260,Data Point 2261,Data Point 2262,Data Point 2263,Data Point 2264,Data Point 2265,Data Point 2266,Data Point 2267,Data Point 2268,Data Point 2269,Data Point 2270,Data Point 2271,Data Point 2272,Data Point 2273,Data Point 2274,Data Point 2275,Data Point 2276,Data Point 2277,Data Point 2278,Data Point 2279,Data Point 2280,Data Point 2281,Data Point 2282,Data Point 2283,Data Point 2284,Data Point 2285,Data Point 2286,Data Point 2287,Data Point 2288,Data Point 2289,Data Point 2290,Data Point 2291,Data Point 2292,Data Point 2293,Data Point 2294,Data Point 2295,Data Point 2296,Data Point 2297,Data Point 2298,Data Point 2299,Data Point 2300,Data Point 2301,Data Point 2302,Data Point 2303,Data Point 2304,Data Point 2305,Data Point 2306,Data Point 2307,Data Point 2308,Data Point 2309,Data Point 2310,Data Point 2311,Data Point 2312,Data Point 2313,Data Point 2314,Data Point 2315,Data Point 2316,Data Point 2317,Data Point 2318,Data Point 2319,Data Point 2320,Data Point 2321,Data Point 2322,Data Point 2323,Data Point 2324,Data Point 2325,Data Point 2326,Data Point 2327,Data Point 2328,Data Point 2329,Data Point 2330,Data Point 2331,Data Point 2332,Data Point 2333,Data Point 2334,Data Point 2335,Data Point 2336,Data Point 2337,Data Point 2338,Data Point 2339,Data Point 2340,Data Point 2341,Data Point 2342,Data Point 2343,Data Point 2344,Data Point 2345,Data Point 2346,Data Point 2347,Data Point 2348,Data Point 2349,Data Point 2350,Data Point 2351,Data Point 2352,Data Point 2353,Data Point 2354,Data Point 2355,Data Point 2356,Data Point 2357,Data Point 2358,Data Point 2359,Data Point 2360,Data Point 2361,Data Point 2362,Data Point 2363,Data Point 2364,Data Point 2365,Data Point 2366,Data Point 2367,Data Point 2368,Data Point 2369,Data Point 2370,Data Point 2371,Data Point 2372,Data Point 2373,Data Point 2374,Data Point 2375,Data Point 2376,Data Point 2377,Data Point 2378,Data Point 2379,Data Point 2380,Data Point 2381,Data Point 2382,Data Point 2383,Data Point 2384,Data Point 2385,Data Point 2386,Data Point 2387,Data Point 2388,Data Point 2389,Data Point 2390,Data Point 2391,Data Point 2392,Data Point 2393,Data Point 2394,Data Point 2395,Data Point 2396,Data Point 2397,Data Point 2398,Data Point 2399,Data Point 2400,Data Point 2401,Data Point 2402,Data Point 2403,Data Point 2404,Data Point 2405,Data Point 2406,Data Point 2407,Data Point 2408,Data Point 2409,Data Point 2410,Data Point 2411,Data Point 2412,Data Point 2413,Data Point 2414,Data Point 2415,Data Point 2416,Data Point 2417,Data Point 2418,Data Point 2419,Data Point 2420,Data Point 2421,Data Point 2422,Data Point 2423,Data Point 2424,Data Point 2425,Data Point 2426,Data Point 2427,Data Point 2428,Data Point 2429,Data Point 2430,Data Point 2431,Data Point 2432,Data Point 2433,Data Point 2434,Data Point 2435,Data Point 2436,Data Point 2437,Data Point 2438,Data Point 2439,Data Point 2440,Data Point 2441,Data Point 2442,Data Point 2443,Data Point 2444,Data Point 2445,Data Point 2446,Data Point 2447,Data Point 2448,Data Point 2449,Data Point 2450,Data Point 2451,Data Point 2452,Data Point 2453,Data Point 2454,Data Point 2455,Data Point 2456,Data Point 2457,Data Point 2458,Data Point 2459,Data Point 2460,Data Point 2461,Data Point 2462,Data Point 2463,Data Point 2464,Data Point 2465,Data Point 2466,Data Point 2467,Data Point 2468,Data Point 2469,Data Point 2470,Data Point 2471,Data Point 2472,Data Point 2473,Data Point 2474,Data Point 2475,Data Point 2476,Data Point 2477,Data Point 2478,Data Point 2479,Data Point 2480,Data Point 2481,Data Point 2482,Data Point 2483,Data Point 2484,Data Point 2485,Data Point 2486,Data Point 2487,Data Point 2488,Data Point 2489,Data Point 2490,Data Point 2491,Data Point 2492,Data Point 2493,Data Point 2494,Data Point 2495,Data Point 2496,Data Point 2497,Data Point 2498,Data Point 2499,Data Point 2500,Data Point 2501,Data Point 2502,Data Point 2503,Data Point 2504,Data Point 2505,Data Point 2506,Data Point 2507,Data Point 2508,Data Point 2509,Data Point 2510,Data Point 2511,Data Point 2512,Data Point 2513,Data Point 2514,Data Point 2515,Data Point 2516,Data Point 2517,Data Point 2518,Data Point 2519,Data Point 2520,Data Point 2521,Data Point 2522,Data Point 2523,Data Point 2524,Data Point 2525,Data Point 2526,Data Point 2527,Data Point 2528,Data Point 2529,Data Point 2530,Data Point 2531,Data Point 2532,Data Point 2533,Data Point 2534,Data Point 2535,Data Point 2536,Data Point 2537,Data Point 2538,Data Point 2539,Data Point 2540,Data Point 2541,Data Point 2542,Data Point 2543,Data Point 2544,Data Point 2545,Data Point 2546,Data Point 2547,Data Point 2548,Data Point 2549,Data Point 2550,Data Point 2551,Data Point 2552,Data Point 2553,Data Point 2554,Data Point 2555,Data Point 2556,Data Point 2557,Data Point 2558,Data Point 2559,Data Point 2560,Data Point 2561,Data Point 2562,Data Point 2563,Data Point 2564,Data Point 2565,Data Point 2566,Data Point 2567,Data Point 2568,Data Point 2569,Data Point 2570,Data Point 2571,Data Point 2572,Data Point 2573,Data Point 2574,Data Point 2575,Data Point 2576,Data Point 2577,Data Point 2578,Data Point 2579,Data Point 2580,Data Point 2581,Data Point 2582,Data Point 2583,Data Point 2584,Data Point 2585,Data Point 2586,Data Point 2587,Data Point 2588,Data Point 2589,Data Point 2590,Data Point 2591,Data Point 2592,Data Point 2593,Data Point 2594,Data Point 2595,Data Point 2596,Data Point 2597,Data Point 2598,Data Point 2599,Data Point 2600,Data Point 2601,Data Point 2602,Data Point 2603,Data Point 2604,Data Point 2605,Data Point 2606,Data Point 2607,Data Point 2608,Data Point 2609,Data Point 2610,Data Point 2611,Data Point 2612,Data Point 2613,Data Point 2614,Data Point 2615,Data Point 2616,Data Point 2617,Data Point 2618,Data Point 2619,Data Point 2620,Data Point 2621,Data Point 2622,Data Point 2623,Data Point 2624,Data Point 2625,Data Point 2626,Data Point 2627,Data Point 2628,Data Point 2629,Data Point 2630,Data Point 2631,Data Point 2632,Data Point 2633,Data Point 2634,Data Point 2635,Data Point 2636,Data Point 2637,Data Point 2638,Data Point 2639,Data Point 2640,Data Point 2641,Data Point 2642,Data Point 2643,Data Point 2644,Data Point 2645,Data Point 2646,Data Point 2647,Data Point 2648,Data Point 2649,Data Point 2650,Data Point 2651,Data Point 2652,Data Point 2653,Data Point 2654,Data Point 2655,Data Point 2656,Data Point 2657,Data Point 2658,Data Point 2659,Data Point 2660,Data Point 2661,Data Point 2662,Data Point 2663,Data Point 2664,Data Point 2665,Data Point 2666,Data Point 2667,Data Point 2668,Data Point 2669,Data Point 2670,Data Point 2671,Data Point 2672,Data Point 2673,Data Point 2674,Data Point 2675,Data Point 2676,Data Point 2677,Data Point 2678,Data Point 2679,Data Point 2680,Data Point 2681,Data Point 2682,Data Point 2683,Data Point 2684,Data Point 2685,Data Point 2686,Data Point 2687,Data Point 2688,Data Point 2689,Data Point 2690,Data Point 2691,Data Point 2692,Data Point 2693,Data Point 2694,Data Point 2695,Data Point 2696,Data Point 2697,Data Point 2698,Data Point 2699,Data Point 2700,Data Point 2701,Data Point 2702,Data Point 2703,Data Point 2704,Data Point 2705,Data Point 2706,Data Point 2707,Data Point 2708,Data Point 2709,Data Point 2710,Data Point 2711,Data Point 2712,Data Point 2713,Data Point 2714,Data Point 2715,Data Point 2716,Data Point 2717,Data Point 2718,Data Point 2719,Data Point 2720,Data Point 2721,Data Point 2722,Data Point 2723,Data Point 2724,Data Point 2725,Data Point 2726,Data Point 2727,Data Point 2728,Data Point 2729,Data Point 2730,Data Point 2731,Data Point 2732,Data Point 2733,Data Point 2734,Data Point 2735,Data Point 2736,Data Point 2737,Data Point 2738,Data Point 2739,Data Point 2740,Data Point 2741,Data Point 2742,Data Point 2743,Data Point 2744,Data Point 2745,Data Point 2746,Data Point 2747,Data Point 2748,Data Point 2749,Data Point 2750,Data Point 2751,Data Point 2752,Data Point 2753,Data Point 2754,Data Point 2755,Data Point 2756,Data Point 2757,Data Point 2758,Data Point 2759,Data Point 2760,Data Point 2761,Data Point 2762,Data Point 2763,Data Point 2764,Data Point 2765,Data Point 2766,Data Point 2767,Data Point 2768,Data Point 2769,Data Point 2770,Data Point 2771,Data Point 2772,Data Point 2773,Data Point 2774,Data Point 2775,Data Point 2776,Data Point 2777,Data Point 2778,Data Point 2779,Data Point 2780,Data Point 2781,Data Point 2782,Data Point 2783,Data Point 2784,Data Point 2785,Data Point 2786,Data Point 2787,Data Point 2788,Data Point 2789,Data Point 2790,Data Point 2791,Data Point 2792,Data Point 2793,Data Point 2794,Data Point 2795,Data Point 2796,Data Point 2797,Data Point 2798,Data Point 2799,Data Point 2800,Data Point 2801,Data Point 2802,Data Point 2803,Data Point 2804,Data Point 2805,Data Point 2806,Data Point 2807,Data Point 2808,Data Point 2809,Data Point 2810,Data Point 2811,Data Point 2812,Data Point 2813,Data Point 2814,Data Point 2815,Data Point 2816,Data Point 2817,Data Point 2818,Data Point 2819,Data Point 2820,Data Point 2821,Data Point 2822,Data Point 2823,Data Point 2824,Data Point 2825,Data Point 2826,Data Point 2827,Data Point 2828,Data Point 2829,Data Point 2830,Data Point 2831,Data Point 2832,Data Point 2833,Data Point 2834,Data Point 2835,Data Point 2836,Data Point 2837,Data Point 2838,Data Point 2839,Data Point 2840,Data Point 2841,Data Point 2842,Data Point 2843,Data Point 2844,Data Point 2845,Data Point 2846,Data Point 2847,Data Point 2848,Data Point 2849,Data Point 2850,Data Point 2851,Data Point 2852,Data Point 2853,Data Point 2854,Data Point 2855,Data Point 2856,Data Point 2857,Data Point 2858,Data Point 2859,Data Point 2860,Data Point 2861,Data Point 2862,Data Point 2863,Data Point 2864,Data Point 2865,Data Point 2866,Data Point 2867,Data Point 2868,Data Point 2869,Data Point 2870,Data Point 2871,Data Point 2872,Data Point 2873,Data Point 2874,Data Point 2875,Data Point 2876,Data Point 2877,Data Point 2878,Data Point 2879,Data Point 2880,Data Point 2881,Data Point 2882,Data Point 2883,Data Point 2884,Data Point 2885,Data Point 2886,Data Point 2887,Data Point 2888,Data Point 2889,Data Point 2890,Data Point 2891,Data Point 2892,Data Point 2893,Data Point 2894,Data Point 2895,Data Point 2896,Data Point 2897,Data Point 2898,Data Point 2899,Data Point 2900,Data Point 2901,Data Point 2902,Data Point 2903,Data Point 2904,Data Point 2905,Data Point 2906,Data Point 2907,Data Point 2908,Data Point 2909,Data Point 2910,Data Point 2911,Data Point 2912,Data Point 2913,Data Point 2914,Data Point 2915,Data Point 2916,Data Point 2917,Data Point 2918,Data Point 2919,Data Point 2920,Data Point 2921,Data Point 2922,Data Point 2923,Data Point 2924,Data Point 2925,Data Point 2926,Data Point 2927,Data Point 2928,Data Point 2929,Data Point 2930,Data Point 2931,Data Point 2932,Data Point 2933,Data Point 2934,Data Point 2935,Data Point 2936,Data Point 2937,Data Point 2938,Data Point 2939,Data Point 2940,Data Point 2941,Data Point 2942,Data Point 2943,Data Point 2944,Data Point 2945,Data Point 2946,Data Point 2947,Data Point 2948,Data Point 2949,Data Point 2950,Data Point 2951,Data Point 2952,Data Point 2953,Data Point 2954,Data Point 2955,Data Point 2956,Data Point 2957,Data Point 2958,Data Point 2959,Data Point 2960,Data Point 2961,Data Point 2962,Data Point 2963,Data Point 2964,Data Point 2965,Data Point 2966,Data Point 2967,Data Point 2968,Data Point 2969,Data Point 2970,Data Point 2971,Data Point 2972,Data Point 2973,Data Point 2974,Data Point 2975,Data Point 2976,Data Point 2977,Data Point 2978,Data Point 2979,Data Point 2980,Data Point 2981,Data Point 2982,Data Point 2983,Data Point 2984,Data Point 2985,Data Point 2986,Data Point 2987,Data Point 2988,Data Point 2989,Data Point 2990,Data Point 2991,Data Point 2992,Data Point 2993,Data Point 2994,Data Point 2995,Data Point 2996,Data Point 2997,Data Point 2998,Data Point 2999,Data Point 3000,Data Point 3001,Data Point 3002,Data Point 3003,Data Point 3004,Data Point 3005,Data Point 3006,Data Point 3007,Data Point 3008,Data Point 3009,Data Point 3010,Data Point 3011,Data Point 3012,Data Point 3013,Data Point 3014,Data Point 3015,Data Point 3016,Data Point 3017,Data Point 3018,Data Point 3019,Data Point 3020,Data Point 3021,Data Point 3022,Data Point 3023,Data Point 3024,Data Point 3025,Data Point 3026,Data Point 3027,Data Point 3028,Data Point 3029,Data Point 3030,Data Point 3031,Data Point 3032,Data Point 3033,Data Point 3034,Data Point 3035,Data Point 3036,Data Point 3037,Data Point 3038,Data Point 3039,Data Point 3040,Data Point 3041,Data Point 3042,Data Point 3043,Data Point 3044,Data Point 3045,Data Point 3046,Data Point 3047,Data Point 3048,Data Point 3049,Data Point 3050,Data Point 3051,Data Point 3052,Data Point 3053,Data Point 3054,Data Point 3055,Data Point 3056,Data Point 3057,Data Point 3058,Data Point 3059,Data Point 3060,Data Point 3061,Data Point 3062,Data Point 3063,Data Point 3064,Data Point 3065,Data Point 3066,Data Point 3067,Data Point 3068,Data Point 3069,Data Point 3070,Data Point 3071,Data Point 3072,Data Point 3073,Data Point 3074,Data Point 3075,Data Point 3076,Data Point 3077,Data Point 3078,Data Point 3079,Data Point 3080,Data Point 3081,Data Point 3082,Data Point 3083,Data Point 3084,Data Point 3085,Data Point 3086,Data Point 3087,Data Point 3088,Data Point 3089,Data Point 3090,Data Point 3091,Data Point 3092,Data Point 3093,Data Point 3094,Data Point 3095,Data Point 3096,Data Point 3097,Data Point 3098,Data Point 3099,Data Point 3100,Data Point 3101,Data Point 3102,Data Point 3103,Data Point 3104,Data Point 3105,Data Point 3106,Data Point 3107,Data Point 3108,Data Point 3109,Data Point 3110,Data Point 3111,Data Point 3112,Data Point 3113,Data Point 3114,Data Point 3115,Data Point 3116,Data Point 3117,Data Point 3118,Data Point 3119,Data Point 3120,Data Point 3121,Data Point 3122,Data Point 3123,Data Point 3124,Data Point 3125,Data Point 3126,Data Point 3127,Data Point 3128,Data Point 3129,Data Point 3130,Data Point 3131,Data Point 3132,Data Point 3133,Data Point 3134,Data Point 3135,Data Point 3136,Data Point 3137,Data Point 3138,Data Point 3139,Data Point 3140,Data Point 3141,Data Point 3142,Data Point 3143,Data Point 3144,Data Point 3145,Data Point 3146,Data Point 3147,Data Point 3148,Data Point 3149,Data Point 3150,Data Point 3151,Data Point 3152,Data Point 3153,Data Point 3154,Data Point 3155,Data Point 3156,Data Point 3157,Data Point 3158,Data Point 3159,Data Point 3160,Data Point 3161,Data Point 3162,Data Point 3163,Data Point 3164,Data Point 3165,Data Point 3166,Data Point 3167,Data Point 3168,Data Point 3169,Data Point 3170,Data Point 3171,Data Point 3172,Data Point 3173,Data Point 3174,Data Point 3175,Data Point 3176,Data Point 3177,Data Point 3178,Data Point 3179,Data Point 3180,Data Point 3181,Data Point 3182,Data Point 3183,Data Point 3184,Data Point 3185,Data Point 3186,Data Point 3187,Data Point 3188,Data Point 3189,Data Point 3190,Data Point 3191,Data Point 3192,Data Point 3193,Data Point 3194,Data Point 3195,Data Point 3196,Data Point 3197,Data Point 3198,Data Point 3199,Data Point 3200,Data Point 3201,Data Point 3202,Data Point 3203,Data Point 3204,Data Point 3205,Data Point 3206,Data Point 3207,Data Point 3208,Data Point 3209,Data Point 3210,Data Point 3211,Data Point 3212,Data Point 3213,Data Point 3214,Data Point 3215,Data Point 3216,Data Point 3217,Data Point 3218,Data Point 3219,Data Point 3220,Data Point 3221,Data Point 3222,Data Point 3223,Data Point 3224,Data Point 3225,Data Point 3226,Data Point 3227,Data Point 3228,Data Point 3229,Data Point 3230,Data Point 3231,Data Point 3232,Data Point 3233,Data Point 3234,Data Point 3235,Data Point 3236,Data Point 3237,Data Point 3238,Data Point 3239,Data Point 3240,Data Point 3241,Data Point 3242,Data Point 3243,Data Point 3244,Data Point 3245,Data Point 3246,Data Point 3247,Data Point 3248,Data Point 3249,Data Point 3250,Data Point 3251,Data Point 3252,Data Point 3253,Data Point 3254,Data Point 3255,Data Point 3256,Data Point 3257,Data Point 3258,Data Point 3259,Data Point 3260,Data Point 3261,Data Point 3262,Data Point 3263,Data Point 3264,Data Point 3265,Data Point 3266,Data Point 3267,Data Point 3268,Data Point 3269,Data Point 3270,Data Point 3271,Data Point 3272,Data Point 3273,Data Point 3274,Data Point 3275,Data Point 3276,Data Point 3277,Data Point 3278,Data Point 3279,Data Point 3280,Data Point 3281,Data Point 3282,Data Point 3283,Data Point 3284,Data Point 3285,Data Point 3286,Data Point 3287,Data Point 3288,Data Point 3289,Data Point 3290,Data Point 3291,Data Point 3292,Data Point 3293,Data Point 3294,Data Point 3295,Data Point 3296,Data Point 3297,Data Point 3298,Data Point 3299,Data Point 3300,Data Point 3301,Data Point 3302,Data Point 3303,Data Point 3304,Data Point 3305,Data Point 3306,Data Point 3307,Data Point 3308,Data Point 3309,Data Point 3310,Data Point 3311,Data Point 3312,Data Point 3313,Data Point 3314,Data Point 3315,Data Point 3316,Data Point 3317,Data Point 3318,Data Point 3319,Data Point 3320,Data Point 3321,Data Point 3322,Data Point 3323,Data Point 3324,Data Point 3325,Data Point 3326,Data Point 3327,Data Point 3328,Data Point 3329,Data Point 3330,Data Point 3331,Data Point 3332,Data Point 3333,Data Point 3334,Data Point 3335,Data Point 3336,Data Point 3337,Data Point 3338,Data Point 3339,Data Point 3340,Data Point 3341,Data Point 3342,Data Point 3343,Data Point 3344,Data Point 3345,Data Point 3346,Data Point 3347,Data Point 3348,Data Point 3349,Data Point 3350,Data Point 3351,Data Point 3352,Data Point 3353,Data Point 3354,Data Point 3355,Data Point 3356,Data Point 3357,Data Point 3358,Data Point 3359,Data Point 3360,Data Point 3361,Data Point 3362,Data Point 3363,Data Point 3364,Data Point 3365,Data Point 3366,Data Point 3367,Data Point 3368,Data Point 3369,Data Point 3370,Data Point 3371,Data Point 3372,Data Point 3373,Data Point 3374,Data Point 3375,Data Point 3376,Data Point 3377,Data Point 3378,Data Point 3379,Data Point 3380,Data Point 3381,Data Point 3382,Data Point 3383,Data Point 3384,Data Point 3385,Data Point 3386,Data Point 3387,Data Point 3388,Data Point 3389,Data Point 3390,Data Point 3391,Data Point 3392,Data Point 3393,Data Point 3394,Data Point 3395,Data Point 3396,Data Point 3397,Data Point 3398,Data Point 3399,Data Point 3400,Data Point 3401,Data Point 3402,Data Point 3403,Data Point 3404,Data Point 3405,Data Point 3406,Data Point 3407,Data Point 3408,Data Point 3409,Data Point 3410,Data Point 3411,Data Point 3412,Data Point 3413,Data Point 3414,Data Point 3415,Data Point 3416,Data Point 3417,Data Point 3418,Data Point 3419,Data Point 3420,Data Point 3421,Data Point 3422,Data Point 3423,Data Point 3424,Data Point 3425,Data Point 3426,Data Point 3427,Data Point 3428,Data Point 3429,Data Point 3430,Data Point 3431,Data Point 3432,Data Point 3433,Data Point 3434,Data Point 3435,Data Point 3436,Data Point 3437,Data Point 3438,Data Point 3439,Data Point 3440,Data Point 3441,Data Point 3442,Data Point 3443,Data Point 3444,Data Point 3445,Data Point 3446,Data Point 3447,Data Point 3448,Data Point 3449,Data Point 3450,Data Point 3451,Data Point 3452,Data Point 3453,Data Point 3454,Data Point 3455,Data Point 3456,Data Point 3457,Data Point 3458,Data Point 3459,Data Point 3460,Data Point 3461,Data Point 3462,Data Point 3463,Data Point 3464,Data Point 3465,Data Point 3466,Data Point 3467,Data Point 3468,Data Point 3469,Data Point 3470,Data Point 3471,Data Point 3472,Data Point 3473,Data Point 3474,Data Point 3475,Data Point 3476,Data Point 3477,Data Point 3478,Data Point 3479,Data Point 3480,Data Point 3481,Data Point 3482,Data Point 3483,Data Point 3484,Data Point 3485,Data Point 3486,Data Point 3487,Data Point 3488,Data Point 3489,Data Point 3490,Data Point 3491,Data Point 3492,Data Point 3493,Data Point 3494,Data Point 3495,Data Point 3496,Data Point 3497,Data Point 3498,Data Point 3499,Data Point 3500,Data Point 3501,Data Point 3502,Data Point 3503,Data Point 3504,Data Point 3505,Data Point 3506,Data Point 3507,Data Point 3508,Data Point 3509,Data Point 3510,Data Point 3511,Data Point 3512,Data Point 3513,Data Point 3514,Data Point 3515,Data Point 3516,Data Point 3517,Data Point 3518,Data Point 3519,Data Point 3520,Data Point 3521,Data Point 3522,Data Point 3523,Data Point 3524,Data Point 3525,Data Point 3526,Data Point 3527,Data Point 3528,Data Point 3529,Data Point 3530,Data Point 3531,Data Point 3532,Data Point 3533,Data Point 3534,Data Point 3535,Data Point 3536,Data Point 3537,Data Point 3538,Data Point 3539,Data Point 3540,Data Point 3541,Data Point 3542,Data Point 3543,Data Point 3544,Data Point 3545,Data Point 3546,Data Point 3547,Data Point 3548,Data Point 3549,Data Point 3550,Data Point 3551,Data Point 3552,Data Point 3553,Data Point 3554,Data Point 3555,Data Point 3556,Data Point 3557,Data Point 3558,Data Point 3559,Data Point 3560,Data Point 3561,Data Point 3562,Data Point 3563,Data Point 3564,Data Point 3565,Data Point 3566,Data Point 3567,Data Point 3568,Data Point 3569,Data Point 3570,Data Point 3571,Data Point 3572,Data Point 3573,Data Point 3574,Data Point 3575,Data Point 3576,Data Point 3577,Data Point 3578,Data Point 3579,Data Point 3580,Data Point 3581,Data Point 3582,Data Point 3583,Data Point 3584,Data Point 3585,Data Point 3586,Data Point 3587,Data Point 3588,Data Point 3589,Data Point 3590,Data Point 3591,Data Point 3592,Data Point 3593,Data Point 3594,Data Point 3595,Data Point 3596,Data Point 3597,Data Point 3598,Data Point 3599,Data Point 3600,Data Point 3601,Data Point 3602,Data Point 3603,Data Point 3604,Data Point 3605,Data Point 3606,Data Point 3607,Data Point 3608,Data Point 3609,Data Point 3610,Data Point 3611,Data Point 3612,Data Point 3613,Data Point 3614,Data Point 3615,Data Point 3616,Data Point 3617,Data Point 3618,Data Point 3619,Data Point 3620,Data Point 3621,Data Point 3622,Data Point 3623,Data Point 3624,Data Point 3625,Data Point 3626,Data Point 3627,Data Point 3628,Data Point 3629,Data Point 3630,Data Point 3631,Data Point 3632,Data Point 3633,Data Point 3634,Data Point 3635,Data Point 3636,Data Point 3637,Data Point 3638,Data Point 3639,Data Point 3640,Data Point 3641,Data Point 3642,Data Point 3643,Data Point 3644,Data Point 3645,Data Point 3646,Data Point 3647,Data Point 3648,Data Point 3649,Data Point 3650,Data Point 3651,Data Point 3652,Data Point 3653,Data Point 3654,Data Point 3655,Data Point 3656,Data Point 3657,Data Point 3658,Data Point 3659,Data Point 3660,Data Point 3661,Data Point 3662,Data Point 3663,Data Point 3664,Data Point 3665,Data Point 3666,Data Point 3667,Data Point 3668,Data Point 3669,Data Point 3670,Data Point 3671,Data Point 3672,Data Point 3673,Data Point 3674,Data Point 3675,Data Point 3676,Data Point 3677,Data Point 3678,Data Point 3679,Data Point 3680,Data Point 3681,Data Point 3682,Data Point 3683,Data Point 3684,Data Point 3685,Data Point 3686,Data Point 3687,Data Point 3688,Data Point 3689,Data Point 3690,Data Point 3691,Data Point 3692,Data Point 3693,Data Point 3694,Data Point 3695,Data Point 3696,Data Point 3697,Data Point 3698,Data Point 3699,Data Point 3700,Data Point 3701,Data Point 3702,Data Point 3703,Data Point 3704,Data Point 3705,Data Point 3706,Data Point 3707,Data Point 3708,Data Point 3709,Data Point 3710,Data Point 3711,Data Point 3712,Data Point 3713,Data Point 3714,Data Point 3715,Data Point 3716,Data Point 3717,Data Point 3718,Data Point 3719,Data Point 3720,Data Point 3721,Data Point 3722,Data Point 3723,Data Point 3724,Data Point 3725,Data Point 3726,Data Point 3727,Data Point 3728,Data Point 3729,Data Point 3730,Data Point 3731,Data Point 3732,Data Point 3733,Data Point 3734,Data Point 3735,Data Point 3736,Data Point 3737,Data Point 3738,Data Point 3739,Data Point 3740,Data Point 3741,Data Point 3742,Data Point 3743,Data Point 3744,Data Point 3745,Data Point 3746,Data Point 3747,Data Point 3748,Data Point 3749,Data Point 3750,Data Point 3751,Data Point 3752,Data Point 3753,Data Point 3754,Data Point 3755,Data Point 3756,Data Point 3757,Data Point 3758,Data Point 3759,Data Point 3760,Data Point 3761,Data Point 3762,Data Point 3763,Data Point 3764,Data Point 3765,Data Point 3766,Data Point 3767,Data Point 3768,Data Point 3769,Data Point 3770,Data Point 3771,Data Point 3772,Data Point 3773,Data Point 3774,Data Point 3775,Data Point 3776,Data Point 3777,Data Point 3778,Data Point 3779,Data Point 3780,Data Point 3781,Data Point 3782,Data Point 3783,Data Point 3784,Data Point 3785,Data Point 3786,Data Point 3787,Data Point 3788,Data Point 3789,Data Point 3790,Data Point 3791,Data Point 3792,Data Point 3793,Data Point 3794,Data Point 3795,Data Point 3796,Data Point 3797,Data Point 3798,Data Point 3799,Data Point 3800,Data Point 3801,Data Point 3802,Data Point 3803,Data Point 3804,Data Point 3805,Data Point 3806,Data Point 3807,Data Point 3808,Data Point 3809,Data Point 3810,Data Point 3811,Data Point 3812,Data Point 3813,Data Point 3814,Data Point 3815,Data Point 3816,Data Point 3817,Data Point 3818,Data Point 3819,Data Point 3820,Data Point 3821,Data Point 3822,Data Point 3823,Data Point 3824,Data Point 3825,Data Point 3826,Data Point 3827,Data Point 3828,Data Point 3829,Data Point 3830,Data Point 3831,Data Point 3832,Data Point 3833,Data Point 3834,Data Point 3835,Data Point 3836,Data Point 3837,Data Point 3838,Data Point 3839,Data Point 3840,Data Point 3841,Data Point 3842,Data Point 3843,Data Point 3844,Data Point 3845,Data Point 3846,Data Point 3847,Data Point 3848,Data Point 3849,Data Point 3850,Data Point 3851,Data Point 3852,Data Point 3853,Data Point 3854,Data Point 3855,Data Point 3856,Data Point 3857,Data Point 3858,Data Point 3859,Data Point 3860,Data Point 3861,Data Point 3862,Data Point 3863,Data Point 3864,Data Point 3865,Data Point 3866,Data Point 3867,Data Point 3868,Data Point 3869,Data Point 3870,Data Point 3871,Data Point 3872,Data Point 3873,Data Point 3874,Data Point 3875,Data Point 3876,Data Point 3877,Data Point 3878,Data Point 3879,Data Point 3880,Data Point 3881,Data Point 3882,Data Point 3883,Data Point 3884,Data Point 3885,Data Point 3886,Data Point 3887,Data Point 3888,Data Point 3889,Data Point 3890,Data Point 3891,Data Point 3892,Data Point 3893,Data Point 3894,Data Point 3895,Data Point 3896,Data Point 3897,Data Point 3898,Data Point 3899,Data Point 3900,Data Point 3901,Data Point 3902,Data Point 3903,Data Point 3904,Data Point 3905,Data Point 3906,Data Point 3907,Data Point 3908,Data Point 3909,Data Point 3910,Data Point 3911,Data Point 3912,Data Point 3913,Data Point 3914,Data Point 3915,Data Point 3916,Data Point 3917,Data Point 3918,Data Point 3919,Data Point 3920,Data Point 3921,Data Point 3922,Data Point 3923,Data Point 3924,Data Point 3925,Data Point 3926,Data Point 3927,Data Point 3928,Data Point 3929,Data Point 3930,Data Point 3931,Data Point 3932,Data Point 3933,Data Point 3934,Data Point 3935,Data Point 3936,Data Point 3937,Data Point 3938,Data Point 3939,Data Point 3940,Data Point 3941,Data Point 3942,Data Point 3943,Data Point 3944,Data Point 3945,Data Point 3946,Data Point 3947,Data Point 3948,Data Point 3949,Data Point 3950,Data Point 3951,Data Point 3952,Data Point 3953,Data Point 3954,Data Point 3955,Data Point 3956,Data Point 3957,Data Point 3958,Data Point 3959,Data Point 3960,Data Point 3961,Data Point 3962,Data Point 3963,Data Point 3964,Data Point 3965,Data Point 3966,Data Point 3967,Data Point 3968,Data Point 3969,Data Point 3970,Data Point 3971,Data Point 3972,Data Point 3973,Data Point 3974,Data Point 3975,Data Point 3976,Data Point 3977,Data Point 3978,Data Point 3979,Data Point 3980,Data Point 3981,Data Point 3982,Data Point 3983,Data Point 3984,Data Point 3985,Data Point 3986,Data Point 3987,Data Point 3988,Data Point 3989,Data Point 3990,Data Point 3991,Data Point 3992,Data Point 3993,Data Point 3994,Data Point 3995,Data Point 3996,Data Point 3997,Data Point 3998,Data Point 3999,Data Point 4000,Data Point 4001,Data Point 4002,Data Point 4003,Data Point 4004,Data Point 4005,Data Point 4006,Data Point 4007,Data Point 4008,Data Point 4009,Data Point 4010,Data Point 4011,Data Point 4012,Data Point 4013,Data Point 4014,Data Point 4015,Data Point 4016,Data Point 4017,Data Point 4018,Data Point 4019,Data Point 4020,Data Point 4021,Data Point 4022,Data Point 4023,Data Point 4024,Data Point 4025,Data Point 4026,Data Point 4027,Data Point 4028,Data Point 4029,Data Point 4030,Data Point 4031,Data Point 4032,Data Point 4033,Data Point 4034,Data Point 4035,Data Point 4036,Data Point 4037,Data Point 4038,Data Point 4039,Data Point 4040,Data Point 4041,Data Point 4042,Data Point 4043,Data Point 4044,Data Point 4045,Data Point 4046,Data Point 4047,Data Point 4048,Data Point 4049,Data Point 4050,Data Point 4051,Data Point 4052,Data Point 4053,Data Point 4054,Data Point 4055,Data Point 4056,Data Point 4057,Data Point 4058,Data Point 4059,Data Point 4060,Data Point 4061,Data Point 4062,Data Point 4063,Data Point 4064,Data Point 4065,Data Point 4066,Data Point 4067,Data Point 4068,Data Point 4069,Data Point 4070,Data Point 4071,Data Point 4072,Data Point 4073,Data Point 4074,Data Point 4075,Data Point 4076,Data Point 4077,Data Point 4078,Data Point 4079,Data Point 4080,Data Point 4081,Data Point 4082,Data Point 4083,Data Point 4084,Data Point 4085,Data Point 4086,Data Point 4087,Data Point 4088,Data Point 4089,Data Point 4090,Data Point 4091,Data Point 4092,Data Point 4093,Data Point 4094,Data Point 4095,Data Point 4096,Data Point 4097,Data Point 4098,Data Point 4099,Data Point 4100,Data Point 4101,Data Point 4102,Data Point 4103,Data Point 4104,Data Point 4105,Data Point 4106,Data Point 4107,Data Point 4108,Data Point 4109,Data Point 4110,Data Point 4111,Data Point 4112,Data Point 4113,Data Point 4114,Data Point 4115,Data Point 4116,Data Point 4117,Data Point 4118,Data Point 4119,Data Point 4120,Data Point 4121,Data Point 4122,Data Point 4123,Data Point 4124,Data Point 4125,Data Point 4126,Data Point 4127,Data Point 4128,Data Point 4129,Data Point 4130,Data Point 4131,Data Point 4132,Data Point 4133,Data Point 4134,Data Point 4135,Data Point 4136,Data Point 4137,Data Point 4138,Data Point 4139,Data Point 4140,Data Point 4141,Data Point 4142,Data Point 4143,Data Point 4144,Data Point 4145,Data Point 4146,Data Point 4147,Data Point 4148,Data Point 4149,Data Point 4150,Data Point 4151,Data Point 4152,Data Point 4153,Data Point 4154,Data Point 4155,Data Point 4156,Data Point 4157,Data Point 4158,Data Point 4159,Data Point 4160,Data Point 4161,Data Point 4162,Data Point 4163,Data Point 4164,Data Point 4165,Data Point 4166,Data Point 4167,Data Point 4168,Data Point 4169,Data Point 4170,Data Point 4171,Data Point 4172,Data Point 4173,Data Point 4174,Data Point 4175,Data Point 4176,Data Point 4177,Data Point 4178,Data Point 4179,Data Point 4180,Data Point 4181,Data Point 4182,Data Point 4183,Data Point 4184,Data Point 4185,Data Point 4186,Data Point 4187,Data Point 4188,Data Point 4189,Data Point 4190,Data Point 4191,Data Point 4192,Data Point 4193,Data Point 4194,Data Point 4195,Data Point 4196,Data Point 4197,Data Point 4198,Data Point 4199,Data Point 4200,Data Point 4201,Data Point 4202,Data Point 4203,Data Point 4204,Data Point 4205,Data Point 4206,Data Point 4207,Data Point 4208,Data Point 4209,Data Point 4210,Data Point 4211,Data Point 4212,Data Point 4213,Data Point 4214,Data Point 4215,Data Point 4216,Data Point 4217,Data Point 4218,Data Point 4219,Data Point 4220,Data Point 4221,Data Point 4222,Data Point 4223,Data Point 4224,Data Point 4225,Data Point 4226,Data Point 4227,Data Point 4228,Data Point 4229,Data Point 4230,Data Point 4231,Data Point 4232,Data Point 4233,Data Point 4234,Data Point 4235,Data Point 4236,Data Point 4237,Data Point 4238,Data Point 4239,Data Point 4240,Data Point 4241,Data Point 4242,Data Point 4243,Data Point 4244,Data Point 4245,Data Point 4246,Data Point 4247,Data Point 4248,Data Point 4249,Data Point 4250,Data Point 4251,Data Point 4252,Data Point 4253,Data Point 4254,Data Point 4255,Data Point 4256,Data Point 4257,Data Point 4258,Data Point 4259,Data Point 4260,Data Point 4261,Data Point 4262,Data Point 4263,Data Point 4264,Data Point 4265,Data Point 4266,Data Point 4267,Data Point 4268,Data Point 4269,Data Point 4270,Data Point 4271,Data Point 4272,Data Point 4273,Data Point 4274,Data Point 4275,Data Point 4276,Data Point 4277,Data Point 4278,Data Point 4279,Data Point 4280,Data Point 4281,Data Point 4282,Data Point 4283,Data Point 4284,Data Point 4285,Data Point 4286,Data Point 4287,Data Point 4288,Data Point 4289,Data Point 4290,Data Point 4291,Data Point 4292,Data Point 4293,Data Point 4294,Data Point 4295,Data Point 4296,Data Point 4297,Data Point 4298,Data Point 4299,Data Point 4300,Data Point 4301,Data Point 4302,Data Point 4303,Data Point 4304,Data Point 4305,Data Point 4306,Data Point 4307,Data Point 4308,Data Point 4309,Data Point 4310,Data Point 4311,Data Point 4312,Data Point 4313,Data Point 4314,Data Point 4315,Data Point 4316,Data Point 4317,Data Point 4318,Data Point 4319,Data Point 4320,Data Point 4321,Data Point 4322,Data Point 4323,Data Point 4324,Data Point 4325,Data Point 4326,Data Point 4327,Data Point 4328,Data Point 4329,Data Point 4330,Data Point 4331,Data Point 4332,Data Point 4333,Data Point 4334,Data Point 4335,Data Point 4336,Data Point 4337,Data Point 4338,Data Point 4339,Data Point 4340,Data Point 4341,Data Point 4342,Data Point 4343,Data Point 4344,Data Point 4345,Data Point 4346,Data Point 4347,Data Point 4348,Data Point 4349,Data Point 4350,Data Point 4351,Data Point 4352,Data Point 4353,Data Point 4354,Data Point 4355,Data Point 4356,Data Point 4357,Data Point 4358,Data Point 4359,Data Point 4360,Data Point 4361,Data Point 4362,Data Point 4363,Data Point 4364,Data Point 4365,Data Point 4366,Data Point 4367,Data Point 4368,Data Point 4369,Data Point 4370,Data Point 4371,Data Point 4372,Data Point 4373,Data Point 4374,Data Point 4375,Data Point 4376,Data Point 4377,Data Point 4378,Data Point 4379,Data Point 4380,Data Point 4381,Data Point 4382,Data Point 4383,Data Point 4384,Data Point 4385,Data Point 4386,Data Point 4387,Data Point 4388,Data Point 4389,Data Point 4390,Data Point 4391,Data Point 4392,Data Point 4393,Data Point 4394,Data Point 4395,Data Point 4396,Data Point 4397,Data Point 4398,Data Point 4399,Data Point 4400,Data Point 4401,Data Point 4402,Data Point 4403,Data Point 4404,Data Point 4405,Data Point 4406,Data Point 4407,Data Point 4408,Data Point 4409,Data Point 4410,Data Point 4411,Data Point 4412,Data Point 4413,Data Point 4414,Data Point 4415,Data Point 4416,Data Point 4417,Data Point 4418,Data Point 4419,Data Point 4420,Data Point 4421,Data Point 4422,Data Point 4423,Data Point 4424,Data Point 4425,Data Point 4426,Data Point 4427,Data Point 4428,Data Point 4429,Data Point 4430,Data Point 4431,Data Point 4432,Data Point 4433,Data Point 4434,Data Point 4435,Data Point 4436,Data Point 4437,Data Point 4438,Data Point 4439,Data Point 4440,Data Point 4441,Data Point 4442,Data Point 4443,Data Point 4444,Data Point 4445,Data Point 4446,Data Point 4447,Data Point 4448,Data Point 4449,Data Point 4450,Data Point 4451,Data Point 4452,Data Point 4453,Data Point 4454,Data Point 4455,Data Point 4456,Data Point 4457,Data Point 4458,Data Point 4459,Data Point 4460,Data Point 4461,Data Point 4462,Data Point 4463,Data Point 4464,Data Point 4465,Data Point 4466,Data Point 4467,Data Point 4468,Data Point 4469,Data Point 4470,Data Point 4471,Data Point 4472,Data Point 4473,Data Point 4474,Data Point 4475,Data Point 4476,Data Point 4477,Data Point 4478,Data Point 4479,Data Point 4480,Data Point 4481,Data Point 4482,Data Point 4483,Data Point 4484,Data Point 4485,Data Point 4486,Data Point 4487,Data Point 4488,Data Point 4489,Data Point 4490,Data Point 4491,Data Point 4492,Data Point 4493,Data Point 4494,Data Point 4495,Data Point 4496,Data Point 4497,Data Point 4498,Data Point 4499,Data Point 4500,Data Point 4501,Data Point 4502,Data Point 4503,Data Point 4504,Data Point 4505,Data Point 4506,Data Point 4507,Data Point 4508,Data Point 4509,Data Point 4510,Data Point 4511,Data Point 4512,Data Point 4513,Data Point 4514,Data Point 4515,Data Point 4516,Data Point 4517,Data Point 4518,Data Point 4519,Data Point 4520,Data Point 4521,Data Point 4522,Data Point 4523,Data Point 4524,Data Point 4525,Data Point 4526,Data Point 4527,Data Point 4528,Data Point 4529,Data Point 4530,Data Point 4531,Data Point 4532,Data Point 4533,Data Point 4534,Data Point 4535,Data Point 4536,Data Point 4537,Data Point 4538,Data Point 4539,Data Point 4540,Data Point 4541,Data Point 4542,Data Point 4543,Data Point 4544,Data Point 4545,Data Point 4546,Data Point 4547,Data Point 4548,Data Point 4549,Data Point 4550,Data Point 4551,Data Point 4552,Data Point 4553,Data Point 4554,Data Point 4555,Data Point 4556,Data Point 4557,Data Point 4558,Data Point 4559,Data Point 4560,Data Point 4561,Data Point 4562,Data Point 4563,Data Point 4564,Data Point 4565,Data Point 4566,Data Point 4567,Data Point 4568,Data Point 4569,Data Point 4570,Data Point 4571,Data Point 4572,Data Point 4573,Data Point 4574,Data Point 4575,Data Point 4576,Data Point 4577,Data Point 4578,Data Point 4579,Data Point 4580,Data Point 4581,Data Point 4582,Data Point 4583,Data Point 4584,Data Point 4585,Data Point 4586,Data Point 4587,Data Point 4588,Data Point 4589,Data Point 4590,Data Point 4591,Data Point 4592,Data Point 4593,Data Point 4594,Data Point 4595,Data Point 4596,Data Point 4597,Data Point 4598,Data Point 4599,Data Point 4600,Data Point 4601,Data Point 4602,Data Point 4603,Data Point 4604,Data Point 4605,Data Point 4606,Data Point 4607,Data Point 4608,Data Point 4609,Data Point 4610,Data Point 4611,Data Point 4612,Data Point 4613,Data Point 4614,Data Point 4615,Data Point 4616,Data Point 4617,Data Point 4618,Data Point 4619,Data Point 4620,Data Point 4621,Data Point 4622,Data Point 4623,Data Point 4624,Data Point 4625,Data Point 4626,Data Point 4627,Data Point 4628,Data Point 4629,Data Point 4630,Data Point 4631,Data Point 4632,Data Point 4633,Data Point 4634,Data Point 4635,Data Point 4636,Data Point 4637,Data Point 4638,Data Point 4639,Data Point 4640,Data Point 4641,Data Point 4642,Data Point 4643,Data Point 4644,Data Point 4645,Data Point 4646,Data Point 4647,Data Point 4648,Data Point 4649,Data Point 4650,Data Point 4651,Data Point 4652,Data Point 4653,Data Point 4654,Data Point 4655,Data Point 4656,Data Point 4657,Data Point 4658,Data Point 4659,Data Point 4660,Data Point 4661,Data Point 4662,Data Point 4663,Data Point 4664,Data Point 4665,Data Point 4666,Data Point 4667,Data Point 4668,Data Point 4669,Data Point 4670,Data Point 4671,Data Point 4672,Data Point 4673,Data Point 4674,Data Point 4675,Data Point 4676,Data Point 4677,Data Point 4678,Data Point 4679,Data Point 4680,Data Point 4681,Data Point 4682,Data Point 4683,Data Point 4684,Data Point 4685,Data Point 4686,Data Point 4687,Data Point 4688,Data Point 4689,Data Point 4690,Data Point 4691,Data Point 4692,Data Point 4693,Data Point 4694,Data Point 4695,Data Point 4696,Data Point 4697,Data Point 4698,Data Point 4699,Data Point 4700,Data Point 4701,Data Point 4702,Data Point 4703,Data Point 4704,Data Point 4705,Data Point 4706,Data Point 4707,Data Point 4708,Data Point 4709,Data Point 4710,Data Point 4711,Data Point 4712,Data Point 4713,Data Point 4714,Data Point 4715,Data Point 4716,Data Point 4717,Data Point 4718,Data Point 4719,Data Point 4720,Data Point 4721,Data Point 4722,Data Point 4723,Data Point 4724,Data Point 4725,Data Point 4726,Data Point 4727,Data Point 4728,Data Point 4729,Data Point 4730,Data Point 4731,Data Point 4732,Data Point 4733,Data Point 4734,Data Point 4735,Data Point 4736,Data Point 4737,Data Point 4738,Data Point 4739,Data Point 4740,Data Point 4741,Data Point 4742,Data Point 4743,Data Point 4744,Data Point 4745,Data Point 4746,Data Point 4747,Data Point 4748,Data Point 4749,Data Point 4750,Data Point 4751,Data Point 4752,Data Point 4753,Data Point 4754,Data Point 4755,Data Point 4756,Data Point 4757,Data Point 4758,Data Point 4759,Data Point 4760,Data Point 4761,Data Point 4762,Data Point 4763,Data Point 4764,Data Point 4765,Data Point 4766,Data Point 4767,Data Point 4768,Data Point 4769,Data Point 4770,Data Point 4771,Data Point 4772,Data Point 4773,Data Point 4774,Data Point 4775,Data Point 4776,Data Point 4777,Data Point 4778,Data Point 4779,Data Point 4780,Data Point 4781,Data Point 4782,Data Point 4783,Data Point 4784,Data Point 4785,Data Point 4786,Data Point 4787,Data Point 4788,Data Point 4789,Data Point 4790,Data Point 4791,Data Point 4792,Data Point 4793,Data Point 4794,Data Point 4795,Data Point 4796,Data Point 4797,Data Point 4798,Data Point 4799,Data Point 4800,Data Point 4801,Data Point 4802,Data Point 4803,Data Point 4804,Data Point 4805,Data Point 4806,Data Point 4807,Data Point 4808,Data Point 4809,Data Point 4810,Data Point 4811,Data Point 4812,Data Point 4813,Data Point 4814,Data Point 4815,Data Point 4816,Data Point 4817,Data Point 4818,Data Point 4819,Data Point 4820,Data Point 4821,Data Point 4822,Data Point 4823,Data Point 4824,Data Point 4825,Data Point 4826,Data Point 4827,Data Point 4828,Data Point 4829,Data Point 4830,Data Point 4831,Data Point 4832,Data Point 4833,Data Point 4834,Data Point 4835,Data Point 4836,Data Point 4837,Data Point 4838,Data Point 4839,Data Point 4840,Data Point 4841,Data Point 4842,Data Point 4843,Data Point 4844,Data Point 4845,Data Point 4846,Data Point 4847,Data Point 4848,Data Point 4849,Data Point 4850,Data Point 4851,Data Point 4852,Data Point 4853,Data Point 4854,Data Point 4855,Data Point 4856,Data Point 4857,Data Point 4858,Data Point 4859,Data Point 4860,Data Point 4861,Data Point 4862,Data Point 4863,Data Point 4864,Data Point 4865,Data Point 4866,Data Point 4867,Data Point 4868,Data Point 4869,Data Point 4870,Data Point 4871,Data Point 4872,Data Point 4873,Data Point 4874,Data Point 4875,Data Point 4876,Data Point 4877,Data Point 4878,Data Point 4879,Data Point 4880,Data Point 4881,Data Point 4882,Data Point 4883,Data Point 4884,Data Point 4885,Data Point 4886,Data Point 4887,Data Point 4888,Data Point 4889,Data Point 4890,Data Point 4891,Data Point 4892,Data Point 4893,Data Point 4894,Data Point 4895,Data Point 4896,Data Point 4897,Data Point 4898,Data Point 4899,Data Point 4900,Data Point 4901,Data Point 4902,Data Point 4903,Data Point 4904,Data Point 4905,Data Point 4906,Data Point 4907,Data Point 4908,Data Point 4909,Data Point 4910,Data Point 4911,Data Point 4912,Data Point 4913,Data Point 4914,Data Point 4915,Data Point 4916,Data Point 4917,Data Point 4918,Data Point 4919,Data Point 4920,Data Point 4921,Data Point 4922,Data Point 4923,Data Point 4924,Data Point 4925,Data Point 4926,Data Point 4927,Data Point 4928,Data Point 4929,Data Point 4930,Data Point 4931,Data Point 4932,Data Point 4933,Data Point 4934,Data Point 4935,Data Point 4936,Data Point 4937,Data Point 4938,Data Point 4939,Data Point 4940,Data Point 4941,Data Point 4942,Data Point 4943,Data Point 4944,Data Point 4945,Data Point 4946,Data Point 4947,Data Point 4948,Data Point 4949,Data Point 4950,Data Point 4951,Data Point 4952,Data Point 4953,Data Point 4954,Data Point 4955,Data Point 4956,Data Point 4957,Data Point 4958,Data Point 4959,Data Point 4960,Data Point 4961,Data Point 4962,Data Point 4963,Data Point 4964,Data Point 4965,Data Point 4966,Data Point 4967,Data Point 4968,Data Point 4969,Data Point 4970,Data Point 4971,Data Point 4972,Data Point 4973,Data Point 4974,Data Point 4975,Data Point 4976,Data Point 4977,Data Point 4978,Data Point 4979,Data Point 4980,Data Point 4981,Data Point 4982,Data Point 4983,Data Point 4984,Data Point 4985,Data Point 4986,Data Point 4987,Data Point 4988,Data Point 4989,Data Point 4990,Data Point 4991,Data Point 4992,Data Point 4993,Data Point 4994,Data Point 4995,Data Point 4996,Data Point 4997,Data Point 4998,Data Point 4999,Data Point 5000,Data Point 5001,Data Point 5002,Data Point 5003,Data Point 5004,Data Point 5005,Data Point 5006,Data Point 5007,Data Point 5008,Data Point 5009,Data Point 5010,Data Point 5011,Data Point 5012,Data Point 5013,Data Point 5014,Data Point 5015,Data Point 5016,Data Point 5017,Data Point 5018,Data Point 5019,Data Point 5020,Data Point 5021,Data Point 5022,Data Point 5023,Data Point 5024,Data Point 5025,Data Point 5026,Data Point 5027,Data Point 5028,Data Point 5029,Data Point 5030,Data Point 5031,Data Point 5032,Data Point 5033,Data Point 5034,Data Point 5035,Data Point 5036,Data Point 5037,Data Point 5038,Data Point 5039,Data Point 5040,Data Point 5041,Data Point 5042,Data Point 5043,Data Point 5044,Data Point 5045,Data Point 5046,Data Point 5047,Data Point 5048,Data Point 5049,Data Point 5050,Data Point 5051,Data Point 5052,Data Point 5053,Data Point 5054,Data Point 5055,Data Point 5056,Data Point 5057,Data Point 5058,Data Point 5059,Data Point 5060,Data Point 5061,Data Point 5062,Data Point 5063,Data Point 5064,Data Point 5065,Data Point 5066,Data Point 5067,Data Point 5068,Data Point 5069,Data Point 5070,Data Point 5071,Data Point 5072,Data Point 5073,Data Point 5074,Data Point 5075,Data Point 5076,Data Point 5077,Data Point 5078,Data Point 5079,Data Point 5080,Data Point 5081,Data Point 5082,Data Point 5083,Data Point 5084,Data Point 5085,Data Point 5086,Data Point 5087,Data Point 5088,Data Point 5089,Data Point 5090,Data Point 5091,Data Point 5092,Data Point 5093,Data Point 5094,Data Point 5095,Data Point 5096,Data Point 5097,Data Point 5098,Data Point 5099,Data Point 5100,Data Point 5101,Data Point 5102,Data Point 5103,Data Point 5104,Data Point 5105,Data Point 5106,Data Point 5107,Data Point 5108,Data Point 5109,Data Point 5110,Data Point 5111,Data Point 5112,Data Point 5113,Data Point 5114,Data Point 5115,Data Point 5116,Data Point 5117,Data Point 5118,Data Point 5119,Data Point 5120,Data Point 5121,Data Point 5122,Data Point 5123,Data Point 5124,Data Point 5125,Data Point 5126,Data Point 5127,Data Point 5128,Data Point 5129,Data Point 5130,Data Point 5131,Data Point 5132,Data Point 5133,Data Point 5134,Data Point 5135,Data Point 5136,Data Point 5137,Data Point 5138,Data Point 5139,Data Point 5140,Data Point 5141,Data Point 5142,Data Point 5143,Data Point 5144,Data Point 5145,Data Point 5146,Data Point 5147,Data Point 5148,Data Point 5149,Data Point 5150,Data Point 5151,Data Point 5152,Data Point 5153,Data Point 5154,Data Point 5155,Data Point 5156,Data Point 5157,Data Point 5158,Data Point 5159,Data Point 5160,Data Point 5161,Data Point 5162,Data Point 5163,Data Point 5164,Data Point 5165,Data Point 5166,Data Point 5167,Data Point 5168,Data Point 5169,Data Point 5170,Data Point 5171,Data Point 5172,Data Point 5173,Data Point 5174,Data Point 5175,Data Point 5176,Data Point 5177,Data Point 5178,Data Point 5179,Data Point 5180,Data Point 5181,Data Point 5182,Data Point 5183,Data Point 5184,Data Point 5185,Data Point 5186,Data Point 5187,Data Point 5188,Data Point 5189,Data Point 5190,Data Point 5191,Data Point 5192,Data Point 5193,Data Point 5194,Data Point 5195,Data Point 5196,Data Point 5197,Data Point 5198,Data Point 5199,Data Point 5200,Data Point 5201,Data Point 5202,Data Point 5203,Data Point 5204,Data Point 5205,Data Point 5206,Data Point 5207,Data Point 5208,Data Point 5209,Data Point 5210,Data Point 5211,Data Point 5212,Data Point 5213,Data Point 5214,Data Point 5215,Data Point 5216,Data Point 5217,Data Point 5218,Data Point 5219,Data Point 5220,Data Point 5221,Data Point 5222,Data Point 5223,Data Point 5224,Data Point 5225,Data Point 5226,Data Point 5227,Data Point 5228,Data Point 5229,Data Point 5230,Data Point 5231,Data Point 5232,Data Point 5233,Data Point 5234,Data Point 5235,Data Point 5236,Data Point 5237,Data Point 5238,Data Point 5239,Data Point 5240,Data Point 5241,Data Point 5242,Data Point 5243,Data Point 5244,Data Point 5245,Data Point 5246,Data Point 5247,Data Point 5248,Data Point 5249,Data Point 5250,Data Point 5251,Data Point 5252,Data Point 5253,Data Point 5254,Data Point 5255,Data Point 5256,Data Point 5257,Data Point 5258,Data Point 5259,Data Point 5260,Data Point 5261,Data Point 5262,Data Point 5263,Data Point 5264,Data Point 5265,Data Point 5266,Data Point 5267,Data Point 5268,Data Point 5269,Data Point 5270,Data Point 5271,Data Point 5272,Data Point 5273,Data Point 5274,Data Point 5275,Data Point 5276,Data Point 5277,Data Point 5278,Data Point 5279,Data Point 5280,Data Point 5281,Data Point 5282,Data Point 5283,Data Point 5284,Data Point 5285,Data Point 5286,Data Point 5287,Data Point 5288,Data Point 5289,Data Point 5290,Data Point 5291,Data Point 5292,Data Point 5293,Data Point 5294,Data Point 5295,Data Point 5296,Data Point 5297,Data Point 5298,Data Point 5299,Data Point 5300,Data Point 5301,Data Point 5302,Data Point 5303,Data Point 5304,Data Point 5305,Data Point 5306,Data Point 5307,Data Point 5308,Data Point 5309,Data Point 5310,Data Point 5311,Data Point 5312,Data Point 5313,Data Point 5314,Data Point 5315,Data Point 5316,Data Point 5317,Data Point 5318,Data Point 5319,Data Point 5320,Data Point 5321,Data Point 5322,Data Point 5323,Data Point 5324,Data Point 5325,Data Point 5326,Data Point 5327,Data Point 5328,Data Point 5329,Data Point 5330,Data Point 5331,Data Point 5332,Data Point 5333,Data Point 5334,Data Point 5335,Data Point 5336,Data Point 5337,Data Point 5338,Data Point 5339,Data Point 5340,Data Point 5341,Data Point 5342,Data Point 5343,Data Point 5344,Data Point 5345,Data Point 5346,Data Point 5347,Data Point 5348,Data Point 5349,Data Point 5350,Data Point 5351,Data Point 5352,Data Point 5353,Data Point 5354,Data Point 5355,Data Point 5356,Data Point 5357,Data Point 5358,Data Point 5359,Data Point 5360,Data Point 5361,Data Point 5362,Data Point 5363,Data Point 5364,Data Point 5365,Data Point 5366,Data Point 5367,Data Point 5368,Data Point 5369,Data Point 5370,Data Point 5371,Data Point 5372,Data Point 5373,Data Point 5374,Data Point 5375,Data Point 5376,Data Point 5377,Data Point 5378,Data Point 5379,Data Point 5380,Data Point 5381,Data Point 5382,Data Point 5383,Data Point 5384,Data Point 5385,Data Point 5386,Data Point 5387,Data Point 5388,Data Point 5389,Data Point 5390,Data Point 5391,Data Point 5392,Data Point 5393,Data Point 5394,Data Point 5395,Data Point 5396,Data Point 5397,Data Point 5398,Data Point 5399,Data Point 5400,Data Point 5401,Data Point 5402,Data Point 5403,Data Point 5404,Data Point 5405,Data Point 5406,Data Point 5407,Data Point 5408,Data Point 5409,Data Point 5410,Data Point 5411,Data Point 5412,Data Point 5413,Data Point 5414,Data Point 5415,Data Point 5416,Data Point 5417,Data Point 5418,Data Point 5419,Data Point 5420,Data Point 5421,Data Point 5422,Data Point 5423,Data Point 5424,Data Point 5425,Data Point 5426,Data Point 5427,Data Point 5428,Data Point 5429,Data Point 5430,Data Point 5431,Data Point 5432,Data Point 5433,Data Point 5434,Data Point 5435,Data Point 5436,Data Point 5437,Data Point 5438,Data Point 5439,Data Point 5440,Data Point 5441,Data Point 5442,Data Point 5443,Data Point 5444,Data Point 5445,Data Point 5446,Data Point 5447,Data Point 5448,Data Point 5449,Data Point 5450,Data Point 5451,Data Point 5452,Data Point 5453,Data Point 5454,Data Point 5455,Data Point 5456,Data Point 5457,Data Point 5458,Data Point 5459,Data Point 5460,Data Point 5461,Data Point 5462,Data Point 5463,Data Point 5464,Data Point 5465,Data Point 5466,Data Point 5467,Data Point 5468,Data Point 5469,Data Point 5470,Data Point 5471,Data Point 5472,Data Point 5473,Data Point 5474,Data Point 5475,Data Point 5476,Data Point 5477,Data Point 5478,Data Point 5479,Data Point 5480,Data Point 5481,Data Point 5482,Data Point 5483,Data Point 5484,Data Point 5485,Data Point 5486,Data Point 5487,Data Point 5488,Data Point 5489,Data Point 5490,Data Point 5491,Data Point 5492,Data Point 5493,Data Point 5494,Data Point 5495,Data Point 5496,Data Point 5497,Data Point 5498,Data Point 5499,Data Point 5500,Data Point 5501,Data Point 5502,Data Point 5503,Data Point 5504,Data Point 5505,Data Point 5506,Data Point 5507,Data Point 5508,Data Point 5509,Data Point 5510,Data Point 5511,Data Point 5512,Data Point 5513,Data Point 5514,Data Point 5515,Data Point 5516,Data Point 5517,Data Point 5518,Data Point 5519,Data Point 5520,Data Point 5521,Data Point 5522,Data Point 5523,Data Point 5524,Data Point 5525,Data Point 5526,Data Point 5527,Data Point 5528,Data Point 5529,Data Point 5530,Data Point 5531,Data Point 5532,Data Point 5533,Data Point 5534,Data Point 5535,Data Point 5536,Data Point 5537,Data Point 5538,Data Point 5539,Data Point 5540,Data Point 5541,Data Point 5542,Data Point 5543,Data Point 5544,Data Point 5545,Data Point 5546,Data Point 5547,Data Point 5548,Data Point 5549,Data Point 5550,Data Point 5551,Data Point 5552,Data Point 5553,Data Point 5554,Data Point 5555,Data Point 5556,Data Point 5557,Data Point 5558,Data Point 5559,Data Point 5560,Data Point 5561,Data Point 5562,Data Point 5563,Data Point 5564,Data Point 5565,Data Point 5566,Data Point 5567,Data Point 5568,Data Point 5569,Data Point 5570,Data Point 5571,Data Point 5572,Data Point 5573,Data Point 5574,Data Point 5575,Data Point 5576,Data Point 5577,Data Point 5578,Data Point 5579,Data Point 5580,Data Point 5581,Data Point 5582,Data Point 5583,Data Point 5584,Data Point 5585,Data Point 5586,Data Point 5587,Data Point 5588,Data Point 5589,Data Point 5590,Data Point 5591,Data Point 5592,Data Point 5593,Data Point 5594,Data Point 5595,Data Point 5596,Data Point 5597,Data Point 5598,Data Point 5599,Data Point 5600,Data Point 5601,Data Point 5602,Data Point 5603,Data Point 5604,Data Point 5605,Data Point 5606,Data Point 5607,Data Point 5608,Data Point 5609,Data Point 5610,Data Point 5611,Data Point 5612,Data Point 5613,Data Point 5614,Data Point 5615,Data Point 5616,Data Point 5617,Data Point 5618,Data Point 5619,Data Point 5620,Data Point 5621,Data Point 5622,Data Point 5623,Data Point 5624,Data Point 5625,Data Point 5626,Data Point 5627,Data Point 5628,Data Point 5629,Data Point 5630,Data Point 5631,Data Point 5632,Data Point 5633,Data Point 5634,Data Point 5635,Data Point 5636,Data Point 5637,Data Point 5638,Data Point 5639,Data Point 5640,Data Point 5641,Data Point 5642,Data Point 5643,Data Point 5644,Data Point 5645,Data Point 5646,Data Point 5647,Data Point 5648,Data Point 5649,Data Point 5650,Data Point 5651,Data Point 5652,Data Point 5653,Data Point 5654,Data Point 5655,Data Point 5656,Data Point 5657,Data Point 5658,Data Point 5659,Data Point 5660,Data Point 5661,Data Point 5662,Data Point 5663,Data Point 5664,Data Point 5665,Data Point 5666,Data Point 5667,Data Point 5668,Data Point 5669,Data Point 5670,Data Point 5671,Data Point 5672,Data Point 5673,Data Point 5674,Data Point 5675,Data Point 5676,Data Point 5677,Data Point 5678,Data Point 5679,Data Point 5680,Data Point 5681,Data Point 5682,Data Point 5683,Data Point 5684,Data Point 5685,Data Point 5686,Data Point 5687,Data Point 5688,Data Point 5689,Data Point 5690,Data Point 5691,Data Point 5692,Data Point 5693,Data Point 5694,Data Point 5695,Data Point 5696,Data Point 5697,Data Point 5698,Data Point 5699,Data Point 5700,Data Point 5701,Data Point 5702,Data Point 5703,Data Point 5704,Data Point 5705,Data Point 5706,Data Point 5707,Data Point 5708,Data Point 5709,Data Point 5710,Data Point 5711,Data Point 5712,Data Point 5713,Data Point 5714,Data Point 5715,Data Point 5716,Data Point 5717,Data Point 5718,Data Point 5719,Data Point 5720,Data Point 5721,Data Point 5722,Data Point 5723,Data Point 5724,Data Point 5725,Data Point 5726,Data Point 5727,Data Point 5728,Data Point 5729,Data Point 5730,Data Point 5731,Data Point 5732,Data Point 5733,Data Point 5734,Data Point 5735,Data Point 5736,Data Point 5737,Data Point 5738,Data Point 5739,Data Point 5740,Data Point 5741,Data Point 5742,Data Point 5743,Data Point 5744,Data Point 5745,Data Point 5746,Data Point 5747,Data Point 5748,Data Point 5749,Data Point 5750,Data Point 5751,Data Point 5752,Data Point 5753,Data Point 5754,Data Point 5755,Data Point 5756,Data Point 5757,Data Point 5758,Data Point 5759,Data Point 5760,Data Point 5761,Data Point 5762,Data Point 5763,Data Point 5764,Data Point 5765,Data Point 5766,Data Point 5767,Data Point 5768,Data Point 5769,Data Point 5770,Data Point 5771,Data Point 5772,Data Point 5773,Data Point 5774,Data Point 5775,Data Point 5776,Data Point 5777,Data Point 5778,Data Point 5779,Data Point 5780,Data Point 5781,Data Point 5782,Data Point 5783,Data Point 5784,Data Point 5785,Data Point 5786,Data Point 5787,Data Point 5788,Data Point 5789,Data Point 5790,Data Point 5791,Data Point 5792,Data Point 5793,Data Point 5794,Data Point 5795,Data Point 5796,Data Point 5797,Data Point 5798,Data Point 5799,Data Point 5800,Data Point 5801,Data Point 5802,Data Point 5803,Data Point 5804,Data Point 5805,Data Point 5806,Data Point 5807,Data Point 5808,Data Point 5809,Data Point 5810,Data Point 5811,Data Point 5812,Data Point 5813,Data Point 5814,Data Point 5815,Data Point 5816,Data Point 5817,Data Point 5818,Data Point 5819,Data Point 5820,Data Point 5821,Data Point 5822,Data Point 5823,Data Point 5824,Data Point 5825,Data Point 5826,Data Point 5827,Data Point 5828,Data Point 5829,Data Point 5830,Data Point 5831,Data Point 5832,Data Point 5833,Data Point 5834,Data Point 5835,Data Point 5836,Data Point 5837,Data Point 5838,Data Point 5839,Data Point 5840,Data Point 5841,Data Point 5842,Data Point 5843,Data Point 5844,Data Point 5845,Data Point 5846,Data Point 5847,Data Point 5848,Data Point 5849,Data Point 5850,Data Point 5851,Data Point 5852,Data Point 5853,Data Point 5854,Data Point 5855,Data Point 5856,Data Point 5857,Data Point 5858,Data Point 5859,Data Point 5860,Data Point 5861,Data Point 5862,Data Point 5863,Data Point 5864,Data Point 5865,Data Point 5866,Data Point 5867,Data Point 5868,Data Point 5869,Data Point 5870,Data Point 5871,Data Point 5872,Data Point 5873,Data Point 5874,Data Point 5875,Data Point 5876,Data Point 5877,Data Point 5878,Data Point 5879,Data Point 5880,Data Point 5881,Data Point 5882,Data Point 5883,Data Point 5884,Data Point 5885,Data Point 5886,Data Point 5887,Data Point 5888,Data Point 5889,Data Point 5890,Data Point 5891,Data Point 5892,Data Point 5893,Data Point 5894,Data Point 5895,Data Point 5896,Data Point 5897,Data Point 5898,Data Point 5899,Data Point 5900,Data Point 5901,Data Point 5902,Data Point 5903,Data Point 5904,Data Point 5905,Data Point 5906,Data Point 5907,Data Point 5908,Data Point 5909,Data Point 5910,Data Point 5911,Data Point 5912,Data Point 5913,Data Point 5914,Data Point 5915,Data Point 5916,Data Point 5917,Data Point 5918,Data Point 5919,Data Point 5920,Data Point 5921,Data Point 5922,Data Point 5923,Data Point 5924,Data Point 5925,Data Point 5926,Data Point 5927,Data Point 5928,Data Point 5929,Data Point 5930,Data Point 5931,Data Point 5932,Data Point 5933,Data Point 5934,Data Point 5935,Data Point 5936,Data Point 5937,Data Point 5938,Data Point 5939,Data Point 5940,Data Point 5941,Data Point 5942,Data Point 5943,Data Point 5944,Data Point 5945,Data Point 5946,Data Point 5947,Data Point 5948,Data Point 5949,Data Point 5950,Data Point 5951,Data Point 5952,Data Point 5953,Data Point 5954,Data Point 5955,Data Point 5956,Data Point 5957,Data Point 5958,Data Point 5959,Data Point 5960,Data Point 5961,Data Point 5962,Data Point 5963,Data Point 5964,Data Point 5965,Data Point 5966,Data Point 5967,Data Point 5968,Data Point 5969,Data Point 5970,Data Point 5971,Data Point 5972,Data Point 5973,Data Point 5974,Data Point 5975,Data Point 5976,Data Point 5977,Data Point 5978,Data Point 5979,Data Point 5980,Data Point 5981,Data Point 5982,Data Point 5983,Data Point 5984,Data Point 5985,Data Point 5986,Data Point 5987,Data Point 5988,Data Point 5989,Data Point 5990,Data Point 5991,Data Point 5992,Data Point 5993,Data Point 5994,Data Point 5995,Data Point 5996,Data Point 5997,Data Point 5998,Data Point 5999,Data Point 6000,Data Point 6001,Data Point 6002,Data Point 6003,Data Point 6004,Data Point 6005,Data Point 6006,Data Point 6007,Data Point 6008,Data Point 6009,Data Point 6010,Data Point 6011,Data Point 6012,Data Point 6013,Data Point 6014,Data Point 6015,Data Point 6016,Data Point 6017,Data Point 6018,Data Point 6019,Data Point 6020,Data Point 6021,Data Point 6022,Data Point 6023,Data Point 6024,Data Point 6025,Data Point 6026,Data Point 6027,Data Point 6028,Data Point 6029,Data Point 6030,Data Point 6031,Data Point 6032,Data Point 6033,Data Point 6034,Data Point 6035,Data Point 6036,Data Point 6037,Data Point 6038,Data Point 6039,Data Point 6040,Data Point 6041,Data Point 6042,Data Point 6043,Data Point 6044,Data Point 6045,Data Point 6046,Data Point 6047,Data Point 6048,Data Point 6049,Data Point 6050,Data Point 6051,Data Point 6052,Data Point 6053,Data Point 6054,Data Point 6055,Data Point 6056,Data Point 6057,Data Point 6058,Data Point 6059,Data Point 6060,Data Point 6061,Data Point 6062,Data Point 6063,Data Point 6064,Data Point 6065,Data Point 6066,Data Point 6067,Data Point 6068,Data Point 6069,Data Point 6070,Data Point 6071,Data Point 6072,Data Point 6073,Data Point 6074,Data Point 6075,Data Point 6076,Data Point 6077,Data Point 6078,Data Point 6079,Data Point 6080,Data Point 6081,Data Point 6082,Data Point 6083,Data Point 6084,Data Point 6085,Data Point 6086,Data Point 6087,Data Point 6088,Data Point 6089,Data Point 6090,Data Point 6091,Data Point 6092,Data Point 6093,Data Point 6094,Data Point 6095,Data Point 6096,Data Point 6097,Data Point 6098,Data Point 6099,Data Point 6100,Data Point 6101,Data Point 6102,Data Point 6103,Data Point 6104,Data Point 6105,Data Point 6106,Data Point 6107,Data Point 6108,Data Point 6109,Data Point 6110,Data Point 6111,Data Point 6112,Data Point 6113,Data Point 6114,Data Point 6115,Data Point 6116,Data Point 6117,Data Point 6118,Data Point 6119,Data Point 6120,Data Point 6121,Data Point 6122,Data Point 6123,Data Point 6124,Data Point 6125,Data Point 6126,Data Point 6127,Data Point 6128,Data Point 6129,Data Point 6130,Data Point 6131,Data Point 6132,Data Point 6133,Data Point 6134,Data Point 6135,Data Point 6136,Data Point 6137,Data Point 6138,Data Point 6139,Data Point 6140,Data Point 6141,Data Point 6142,Data Point 6143,Data Point 6144,Data Point 6145,Data Point 6146,Data Point 6147,Data Point 6148,Data Point 6149,Data Point 6150,Data Point 6151,Data Point 6152,Data Point 6153,Data Point 6154,Data Point 6155,Data Point 6156,Data Point 6157,Data Point 6158,Data Point 6159,Data Point 6160,Data Point 6161,Data Point 6162,Data Point 6163,Data Point 6164,Data Point 6165,Data Point 6166,Data Point 6167,Data Point 6168,Data Point 6169,Data Point 6170,Data Point 6171,Data Point 6172,Data Point 6173,Data Point 6174,Data Point 6175,Data Point 6176,Data Point 6177,Data Point 6178,Data Point 6179,Data Point 6180,Data Point 6181,Data Point 6182,Data Point 6183,Data Point 6184,Data Point 6185,Data Point 6186,Data Point 6187,Data Point 6188,Data Point 6189,Data Point 6190,Data Point 6191,Data Point 6192,Data Point 6193,Data Point 6194,Data Point 6195,Data Point 6196,Data Point 6197,Data Point 6198,Data Point 6199,Data Point 6200,Data Point 6201,Data Point 6202,Data Point 6203,Data Point 6204,Data Point 6205,Data Point 6206,Data Point 6207,Data Point 6208,Data Point 6209,Data Point 6210,Data Point 6211,Data Point 6212,Data Point 6213,Data Point 6214,Data Point 6215,Data Point 6216,Data Point 6217,Data Point 6218,Data Point 6219,Data Point 6220,Data Point 6221,Data Point 6222,Data Point 6223,Data Point 6224,Data Point 6225,Data Point 6226,Data Point 6227,Data Point 6228,Data Point 6229,Data Point 6230,Data Point 6231,Data Point 6232,Data Point 6233,Data Point 6234,Data Point 6235,Data Point 6236,Data Point 6237,Data Point 6238,Data Point 6239,Data Point 6240,Data Point 6241,Data Point 6242,Data Point 6243,Data Point 6244,Data Point 6245,Data Point 6246,Data Point 6247,Data Point 6248,Data Point 6249,Data Point 6250,Data Point 6251,Data Point 6252,Data Point 6253,Data Point 6254,Data Point 6255,Data Point 6256,Data Point 6257,Data Point 6258,Data Point 6259,Data Point 6260,Data Point 6261,Data Point 6262,Data Point 6263,Data Point 6264,Data Point 6265,Data Point 6266,Data Point 6267,Data Point 6268,Data Point 6269,Data Point 6270,Data Point 6271,Data Point 6272,Data Point 6273,Data Point 6274,Data Point 6275,Data Point 6276,Data Point 6277,Data Point 6278,Data Point 6279,Data Point 6280,Data Point 6281,Data Point 6282,Data Point 6283,Data Point 6284,Data Point 6285,Data Point 6286,Data Point 6287,Data Point 6288,Data Point 6289,Data Point 6290,Data Point 6291,Data Point 6292,Data Point 6293,Data Point 6294,Data Point 6295,Data Point 6296,Data Point 6297,Data Point 6298,Data Point 6299,Data Point 6300,Data Point 6301,Data Point 6302,Data Point 6303,Data Point 6304,Data Point 6305,Data Point 6306,Data Point 6307,Data Point 6308,Data Point 6309,Data Point 6310,Data Point 6311,Data Point 6312,Data Point 6313,Data Point 6314,Data Point 6315,Data Point 6316,Data Point 6317,Data Point 6318,Data Point 6319,Data Point 6320,Data Point 6321,Data Point 6322,Data Point 6323,Data Point 6324,Data Point 6325,Data Point 6326,Data Point 6327,Data Point 6328,Data Point 6329,Data Point 6330,Data Point 6331,Data Point 6332,Data Point 6333,Data Point 6334,Data Point 6335,Data Point 6336,Data Point 6337,Data Point 6338,Data Point 6339,Data Point 6340,Data Point 6341,Data Point 6342,Data Point 6343,Data Point 6344,Data Point 6345,Data Point 6346,Data Point 6347,Data Point 6348,Data Point 6349,Data Point 6350,Data Point 6351,Data Point 6352,Data Point 6353,Data Point 6354,Data Point 6355,Data Point 6356,Data Point 6357,Data Point 6358,Data Point 6359,Data Point 6360,Data Point 6361,Data Point 6362,Data Point 6363,Data Point 6364,Data Point 6365,Data Point 6366,Data Point 6367,Data Point 6368,Data Point 6369,Data Point 6370,Data Point 6371,Data Point 6372,Data Point 6373,Data Point 6374,Data Point 6375,Data Point 6376,Data Point 6377,Data Point 6378,Data Point 6379,Data Point 6380,Data Point 6381,Data Point 6382,Data Point 6383,Data Point 6384,Data Point 6385,Data Point 6386,Data Point 6387,Data Point 6388,Data Point 6389,Data Point 6390,Data Point 6391,Data Point 6392,Data Point 6393,Data Point 6394,Data Point 6395,Data Point 6396,Data Point 6397,Data Point 6398,Data Point 6399,Data Point 6400,Data Point 6401,Data Point 6402,Data Point 6403,Data Point 6404,Data Point 6405,Data Point 6406,Data Point 6407,Data Point 6408,Data Point 6409,Data Point 6410,Data Point 6411,Data Point 6412,Data Point 6413,Data Point 6414,Data Point 6415,Data Point 6416,Data Point 6417,Data Point 6418,Data Point 6419,Data Point 6420,Data Point 6421,Data Point 6422,Data Point 6423,Data Point 6424,Data Point 6425,Data Point 6426,Data Point 6427,Data Point 6428,Data Point 6429,Data Point 6430,Data Point 6431,Data Point 6432,Data Point 6433,Data Point 6434,Data Point 6435,Data Point 6436,Data Point 6437,Data Point 6438,Data Point 6439,Data Point 6440,Data Point 6441,Data Point 6442,Data Point 6443,Data Point 6444,Data Point 6445,Data Point 6446,Data Point 6447,Data Point 6448,Data Point 6449,Data Point 6450,Data Point 6451,Data Point 6452,Data Point 6453,Data Point 6454,Data Point 6455,Data Point 6456,Data Point 6457,Data Point 6458,Data Point 6459,Data Point 6460,Data Point 6461,Data Point 6462,Data Point 6463,Data Point 6464,Data Point 6465,Data Point 6466,Data Point 6467,Data Point 6468,Data Point 6469,Data Point 6470,Data Point 6471,Data Point 6472,Data Point 6473,Data Point 6474,Data Point 6475,Data Point 6476,Data Point 6477,Data Point 6478,Data Point 6479,Data Point 6480,Data Point 6481,Data Point 6482,Data Point 6483,Data Point 6484,Data Point 6485,Data Point 6486,Data Point 6487,Data Point 6488,Data Point 6489,Data Point 6490,Data Point 6491,Data Point 6492,Data Point 6493,Data Point 6494,Data Point 6495,Data Point 6496,Data Point 6497,Data Point 6498,Data Point 6499,Data Point 6500,Data Point 6501,Data Point 6502,Data Point 6503,Data Point 6504,Data Point 6505,Data Point 6506,Data Point 6507,Data Point 6508,Data Point 6509,Data Point 6510,Data Point 6511,Data Point 6512,Data Point 6513,Data Point 6514,Data Point 6515,Data Point 6516,Data Point 6517,Data Point 6518,Data Point 6519,Data Point 6520,Data Point 6521,Data Point 6522,Data Point 6523,Data Point 6524,Data Point 6525,Data Point 6526,Data Point 6527,Data Point 6528,Data Point 6529,Data Point 6530,Data Point 6531,Data Point 6532,Data Point 6533,Data Point 6534,Data Point 6535,Data Point 6536,Data Point 6537,Data Point 6538,Data Point 6539,Data Point 6540,Data Point 6541,Data Point 6542,Data Point 6543,Data Point 6544,Data Point 6545,Data Point 6546,Data Point 6547,Data Point 6548,Data Point 6549,Data Point 6550,Data Point 6551,Data Point 6552,Data Point 6553,Data Point 6554,Data Point 6555,Data Point 6556,Data Point 6557,Data Point 6558,Data Point 6559,Data Point 6560,Data Point 6561,Data Point 6562,Data Point 6563,Data Point 6564,Data Point 6565,Data Point 6566,Data Point 6567,Data Point 6568,Data Point 6569,Data Point 6570,Data Point 6571,Data Point 6572,Data Point 6573,Data Point 6574,Data Point 6575,Data Point 6576,Data Point 6577,Data Point 6578,Data Point 6579,Data Point 6580,Data Point 6581,Data Point 6582,Data Point 6583,Data Point 6584,Data Point 6585,Data Point 6586,Data Point 6587,Data Point 6588,Data Point 6589,Data Point 6590,Data Point 6591,Data Point 6592,Data Point 6593,Data Point 6594,Data Point 6595,Data Point 6596,Data Point 6597,Data Point 6598,Data Point 6599,Data Point 6600,Data Point 6601,Data Point 6602,Data Point 6603,Data Point 6604,Data Point 6605,Data Point 6606,Data Point 6607,Data Point 6608,Data Point 6609,Data Point 6610,Data Point 6611,Data Point 6612,Data Point 6613,Data Point 6614,Data Point 6615,Data Point 6616,Data Point 6617,Data Point 6618,Data Point 6619,Data Point 6620,Data Point 6621,Data Point 6622,Data Point 6623,Data Point 6624,Data Point 6625,Data Point 6626,Data Point 6627,Data Point 6628,Data Point 6629,Data Point 6630,Data Point 6631,Data Point 6632,Data Point 6633,Data Point 6634,Data Point 6635,Data Point 6636,Data Point 6637,Data Point 6638,Data Point 6639,Data Point 6640,Data Point 6641,Data Point 6642,Data Point 6643,Data Point 6644,Data Point 6645,Data Point 6646,Data Point 6647,Data Point 6648,Data Point 6649,Data Point 6650,Data Point 6651,Data Point 6652,Data Point 6653,Data Point 6654,Data Point 6655,Data Point 6656,Data Point 6657,Data Point 6658,Data Point 6659,Data Point 6660,Data Point 6661,Data Point 6662,Data Point 6663,Data Point 6664,Data Point 6665,Data Point 6666,Data Point 6667,Data Point 6668,Data Point 6669,Data Point 6670,Data Point 6671,Data Point 6672,Data Point 6673,Data Point 6674,Data Point 6675,Data Point 6676,Data Point 6677,Data Point 6678,Data Point 6679,Data Point 6680,Data Point 6681,Data Point 6682,Data Point 6683,Data Point 6684,Data Point 6685,Data Point 6686,Data Point 6687,Data Point 6688,Data Point 6689,Data Point 6690,Data Point 6691,Data Point 6692,Data Point 6693,Data Point 6694,Data Point 6695,Data Point 6696,Data Point 6697,Data Point 6698,Data Point 6699,Data Point 6700,Data Point 6701,Data Point 6702,Data Point 6703,Data Point 6704,Data Point 6705,Data Point 6706,Data Point 6707,Data Point 6708,Data Point 6709,Data Point 6710,Data Point 6711,Data Point 6712,Data Point 6713,Data Point 6714,Data Point 6715,Data Point 6716,Data Point 6717,Data Point 6718,Data Point 6719,Data Point 6720,Data Point 6721,Data Point 6722,Data Point 6723,Data Point 6724,Data Point 6725,Data Point 6726,Data Point 6727,Data Point 6728,Data Point 6729,Data Point 6730,Data Point 6731,Data Point 6732,Data Point 6733,Data Point 6734,Data Point 6735,Data Point 6736,Data Point 6737,Data Point 6738,Data Point 6739,Data Point 6740,Data Point 6741,Data Point 6742,Data Point 6743,Data Point 6744,Data Point 6745,Data Point 6746,Data Point 6747,Data Point 6748,Data Point 6749,Data Point 6750,Data Point 6751,Data Point 6752,Data Point 6753,Data Point 6754,Data Point 6755,Data Point 6756,Data Point 6757,Data Point 6758,Data Point 6759,Data Point 6760,Data Point 6761,Data Point 6762,Data Point 6763,Data Point 6764,Data Point 6765,Data Point 6766,Data Point 6767,Data Point 6768,Data Point 6769,Data Point 6770,Data Point 6771,Data Point 6772,Data Point 6773,Data Point 6774,Data Point 6775,Data Point 6776,Data Point 6777,Data Point 6778,Data Point 6779,Data Point 6780,Data Point 6781,Data Point 6782,Data Point 6783,Data Point 6784,Data Point 6785,Data Point 6786,Data Point 6787,Data Point 6788,Data Point 6789,Data Point 6790,Data Point 6791,Data Point 6792,Data Point 6793,Data Point 6794,Data Point 6795,Data Point 6796,Data Point 6797,Data Point 6798,Data Point 6799,Data Point 6800,Data Point 6801,Data Point 6802,Data Point 6803,Data Point 6804,Data Point 6805,Data Point 6806,Data Point 6807,Data Point 6808,Data Point 6809,Data Point 6810,Data Point 6811,Data Point 6812,Data Point 6813,Data Point 6814,Data Point 6815,Data Point 6816,Data Point 6817,Data Point 6818,Data Point 6819,Data Point 6820,Data Point 6821,Data Point 6822,Data Point 6823,Data Point 6824,Data Point 6825,Data Point 6826,Data Point 6827,Data Point 6828,Data Point 6829,Data Point 6830,Data Point 6831,Data Point 6832,Data Point 6833,Data Point 6834,Data Point 6835,Data Point 6836,Data Point 6837,Data Point 6838,Data Point 6839,Data Point 6840,Data Point 6841,Data Point 6842,Data Point 6843,Data Point 6844,Data Point 6845,Data Point 6846,Data Point 6847,Data Point 6848,Data Point 6849,Data Point 6850,Data Point 6851,Data Point 6852,Data Point 6853,Data Point 6854,Data Point 6855,Data Point 6856,Data Point 6857,Data Point 6858,Data Point 6859,Data Point 6860,Data Point 6861,Data Point 6862,Data Point 6863,Data Point 6864,Data Point 6865,Data Point 6866,Data Point 6867,Data Point 6868,Data Point 6869,Data Point 6870,Data Point 6871,Data Point 6872,Data Point 6873,Data Point 6874,Data Point 6875,Data Point 6876,Data Point 6877,Data Point 6878,Data Point 6879,Data Point 6880,Data Point 6881,Data Point 6882,Data Point 6883,Data Point 6884,Data Point 6885,Data Point 6886,Data Point 6887,Data Point 6888,Data Point 6889,Data Point 6890,Data Point 6891,Data Point 6892,Data Point 6893,Data Point 6894,Data Point 6895,Data Point 6896,Data Point 6897,Data Point 6898,Data Point 6899,Data Point 6900,Data Point 6901,Data Point 6902,Data Point 6903,Data Point 6904,Data Point 6905,Data Point 6906,Data Point 6907,Data Point 6908,Data Point 6909,Data Point 6910,Data Point 6911,Data Point 6912,Data Point 6913,Data Point 6914,Data Point 6915,Data Point 6916,Data Point 6917,Data Point 6918,Data Point 6919,Data Point 6920,Data Point 6921,Data Point 6922,Data Point 6923,Data Point 6924,Data Point 6925,Data Point 6926,Data Point 6927,Data Point 6928,Data Point 6929,Data Point 6930,Data Point 6931,Data Point 6932,Data Point 6933,Data Point 6934,Data Point 6935,Data Point 6936,Data Point 6937,Data Point 6938,Data Point 6939,Data Point 6940,Data Point 6941,Data Point 6942,Data Point 6943,Data Point 6944,Data Point 6945,Data Point 6946,Data Point 6947,Data Point 6948,Data Point 6949,Data Point 6950,Data Point 6951,Data Point 6952,Data Point 6953,Data Point 6954,Data Point 6955,Data Point 6956,Data Point 6957,Data Point 6958,Data Point 6959,Data Point 6960,Data Point 6961,Data Point 6962,Data Point 6963,Data Point 6964,Data Point 6965,Data Point 6966,Data Point 6967,Data Point 6968,Data Point 6969,Data Point 6970,Data Point 6971,Data Point 6972,Data Point 6973,Data Point 6974,Data Point 6975,Data Point 6976,Data Point 6977,Data Point 6978,Data Point 6979,Data Point 6980,Data Point 6981,Data Point 6982,Data Point 6983,Data Point 6984,Data Point 6985,Data Point 6986,Data Point 6987,Data Point 6988,Data Point 6989,Data Point 6990,Data Point 6991,Data Point 6992,Data Point 6993,Data Point 6994,Data Point 6995,Data Point 6996,Data Point 6997,Data Point 6998,Data Point 6999,Data Point 7000
1,19:00:00.000,12/31/1903,0.000000,0.100000,UNKNOWN,1,0/0,0.000000,0.000000,0.000000,0.000000,0.000000,0.000000,0.000000,0.000000,0,0,0,0,0.002213,0.002213,0.002213,0.002213,0.002213,0.002213,0.002251,0.002213,0.002213,0.002213,0.002213,0.002213,0.002213,0.002251,0.002174,0.002213,0.002213,0.002213,0.002213,0.002174,0.002213,0.002136,0.002174,0.002136,0.002136,0.002174,0.002213,0.002213,0.002136,0.002174,0.002174,0.002213,0.002136,0.002136,0.002174,0.002174,0.002136,0.002174,0.002136,0.002174,0.002136,0.002136,0.002136,0.002136,0.002136,0.002136,0.002136,0.002174,0.002098,0.002136,0.002098,0.002136,0.002098,0.002022,0.002098,0.002136,0.002136,0.002098,0.002060,0.002136,0.002098,0.002098,0.002060,0.002098,0.002060,0.002098,0.002136,0.002098,0.002060,0.002098,0.002174,0.002098,0.002136,0.002098,0.002136,0.002060,0.002136,0.002060,0.002060,0.002060,0.002060,0.002060,0.002060,0.002136,0.002136,0.002060,0.002060,0.002098,0.002098,0.002022,0.002022,0.002060,0.002060,0.002098,0.002098,0.002098,0.002098,0.002060,0.002022,0.002060,0.002060,0.002098,0.002098,0.002098,0.002098,0.002098,0.002098,0.002022,0.002136,0.002098,0.002136,0.002098,0.002098,0.002098,0.002136,0.002098,0.002136,0.002136,0.002174,0.002098,0.002098,0.002060,0.002098,0.002098,0.002098,0.002136,0.002098,0.002098,0.002174,0.002136,0.002098,0.002060,0.002213,0.002136,0.002098,0.002136,0.002060,0.002174,0.002098,0.002098,0.002136,0.002098,0.002098,0.002098,0.002098,0.002136,0.002136,0.002174,0.002136,0.002136,0.002098,0.002174,0.002213,0.002136,0.002136,0.002174,0.002136,0.002136,0.002174,0.002174,0.002098,0.002136,0.002098,0.002174,0.002136,0.002136,0.002213,0.002174,0.002174,0.002213,0.002174,0.002174,0.002174,0.002174,0.002174,0.002213,0.002213,0.002213,0.002136,0.002213,0.002213,0.002213,0.002213,0.002213,0.002213,0.002174,0.002213,0.002098,0.002213,0.002213,0.002174,0.002213,0.002136,0.002174,0.002174,0.002174,0.002174,0.002174,0.002136,0.002136,0.002136,0.002136,0.002136,0.002136,0.002136,0.002174,0.002213,0.002174,0.002174,0.002174,0.002174,0.002213,0.002136,0.002174,0.002174,0.002174,0.002174,0.002136,0.002136,0.002174,0.002174,0.002136,0.002136,0.002136,0.002136,0.002213,0.002174,0.002174,0.002213,0.002136,0.002174,0.002174,0.002174,0.002213,0.002136,0.002136,0.002213,0.002251,0.002174,0.002136,0.002174,0.002136,0.002213,0.002174,0.002174,0.002213,0.002213,0.002174,0.002174,0.002174,0.002136,0.002174,0.002213,0.002174,0.002136,0.002213,0.002251,0.002213,0.002174,0.002251,0.002174,0.002213,0.002213,0.002174,0.002174,0.002213,0.002174,0.002174,0.002174,0.002251,0.002213,0.002098,0.002098,0.002174,0.002136,0.002098,0.002136,0.002174,0.002174,0.002136,0.002136,0.002098,0.002098,0.002098,0.002136,0.002098,0.002136,0.002098,0.002098,0.002098,0.002136,0.002136,0.002098,0.002098,0.002060,0.002098,0.002098,0.002060,0.002098,0.002098,0.002060,0.002098,0.002098,0.002098,0.002136,0.002098,0.002098,0.002098,0.002174,0.002136,0.002136,0.002136,0.002098,0.002098,0.002060,0.002098,0.002098,0.002060,0.002136,0.002060,0.002098,0.002098,0.002098,0.002098,0.002136,0.002136,0.002098,0.002060,0.002098,0.002060,0.002098,0.002098,0.002060,0.002174,0.002098,0.002174,0.002098,0.002060,0.002136,0.002098,0.002098,0.002098,0.002136,0.002136,0.002136,0.002136,0.002098,0.002098,0.002022,0.002022,0.002060,0.002098,0.002098,0.002136,0.002098,0.002136,0.002136,0.002136,0.002098,0.002098,0.002136,0.002136,0.002213,0.002136,0.002098,0.002136,0.002174,0.002136,0.002136,0.002136,0.002136,0.002098,0.002136,0.002136,0.002136,0.002136,0.002136,0.002136,0.002136,0.002098,0.002098,0.002136,0.002098,0.002136,0.002174,0.002136,0.002098,0.002060,0.002098,0.002098,0.002136,0.002174,0.002174,0.002136,0.002174,0.002174,0.002213,0.002136,0.002174,0.002174,0.002213,0.002174,0.002174,0.002136,0.002174,0.002136,0.002174,0.002174,0.002098,0.002174,0.002174,0.002251,0.002289,0.002174,0.002174,0.002136,0.002174,0.002213,0.002174,0.002213,0.002251,0.002289,0.002174,0.002251,0.002174,0.002213,0.002289,0.002251,0.002289,0.002213,0.002174,0.002251,0.002213,0.002251,0.002213,0.002174,0.002174,0.002174,0.002213,0.002251,0.002289,0.002174,0.002136,0.002174,0.002174,0.002174,0.002136,0.002136,0.002174,0.002136,0.002174,0.002174,0.002136,0.002174,0.002174,0.002136,0.002098,0.002136,0.002174,0.002098,0.002060,0.002098,0.002060,0.002060,0.002098,0.002098,0.002136,0.002136,0.002098,0.002022,0.002098,0.002174,0.002060,0.002060,0.002060,0.002136,0.002060,0.002060,0.002098,0.002022,0.002060,0.002060,0.002136,0.002060,0.002098,0.002060,0.002022,0.002060,0.002060,0.002098,0.002060,0.002022,0.002060,0.002060,0.002022,0.002022,0.002022,0.002022,0.002060,0.002060,0.002022,0.001984,0.002022,0.002022,0.002060,0.002060,0.002060,0.002022,0.002022,0.002022,0.002060,0.002060,0.001984,0.002022,0.002098,0.002022,0.002022,0.002098,0.002060,0.002098,0.002060,0.002098,0.002022,0.002022,0.002022,0.002060,0.002060,0.002060,0.002060,0.002060,0.002098,0.002098,0.002136,0.002098,0.002060,0.002060,0.002098,0.002098,0.002136,0.002174,0.002098,0.002098,0.002136,0.002098,0.002136,0.002136,0.002136,0.002174,0.002136,0.002136,0.002136,0.002174,0.002174,0.002174,0.002174,0.002136,0.002174,0.002136,0.002136,0.002098,0.002136,0.002213,0.002136,0.002136,0.002174,0.002174,0.002174,0.002213,0.002213,0.002136,0.002174,0.002213,0.002213,0.002136,0.002174,0.002174,0.002174,0.002136,0.002174,0.002174,0.002174,0.002174,0.002174,0.002174,0.002136,0.002136,0.002174,0.002174,0.002174,0.002136,0.002174,0.002174,0.002174,0.002174,0.002136,0.002136,0.002136,0.002136,0.002136,0.002098,0.002136,0.002136,0.002098,0.002098,0.002098,0.002060,0.002060,0.002098,0.002098,0.002060,0.002098,0.002098,0.002098,0.002098,0.002136,0.002136,0.002098,0.002060,0.002022,0.002060,0.002022,0.002022,0.002060,0.002136,0.002022,0.002098,0.002098,0.002098,0.002060,0.002060,0.002098,0.002098,0.002098,0.002098,0.002098,0.002060,0.002098,0.002136,0.002098,0.002098,0.002098,0.002136,0.002060,0.002098,0.002136,0.002098,0.002098,0.002060,0.002098,0.002098,0.002098,0.002098,0.002060,0.002022,0.002136,0.002098,0.002060,0.002098,0.002098,0.002060,0.002060,0.002098,0.002022,0.002098,0.002060,0.002022,0.002022,0.002098,0.002060,0.002136,0.002136,0.002098,0.002098,0.002060,0.002098,0.002060,0.002136,0.002098,0.002098,0.002098,0.002136,0.002136,0.002098,0.002098,0.002136,0.002060,0.002060,0.002022,0.002060,0.002060,0.002060,0.002060,0.001984,0.001984,0.002022,0.002060,0.002060,0.001984,0.001907,0.001945,0.001945,0.001869,0.001907,0.001869,0.001831,0.001907,0.001831,0.001793,0.001793,0.001793,0.001755,0.001678,0.001640,0.001678,0.001602,0.001602,0.001602,0.001526,0.001526,0.001488,0.001526,0.001526,0.001564,0.001526,0.001564,0.001602,0.001678,0.001755,0.001831,0.001945,0.002098,0.002251,0.002403,0.002670,0.002899,0.003128,0.003433,0.003738,0.004044,0.004349,0.004616,0.005035,0.005455,0.005798,0.006142,0.006447,0.006752,0.007057,0.007286,0.007515,0.007591,0.007591,0.007553,0.007362,0.007133,0.006790,0.006409,0.005913,0.005417,0.004959,0.004311,0.003738,0.003166,0.002556,0.001984,0.001373,0.000763,0.000191,-0.000343,-0.000992,-0.001640,-0.002251,-0.002899,-0.003433,-0.003891,-0.004387,-0.004768,-0.005074,-0.005264,-0.005302,-0.005341,-0.005188,-0.004921,-0.004654,-0.004272,-0.003853,-0.003395,-0.002861,-0.002365,-0.001831,-0.001297,-0.000763,-0.000381,0.000038,0.000458,0.000839,0.001144,0.001411,0.001678,0.001831,0.002060,0.002174,0.002289,0.002403,0.002480,0.002556,0.002670,0.002708,0.002823,0.002823,0.002937,0.003014,0.003052,0.003166,0.003166,0.003242,0.003319,0.003395,0.003357,0.003471,0.003548,0.003662,0.003777,0.003929,0.004005,0.004120,0.004234,0.004387,0.004463,0.004539,0.004654,0.004692,0.004807,0.004807,0.004807,0.004807,0.004730,0.004654,0.004654,0.004578,0.004501,0.004425,0.004311,0.004196,0.004158,0.004005,0.003815,0.003700,0.003586,0.003471,0.003319,0.003204,0.003128,0.003014,0.002861,0.002708,0.002708,0.002632,0.002518,0.002403,0.002289,0.002213,0.002174,0.002136,0.002136,0.002022,0.001945,0.001945,0.001945,0.001945,0.001831,0.001869,0.001831,0.001831,0.001869,0.001869,0.001831,0.001907,0.001907,0.001984,0.001984,0.002060,0.002098,0.002136,0.002098,0.002060,0.002098,0.002098,0.002060,0.001945,0.001945,0.001984,0.001869,0.001907,0.001945,0.001869,0.001831,0.001869,0.001831,0.001831,0.001793,0.001869,0.001831,0.001755,0.001755,0.001717,0.001640,0.001640,0.001564,0.001526,0.001526,0.001488,0.001488,0.001488,0.001450,0.001526,0.001564,0.001564,0.001678,0.001755,0.001755,0.001869,0.001869,0.001907,0.001945,0.001984,0.001945,0.001945,0.001907,0.001907,0.001907,0.001907,0.001869,0.001869,0.001869,0.001945,0.001869,0.001869,0.001984,0.001984,0.001984,0.002022,0.002060,0.002060,0.002022,0.002060,0.001984,0.002022,0.001984,0.001945,0.001945,0.001945,0.001907,0.001907,0.001907,0.001907,0.001869,0.001945,0.001984,0.001907,0.001907,0.002098,0.002136,0.002136,0.002213,0.002289,0.002403,0.002441,0.002480,0.002556,0.002594,0.002594,0.002632,0.002708,0.002670,0.002708,0.002594,0.002556,0.002441,0.002403,0.002365,0.002289,0.002174,0.002060,0.002060,0.001945,0.001945,0.001907,0.001869,0.001945,0.001869,0.001945,0.001945,0.001907,0.001945,0.001945,0.001907,0.001945,0.001945,0.001945,0.001869,0.001869,0.001831,0.001793,0.001717,0.001678,0.001640,0.001602,0.001640,0.001602,0.001526,0.001526,0.001488,0.001450,0.001450,0.001411,0.001411,0.001411,0.001411,0.001411,0.001450,0.001488,0.001488,0.001526,0.001488,0.001564,0.001640,0.001640,0.001717,0.001755,0.001755,0.001869,0.001945,0.002022,0.002098,0.002174,0.002251,0.002289,0.002480,0.002518,0.002594,0.002594,0.002670,0.002747,0.002823,0.002823,0.002823,0.002823,0.002899,0.002861,0.002823,0.002861,0.002823,0.002823,0.002747,0.002785,0.002708,0.002670,0.002708,0.002708,0.002785,0.002670,0.002708,0.002670,0.002632,0.002670,0.002670,0.002632,0.002594,0.002556,0.002556,0.002480,0.002441,0.002403,0.002403,0.002365,0.002289,0.002251,0.002327,0.002289,0.002213,0.002213,0.002174,0.002174,0.002136,0.002213,0.002213,0.002174,0.002174,0.002174,0.002174,0.002213,0.002174,0.002136,0.002136,0.002136,0.002251,0.002213,0.002136,0.002174,0.002136,0.002136,0.002136,0.002136,0.002174,0.002213,0.002213,0.002289,0.002327,0.002365,0.002365,0.002403,0.002480,0.002518,0.002632,0.002632,0.002670,0.002708,0.002708,0.002670,0.002708,0.002708,0.002670,0.002632,0.002556,0.002518,0.002480,0.002365,0.002327,0.002251,0.002251,0.002174,0.002060,0.001984,0.001907,0.001869,0.001869,0.001793,0.001831,0.001793,0.001717,0.001793,0.001755,0.001793,0.001831,0.001869,0.001869,0.001907,0.001984,0.001945,0.002060,0.002136,0.002136,0.002174,0.002213,0.002213,0.002213,0.002213,0.002213,0.002213,0.002174,0.002174,0.002174,0.002174,0.002098,0.002060,0.002098,0.001984,0.002022,0.001984,0.001907,0.001907,0.001907,0.001869,0.001831,0.001793,0.001755,0.001831,0.001717,0.001678,0.001678,0.001678,0.001602,0.001640,0.001640,0.001602,0.001640,0.001678,0.001640,0.001717,0.001755,0.001717,0.001831,0.001831,0.001869,0.001869,0.001907,0.001945,0.001945,0.001945,0.002060,0.002022,0.002136,0.002098,0.002098,0.002136,0.002136,0.002098,0.002174,0.002213,0.002213,0.002213,0.002289,0.002289,0.002289,0.002289,0.002289,0.002251,0.002289,0.002251,0.002289,0.002289,0.002327,0.002251,0.002289,0.002251,0.002251,0.002251,0.002289,0.002251,0.002213,0.002174,0.002174,0.002213,0.002251,0.002213,0.002174,0.002213,0.002289,0.002213,0.002213,0.002174,0.002251,0.002289,0.002213,0.002213,0.002213,0.002251,0.002289,0.002289,0.002289,0.002327,0.002251,0.002213,0.002174,0.002213,0.002213,0.002174,0.002136,0.002136,0.002022,0.001984,0.001984,0.002022,0.001945,0.001945,0.001869,0.001869,0.001831,0.001831,0.001831,0.001831,0.001793,0.001755,0.001755,0.001717,0.001755,0.001755,0.001755,0.001793,0.001717,0.001793,0.001717,0.001793,0.001793,0.001831,0.001869,0.001869,0.001869,0.001907,0.001945,0.001984,0.002060,0.002060,0.002098,0.002213,0.002251,0.002213,0.002289,0.002327,0.002365,0.002365,0.002403,0.002480,0.002480,0.002441,0.002441,0.002518,0.002556,0.002518,0.002556,0.002556,0.002556,0.002594,0.002556,0.002556,0.002518,0.002556,0.002556,0.002556,0.002556,0.002556,0.002556,0.002594,0.002556,0.002556,0.002518,0.002518,0.002518,0.002441,0.002403,0.002403,0.002403,0.002365,0.002289,0.002289,0.002213,0.002213,0.002213,0.002136,0.002098,0.002098,0.002060,0.002060,0.002022,0.002060,0.002060,0.002022,0.002060,0.002060,0.002098,0.002098,0.002098,0.002098,0.002136,0.002136,0.002174,0.002213,0.002289,0.002403,0.002327,0.002327,0.002365,0.002327,0.002403,0.002365,0.002403,0.002403,0.002403,0.002327,0.002365,0.002365,0.002289,0.002251,0.002213,0.002174,0.002136,0.002098,0.002060,0.002060,0.002060,0.002022,0.002022,0.001945,0.001945,0.001907,0.001869,0.001869,0.001907,0.001869,0.001869,0.001831,0.001831,0.001869,0.001831,0.001755,0.001793,0.001831,0.001831,0.001755,0.001793,0.001793,0.001717,0.001793,0.001793,0.001793,0.001831,0.001793,0.001793,0.001831,0.001869,0.001793,0.001831,0.001831,0.001831,0.001793,0.001831,0.001831,0.001831,0.001869,0.001793,0.001831,0.001869,0.001945,0.001945,0.001945,0.001945,0.002060,0.002060,0.002060,0.002174,0.002213,0.002174,0.002251,0.002251,0.002213,0.002289,0.002289,0.002289,0.002365,0.002327,0.002327,0.002365,0.002327,0.002327,0.002289,0.002289,0.002289,0.002289,0.002251,0.002251,0.002213,0.002251,0.002213,0.002213,0.002136,0.002174,0.002136,0.002174,0.002213,0.002136,0.002098,0.002174,0.002174,0.002136,0.002136,0.002136,0.002136,0.002174,0.002136,0.002136,0.002136,0.002098,0.002136,0.002136,0.002174,0.002174,0.002136,0.002136,0.002136,0.002136,0.002136,0.002174,0.002136,0.002136,0.002136,0.002174,0.002174,0.002136,0.002136,0.002174,0.002136,0.002174,0.002213,0.002251,0.002213,0.002213,0.002213,0.002251,0.002289,0.002251,0.002289,0.002213,0.002213,0.002174,0.002136,0.002174,0.002136,0.002136,0.002098,0.002098,0.002098,0.002098,0.002060,0.002022,0.002060,0.002060,0.002060,0.002060,0.002060,0.002022,0.002098,0.002098,0.002098,0.002060,0.002060,0.002060,0.002136,0.002098,0.002098,0.002098,0.002060,0.002136,0.002136,0.002136,0.002136,0.002174,0.002251,0.002213,0.002251,0.002213,0.002213,0.002213,0.002251,0.002251,0.002251,0.002289,0.002213,0.002213,0.002251,0.002251,0.002174,0.002174,0.002174,0.002060,0.002098,0.002060,0.002060,0.002022,0.001945,0.001984,0.001945,0.001945,0.001869,0.001945,0.001945,0.001907,0.001945,0.001945,0.001907,0.001945,0.001945,0.001945,0.001945,0.001945,0.001984,0.002060,0.002060,0.002022,0.002060,0.002136,0.002098,0.002098,0.002098,0.002060,0.002060,0.002098,0.002098,0.002136,0.002174,0.002136,0.002098,0.002098,0.002098,0.002098,0.002098,0.002098,0.002136,0.002136,0.002060,0.002060,0.002098,0.002060,0.002060,0.002098,0.002022,0.001984,0.002022,0.002022,0.001984,0.001984,0.001945,0.001984,0.001945,0.001945,0.001945,0.001907,0.001984,0.001945,0.001984,0.001945,0.002022,0.002060,0.002098,0.002098,0.002060,0.002174,0.002136,0.002136,0.002174,0.002213,0.002174,0.002213,0.002251,0.002251,0.002251,0.002251,0.002251,0.002289,0.002289,0.002289,0.002327,0.002289,0.002327,0.002365,0.002365,0.002403,0.002327,0.002327,0.002365,0.002365,0.002327,0.002365,0.002365,0.002327,0.002289,0.002289,0.002327,0.002213,0.002251,0.002251,0.002174,0.002213,0.002213,0.002174,0.002251,0.002213,0.002213,0.002174,0.002174,0.002174,0.002136,0.002136,0.002136,0.002098,0.002022,0.002060,0.002060,0.002060,0.002022,0.002098,0.002098,0.002060,0.002098,0.002098,0.002136,0.002136,0.002136,0.002213,0.002213,0.002251,0.002327,0.002365,0.002365,0.002441,0.002441,0.002518,0.002518,0.002518,0.002632,0.002670,0.002708,0.002708,0.002708,0.002747,0.002747,0.002785,0.002747,0.002747,0.002708,0.002708,0.002670,0.002632,0.002594,0.002556,0.002556,0.002480,0.002480,0.002441,0.002365,0.002365,0.002365,0.002289,0.002251,0.002213,0.002174,0.002174,0.002098,0.002022,0.001945,0.001831,0.001869,0.001678,0.001640,0.001526,0.001411,0.001373,0.001221,0.001144,0.001068,0.001030,0.000992,0.000954,0.000954,0.000877,0.000954,0.000954,0.001030,0.001106,0.001144,0.001259,0.001297,0.001411,0.001564,0.001678,0.001717,0.001831,0.001869,0.001945,0.002060,0.002098,0.002174,0.002174,0.002289,0.002327,0.002327,0.002365,0.002365,0.002403,0.002403,0.002441,0.002403,0.002365,0.002327,0.002327,0.002365,0.002289,0.002251,0.002251,0.002251,0.002251,0.002251,0.002174,0.002213,0.002213,0.002251,0.002213,0.002289,0.002327,0.002327,0.002365,0.002365,0.002403,0.002441,0.002480,0.002518,0.002518,0.002556,0.002556,0.002556,0.002556,0.002594,0.002594,0.002594,0.002556,0.002556,0.002441,0.002441,0.002441,0.002365,0.002327,0.002327,0.002289,0.002174,0.002136,0.002136,0.002136,0.002098,0.002098,0.002098,0.002060,0.002022,0.001984,0.001984,0.001984,0.002060,0.001984,0.001945,0.001984,0.002022,0.002022,0.002022,0.001984,0.001945,0.001984,0.002060,0.002022,0.001984,0.002022,0.001984,0.002022,0.002022,0.002060,0.001984,0.001984,0.002060,0.002060,0.002022,0.002022,0.002022,0.001984,0.002022,0.002098,0.002060,0.002022,0.002022,0.002022,0.002022,0.002022,0.002060,0.002022,0.002060,0.002098,0.002060,0.002060,0.002060,0.002060,0.002136,0.002136,0.002136,0.002213,0.002098,0.002136,0.002098,0.002174,0.002174,0.002174,0.002251,0.002251,0.002289,0.002251,0.002327,0.002327,0.002365,0.002403,0.002403,0.002365,0.002365,0.002403,0.002365,0.002365,0.002365,0.002365,0.002441,0.002441,0.002365,0.002365,0.002365,0.002365,0.002327,0.002289,0.002327,0.002327,0.002251,0.002289,0.002289,0.002251,0.002251,0.002213,0.002174,0.002213,0.002213,0.002213,0.002213,0.002136,0.002136,0.002060,0.002136,0.002098,0.002136,0.002098,0.002098,0.002136,0.002098,0.002136,0.002174,0.002174,0.002213,0.002213,0.002251,0.002213,0.002289,0.002251,0.002251,0.002327,0.002365,0.002365,0.002327,0.002365,0.002327,0.002327,0.002441,0.002365,0.002441,0.002518,0.002480,0.002480,0.002441,0.002403,0.002365,0.002365,0.002403,0.002403,0.002327,0.002365,0.002289,0.002213,0.002213,0.002213,0.002136,0.002098,0.002098,0.002022,0.002060,0.002060,0.001984,0.001984,0.002022,0.001907,0.001945,0.001907,0.001907,0.001945,0.001945,0.001907,0.001907,0.001869,0.001793,0.001831,0.001831,0.001831,0.001831,0.001793,0.001831,0.001831,0.001907,0.001869,0.001907,0.001869,0.001945,0.001869,0.001907,0.001869,0.001984,0.001945,0.001984,0.001984,0.001984,0.001984,0.002022,0.002022,0.002022,0.002060,0.002060,0.002022,0.002060,0.002098,0.002098,0.002060,0.002136,0.002174,0.002213,0.002213,0.002251,0.002251,0.002251,0.002174,0.002251,0.002289,0.002213,0.002213,0.002174,0.002213,0.002251,0.002251,0.002174,0.002136,0.002174,0.002098,0.002136,0.002136,0.002174,0.002136,0.002136,0.002174,0.002136,0.002098,0.002136,0.002213,0.002213,0.002174,0.002174,0.002136,0.002174,0.002213,0.002174,0.002174,0.002213,0.002213,0.002174,0.002213,0.002136,0.002174,0.002174,0.002136,0.002098,0.002098,0.002098,0.002098,0.002060,0.002022,0.002022,0.002022,0.001984,0.002022,0.002022,0.001907,0.001907,0.001907,0.001945,0.001869,0.001831,0.001945,0.001945,0.001907,0.001907,0.001907,0.001945,0.001945,0.001945,0.001945,0.001945,0.001984,0.002060,0.002098,0.002098,0.002098,0.002098,0.002098,0.002098,0.002098,0.002136,0.002174,0.002136,0.002098,0.002136,0.002174,0.002174,0.002136,0.002098,0.002174,0.002098,0.002060,0.002136,0.002174,0.002136,0.002098,0.002060,0.002098,0.002174,0.002136,0.002136,0.002060,0.002098,0.002098,0.002098,0.002174,0.002136,0.002098,0.002174,0.002174,0.002174,0.002213,0.002213,0.002289,0.002289,0.002289,0.002251,0.002251,0.002327,0.002327,0.002365,0.002327,0.002327,0.002327,0.002327,0.002327,0.002327,0.002289,0.002289,0.002251,0.002289,0.002289,0.002251,0.002251,0.002213,0.002213,0.002251,0.002213,0.002098,0.002136,0.002098,0.002098,0.002098,0.002098,0.002098,0.002098,0.002060,0.002136,0.002174,0.002098,0.002136,0.002136,0.002136,0.002174,0.002213,0.002136,0.002213,0.002174,0.002174,0.002174,0.002251,0.002213,0.002289,0.002251,0.002289,0.002289,0.002289,0.002365,0.002327,0.002327,0.002365,0.002327,0.002289,0.002289,0.002289,0.002289,0.002327,0.002289,0.002213,0.002251,0.002213,0.002174,0.002213,0.002136,0.002174,0.002174,0.002213,0.002098,0.002098,0.002136,0.002060,0.002098,0.002022,0.001984,0.001945,0.001984,0.001945,0.001907,0.001907,0.001831,0.001831,0.001793,0.001793,0.001793,0.001793,0.001755,0.001717,0.001793,0.001755,0.001717,0.001640,0.001717,0.001717,0.001755,0.001717,0.001755,0.001717,0.001755,0.001717,0.001717,0.001793,0.001831,0.001793,0.001755,0.001717,0.001755,0.001793,0.001793,0.001869,0.001793,0.001869,0.001831,0.001831,0.001831,0.001831,0.001869,0.001907,0.001907,0.001945,0.001984,0.001984,0.002022,0.002060,0.002098,0.002060,0.002098,0.002098,0.002098,0.002174,0.002174,0.002213,0.002251,0.002289,0.002327,0.002327,0.002365,0.002327,0.002403,0.002365,0.002365,0.002403,0.002403,0.002441,0.002403,0.002441,0.002480,0.002441,0.002441,0.002403,0.002365,0.002403,0.002403,0.002441,0.002365,0.002441,0.002365,0.002365,0.002327,0.002289,0.002213,0.002327,0.002327,0.002289,0.002251,0.002251,0.002136,0.002174,0.002213,0.002174,0.002174,0.002098,0.002136,0.002136,0.002060,0.002098,0.002098,0.002098,0.002098,0.002060,0.002060,0.002022,0.002060,0.002060,0.002060,0.002136,0.002098,0.002060,0.002098,0.002060,0.002098,0.002098,0.002022,0.002022,0.002022,0.002060,0.001984,0.002022,0.001984,0.001984,0.002022,0.002022,0.001984,0.001945,0.001984,0.002022,0.002022,0.002022,0.002022,0.001984,0.002022,0.001984,0.002022,0.002022,0.002022,0.002060,0.002060,0.002098,0.002060,0.001984,0.002022,0.002098,0.002136,0.002098,0.002174,0.002174,0.002174,0.002174,0.002136,0.002174,0.002213,0.002174,0.002213,0.002174,0.002174,0.002213,0.002213,0.002174,0.002098,0.002174,0.002174,0.002136,0.002174,0.002136,0.002136,0.002136,0.002174,0.002174,0.002213,0.002174,0.002098,0.002136,0.002213,0.002213,0.002251,0.002213,0.002213,0.002289,0.002251,0.002251,0.002327,0.002289,0.002251,0.002251,0.002251,0.002251,0.002251,0.002251,0.002289,0.002251,0.002251,0.002289,0.002289,0.002213,0.002213,0.002136,0.002174,0.002174,0.002136,0.002174,0.002174,0.002213,0.002174,0.002174,0.002136,0.002213,0.002213,0.002213,0.002213,0.002174,0.002251,0.002174,0.002174,0.002213,0.002174,0.002174,0.002174,0.002136,0.002174,0.002136,0.002174,0.002136,0.002098,0.002136,0.002098,0.002136,0.002098,0.002060,0.002060,0.002098,0.002060,0.002022,0.001984,0.002022,0.002022,0.002022,0.001984,0.001984,0.002022,0.002022,0.001984,0.001945,0.001907,0.001984,0.001945,0.002022,0.002060,0.002022,0.001984,0.001945,0.001945,0.001907,0.001945,0.001945,0.001984,0.001984,0.001945,0.001907,0.001984,0.001984,0.001984,0.002022,0.002022,0.001984,0.001984,0.002060,0.002022,0.002022,0.002098,0.002060,0.002060,0.002136,0.002174,0.002060,0.002060,0.002136,0.002136,0.002136,0.002174,0.002213,0.002251,0.002174,0.002213,0.002213,0.002213,0.002213,0.002174,0.002174,0.002136,0.002213,0.002251,0.002213,0.002213,0.002251,0.002251,0.002213,0.002174,0.002213,0.002174,0.002213,0.002251,0.002174,0.002213,0.002213,0.002251,0.002213,0.002174,0.002136,0.002174,0.002213,0.002060,0.002136,0.002213,0.002174,0.002251,0.002213,0.002174,0.002136,0.002213,0.002251,0.002174,0.002213,0.002136,0.002213,0.002213,0.002251,0.002213,0.002251,0.002251,0.002213,0.002174,0.002213,0.002251,0.002213,0.002174,0.002213,0.002251,0.002251,0.002251,0.002213,0.002213,0.002251,0.002251,0.002251,0.002213,0.002251,0.002251,0.002213,0.002174,0.002174,0.002213,0.002213,0.002174,0.002174,0.002213,0.002174,0.002174,0.002174,0.002174,0.002174,0.002174,0.002213,0.002174,0.002213,0.002136,0.002174,0.002174,0.002174,0.002136,0.002174,0.002174,0.002174,0.002174,0.002174,0.002174,0.002174,0.002213,0.002174,0.002174,0.002174,0.002251,0.002213,0.002213,0.002174,0.002098,0.002213,0.002174,0.002174,0.002213,0.002174,0.002289,0.002213,0.002251,0.002251,0.002213,0.002251,0.002251,0.002213,0.002174,0.002213,0.002174,0.002136,0.002136,0.002174,0.002136,0.002098,0.002098,0.002136,0.002098,0.002098,0.002136,0.002060,0.002060,0.002060,0.002098,0.002060,0.001984,0.002060,0.002022,0.002098,0.002060,0.002098,0.002098,0.002060,0.002098,0.002098,0.002136,0.002098,0.002098,0.002136,0.002174,0.002174,0.002174,0.002213,0.002213,0.002251,0.002289,0.002251,0.002251,0.002289,0.002289,0.002365,0.002365,0.002403,0.002441,0.002480,0.002441,0.002480,0.002441,0.002518,0.002480,0.002480,0.002441,0.002441,0.002441,0.002403,0.002403,0.002403,0.002327,0.002289,0.002327,0.002251,0.002174,0.002174,0.002136,0.002136,0.002060,0.001984,0.001984,0.002022,0.001984,0.001907,0.001869,0.001869,0.001831,0.001831,0.001907,0.001869,0.001907,0.001869,0.001907,0.001907,0.001869,0.001907,0.001945,0.001984,0.001984,0.002022,0.002060,0.002060,0.002098,0.002098,0.002098,0.002174,0.002098,0.002060,0.002098,0.002136,0.002213,0.002136,0.002060,0.002098,0.002022,0.002022,0.002060,0.002060,0.002060,0.002060,0.002060,0.002060,0.002098,0.002022,0.002098,0.002022,0.002060,0.002136,0.002098,0.002098,0.002136,0.002174,0.002213,0.002213,0.002251,0.002251,0.002251,0.002327,0.002213,0.002327,0.002327,0.002289,0.002365,0.002365,0.002365,0.002327,0.002365,0.002441,0.002403,0.002403,0.002327,0.002289,0.002365,0.002365,0.002327,0.002327,0.002365,0.002365,0.002289,0.002289,0.002327,0.002327,0.002327,0.002327,0.002327,0.002289,0.002365,0.002365,0.002327,0.002365,0.002327,0.002403,0.002365,0.002327,0.002365,0.002327,0.002327,0.002327,0.002289,0.002289,0.002251,0.002289,0.002174,0.002098,0.002174,0.002174,0.002098,0.002098,0.002060,0.002022,0.001984,0.002060,0.001945,0.001945,0.001869,0.001945,0.001907,0.001831,0.001869,0.001869,0.001907,0.001869,0.001869,0.001869,0.001755,0.001793,0.001869,0.001831,0.001793,0.001831,0.001831,0.001869,0.001869,0.001907,0.001907,0.001907,0.001907,0.001945,0.001945,0.001945,0.001984,0.002022,0.002060,0.002060,0.002060,0.002098,0.001984,0.002060,0.002060,0.002098,0.002136,0.002136,0.002136,0.002174,0.002136,0.002174,0.002098,0.002098,0.002213,0.002213,0.002174,0.002136,0.002174,0.002098,0.002136,0.002174,0.002136,0.002213,0.002136,0.002136,0.002136,0.002174,0.002174,0.002174,0.002174,0.002136,0.002136,0.002174,0.002174,0.002136,0.002251,0.002174,0.002213,0.002174,0.002251,0.002251,0.002213,0.002289,0.002213,0.002289,0.002251,0.002251,0.002213,0.002213,0.002251,0.002289,0.002251,0.002251,0.002251,0.002289,0.002251,0.002251,0.002251,0.002289,0.002251,0.002289,0.002327,0.002289,0.002289,0.002289,0.002251,0.002289,0.002213,0.002213,0.002174,0.002213,0.002213,0.002174,0.002136,0.002060,0.002098,0.002060,0.002022,0.002022,0.002098,0.002098,0.002136,0.002098,0.002060,0.002022,0.002060,0.002136,0.002136,0.002174,0.002174,0.002136,0.002213,0.002174,0.002174,0.002136,0.002136,0.002251,0.002136,0.002174,0.002136,0.002098,0.002060,0.002136,0.002136,0.002022,0.002022,0.002060,0.002022,0.002022,0.001984,0.001984,0.001984,0.001945,0.001907,0.001907,0.001907,0.001869,0.001945,0.001984,0.001984,0.002022,0.001984,0.002022,0.002098,0.002060,0.002136,0.002060,0.002136,0.002213,0.002136,0.002213,0.002174,0.002213,0.002251,0.002213,0.002213,0.002174,0.002213,0.002174,0.002213,0.002213,0.002136,0.002174,0.002174,0.002136,0.002174,0.002060,0.002060,0.002060,0.002060,0.002060,0.002098,0.002098,0.002022,0.001984,0.002060,0.002098,0.002022,0.002022,0.002060,0.002060,0.002022,0.002098,0.002098,0.002098,0.002098,0.002136,0.002136,0.002098,0.002136,0.002174,0.002136,0.002174,0.002213,0.002213,0.002213,0.002213,0.002289,0.002289,0.002289,0.002289,0.002327,0.002327,0.002289,0.002289,0.002289,0.002327,0.002327,0.002365,0.002365,0.002327,0.002365,0.002365,0.002327,0.002365,0.002365,0.002327,0.002289,0.002251,0.002289,0.002213,0.002174,0.002251,0.002174,0.002136,0.002213,0.002213,0.002098,0.002060,0.002174,0.002136,0.002136,0.002098,0.002060,0.002022,0.002060,0.002098,0.002098,0.002098,0.002098,0.002060,0.002098,0.002060,0.002136,0.002098,0.001984,0.002060,0.002060,0.002060,0.002022,0.002022,0.002022,0.001945,0.002022,0.001984,0.001945,0.001945,0.001984,0.002022,0.001945,0.001907,0.001907,0.001907,0.001907,0.001869,0.001869,0.001869,0.001869,0.001869,0.001831,0.001945,0.001907,0.001907,0.001869,0.001907,0.001984,0.001869,0.001945,0.001945,0.001984,0.002060,0.001945,0.002022,0.002022,0.001945,0.002022,0.001984,0.002022,0.002022,0.002022,0.002022,0.001984,0.002022,0.001984,0.002022,0.002060,0.002022,0.001984,0.001984,0.002060,0.001984,0.001984,0.002022,0.002022,0.001984,0.001984,0.002022,0.002098,0.001984,0.002022,0.002022,0.002022,0.002098,0.002136,0.002174,0.002136,0.002174,0.002174,0.002174,0.002136,0.002174,0.002174,0.002213,0.002213,0.002251,0.002251,0.002251,0.002289,0.002251,0.002251,0.002251,0.002251,0.002289,0.002289,0.002365,0.002365,0.002327,0.002365,0.002365,0.002403,0.002365,0.002365,0.002441,0.002441,0.002441,0.002403,0.002480,0.002403,0.002441,0.002403,0.002441,0.002441,0.002365,0.002480,0.002441,0.002365,0.002365,0.002327,0.002289,0.002289,0.002213,0.002174,0.002136,0.002136,0.002098,0.002022,0.002022,0.001945,0.001984,0.001945,0.001907,0.001869,0.001831,0.001831,0.001793,0.001869,0.001793,0.001755,0.001793,0.001793,0.001831,0.001831,0.001831,0.001869,0.001793,0.001869,0.001869,0.001945,0.001907,0.001907,0.001984,0.001945,0.001984,0.002022,0.002022,0.001984,0.001984,0.001984,0.002060,0.002060,0.002098,0.002098,0.002098,0.002098,0.002136,0.002213,0.002136,0.002213,0.002174,0.002251,0.002289,0.002213,0.002327,0.002289,0.002251,0.002251,0.002327,0.002365,0.002289,0.002327,0.002365,0.002327,0.002365,0.002365,0.002327,0.002365,0.002365,0.002365,0.002365,0.002403,0.002365,0.002327,0.002403,0.002403,0.002403,0.002365,0.002365,0.002441,0.002365,0.002365,0.002327,0.002327,0.002327,0.002289,0.002327,0.002327,0.002365,0.002327,0.002289,0.002327,0.002289,0.002289,0.002251,0.002327,0.002327,0.002213,0.002289,0.002289,0.002174,0.002251,0.002213,0.002213,0.002174,0.002136,0.002213,0.002174,0.002213,0.002136,0.002174,0.002174,0.002136,0.002174,0.002136,0.002098,0.002136,0.002174,0.002136,0.002098,0.002136,0.002098,0.002060,0.002098,0.002060,0.002060,0.002022,0.001984,0.001945,0.001984,0.002022,0.001945,0.001984,0.002022,0.001945,0.001984,0.001984,0.001984,0.001907,0.001869,0.001945,0.001984,0.001984,0.002022,0.002022,0.001984,0.001945,0.002022,0.002022,0.002060,0.002098,0.002022,0.002060,0.002098,0.002098,0.002060,0.002098,0.002060,0.002060,0.002098,0.002136,0.002098,0.002098,0.002098,0.002098,0.002098,0.002098,0.002174,0.002136,0.002136,0.002174,0.002174,0.002213,0.002136,0.002289,0.002251,0.002251,0.002251,0.002289,0.002289,0.002289,0.002289,0.002289,0.002289,0.002365,0.002289,0.002327,0.002289,0.002327,0.002365,0.002289,0.002327,0.002365,0.002327,0.002289,0.002213,0.002251,0.002289,0.002289,0.002251,0.002289,0.002289,0.002251,0.002251,0.002213,0.002213,0.002289,0.002213,0.002213,0.002213,0.002174,0.002136,0.002136,0.002098,0.002136,0.002174,0.002174,0.002098,0.002098,0.002136,0.002136,0.002136,0.002060,0.002136,0.002174,0.002174,0.002098,0.002174,0.002136,0.002136,0.002098,0.002136,0.002136,0.002136,0.002098,0.002136,0.002060,0.002098,0.002060,0.002022,0.002060,0.002098,0.002098,0.002022,0.001945,0.001945,0.001945,0.001945,0.001984,0.001869,0.001984,0.001945,0.001907,0.001907,0.001869,0.001945,0.001907,0.001907,0.001907,0.001869,0.001831,0.001793,0.001907,0.001907,0.001869,0.001907,0.001907,0.001945,0.001907,0.001907,0.001945,0.001984,0.001984,0.001984,0.002022,0.002060,0.002022,0.002060,0.002022,0.002060,0.002060,0.002060,0.002098,0.002060,0.002136,0.002098,0.002098,0.002213,0.002136,0.002174,0.002213,0.002213,0.002251,0.002251,0.002289,0.002251,0.002251,0.002289,0.002251,0.002289,0.002251,0.002327,0.002365,0.002365,0.002327,0.002327,0.002327,0.002327,0.002327,0.002365,0.002289,0.002327,0.002289,0.002289,0.002327,0.002251,0.002251,0.002251,0.002213,0.002213,0.002213,0.002251,0.002136,0.002174,0.002213,0.002213,0.002213,0.002174,0.002174,0.002213,0.002174,0.002251,0.002251,0.002136,0.002174,0.002174,0.002174,0.002213,0.002174,0.002174,0.002174,0.002213,0.002174,0.002174,0.002174,0.002136,0.002136,0.002136,0.002251,0.002174,0.002174,0.002136,0.002174,0.002174,0.002174,0.002174,0.002213,0.002213,0.002213,0.002213,0.002174,0.002174,0.002251,0.002213,0.002213,0.002213,0.002213,0.002251,0.002213,0.002213,0.002251,0.002213,0.002251,0.002213,0.002213,0.002213,0.002213,0.002174,0.002251,0.002174,0.002251,0.002213,0.002213,0.002213,0.002174,0.002174,0.002174,0.002213,0.002213,0.002174,0.002213,0.002213,0.002213,0.002174,0.002213,0.002251,0.002174,0.002136,0.002136,0.002213,0.002251,0.002213,0.002289,0.002251,0.002213,0.002213,0.002213,0.002289,0.002213,0.002289,0.002213,0.002251,0.002213,0.002213,0.002289,0.002213,0.002213,0.002213,0.002213,0.002213,0.002213,0.002213,0.002174,0.002174,0.002213,0.002174,0.002136,0.002098,0.002136,0.002060,0.002060,0.002060,0.002022,0.002022,0.002022,0.002022,0.001984,0.001907,0.001945,0.001907,0.001869,0.001869,0.001907,0.001869,0.001831,0.001869,0.001831,0.001869,0.001907,0.001869,0.001869,0.001907,0.001869,0.001907,0.001907,0.001907,0.001907,0.001907,0.001984,0.001945,0.002022,0.001984,0.001984,0.002060,0.002022,0.002098,0.002098,0.002098,0.002136,0.002174,0.002251,0.002251,0.002213,0.002251,0.002251,0.002327,0.002289,0.002289,0.002289,0.002251,0.002327,0.002327,0.002327,0.002289,0.002251,0.002289,0.002251,0.002251,0.002251,0.002213,0.002213,0.002136,0.002136,0.002136,0.002136,0.002174,0.002098,0.002174,0.002174,0.002174,0.002174,0.002174,0.002251,0.002174,0.002251,0.002213,0.002251,0.002289,0.002289,0.002289,0.002213,0.002289,0.002289,0.002213,0.002251,0.002251,0.002251,0.002327,0.002251,0.002289,0.002213,0.002174,0.002213,0.002174,0.002174,0.002136,0.002060,0.002060,0.001945,0.001984,0.001907,0.001907,0.001869,0.001793,0.001793,0.001793,0.001755,0.001793,0.001755,0.001755,0.001793,0.001717,0.001717,0.001831,0.001831,0.001831,0.001831,0.001869,0.001907,0.001945,0.001984,0.002022,0.002022,0.002022,0.001984,0.001984,0.002060,0.002060,0.002022,0.002022,0.002098,0.002098,0.002098,0.002098,0.002098,0.002098,0.002098,0.002022,0.002060,0.002098,0.002098,0.002060,0.002022,0.002098,0.002022,0.002060,0.002136,0.002136,0.002098,0.002098,0.002136,0.002136,0.002174,0.002174,0.002213,0.002251,0.002251,0.002213,0.002213,0.002251,0.002327,0.002327,0.002327,0.002327,0.002327,0.002365,0.002365,0.002327,0.002327,0.002365,0.002251,0.002251,0.002327,0.002289,0.002251,0.002251,0.002251,0.002289,0.002289,0.002213,0.002174,0.002213,0.002251,0.002174,0.002174,0.002136,0.002174,0.002174,0.002136,0.002213,0.002174,0.002136,0.002174,0.002174,0.002213,0.002213,0.002136,0.002174,0.002174,0.002136,0.002136,0.002098,0.002174,0.002098,0.002136,0.002098,0.002022,0.002098,0.002060,0.002098,0.002060,0.002060,0.002060,0.002060,0.002098,0.002022,0.002022,0.002022,0.002098,0.002060,0.002022,0.002022,0.002060,0.002022,0.002022,0.002060,0.002098,0.002098,0.002060,0.002060,0.002060,0.002136,0.002060,0.002136,0.002098,0.002098,0.002098,0.002098,0.002136,0.002098,0.002136,0.002136,0.002098,0.002213,0.002136,0.002136,0.002098,0.002136,0.002213,0.002213,0.002136,0.002098,0.002136,0.002174,0.002213,0.002213,0.002213,0.002174,0.002213,0.002174,0.002213,0.002213,0.002174,0.002136,0.002136,0.002213,0.002098,0.002136,0.002136,0.002098,0.002174,0.002136,0.002098,0.002136,0.002098,0.002060,0.002060,0.002098,0.002060,0.002022,0.002060,0.002022,0.001984,0.001984,0.001945,0.001984,0.001984,0.002022,0.001945,0.001984,0.002022,0.002022,0.002022,0.002022,0.002022,0.001984,0.002022,0.002060,0.002022,0.002060,0.001984,0.001984,0.002060,0.002060,0.002060,0.001984,0.001984,0.001984,0.001945,0.002022,0.001984,0.002060,0.002060,0.002098,0.002098,0.002060,0.002098,0.002098,0.002136,0.002174,0.002098,0.002136,0.002136,0.002098,0.002174,0.002136,0.002174,0.002174,0.002136,0.002136,0.002098,0.002136,0.002098,0.002136,0.002174,0.002174,0.002136,0.002136,0.002136,0.002098,0.002098,0.002136,0.002098,0.002060,0.002098,0.002022,0.002098,0.002060,0.001984,0.002022,0.002060,0.002022,0.002060,0.002060,0.002022,0.002098,0.002060,0.002060,0.002136,0.002136,0.002174,0.002213,0.002136,0.002213,0.002174,0.002251,0.002213,0.002251,0.002289,0.002251,0.002327,0.002213,0.002289,0.002289,0.002289,0.002289,0.002251,0.002289,0.002289,0.002213,0.002251,0.002251,0.002289,0.002213,0.002213,0.002251,0.002136,0.002213,0.002136,0.002213,0.002213,0.002136,0.002213,0.002174,0.002174,0.002174,0.002136,0.002174,0.002136,0.002136,0.002136,0.002098,0.002136,0.002060,0.002060,0.002136,0.002060,0.002060,0.002022,0.002060,0.002098,0.002098,0.002098,0.002060,0.002098,0.002022,0.002022,0.002022,0.001945,0.002022,0.001984,0.002098,0.002022,0.002022,0.002022,0.002022,0.002060,0.001984,0.002022,0.001984,0.001984,0.001984,0.002022,0.002060,0.001984,0.001984,0.001984,0.001984,0.002022,0.001984,0.002060,0.002022,0.001984,0.002022,0.002022,0.001984,0.002022,0.001945,0.001945,0.002022,0.002022,0.001984,0.002060,0.002098,0.002060,0.002098,0.002098,0.002098,0.002098,0.002098,0.002174,0.002174,0.002136,0.002174,0.002174,0.002213,0.002213,0.002213,0.002213,0.002174,0.002289,0.002251,0.002251,0.002213,0.002174,0.002327,0.002289,0.002289,0.002327,0.002327,0.002327,0.002289,0.002289,0.002327,0.002327,0.002365,0.002327,0.002365,0.002365,0.002327,0.002327,0.002289,0.002289,0.002327,0.002289,0.002289,0.002289,0.002251,0.002174,0.002174,0.002251,0.002213,0.002213,0.002174,0.002213,0.002213,0.002213,0.002174,0.002213,0.002213,0.002174,0.002174,0.002213,0.002174,0.002251,0.002213,0.002174,0.002174,0.002213,0.002251,0.002136,0.002213,0.002213,0.002213,0.002213,0.002136,0.002213,0.002213,0.002174,0.002213,0.002174,0.002213,0.002174,0.002213,0.002289,0.002213,0.002213,0.002174,0.002136,0.002136,0.002136,0.002136,0.002098,0.002060,0.002022,0.002060,0.002022,0.002022,0.001984,0.001945,0.001945,0.001945,0.001945,0.001945,0.001984,0.001984,0.002060,0.001984,0.002022,0.002022,0.002060,0.002060,0.002136,0.002136,0.002213,0.002365,0.002365,0.002289,0.002365,0.002403,0.002403,0.002441,0.002480,0.002441,0.002365,0.002441,0.002403,0.002403,0.002365,0.002327,0.002251,0.002327,0.002213,0.002174,0.002174,0.002098,0.002022,0.002022,0.001984,0.001984,0.001945,0.001907,0.001984,0.001907,0.001984,0.001984,0.001984,0.002022,0.002098,0.002136,0.002098,0.002136,0.002174,0.002136,0.002213,0.002213,0.002213,0.002213,0.002251,0.002251,0.002213,0.002289,0.002327,0.002213,0.002251,0.002251,0.002289,0.002251,0.002174,0.002251,0.002251,0.002213,0.002251,0.002251,0.002251,0.002174,0.002289,0.002174,0.002213,0.002251,0.002251,0.002251,0.002251,0.002289,0.002251,0.002251,0.002289,0.002289,0.002289,0.002289,0.002289,0.002289,0.002251,0.002327,0.002327,0.002289,0.002289,0.002251,0.002289,0.002327,0.002327,0.002251,0.002213,0.002251,0.002213,0.002251,0.002251,0.002251,0.002251,0.002174,0.002251,0.002174,0.002213,0.002213,0.002174,0.002174,0.002174,0.002174,0.002174,0.002136,0.002174,0.002174,0.002213,0.002213,0.002174,0.002174,0.002136,0.002136,0.002174,0.002174,0.002098,0.002098,0.002098,0.002060,0.002060,0.002098,0.002022,0.002060,0.002022,0.002022,0.002060,0.002022,0.002022,0.002022,0.002098,0.002060,0.002098,0.002136,0.002060,0.002098,0.002136,0.002098,0.002098,0.002136,0.002174,0.002174,0.002174,0.002174,0.002174,0.002174,0.002174,0.002213,0.002174,0.002174,0.002174,0.002136,0.002174,0.002136,0.002098,0.002174,0.002136,0.002136,0.002136,0.002098,0.002098,0.002136,0.002136,0.002098,0.002098,0.002136,0.002174,0.002174,0.002136,0.002136,0.002174,0.002136,0.002098,0.002136,0.002174,0.002098,0.002022,0.002136,0.002174,0.002174,0.002136,0.002136,0.002174,0.002136,0.002098,0.002213,0.002174,0.002174,0.002174,0.002098,0.002098,0.002136,0.002174,0.002136,0.002174,0.002174,0.002213,0.002174,0.002213,0.002289,0.002213,0.002213,0.002213,0.002251,0.002213,0.002213,0.002213,0.002174,0.002213,0.002213,0.002174,0.002174,0.002136,0.002174,0.002213,0.002174,0.002174,0.002136,0.002174,0.002213,0.002213,0.002174,0.002136,0.002136,0.002136,0.002213,0.002213,0.002136,0.002136,0.002098,0.002136,0.002022,0.002098,0.002098,0.002136,0.002098,0.002060,0.002060,0.002060,0.002060,0.002022,0.002022,0.002060,0.002060,0.002060,0.001984,0.001945,0.002060,0.002060,0.002060,0.002098,0.002098,0.002098,0.002060,0.002060,0.002098,0.002098,0.002060,0.002136,0.002136,0.002136,0.002098,0.002136,0.002136,0.002136,0.002136,0.002136,0.002174,0.002136,0.002174,0.002098,0.002136,0.002213,0.002136,0.002251,0.002174,0.002213,0.002213,0.002213,0.002213,0.002213,0.002251,0.002251,0.002251,0.002289,0.002251,0.002251,0.002289,0.002289,0.002289,0.002289,0.002289,0.002251,0.002289,0.002289,0.002251,0.002213,0.002213,0.002251,0.002213,0.002213,0.002213,0.002213,0.002174,0.002098,0.002060,0.002174,0.002136,0.002060,0.002098,0.002098,0.002098,0.002098,0.002136,0.002098,0.002098,0.002098,0.002060,0.002060,0.002022,0.002060,0.002098,0.002098,0.002060,0.002022,0.001984,0.002022,0.002022,0.002022,0.002022,0.002022,0.001984,0.001984,0.001984,0.002022,0.001984,0.001907,0.001984,0.001984,0.002022,0.001984,0.001945,0.002060,0.002022,0.002022,0.001984,0.002022,0.002060,0.002022,0.002022,0.002060,0.002022,0.002098,0.002060,0.002098,0.002060,0.002136,0.002174,0.002098,0.002136,0.002174,0.002213,0.002251,0.002213,0.002251,0.002251,0.002251,0.002327,0.002213,0.002251,0.002213,0.002251,0.002213,0.002213,0.002251,0.002251,0.002213,0.002174,0.002174,0.002213,0.002174,0.002213,0.002136,0.002136,0.002136,0.002060,0.002060,0.002060,0.002060,0.002022,0.001984,0.001945,0.001945,0.001984,0.001907,0.001831,0.001869,0.001869,0.001831,0.001793,0.001831,0.001831,0.001755,0.001831,0.001793,0.001831,0.001831,0.001907,0.001907,0.001869,0.001945,0.001945,0.002022,0.002098,0.002060,0.002098,0.002060,0.002136,0.002174,0.002213,0.002251,0.002213,0.002251,0.002251,0.002251,0.002327,0.002289,0.002213,0.002174,0.002251,0.002213,0.002251,0.002213,0.002213,0.002213,0.002213,0.002174,0.002251,0.002251,0.002251,0.002251,0.002251,0.002251,0.002251,0.002251,0.002213,0.002251,0.002289,0.002251,0.002327,0.002327,0.002327,0.002289,0.002251,0.002289,0.002289,0.002327,0.002289,0.002289,0.002289,0.002251,0.002251,0.002251,0.002174,0.002251,0.002251,0.002213,0.002136,0.002136,0.002174,0.002174,0.002174,0.002174,0.002136,0.002136,0.002098,0.002136,0.002060,0.002060,0.002098,0.002060,0.002060,0.002098,0.002136,0.002098,0.002098,0.002060,0.002060,0.002098,0.002098,0.002098,0.002022,0.001984,0.002022,0.001945,0.002022,0.002022,0.002022,0.002060,0.002060,0.002136,0.002060,0.002098,0.002098,0.002136,0.002213,0.002213,0.002174,0.002136,0.002174,0.002174,0.002098,0.002098,0.002060,0.002022,0.002022,0.001945,0.001907,0.001907,0.001945,0.001869,0.001869,0.001907,0.001793,0.001869,0.001869,0.001831,0.001831,0.001831,0.001907,0.001945,0.001945,0.001907,0.001984,0.001945,0.001984,0.001945,0.001945,0.001984,0.001984,0.001869,0.001907,0.001869,0.001831,0.001907,0.001869,0.001869,0.001869,0.001869,0.001945,0.001907,0.001907,0.001945,0.001945,0.001907,0.001945,0.002022,0.002060,0.002060,0.002022,0.002060,0.002060,0.002022,0.002060,0.002060,0.002022,0.002060,0.002022,0.002060,0.002060,0.002060,0.002098,0.002060,0.002098,0.002060,0.002136,0.002174,0.002098,0.002213,0.002174,0.002136,0.002213,0.002251,0.002327,0.002327,0.002403,0.002327,0.002289,0.002365,0.002403,0.002403,0.002441,0.002403,0.002403,0.002403,0.002403,0.002365,0.002365,0.002365,0.002327,0.002251,0.002251,0.002251,0.002136,0.002136,0.002136,0.002098,0.002060,0.002022,0.002060,0.001984,0.002022,0.002022,0.002022,0.001984,0.002022,0.002022,0.002060,0.002060,0.002136,0.002060,0.002136,0.002098,0.002136,0.002174,0.002136,0.002213,0.002213,0.002251,0.002251,0.002289,0.002251,0.002213,0.002213,0.002213,0.002213,0.002251,0.002289,0.002251,0.002213,0.002213,0.002213,0.002213,0.002213,0.002251,0.002174,0.002174,0.002174,0.002174,0.002174,0.002213,0.002213,0.002136,0.002174,0.002136,0.002174,0.002174,0.002174,0.002213,0.002136,0.002098,0.002136,0.002213,0.002251,0.002174,0.002213,0.002251,0.002213,0.002174,0.002213,0.002213,0.002251,0.002251,0.002213,0.002136,0.002174,0.002174,0.002174,0.002174,0.002098,0.002213,0.002098,0.002174,0.002174,0.002136,0.002098,0.002098,0.002136,0.002136,0.002098,0.002098,0.002136,0.002136,0.002174,0.002213,0.002136,0.002174,0.002174,0.002174,0.002213,0.002174,0.002136,0.002174,0.002174,0.002174,0.002098,0.002174,0.002136,0.002060,0.002136,0.002136,0.002136,0.002136,0.002136,0.002136,0.002136,0.002136,0.002098,0.002136,0.002136,0.002174,0.002136,0.002174,0.002174,0.002136,0.002136,0.002174,0.002136,0.002251,0.002213,0.002136,0.002213,0.002251,0.002213,0.002174,0.002136,0.002174,0.002136,0.002213,0.002136,0.002136,0.002136,0.002174,0.002213,0.002213,0.002213,0.002174,0.002136,0.002136,0.002136,0.002136,0.002136,0.002174,0.002174,0.002213,0.002174,0.002136,0.002136,0.002098,0.002136,0.002136,0.002136,0.002174,0.002136,0.002098,0.002098,0.002098,0.002098,0.002060,0.002098,0.002098,0.002098,0.002136,0.002060,0.002060,0.002098,0.002060,0.001984,0.002022,0.002060,0.002022,0.002022,0.002022,0.001984,0.002060,0.001984,0.001945,0.002022,0.001984,0.002022,0.001945,0.002022,0.002022,0.002060,0.002060,0.002022,0.002098,0.002022,0.002060,0.002060,0.002098,0.002174,0.002136,0.002174,0.002174,0.002174,0.002213,0.002213,0.002289,0.002213,0.002174,0.002213,0.002213,0.002289,0.002251,0.002251,0.002251,0.002289,0.002327,0.002251,0.002327,0.002327,0.002289,0.002289,0.002327,0.002327,0.002365,0.002327,0.002327,0.002289,0.002289,0.002289,0.002251,0.002251,0.002289,0.002289,0.002251,0.002174,0.002136,0.002174,0.002174,0.002098,0.002136,0.002136,0.002174,0.002174,0.002213,0.002136,0.002174,0.002213,0.002174,0.002174,0.002174,0.002174,0.002213,0.002213,0.002251,0.002289,0.002213,0.002289,0.002289,0.002251,0.002289,0.002289,0.002213,0.002251,0.002327,0.002289,0.002327,0.002289,0.002289,0.002289,0.002289,0.002327,0.002327,0.002327,0.002327,0.002289,0.002289,0.002251,0.002251,0.002251,0.002213,0.002251,0.002213,0.002174,0.002174,0.002136,0.002098,0.002060,0.002060,0.002060,0.001984,0.002060,0.001984,0.001984,0.001945,0.001984,0.001945,0.001869,0.001945,0.001907,0.001907,0.001869,0.001869,0.001907,0.001831,0.001869,0.001907,0.001945,0.001907,0.001907,0.001984,0.001984,0.002022,0.002022,0.002060,0.002136,0.002098,0.002136,0.002213,0.002136,0.002251,0.002289,0.002365,0.002289,0.002327,0.002365,0.002327,0.002403,0.002403,0.002327,0.002403,0.002365,0.002365,0.002327,0.002327,0.002289,0.002289,0.002289,0.002289,0.002289,0.002251,0.002289,0.002213,0.002213,0.002213,0.002213,0.002174,0.002251,0.002136,0.002174,0.002136,0.002174,0.002136,0.002136,0.002136,0.002098,0.002213,0.002174,0.002174,0.002251,0.002251,0.002251,0.002174,0.002251,0.002327,0.002327,0.002327,0.002213,0.002251,0.002251,0.002251,0.002289,0.002251,0.002289,0.002289,0.002289,0.002251,0.002327,0.002327,0.002251,0.002289,0.002251,0.002289,0.002289,0.002289,0.002327,0.002289,0.002289,0.002213,0.002213,0.002174,0.002251,0.002213,0.002174,0.002213,0.002213,0.002174,0.002251,0.002174,0.002213,0.002289,0.002213,0.002289,0.002251,0.002289,0.002289,0.002213,0.002251,0.002213,0.002251,0.002213,0.002251,0.002251,0.002213,0.002251,0.002213,0.002251,0.002213,0.002136,0.002136,0.002098,0.002098,0.002098,0.002136,0.002098,0.002060,0.002060,0.001984,0.002060,0.002098,0.002022,0.002060,0.002022,0.002022,0.002022,0.002022,0.002060,0.002022,0.002022,0.002022,0.002060,0.002060,0.001945,0.002022,0.002022,0.002022,0.002022,0.001984,0.002022,0.001984,0.001984,0.002022,0.002060,0.002098,0.002060,0.002022,0.002060,0.002098,0.002060,0.002060,0.002098,0.002060,0.002022,0.002060,0.002022,0.001984,0.001945,0.002022,0.002098,0.001984,0.001984,0.002060,0.002022,0.001984,0.002022,0.001984,0.001945,0.002060,0.001984,0.002022,0.001984,0.002022,0.002098,0.002060,0.002060,0.002060,0.002098,0.002098,0.002060,0.002098,0.002060,0.002098,0.002060,0.002098,0.002136,0.002136,0.002174,0.002174,0.002136,0.002136,0.002136,0.002174,0.002136,0.002060,0.002136,0.002098,0.002174,0.002136,0.002174,0.002136,0.002136,0.002136,0.002098,0.002136,0.002060,0.002060,0.002098,0.002060,0.002098,0.001984,0.002060,0.002060,0.002060,0.002060,0.002022,0.002098,0.002060,0.002022,0.002098,0.001984,0.002022,0.002022,0.002098,0.002060,0.002022,0.002022,0.001984,0.001984,0.002022,0.002060,0.002022,0.002022,0.002022,0.001984,0.002022,0.002022,0.002060,0.002060,0.002060,0.002136,0.002098,0.002060,0.002098,0.002060,0.002098,0.002098,0.002098,0.002174,0.002136,0.002136,0.002098,0.002174,0.002098,0.002098,0.002098,0.002174,0.002136,0.002098,0.002098,0.002136,0.002060,0.002060,0.002060,0.002174,0.002174,0.002098,0.002136,0.002098,0.002136,0.002136,0.002098,0.002098,0.002098,0.002136,0.002098,0.002060,0.002136,0.002136,0.002098,0.002060,0.002098,0.002098,0.002098,0.002098,0.002136,0.002136,0.002136,0.002136,0.002098,0.002136,0.002136,0.002136,0.002174,0.002174,0.002136,0.002174,0.002098,0.002136,0.002136,0.002174,0.002213,0.002174,0.002213,0.002213,0.002174,0.002174,0.002251,0.002289,0.002213,0.002289,0.002213,0.002289,0.002289,0.002251,0.002289,0.002251,0.002251,0.002289,0.002289,0.002327,0.002289,0.002327,0.002327,0.002327,0.002365,0.002289,0.002289,0.002251,0.002251,0.002289,0.002251,0.002251,0.002174,0.002251,0.002098,0.002174,0.002174,0.002098,0.002098,0.002136,0.002098,0.002174,0.002060,0.002060,0.002022,0.002060,0.002098,0.002060,0.002098,0.002022,0.002060,0.002022,0.002022,0.002022,0.002060,0.002060,0.001984,0.002022,0.002060,0.002022,0.002098,0.002022,0.002060,0.001984,0.001984,0.002022,0.002022,0.002060,0.002022,0.002022,0.001984,0.001984,0.001984,0.002022,0.002060,0.002022,0.002022,0.002060,0.001984,0.002022,0.002060,0.002022,0.002060,0.002060,0.002022,0.002060,0.002022,0.002060,0.002060,0.002022,0.002022,0.002098,0.002098,0.002060,0.002098,0.002060,0.002098,0.002098,0.002098,0.002060,0.002136,0.002136,0.002060,0.002098,0.002098,0.002136,0.002098,0.002060,0.002136,0.002136,0.002136,0.002098,0.002174,0.002213,0.002136,0.002174,0.002174,0.002251,0.002213,0.002213,0.002251,0.002213,0.002251,0.002289,0.002251,0.002251,0.002251,0.002289,0.002213,0.002251,0.002289,0.002251,0.002213,0.002213,0.002213,0.002174,0.002136,0.002098,0.002060,0.002098,0.002098,0.002022,0.002060,0.001945,0.001907,0.001945,0.001984,0.001984,0.001869,0.001869,0.001869,0.001869,0.001869,0.001831,0.001793,0.001869,0.001869,0.001869,0.001869,0.001869,0.001984,0.001945,0.001984,0.001984,0.001984,0.002022,0.002060,0.001984,0.002060,0.002022,0.001984,0.002022,0.002022,0.002022,0.001945,0.001984,0.001984,0.001945,0.001984,0.001907,0.001984,0.001984,0.001984,0.001945,0.001869,0.001907,0.001869,0.001869,0.001907,0.001869,0.001869,0.001869,0.001907,0.001869,0.001869,0.001945,0.001869,0.001907,0.001945,0.001984,0.002022,0.001945,0.002022,0.001984,0.002060,0.002060,0.002060,0.002060,0.002098,0.002174,0.002136,0.002174,0.002174,0.002213,0.002213,0.002251,0.002289,0.002327,0.002289,0.002327,0.002327,0.002365,0.002327,0.002365,0.002403,0.002403,0.002441,0.002403,0.002480,0.002480,0.002518,0.002480,0.002518,0.002518,0.002480,0.002480,0.002556,0.002518,0.002632,0.002556,0.002556,0.002556,0.002556,0.002632,0.002518,0.002594,0.002518,0.002518,0.002518,0.002518,0.002518,0.002518,0.002518,0.002518,0.002441,0.002480,0.002518,0.002441,0.002441,0.002441,0.002403,0.002403,0.002403,0.002327,0.002289,0.002251,0.002251,0.002251,0.002213,0.002174,0.002213,0.002174,0.002213,0.002174,0.002213,0.002136,0.002174,0.002174,0.002098,0.002213,0.002174,0.002213,0.002136,0.002174,0.002174,0.002098,0.002174,0.002174,0.002136,0.002136,0.002098,0.002098,0.002098,0.002174,0.002098,0.002098,0.002098,0.002098,0.002136,0.002098,0.002060,0.002060,0.001984,0.001984,0.002060,0.001984,0.002022,0.001945,0.001984,0.001984,0.001984,0.001945,0.001945,0.001907,0.001984,0.001984,0.001869,0.001907,0.001945,0.001907,0.001907,0.001945,0.001945,0.001945,0.001907,0.001984,0.001945,0.001907,0.001945,0.001907,0.001984,0.001984,0.001984,0.002060,0.002022,0.001984,0.001984,0.002022,0.002022,0.002060,0.002022,0.002098,0.002098,0.002098,0.002098,0.002098,0.002136,0.002060,0.002098,0.002060,0.002098,0.002098,0.002060,0.002136,0.002098,0.002060,0.002060,0.002060,0.002098,0.002060,0.002098,0.002060,0.002174,0.002136,0.002060,0.002098,0.002098,0.002136,0.002174,0.002136,0.002174,0.002136,0.002174,0.002136,0.002174,0.002174,0.002174,0.002174,0.002174,0.002136,0.002174,0.002136,0.002136,0.002136,0.002213,0.002213,0.002251,0.002251,0.002213,0.002213,0.002174,0.002213,0.002174,0.002213,0.002213,0.002213,0.002213,0.002213,0.002213,0.002213,0.002213,0.002174,0.002174,0.002174,0.002174,0.002213,0.002213,0.002213,0.002213,0.002213,0.002251,0.002289,0.002289,0.002251,0.002213,0.002251,0.002327,0.002251,0.002289,0.002289,0.002289,0.002251,0.002327,0.002251,0.002289,0.002327,0.002289,0.002213,0.002251,0.002289,0.002251,0.002213,0.002251,0.002251,0.002251,0.002213,0.002174,0.002251,0.002213,0.002174,0.002251,0.002174,0.002136,0.002174,0.002213,0.002251,0.002213,0.002213,0.002174,0.002251,0.002213,0.002174,0.002251,0.002289,0.002251,0.002213,0.002213,0.002251,0.002251,0.002251,0.002213,0.002289,0.002213,0.002213,0.002213,0.002251,0.002289,0.002213,0.002213,0.002251,0.002251,0.002174,0.002174,0.002251,0.002213,0.002213,0.002213,0.002174,0.002251,0.002213,0.002251,0.002251,0.002213,0.002251,0.002213,0.002213,0.002213,0.002213,0.002174,0.002174,0.002213,0.002213,0.002213,0.002174,0.002213,0.002289,0.002213,0.002251,0.002174,0.002174,0.002174,0.002213,0.002213,0.002136,0.002174,0.002174,0.002174,0.002136,0.002136,0.002136,0.002174,0.002174,0.002136,0.002136,0.002136,0.002136,0.002136,0.002098,0.002136,0.002174,0.002098,0.002060,0.002098,0.002060,0.002098,0.002060,0.002060,0.002060,0.002098,0.002098,0.002098,0.002136,0.002098,0.002213,0.002174,0.002098,0.002136,0.002213,0.002174,0.002136,0.002174,0.002136,0.002251,0.002213,0.002213,0.002251,0.002251,0.002289,0.002251,0.002289,0.002289,0.002251,0.002327,0.002289,0.002251,0.002289,0.002289,0.002365,0.002289,0.002289,0.002251,0.002251,0.002289,0.002251,0.002289,0.002327,0.002327,0.002251,0.002251,0.002251,0.002251,0.002251,0.002251,0.002251,0.002251,0.002251,0.002251,0.002213,0.002213,0.002251,0.002213,0.002174,0.002136,0.002136,0.002213,0.002098,0.002098,0.002022,0.002098,0.002098,0.002022,0.002022,0.002022,0.001984,0.002022,0.002060,0.002060,0.001984,0.001984,0.001984,0.001945,0.001945,0.002022,0.001984,0.001907,0.001945,0.002022,0.001945,0.001984,0.002022,0.001945,0.002022,0.001984,0.001984,0.002098,0.002060,0.002022,0.002060,0.002098,0.002136,0.002098,0.002060,0.002136,0.002174,0.002174,0.002136,0.002174,0.002136,0.002174,0.002251,0.002213,0.002251,0.002251,0.002251,0.002213,0.002213,0.002213,0.002174,0.002174,0.002174,0.002213,0.002251,0.002213,0.002136,0.002136,0.002136,0.002136,0.002174,0.002136,0.002174,0.002174,0.002136,0.002060,0.002022,0.002098,0.002060,0.002136,0.002174,0.002136,0.002136,0.002136,0.002136,0.002136,0.002098,0.002098,0.002136,0.002136,0.002098,0.002136,0.002136,0.002136,0.002174,0.002136,0.002136,0.002213,0.002022,0.002136,0.002098,0.002136,0.002136,0.002136,0.002136,0.002060,0.002022,0.002022,0.002060,0.002060,0.001984,0.002022,0.002022,0.002022,0.002022,0.002022,0.002022,0.001984,0.002060,0.002060,0.002022,0.002136,0.002098,0.002060,0.002136,0.002098,0.002174,0.002136,0.002174,0.002174,0.002136,0.002213,0.002174,0.002213,0.002213,0.002289,0.002251,0.002251,0.002213,0.002213,0.002213,0.002174,0.002213,0.002213,0.002174,0.002213,0.002136,0.002136,0.002136,0.002174,0.002174,0.002174,0.002174,0.002098,0.002213,0.002213,0.002213,0.002174,0.002174,0.002251,0.002213,0.002251,0.002251,0.002289,0.002251,0.002213,0.002251,0.002213,0.002213,0.002251,0.002213,0.002174,0.002213,0.002213,0.002251,0.002174,0.002213,0.002174,0.002174,0.002174,0.002136,0.002136,0.002098,0.002136,0.002098,0.002136,0.002136,0.002136,0.002174,0.002098,0.002136,0.002098,0.002098,0.002136,0.002098,0.002098,0.002060,0.002098,0.002060,0.002060,0.002060,0.002060,0.002060,0.002060,0.002060,0.002060,0.002022,0.002060,0.002060,0.001984,0.002098,0.001945,0.002022,0.002022,0.002098,0.002060,0.002060,0.002060,0.002022,0.002022,0.002060,0.002098,0.002060,0.002060,0.002060,0.002060,0.002060,0.002098,0.002060,0.002136,0.002098,0.002136,0.002060,0.002098,0.002174,0.002098,0.002060,0.002060,0.002098,0.002174,0.002136,0.002098,0.002098,0.002098,0.002136,0.002174,0.002098,0.002136,0.002174,0.002136,0.002098,0.002098,0.002136,0.002174,0.002174,0.002136,0.002098,0.002098,0.002136,0.002136,0.002136,0.002136,0.002174,0.002098,0.002098,0.002136,0.002174,0.002136,0.002174,0.002136,0.002136,0.002174,0.002136,0.002174,0.002136,0.002136,0.002174,0.002136,0.002136,0.002060,0.002060,0.002098,0.002098,0.002060,0.002060,0.002060,0.002060,0.002022,0.002022,0.001984,0.002022,0.001984,0.001945,0.001984,0.001984,0.001945,0.001907,0.001945,0.001945,0.001945,0.001984,0.001869,0.001907,0.001907,0.001945,0.001907,0.001907,0.001907,0.001869,0.001907,0.001984,0.001984,0.001984,0.001984,0.002022,0.002060,0.002022,0.002060,0.002098,0.002098,0.002098,0.002136,0.002174,0.002174,0.002136,0.002213,0.002174,0.002213,0.002213,0.002136,0.002136,0.002174,0.002174,0.002174,0.002136,0.002136,0.002174,0.002174,0.002174,0.002098,0.002136,0.002174,0.002136,0.002174,0.002136,0.002174,0.002136,0.002136,0.002136,0.002098,0.002136,0.002136,0.002136,0.002174,0.002098,0.002098,0.002136,0.002136,0.002136,0.002098,0.002136,0.002136,0.002174,0.002136,0.002213,0.002213,0.002136,0.002136,0.002174,0.002213,0.002136,0.002213,0.002251,0.002174,0.002213,0.002174,0.002213,0.002213,0.002251,0.002213,0.002213,0.002251,0.002213,0.002213,0.002174,0.002251,0.002213,0.002136,0.002213,0.002174,0.002174,0.002174,0.002174,0.002213,0.002213,0.002213,0.002136,0.002174,0.002136,0.002174,0.002213,0.002136,0.002098,0.002136,0.002136,0.002136,0.002098,0.002136,0.002098,0.002098,0.002098,0.002060,0.002060,0.002098,0.002060,0.002060,0.002060,0.002022,0.002022,0.002060,0.001984,0.002022,0.002060,0.002060,0.002022,0.002060,0.002060,0.002022,0.002022,0.002060,0.002022,0.002022,0.002060,0.002060,0.002060,0.002098,0.002136,0.002060,0.002174,0.002022,0.002022,0.002098,0.002098,0.002136,0.002060,0.002060,0.002022,0.002060,0.002022,0.002022,0.002098,0.002060,0.002098,0.002098,0.002060,0.002098,0.002098,0.002136,0.002098,0.002136,0.002136,0.002098,0.002098,0.002098,0.002098,0.002060,0.002060,0.002098,0.002136,0.002098,0.002060,0.002136,0.002136,0.002098,0.002136,0.002098,0.002136,0.002136,0.002136,0.002060,0.002060,0.002098,0.002060,0.002136,0.002098,0.002136,0.002136,0.002098,0.002136,0.002136,0.002174,0.002136,0.002174,0.002174,0.002136,0.002174,0.002213,0.002174,0.002251,0.002213,0.002251,0.002213,0.002289,0.002251,0.002289,0.002289,0.002289,0.002327,0.002327,0.002327,0.002327,0.002365,0.002327,0.002365,0.002251,0.002289,0.002327,0.002403,0.002365,0.002403,0.002327,0.002365,0.002327,0.002327,0.002365,0.002289,0.002365,0.002327,0.002327,0.002289,0.002251,0.002327,0.002289,0.002213,0.002213,0.002251,0.002251,0.002213,0.002174,0.002136,0.002213,0.002213,0.002174,0.002136,0.002136,0.002136,0.002098,0.002136,0.002098,0.002022,0.002060,0.002098,0.002136,0.002098,0.002060,0.002098,0.002136,0.002174,0.002136,0.002060,0.002060,0.002098,0.002136,0.002060,0.002136,0.002098,0.002060,0.002098,0.002136,0.002136,0.002136,0.002098,0.002098,0.002174,0.002136,0.002136,0.002213,0.002136,0.002213,0.002174,0.002213,0.002213,0.002213,0.002251,0.002213,0.002251,0.002136,0.002174,0.002251,0.002289,0.002289,0.002251,0.002251,0.002289,0.002213,0.002289,0.002251,0.002289,0.002251,0.002251,0.002289,0.002289,0.002365,0.002251,0.002251,0.002251,0.002251,0.002174,0.002174,0.002174,0.002174,0.002136,0.002136,0.002174,0.002098,0.002136,0.002136,0.002174,0.002098,0.002098,0.002022,0.002022,0.002098,0.002098,0.002060,0.002060,0.002022,0.002022,0.002098,0.002060,0.002060,0.002060,0.002060,0.001984,0.002022,0.002022,0.002022,0.002060,0.002022,0.002022,0.002022,0.002060,0.002060,0.001984,0.002022,0.002060,0.002060,0.002060,0.002098,0.002136,0.002136,0.002136,0.002213,0.002098,0.002098,0.002136,0.002174,0.002213,0.002174,0.002213,0.002251,0.002251,0.002213,0.002213,0.002289,0.002213,0.002251,0.002174,0.002251,0.002174,0.002251,0.002174,0.002174,0.002136,0.002136,0.002136,0.002098,0.002098,0.002136,0.002098,0.001984,0.002022,0.002022,0.001984,0.001984,0.002022,0.001984,0.001984,0.002022,0.001984,0.002022,0.002022,0.001984,0.001984,0.001984,0.002022,0.002022,0.001984,0.002060,0.002060,0.002060,0.002060,0.002136,0.002098,0.002136,0.002174,0.002174,0.002251,0.002289,0.002289,0.002251,0.002251,0.002289,0.002251,0.002327,0.002403,0.002327,0.002289,0.002327,0.002365,0.002365,0.002327,0.002289,0.002327,0.002365,0.002365,0.002327,0.002403,0.002327,0.002251,0.002251,0.002251,0.002327,0.002327,0.002251,0.002289,0.002289,0.002213,0.002251,0.002251,0.002251,0.002251,0.002251,0.002251,0.002327,0.002289,0.002289,0.002365,0.002251,0.002251,0.002251,0.002365,0.002289,0.002327,0.002289,0.002251,0.002289,0.002289,0.002289,0.002289,0.002289,0.002327,0.002289,0.002251,0.002251,0.002327,0.002289,0.002251,0.002289,0.002251,0.002365,0.002327,0.002327,0.002327,0.002327,0.002327,0.002289,0.002365,0.002365,0.002289,0.002289,0.002289,0.002289,0.002251,0.002289,0.002251,0.002289,0.002289,0.002213,0.002289,0.002327,0.002289,0.002251,0.002213,0.002251,0.002213,0.002251,0.002213,0.002213,0.002174,0.002174,0.002174,0.002174,0.002174,0.002136,0.002174,0.002213,0.002174,0.002174,0.002098,0.002174,0.002136,0.002136,0.002136,0.002098,0.002174,0.002098,0.002060,0.002060,0.002060,0.002098,0.002022,0.002022,0.001984,0.001984,0.002022,0.001945,0.001945,0.001945,0.001984,0.001945,0.001907,0.001945,0.001831,0.001945,0.001945,0.001945,0.001907,0.001907,0.001907,0.001869,0.001945,0.001907,0.001984,0.001984,0.001984,0.001984,0.001984,0.002022,0.002022,0.002022,0.002022,0.001945,0.002060,0.002060,0.002174,0.002060,0.002060,0.002060,0.002022,0.002098,0.002098,0.002098,0.002098,0.002098,0.002098,0.002098,0.002136,0.002060,0.002174,0.002136,0.002098,0.002174,0.002098,0.002174,0.002136,0.002174,0.002213,0.002174,0.002213,0.002213,0.002213,0.002251,0.002213,0.002289,0.002289,0.002327,0.002251,0.002213,0.002251,0.002251,0.002289,0.002251,0.002251,0.002251,0.002289,0.002289,0.002213,0.002251,0.002174,0.002213,0.002136,0.002174,0.002136,0.002098,0.002136,0.002098,0.002174,0.002136,0.002098,0.002060,0.002022,0.002060,0.002060,0.002098,0.002060,0.001984,0.002022,0.001945,0.002022,0.001945,0.001984,0.001984,0.002022,0.002022,0.001984,0.001945,0.002022,0.001984,0.001984,0.002022,0.001984,0.001984,0.002060,0.001984,0.001984,0.002022,0.001984,0.002022,0.001945,0.001984,0.001984,0.001984,0.001984,0.001945,0.001984,0.001984,0.001984,0.001945,0.001945,0.001984,0.001984,0.001984,0.002060,0.002022,0.002022,0.002022,0.002060,0.002098,0.002098,0.002098,0.002136,0.002098,0.002060,0.002098,0.002098,0.002136,0.002136,0.002174,0.002174,0.002174,0.002136,0.002174,0.002174,0.002213,0.002174,0.002251,0.002174,0.002251,0.002136,0.002174,0.002174,0.002136,0.002174,0.002136,0.002213,0.002174,0.002136,0.002174,0.002174,0.002213,0.002098,0.002136,0.002213,0.002213,0.002213,0.002174,0.002174,0.002136,0.002174,0.002136,0.002174,0.002174,0.002174,0.002136,0.002174,0.002174,0.002174,0.002136,0.002136,0.002136,0.002136,0.002098,0.002136,0.002098,0.002098,0.002098,0.002060,0.002098,0.002098,0.002060,0.002060,0.002022,0.002060,0.002022,0.002022,0.001984,0.001984,0.002022,0.002022,0.001984,0.002060,0.002022,0.002060,0.002022,0.002022,0.002022,0.002022,0.001984,0.001984,0.002022,0.002022,0.002022,0.002022,0.002060,0.002022,0.002060,0.002022,0.002098,0.002060,0.002060,0.002098,0.002060,0.002098,0.002098,0.002060
2,19:00:00.000,12/31/1903,0.000000,0.100000,UNKNOWN,1,0/0,0.000000,0.000000,0.000000,0.000000,0.000000,0.000000,0.000000,0.000000,0,0,0,0,0.002213,0.002213,0.002174,0.002251,0.002174,0.002251,0.002213,0.002174,0.002251,0.002174,0.002174,0.002174,0.002213,0.002174,0.002136,0.002174,0.002174,0.002136,0.002174,0.002136,0.002098,0.002098,0.002174,0.002098,0.002098,0.002098,0.002098,0.002174,0.002136,0.002098,0.002136,0.002098,0.002098,0.002098,0.002098,0.002136,0.002136,0.002174,0.002098,0.002098,0.002098,0.002098,0.002098,0.002098,0.002098,0.002098,0.002060,0.002060,0.002022,0.002098,0.002136,0.002098,0.002098,0.002098,0.002136,0.002060,0.002060,0.002060,0.002022,0.002098,0.002098,0.002098,0.002022,0.001984,0.002136,0.002098,0.002060,0.002022,0.002022,0.002060,0.001984,0.001984,0.002060,0.002022,0.002136,0.002060,0.002022,0.002022,0.002022,0.001984,0.002022,0.002022,0.002022,0.002022,0.001945,0.001984,0.002098,0.001984,0.001984,0.001945,0.001984,0.002022,0.002022,0.002060,0.002022,0.002022,0.002060,0.001984,0.002060,0.002060,0.001984,0.002060,0.002060,0.002060,0.002022,0.002022,0.002060,0.002060,0.002098,0.002022,0.002098,0.002060,0.002136,0.002060,0.002022,0.001984,0.001984,0.001984,0.002098,0.002022,0.002060,0.002060,0.002060,0.002098,0.002022,0.002098,0.002060,0.002060,0.002060,0.002060,0.002136,0.002098,0.002060,0.002098,0.002098,0.002136,0.002060,0.002136,0.002060,0.002060,0.002060,0.002060,0.002098,0.002022,0.002060,0.002060,0.002022,0.002136,0.002098,0.002098,0.002098,0.002136,0.002136,0.002060,0.002136,0.002174,0.002136,0.002098,0.002098,0.002136,0.002098,0.002060,0.002136,0.002098,0.002098,0.002098,0.002174,0.002136,0.002136,0.002174,0.002136,0.002136,0.002174,0.002174,0.002213,0.002136,0.002136,0.002174,0.002213,0.002213,0.002136,0.002136,0.002136,0.002174,0.002136,0.002213,0.002174,0.002174,0.002136,0.002136,0.002174,0.002136,0.002136,0.002136,0.002136,0.002098,0.002136,0.002136,0.002136,0.002136,0.002098,0.002098,0.002022,0.002098,0.002098,0.002098,0.002136,0.002136,0.002136,0.002060,0.002098,0.002136,0.002098,0.002174,0.002098,0.002098,0.002136,0.002174,0.002213,0.002136,0.002136,0.002098,0.002136,0.002251,0.002174,0.002136,0.002174,0.002136,0.002174,0.002174,0.002174,0.002136,0.002174,0.002251,0.002174,0.002174,0.002136,0.002213,0.002213,0.002136,0.002213,0.002174,0.002174,0.002174,0.002136,0.002174,0.002136,0.002174,0.002213,0.002174,0.002136,0.002136,0.002174,0.002136,0.002136,0.002174,0.002136,0.002213,0.002136,0.002136,0.002098,0.002174,0.002174,0.002213,0.002136,0.002136,0.002136,0.002136,0.002136,0.002136,0.002136,0.002174,0.002174,0.002098,0.002136,0.002098,0.002098,0.002136,0.002098,0.002098,0.002174,0.002060,0.002098,0.002060,0.002098,0.002022,0.002060,0.002098,0.002022,0.002060,0.002098,0.002060,0.002098,0.002060,0.002098,0.002022,0.002060,0.002022,0.002060,0.002098,0.002022,0.002060,0.002022,0.002022,0.002022,0.002022,0.002060,0.002060,0.002098,0.002098,0.002060,0.002060,0.001984,0.002022,0.001984,0.002060,0.002060,0.002060,0.002022,0.002022,0.001984,0.002098,0.002098,0.002060,0.002022,0.002022,0.002022,0.002022,0.002060,0.001984,0.002060,0.002060,0.002022,0.002098,0.001984,0.002022,0.002060,0.002022,0.002060,0.002098,0.002098,0.002060,0.002060,0.002098,0.002098,0.002022,0.002060,0.002060,0.002060,0.002060,0.002098,0.002022,0.002060,0.002060,0.002060,0.002060,0.002060,0.002060,0.002098,0.002022,0.002022,0.002022,0.002098,0.002060,0.002022,0.002098,0.002098,0.002060,0.002098,0.002098,0.002060,0.002060,0.002098,0.002098,0.002060,0.002098,0.002098,0.002060,0.002060,0.002098,0.002060,0.002022,0.002060,0.002060,0.002098,0.002060,0.002098,0.002174,0.002136,0.002174,0.002136,0.002098,0.002136,0.002098,0.002136,0.002098,0.002136,0.002136,0.002136,0.002174,0.002136,0.002136,0.002174,0.002136,0.002136,0.002136,0.002098,0.002174,0.002136,0.002174,0.002174,0.002174,0.002136,0.002098,0.002213,0.002174,0.002213,0.002213,0.002213,0.002213,0.002174,0.002251,0.002213,0.002251,0.002174,0.002174,0.002213,0.002174,0.002174,0.002213,0.002174,0.002213,0.002136,0.002174,0.002136,0.002174,0.002213,0.002136,0.002174,0.002174,0.002136,0.002174,0.002174,0.002136,0.002136,0.002136,0.002136,0.002098,0.002098,0.002060,0.002136,0.002174,0.002098,0.002098,0.002060,0.002098,0.002098,0.002098,0.002098,0.002022,0.002136,0.002098,0.002098,0.002098,0.002060,0.002022,0.002022,0.002060,0.002174,0.002098,0.002098,0.001984,0.002022,0.002022,0.002022,0.002060,0.002022,0.002022,0.001984,0.002022,0.002022,0.002022,0.002060,0.001945,0.001984,0.002060,0.002022,0.002098,0.001984,0.001984,0.002022,0.002060,0.002060,0.002022,0.001984,0.002022,0.001984,0.002022,0.002022,0.002022,0.002022,0.002022,0.002022,0.002022,0.002022,0.001984,0.002022,0.002022,0.001984,0.002060,0.002060,0.002022,0.002060,0.001984,0.002060,0.002060,0.002022,0.002022,0.002022,0.002060,0.002022,0.002098,0.002022,0.002022,0.002060,0.002022,0.002022,0.002022,0.002022,0.002060,0.002022,0.002060,0.002060,0.002022,0.001984,0.002022,0.002060,0.002098,0.002060,0.002098,0.002022,0.002022,0.002060,0.002060,0.002098,0.002060,0.002098,0.002060,0.002098,0.002136,0.002060,0.002136,0.002060,0.002060,0.002136,0.002136,0.002098,0.002136,0.002136,0.002174,0.002136,0.002174,0.002136,0.002213,0.002136,0.002136,0.002174,0.002136,0.002213,0.002174,0.002174,0.002136,0.002174,0.002213,0.002136,0.002174,0.002174,0.002174,0.002174,0.002136,0.002136,0.002136,0.002136,0.002098,0.002098,0.002174,0.002136,0.002098,0.002098,0.002136,0.002136,0.002136,0.002136,0.002098,0.002060,0.002060,0.002060,0.002060,0.002098,0.002098,0.002098,0.002060,0.002098,0.002098,0.002098,0.002136,0.002098,0.002060,0.002060,0.002060,0.002098,0.002060,0.002060,0.002060,0.002098,0.002098,0.002098,0.002098,0.002022,0.002060,0.002060,0.002060,0.002098,0.002098,0.002060,0.002098,0.002060,0.002098,0.002022,0.002136,0.002060,0.002060,0.002136,0.002060,0.002098,0.002098,0.002060,0.002098,0.002060,0.002136,0.002060,0.002098,0.002136,0.002060,0.002098,0.002098,0.002098,0.002060,0.002098,0.002136,0.002098,0.002060,0.002022,0.002022,0.002098,0.002098,0.002060,0.002022,0.002060,0.002060,0.002060,0.002022,0.002098,0.002098,0.002098,0.002098,0.002098,0.002022,0.002022,0.002060,0.002022,0.002060,0.002022,0.002060,0.002060,0.002060,0.002098,0.002022,0.002060,0.002098,0.002022,0.002060,0.002022,0.002022,0.002022,0.002060,0.002098,0.001984,0.002060,0.002022,0.002022,0.002060,0.002022,0.002022,0.001945,0.001907,0.001945,0.001945,0.001945,0.001907,0.001945,0.001869,0.001869,0.001869,0.001831,0.001869,0.001831,0.001793,0.001717,0.001678,0.001640,0.001640,0.001602,0.001640,0.001564,0.001564,0.001488,0.001564,0.001526,0.001526,0.001564,0.001488,0.001450,0.001526,0.001526,0.001640,0.001678,0.001640,0.001831,0.001907,0.002060,0.002213,0.002441,0.002556,0.002861,0.003090,0.003357,0.003700,0.004005,0.004349,0.004692,0.004959,0.005379,0.005684,0.006065,0.006447,0.006714,0.007057,0.007210,0.007401,0.007515,0.007553,0.007439,0.007248,0.007095,0.006752,0.006332,0.005836,0.005302,0.004807,0.004234,0.003662,0.003128,0.002480,0.001907,0.001297,0.000725,0.000153,-0.000458,-0.001068,-0.001717,-0.002365,-0.002899,-0.003433,-0.004005,-0.004501,-0.004845,-0.005112,-0.005302,-0.005341,-0.005341,-0.005188,-0.005035,-0.004654,-0.004234,-0.003815,-0.003319,-0.002899,-0.002327,-0.001831,-0.001297,-0.000763,-0.000305,0.000076,0.000420,0.000801,0.001183,0.001373,0.001678,0.001831,0.001984,0.002136,0.002213,0.002365,0.002480,0.002556,0.002594,0.002670,0.002785,0.002823,0.002899,0.002937,0.003014,0.003128,0.003128,0.003204,0.003281,0.003281,0.003357,0.003433,0.003548,0.003662,0.003777,0.003853,0.003967,0.004082,0.004196,0.004349,0.004425,0.004578,0.004654,0.004616,0.004692,0.004768,0.004768,0.004692,0.004692,0.004768,0.004654,0.004539,0.004501,0.004349,0.004311,0.004196,0.004044,0.003929,0.003815,0.003738,0.003586,0.003395,0.003281,0.003166,0.003090,0.002937,0.002785,0.002670,0.002632,0.002556,0.002480,0.002365,0.002327,0.002213,0.002174,0.002136,0.002060,0.002022,0.001945,0.001907,0.001869,0.001869,0.001831,0.001717,0.001831,0.001793,0.001869,0.001869,0.001869,0.001907,0.001907,0.001907,0.001907,0.001984,0.002060,0.002060,0.002098,0.002022,0.002060,0.002060,0.002060,0.002022,0.001984,0.001907,0.001907,0.001869,0.001869,0.001831,0.001793,0.001831,0.001793,0.001831,0.001793,0.001793,0.001755,0.001717,0.001717,0.001640,0.001678,0.001602,0.001526,0.001564,0.001488,0.001526,0.001488,0.001411,0.001450,0.001488,0.001526,0.001602,0.001640,0.001678,0.001717,0.001869,0.001831,0.001907,0.001907,0.001907,0.001907,0.001945,0.001984,0.001945,0.001907,0.001869,0.001793,0.001869,0.001869,0.001869,0.001869,0.001869,0.002022,0.001984,0.002022,0.002022,0.002022,0.001945,0.002022,0.002022,0.001984,0.001907,0.001945,0.001945,0.001945,0.001907,0.001831,0.001869,0.001907,0.001869,0.001869,0.001869,0.001907,0.001907,0.002022,0.002022,0.002098,0.002174,0.002213,0.002251,0.002289,0.002403,0.002441,0.002556,0.002632,0.002594,0.002594,0.002632,0.002594,0.002594,0.002556,0.002556,0.002441,0.002365,0.002327,0.002174,0.002174,0.002098,0.002022,0.001984,0.001907,0.001984,0.001907,0.001869,0.001869,0.001869,0.001984,0.001907,0.001984,0.001984,0.001907,0.001945,0.001945,0.001907,0.001869,0.001831,0.001793,0.001717,0.001678,0.001640,0.001602,0.001602,0.001526,0.001488,0.001488,0.001526,0.001488,0.001450,0.001411,0.001488,0.001450,0.001450,0.001411,0.001411,0.001373,0.001373,0.001488,0.001488,0.001488,0.001488,0.001564,0.001640,0.001717,0.001717,0.001793,0.001907,0.001907,0.002022,0.002060,0.002136,0.002251,0.002289,0.002365,0.002441,0.002480,0.002518,0.002632,0.002708,0.002747,0.002823,0.002861,0.002823,0.002785,0.002861,0.002823,0.002823,0.002823,0.002861,0.002785,0.002747,0.002708,0.002670,0.002708,0.002670,0.002670,0.002670,0.002594,0.002632,0.002632,0.002594,0.002632,0.002518,0.002556,0.002518,0.002556,0.002518,0.002441,0.002365,0.002365,0.002327,0.002327,0.002213,0.002251,0.002213,0.002213,0.002213,0.002136,0.002213,0.002136,0.002136,0.002136,0.002136,0.002136,0.002098,0.002136,0.002136,0.002136,0.002098,0.002098,0.002174,0.002136,0.002098,0.002136,0.002098,0.002136,0.002136,0.002136,0.002136,0.002174,0.002174,0.002213,0.002289,0.002251,0.002289,0.002365,0.002365,0.002441,0.002441,0.002518,0.002594,0.002594,0.002594,0.002632,0.002670,0.002670,0.002632,0.002632,0.002594,0.002556,0.002480,0.002441,0.002403,0.002289,0.002251,0.002174,0.002098,0.002098,0.001984,0.001907,0.001869,0.001831,0.001755,0.001755,0.001793,0.001678,0.001717,0.001755,0.001717,0.001793,0.001831,0.001869,0.001831,0.001869,0.002022,0.002060,0.002098,0.002174,0.002136,0.002136,0.002174,0.002174,0.002213,0.002213,0.002174,0.002174,0.002174,0.002136,0.002060,0.002022,0.001984,0.002022,0.001984,0.001907,0.001945,0.001869,0.001869,0.001869,0.001831,0.001831,0.001717,0.001717,0.001678,0.001678,0.001678,0.001564,0.001602,0.001526,0.001564,0.001564,0.001602,0.001640,0.001602,0.001640,0.001640,0.001717,0.001678,0.001717,0.001755,0.001717,0.001793,0.001907,0.001907,0.001907,0.001945,0.002022,0.002022,0.002022,0.002060,0.002022,0.002098,0.002174,0.002136,0.002174,0.002213,0.002136,0.002136,0.002174,0.002174,0.002213,0.002251,0.002213,0.002213,0.002174,0.002213,0.002289,0.002213,0.002213,0.002213,0.002174,0.002174,0.002251,0.002174,0.002098,0.002174,0.002136,0.002136,0.002174,0.002174,0.002098,0.002136,0.002213,0.002251,0.002213,0.002213,0.002251,0.002174,0.002213,0.002174,0.002213,0.002251,0.002174,0.002174,0.002213,0.002251,0.002251,0.002213,0.002213,0.002174,0.002213,0.002174,0.002098,0.002098,0.002098,0.002060,0.002060,0.002022,0.001945,0.001869,0.001945,0.001945,0.001869,0.001831,0.001831,0.001831,0.001831,0.001717,0.001755,0.001755,0.001793,0.001755,0.001755,0.001717,0.001678,0.001717,0.001678,0.001717,0.001717,0.001640,0.001717,0.001717,0.001831,0.001793,0.001793,0.001869,0.001869,0.001907,0.001945,0.002060,0.002060,0.002060,0.002098,0.002174,0.002251,0.002327,0.002251,0.002327,0.002327,0.002403,0.002480,0.002365,0.002480,0.002403,0.002480,0.002518,0.002441,0.002518,0.002518,0.002518,0.002556,0.002480,0.002518,0.002518,0.002518,0.002518,0.002518,0.002556,0.002480,0.002480,0.002480,0.002556,0.002518,0.002480,0.002403,0.002403,0.002365,0.002403,0.002327,0.002327,0.002289,0.002251,0.002289,0.002098,0.002060,0.002098,0.002136,0.002136,0.001984,0.002022,0.001984,0.002022,0.001984,0.001984,0.001984,0.001984,0.002022,0.001984,0.002060,0.002098,0.002060,0.002136,0.002174,0.002213,0.002289,0.002251,0.002289,0.002327,0.002327,0.002327,0.002327,0.002327,0.002365,0.002403,0.002365,0.002289,0.002289,0.002289,0.002213,0.002213,0.002174,0.002174,0.002098,0.002060,0.002060,0.002022,0.002022,0.001984,0.001907,0.001869,0.001869,0.001831,0.001907,0.001869,0.001869,0.001831,0.001793,0.001755,0.001793,0.001793,0.001755,0.001717,0.001755,0.001793,0.001678,0.001755,0.001755,0.001717,0.001755,0.001755,0.001793,0.001755,0.001755,0.001793,0.001793,0.001831,0.001717,0.001755,0.001755,0.001717,0.001755,0.001755,0.001793,0.001793,0.001793,0.001831,0.001793,0.001831,0.001869,0.001869,0.001945,0.001945,0.001984,0.001984,0.002022,0.002060,0.002098,0.002136,0.002136,0.002213,0.002213,0.002251,0.002251,0.002289,0.002327,0.002289,0.002327,0.002365,0.002289,0.002327,0.002327,0.002289,0.002327,0.002251,0.002251,0.002251,0.002174,0.002213,0.002213,0.002174,0.002174,0.002098,0.002060,0.002098,0.002136,0.002060,0.002098,0.002136,0.002060,0.002098,0.002098,0.002098,0.002098,0.002060,0.002136,0.002060,0.002022,0.002098,0.002098,0.002098,0.002060,0.002136,0.002174,0.002060,0.002098,0.002098,0.002136,0.002136,0.002098,0.002098,0.002174,0.002174,0.002098,0.002136,0.002098,0.002136,0.002098,0.002174,0.002174,0.002174,0.002136,0.002213,0.002174,0.002213,0.002213,0.002213,0.002174,0.002174,0.002174,0.002174,0.002098,0.002136,0.002098,0.002174,0.002098,0.002060,0.002060,0.002098,0.002098,0.002060,0.002022,0.002022,0.002022,0.002022,0.001984,0.002022,0.002060,0.001984,0.002022,0.002060,0.002022,0.002022,0.002022,0.002060,0.002022,0.002060,0.002098,0.002022,0.002060,0.002060,0.002060,0.002098,0.002098,0.002098,0.002098,0.002136,0.002098,0.002213,0.002213,0.002213,0.002213,0.002174,0.002213,0.002213,0.002174,0.002213,0.002174,0.002174,0.002136,0.002098,0.002098,0.002022,0.001984,0.002022,0.001984,0.001907,0.001907,0.001907,0.001907,0.001907,0.001869,0.001869,0.001869,0.001907,0.001907,0.001907,0.001869,0.001869,0.001831,0.001945,0.001984,0.001984,0.001984,0.001984,0.002022,0.002022,0.002060,0.002098,0.002022,0.002136,0.002136,0.002098,0.002098,0.002098,0.002136,0.002136,0.002098,0.002098,0.002098,0.002098,0.002060,0.002022,0.002098,0.002060,0.002060,0.002022,0.002022,0.001984,0.001984,0.001984,0.001945,0.002022,0.002022,0.001984,0.001984,0.001907,0.001907,0.001945,0.001869,0.001907,0.001869,0.001984,0.001907,0.001945,0.001907,0.001907,0.001945,0.001984,0.001984,0.001984,0.001984,0.002098,0.002060,0.002060,0.002098,0.002098,0.002174,0.002213,0.002174,0.002213,0.002174,0.002174,0.002213,0.002213,0.002213,0.002289,0.002327,0.002327,0.002289,0.002327,0.002327,0.002289,0.002327,0.002365,0.002289,0.002289,0.002327,0.002289,0.002251,0.002251,0.002289,0.002251,0.002251,0.002213,0.002213,0.002251,0.002289,0.002251,0.002213,0.002174,0.002174,0.002174,0.002098,0.002136,0.002098,0.002098,0.002136,0.002136,0.002136,0.002098,0.002060,0.002060,0.002022,0.002022,0.002022,0.002060,0.002022,0.002098,0.002022,0.002022,0.002098,0.002098,0.002136,0.002174,0.002213,0.002213,0.002251,0.002327,0.002327,0.002365,0.002403,0.002403,0.002480,0.002480,0.002594,0.002632,0.002632,0.002632,0.002594,0.002670,0.002708,0.002670,0.002708,0.002670,0.002708,0.002632,0.002632,0.002594,0.002556,0.002556,0.002556,0.002480,0.002441,0.002403,0.002365,0.002289,0.002289,0.002289,0.002251,0.002251,0.002174,0.002136,0.002098,0.002022,0.002022,0.001907,0.001831,0.001755,0.001678,0.001602,0.001450,0.001373,0.001259,0.001183,0.001144,0.001068,0.001030,0.000916,0.000839,0.000877,0.000916,0.000916,0.000992,0.000992,0.001068,0.001144,0.001183,0.001297,0.001411,0.001450,0.001526,0.001678,0.001793,0.001869,0.001984,0.002022,0.002136,0.002136,0.002251,0.002251,0.002251,0.002289,0.002327,0.002365,0.002403,0.002327,0.002365,0.002327,0.002327,0.002289,0.002289,0.002251,0.002213,0.002213,0.002213,0.002174,0.002213,0.002136,0.002174,0.002136,0.002213,0.002251,0.002251,0.002213,0.002251,0.002289,0.002289,0.002289,0.002403,0.002441,0.002403,0.002480,0.002480,0.002518,0.002518,0.002556,0.002594,0.002518,0.002556,0.002480,0.002518,0.002441,0.002441,0.002441,0.002327,0.002327,0.002289,0.002213,0.002251,0.002174,0.002136,0.002136,0.002098,0.002098,0.002022,0.001984,0.001984,0.001984,0.001984,0.001945,0.001984,0.001945,0.001945,0.002022,0.001945,0.001984,0.001984,0.001945,0.001945,0.001984,0.001945,0.001945,0.001984,0.001984,0.001945,0.002022,0.001945,0.001984,0.002022,0.001945,0.002022,0.001984,0.001945,0.001945,0.002022,0.002022,0.001984,0.001984,0.001945,0.002022,0.001984,0.002022,0.002022,0.001945,0.002022,0.002022,0.002022,0.002022,0.002022,0.002060,0.002022,0.001984,0.001984,0.002022,0.002022,0.002022,0.002098,0.002098,0.002136,0.002098,0.002098,0.002213,0.002174,0.002213,0.002213,0.002251,0.002289,0.002289,0.002251,0.002327,0.002327,0.002365,0.002327,0.002365,0.002403,0.002327,0.002403,0.002365,0.002327,0.002365,0.002365,0.002365,0.002327,0.002365,0.002327,0.002327,0.002289,0.002251,0.002289,0.002213,0.002251,0.002213,0.002174,0.002174,0.002174,0.002174,0.002174,0.002136,0.002098,0.002060,0.002098,0.002060,0.002060,0.002098,0.002098,0.002098,0.002098,0.002060,0.002098,0.002098,0.002060,0.002136,0.002136,0.002136,0.002136,0.002174,0.002213,0.002174,0.002213,0.002213,0.002251,0.002251,0.002213,0.002289,0.002289,0.002289,0.002365,0.002327,0.002327,0.002403,0.002403,0.002403,0.002365,0.002365,0.002365,0.002365,0.002365,0.002365,0.002365,0.002289,0.002251,0.002251,0.002136,0.002136,0.002136,0.002060,0.002060,0.002022,0.001984,0.002022,0.002022,0.001984,0.001984,0.001945,0.001869,0.001945,0.001869,0.001869,0.001831,0.001869,0.001869,0.001869,0.001831,0.001793,0.001793,0.001793,0.001793,0.001793,0.001831,0.001793,0.001755,0.001755,0.001831,0.001831,0.001831,0.001793,0.001793,0.001831,0.001869,0.001945,0.001869,0.001869,0.001945,0.001907,0.001907,0.001907,0.001984,0.001984,0.001945,0.001984,0.001984,0.001984,0.002060,0.002022,0.002098,0.002098,0.002136,0.002098,0.002136,0.002174,0.002213,0.002136,0.002174,0.002174,0.002174,0.002174,0.002136,0.002136,0.002174,0.002174,0.002136,0.002174,0.002136,0.002060,0.002136,0.002098,0.002098,0.002060,0.002060,0.002060,0.002098,0.002136,0.002098,0.002098,0.002136,0.002098,0.002098,0.002136,0.002136,0.002136,0.002136,0.002174,0.002174,0.002136,0.002136,0.002136,0.002174,0.002174,0.002136,0.002098,0.002098,0.002136,0.002098,0.002060,0.002022,0.002022,0.001984,0.001945,0.002022,0.001984,0.001945,0.001907,0.001869,0.001869,0.001907,0.001869,0.001793,0.001831,0.001831,0.001831,0.001907,0.001869,0.001869,0.001869,0.001907,0.001984,0.001984,0.001984,0.001984,0.001984,0.001984,0.002022,0.002060,0.002060,0.002060,0.002136,0.002136,0.002098,0.002098,0.002098,0.002060,0.002060,0.002098,0.002098,0.002136,0.002098,0.002022,0.002098,0.002098,0.002060,0.002060,0.002022,0.002060,0.002060,0.002060,0.002022,0.002060,0.002022,0.002060,0.002022,0.002060,0.002022,0.002022,0.002060,0.002098,0.002213,0.002136,0.002174,0.002213,0.002174,0.002213,0.002213,0.002289,0.002251,0.002327,0.002251,0.002251,0.002289,0.002327,0.002327,0.002289,0.002289,0.002327,0.002289,0.002289,0.002251,0.002213,0.002213,0.002289,0.002213,0.002213,0.002174,0.002174,0.002136,0.002174,0.002136,0.002098,0.002098,0.002098,0.002060,0.002022,0.002060,0.002060,0.002098,0.002098,0.002022,0.002098,0.002098,0.002136,0.002098,0.002060,0.002136,0.002098,0.002136,0.002213,0.002174,0.002174,0.002174,0.002251,0.002289,0.002289,0.002251,0.002213,0.002289,0.002251,0.002251,0.002327,0.002289,0.002327,0.002289,0.002289,0.002251,0.002251,0.002251,0.002213,0.002251,0.002213,0.002213,0.002213,0.002174,0.002174,0.002098,0.002136,0.002098,0.002136,0.002060,0.002022,0.002022,0.001984,0.001984,0.001984,0.001945,0.001907,0.001907,0.001907,0.001869,0.001831,0.001869,0.001755,0.001717,0.001717,0.001755,0.001717,0.001755,0.001755,0.001678,0.001678,0.001640,0.001717,0.001717,0.001717,0.001717,0.001717,0.001640,0.001678,0.001717,0.001717,0.001678,0.001717,0.001717,0.001717,0.001755,0.001755,0.001717,0.001678,0.001717,0.001717,0.001717,0.001793,0.001831,0.001831,0.001755,0.001831,0.001831,0.001793,0.001907,0.001907,0.001907,0.001945,0.001984,0.001945,0.001984,0.002022,0.002060,0.002060,0.002098,0.002098,0.002098,0.002174,0.002174,0.002213,0.002251,0.002327,0.002327,0.002289,0.002289,0.002365,0.002327,0.002327,0.002327,0.002365,0.002365,0.002327,0.002327,0.002403,0.002327,0.002403,0.002327,0.002365,0.002403,0.002365,0.002327,0.002327,0.002289,0.002289,0.002289,0.002251,0.002251,0.002136,0.002174,0.002213,0.002174,0.002136,0.002136,0.002098,0.002060,0.002060,0.002098,0.002098,0.002060,0.002060,0.002022,0.002022,0.002060,0.001984,0.002022,0.002060,0.002022,0.002060,0.002022,0.002022,0.002060,0.001984,0.002022,0.002022,0.002022,0.002060,0.001945,0.002022,0.002022,0.001984,0.001984,0.001984,0.001945,0.001945,0.001984,0.001945,0.001907,0.001945,0.001945,0.001945,0.001907,0.001945,0.001984,0.001945,0.001945,0.001907,0.001984,0.001984,0.002022,0.002022,0.001945,0.002022,0.002022,0.001984,0.002022,0.002060,0.002060,0.002060,0.002098,0.002098,0.002136,0.002136,0.002098,0.002136,0.002136,0.002136,0.002174,0.002136,0.002136,0.002136,0.002060,0.002098,0.002098,0.002060,0.002098,0.002060,0.002060,0.002060,0.002098,0.002060,0.002098,0.002060,0.002136,0.002098,0.002098,0.002136,0.002136,0.002136,0.002213,0.002174,0.002174,0.002174,0.002136,0.002174,0.002174,0.002213,0.002174,0.002251,0.002213,0.002174,0.002213,0.002251,0.002213,0.002213,0.002174,0.002213,0.002174,0.002174,0.002213,0.002174,0.002136,0.002136,0.002136,0.002174,0.002174,0.002136,0.002174,0.002174,0.002136,0.002098,0.002174,0.002174,0.002136,0.002136,0.002136,0.002136,0.002098,0.002174,0.002098,0.002098,0.002136,0.002174,0.002136,0.002136,0.002060,0.002136,0.002060,0.002060,0.002098,0.002060,0.002022,0.002022,0.002060,0.002060,0.002022,0.002022,0.001945,0.001945,0.001945,0.001945,0.001984,0.001945,0.001945,0.001907,0.001945,0.001984,0.001945,0.001945,0.001945,0.001945,0.001945,0.001907,0.001945,0.001907,0.001907,0.001907,0.001907,0.001984,0.001869,0.001984,0.001945,0.001907,0.001907,0.001945,0.001945,0.001907,0.001945,0.001984,0.001984,0.001984,0.001984,0.002060,0.002022,0.002060,0.002022,0.001984,0.002060,0.002022,0.002022,0.002060,0.002060,0.002098,0.002136,0.002174,0.002174,0.002098,0.002174,0.002174,0.002174,0.002174,0.002136,0.002174,0.002136,0.002136,0.002213,0.002213,0.002174,0.002213,0.002174,0.002174,0.002174,0.002213,0.002136,0.002174,0.002136,0.002098,0.002136,0.002136,0.002098,0.002098,0.002136,0.002098,0.002098,0.002174,0.002136,0.002098,0.002098,0.002136,0.002174,0.002174,0.002136,0.002174,0.002136,0.002136,0.002136,0.002136,0.002174,0.002174,0.002174,0.002174,0.002174,0.002136,0.002174,0.002251,0.002174,0.002174,0.002213,0.002174,0.002251,0.002213,0.002213,0.002174,0.002213,0.002174,0.002136,0.002136,0.002060,0.002136,0.002174,0.002098,0.002098,0.002136,0.002136,0.002098,0.002098,0.002136,0.002174,0.002174,0.002136,0.002174,0.002136,0.002136,0.002174,0.002136,0.002098,0.002136,0.002060,0.002098,0.002098,0.002174,0.002098,0.002060,0.002098,0.002136,0.002136,0.002136,0.002098,0.002098,0.002060,0.002098,0.002098,0.002136,0.002098,0.002098,0.002174,0.002174,0.002136,0.002136,0.002136,0.002174,0.002136,0.002136,0.002174,0.002136,0.002136,0.002136,0.002098,0.002136,0.002136,0.002098,0.002174,0.002098,0.002136,0.002174,0.002136,0.002213,0.002098,0.002136,0.002098,0.002174,0.002060,0.002060,0.002098,0.002060,0.002060,0.002060,0.002098,0.002022,0.002022,0.002060,0.002022,0.002022,0.002022,0.002022,0.002022,0.002060,0.002022,0.002060,0.002060,0.002022,0.002060,0.002022,0.001984,0.002098,0.002136,0.002060,0.002060,0.002098,0.002098,0.002098,0.002174,0.002174,0.002174,0.002289,0.002251,0.002251,0.002289,0.002289,0.002289,0.002327,0.002327,0.002365,0.002403,0.002403,0.002403,0.002365,0.002365,0.002365,0.002403,0.002441,0.002403,0.002327,0.002327,0.002327,0.002289,0.002327,0.002174,0.002098,0.002174,0.002022,0.002022,0.001984,0.001984,0.001945,0.001907,0.001907,0.001907,0.001869,0.001831,0.001793,0.001793,0.001793,0.001717,0.001793,0.001793,0.001831,0.001907,0.001907,0.001907,0.001907,0.001945,0.001945,0.001984,0.001984,0.002022,0.002060,0.002060,0.002098,0.002060,0.002098,0.002060,0.002060,0.002060,0.002060,0.002098,0.002022,0.001984,0.002022,0.001945,0.001984,0.001984,0.001945,0.002022,0.002022,0.001984,0.001984,0.001984,0.002022,0.002060,0.002022,0.002098,0.002022,0.002022,0.002098,0.002136,0.002136,0.002174,0.002136,0.002136,0.002136,0.002213,0.002174,0.002289,0.002213,0.002289,0.002251,0.002327,0.002289,0.002327,0.002327,0.002251,0.002289,0.002251,0.002289,0.002289,0.002289,0.002251,0.002251,0.002289,0.002251,0.002251,0.002289,0.002251,0.002213,0.002213,0.002213,0.002251,0.002251,0.002251,0.002213,0.002251,0.002251,0.002289,0.002365,0.002365,0.002289,0.002251,0.002289,0.002289,0.002251,0.002251,0.002289,0.002213,0.002213,0.002174,0.002174,0.002136,0.002098,0.002098,0.002022,0.002022,0.001984,0.001945,0.002022,0.001945,0.001907,0.001907,0.001869,0.001907,0.001831,0.001869,0.001793,0.001793,0.001793,0.001755,0.001793,0.001755,0.001793,0.001793,0.001793,0.001831,0.001793,0.001793,0.001831,0.001793,0.001831,0.001793,0.001869,0.001869,0.001869,0.001869,0.001907,0.001945,0.001984,0.001945,0.002022,0.001984,0.001984,0.001945,0.002022,0.002022,0.001984,0.002060,0.002060,0.002098,0.002098,0.002060,0.002022,0.002060,0.002136,0.002098,0.002098,0.002098,0.002098,0.002136,0.002060,0.002098,0.002174,0.002098,0.002098,0.002098,0.002098,0.002060,0.002060,0.002098,0.002060,0.002022,0.002098,0.002022,0.002098,0.002098,0.002098,0.002060,0.002098,0.002174,0.002136,0.002136,0.002136,0.002136,0.002136,0.002136,0.002136,0.002174,0.002136,0.002213,0.002136,0.002213,0.002174,0.002251,0.002251,0.002174,0.002213,0.002213,0.002251,0.002174,0.002213,0.002251,0.002213,0.002174,0.002213,0.002213,0.002213,0.002174,0.002213,0.002174,0.002136,0.002174,0.002174,0.002098,0.002098,0.002098,0.002136,0.002022,0.002022,0.002022,0.001984,0.002022,0.002022,0.002060,0.001984,0.001945,0.001984,0.002022,0.002022,0.002098,0.002098,0.002098,0.002136,0.002136,0.002136,0.002136,0.002098,0.002136,0.002136,0.002060,0.002060,0.002098,0.002136,0.002136,0.002060,0.002098,0.001984,0.001984,0.002022,0.001945,0.001984,0.001869,0.001907,0.001945,0.001945,0.001869,0.001869,0.001907,0.001869,0.001907,0.001907,0.001869,0.001831,0.001869,0.001907,0.001984,0.001945,0.001984,0.002022,0.002098,0.002098,0.002060,0.002174,0.002136,0.002136,0.002174,0.002136,0.002136,0.002174,0.002136,0.002174,0.002174,0.002174,0.002136,0.002098,0.002136,0.002136,0.002136,0.002060,0.002136,0.002098,0.002022,0.001984,0.001984,0.002022,0.002022,0.002022,0.002022,0.001984,0.001984,0.001984,0.002022,0.002022,0.001984,0.002022,0.002022,0.001984,0.001984,0.002022,0.002022,0.002022,0.002136,0.002136,0.002060,0.002060,0.002136,0.002174,0.002174,0.002174,0.002213,0.002213,0.002213,0.002174,0.002213,0.002289,0.002289,0.002289,0.002251,0.002251,0.002289,0.002327,0.002327,0.002327,0.002289,0.002289,0.002327,0.002327,0.002251,0.002289,0.002251,0.002213,0.002213,0.002213,0.002174,0.002174,0.002098,0.002174,0.002136,0.002136,0.002098,0.002098,0.002136,0.002098,0.002098,0.002060,0.002098,0.002098,0.002022,0.002098,0.002060,0.002060,0.002022,0.002060,0.002136,0.002060,0.002060,0.002022,0.002022,0.002022,0.001984,0.002098,0.002022,0.001984,0.001945,0.001984,0.002022,0.001984,0.001907,0.001907,0.001869,0.001907,0.001831,0.001869,0.001831,0.001793,0.001869,0.001793,0.001831,0.001831,0.001831,0.001831,0.001793,0.001831,0.001793,0.001831,0.001869,0.001831,0.001907,0.001831,0.001945,0.001907,0.001869,0.001907,0.001831,0.001945,0.001945,0.001907,0.001984,0.001945,0.001984,0.001945,0.001984,0.001984,0.001945,0.002022,0.002022,0.001984,0.002022,0.002022,0.001984,0.001945,0.001945,0.001945,0.001945,0.001945,0.001984,0.001945,0.001984,0.001984,0.001984,0.001945,0.001945,0.002022,0.001984,0.002022,0.002060,0.002060,0.002022,0.002098,0.002136,0.002060,0.002098,0.002098,0.002174,0.002174,0.002213,0.002174,0.002136,0.002174,0.002136,0.002213,0.002136,0.002213,0.002251,0.002213,0.002251,0.002251,0.002251,0.002289,0.002251,0.002289,0.002327,0.002365,0.002365,0.002327,0.002365,0.002365,0.002441,0.002403,0.002403,0.002403,0.002403,0.002365,0.002403,0.002403,0.002441,0.002365,0.002327,0.002365,0.002289,0.002251,0.002213,0.002174,0.002213,0.002060,0.002060,0.002098,0.002022,0.001945,0.001945,0.001907,0.001945,0.001907,0.001831,0.001793,0.001793,0.001755,0.001755,0.001831,0.001755,0.001831,0.001755,0.001755,0.001793,0.001793,0.001869,0.001831,0.001869,0.001793,0.001831,0.001869,0.001869,0.001869,0.001907,0.001907,0.001984,0.001907,0.001945,0.001907,0.001945,0.002022,0.002060,0.002060,0.001984,0.002060,0.002060,0.002060,0.002136,0.002136,0.002136,0.002174,0.002213,0.002174,0.002174,0.002174,0.002174,0.002213,0.002251,0.002213,0.002289,0.002327,0.002289,0.002327,0.002289,0.002327,0.002289,0.002289,0.002327,0.002327,0.002327,0.002289,0.002289,0.002365,0.002289,0.002327,0.002327,0.002327,0.002289,0.002327,0.002327,0.002327,0.002327,0.002289,0.002289,0.002289,0.002289,0.002327,0.002327,0.002289,0.002289,0.002251,0.002251,0.002174,0.002289,0.002289,0.002251,0.002251,0.002213,0.002136,0.002174,0.002174,0.002251,0.002136,0.002213,0.002213,0.002174,0.002174,0.002174,0.002136,0.002136,0.002136,0.002174,0.002136,0.002136,0.002136,0.002136,0.002174,0.002136,0.002136,0.002136,0.002136,0.002098,0.002060,0.002060,0.001945,0.002022,0.001984,0.001945,0.001984,0.001869,0.001907,0.001907,0.001945,0.001945,0.001907,0.001945,0.001945,0.001945,0.001945,0.001945,0.001945,0.001945,0.001945,0.001907,0.001984,0.002022,0.001945,0.001945,0.001945,0.001945,0.001945,0.002022,0.002022,0.001945,0.002022,0.002022,0.001984,0.002022,0.001945,0.002060,0.002060,0.002136,0.002022,0.002060,0.002022,0.002098,0.002060,0.002136,0.002060,0.002136,0.002060,0.002136,0.002136,0.002174,0.002174,0.002213,0.002213,0.002251,0.002174,0.002289,0.002289,0.002289,0.002251,0.002213,0.002289,0.002251,0.002327,0.002289,0.002213,0.002289,0.002213,0.002289,0.002327,0.002251,0.002327,0.002327,0.002251,0.002289,0.002251,0.002289,0.002289,0.002251,0.002213,0.002174,0.002213,0.002136,0.002174,0.002136,0.002136,0.002136,0.002098,0.002136,0.002174,0.002136,0.002174,0.002136,0.002136,0.002098,0.002060,0.002136,0.002136,0.002098,0.002060,0.002060,0.002136,0.002136,0.002098,0.002060,0.002136,0.002098,0.002098,0.002098,0.002060,0.002136,0.002098,0.002098,0.002060,0.002060,0.002022,0.002022,0.002060,0.001984,0.001984,0.002022,0.001945,0.001945,0.001907,0.001945,0.001945,0.001945,0.001907,0.001869,0.001869,0.001907,0.001869,0.001869,0.001869,0.001869,0.001907,0.001831,0.001831,0.001755,0.001831,0.001869,0.001831,0.001869,0.001831,0.001869,0.001831,0.001869,0.001907,0.001907,0.001907,0.001945,0.001984,0.001945,0.001945,0.002060,0.001984,0.002022,0.002060,0.002022,0.002098,0.002022,0.002060,0.002060,0.002098,0.002098,0.002098,0.002136,0.002136,0.002136,0.002213,0.002174,0.002213,0.002136,0.002213,0.002251,0.002213,0.002289,0.002289,0.002251,0.002365,0.002251,0.002327,0.002289,0.002289,0.002289,0.002289,0.002289,0.002213,0.002251,0.002251,0.002251,0.002289,0.002213,0.002213,0.002213,0.002213,0.002289,0.002213,0.002251,0.002174,0.002213,0.002213,0.002174,0.002174,0.002213,0.002213,0.002213,0.002136,0.002174,0.002136,0.002136,0.002174,0.002174,0.002251,0.002136,0.002174,0.002136,0.002174,0.002136,0.002098,0.002213,0.002098,0.002136,0.002174,0.002136,0.002136,0.002136,0.002098,0.002098,0.002098,0.002213,0.002174,0.002213,0.002136,0.002174,0.002213,0.002136,0.002136,0.002174,0.002174,0.002174,0.002174,0.002213,0.002174,0.002251,0.002213,0.002174,0.002174,0.002213,0.002213,0.002174,0.002174,0.002213,0.002174,0.002174,0.002174,0.002174,0.002136,0.002136,0.002174,0.002136,0.002174,0.002213,0.002174,0.002174,0.002174,0.002174,0.002174,0.002213,0.002174,0.002136,0.002098,0.002136,0.002136,0.002136,0.002136,0.002174,0.002174,0.002174,0.002213,0.002213,0.002174,0.002174,0.002174,0.002213,0.002213,0.002213,0.002174,0.002174,0.002213,0.002174,0.002213,0.002174,0.002213,0.002213,0.002174,0.002213,0.002213,0.002174,0.002174,0.002136,0.002174,0.002098,0.002136,0.002098,0.002060,0.002098,0.002022,0.002022,0.002022,0.001984,0.001907,0.001984,0.001984,0.001907,0.001907,0.001869,0.001831,0.001831,0.001831,0.001869,0.001907,0.001869,0.001831,0.001831,0.001831,0.001869,0.001831,0.001831,0.001831,0.001831,0.001831,0.001831,0.001869,0.001831,0.001869,0.001907,0.001945,0.001869,0.001907,0.002060,0.001945,0.002022,0.002022,0.002022,0.002098,0.002098,0.002136,0.002136,0.002174,0.002136,0.002174,0.002251,0.002174,0.002251,0.002251,0.002289,0.002289,0.002213,0.002289,0.002251,0.002174,0.002251,0.002213,0.002213,0.002174,0.002174,0.002174,0.002136,0.002136,0.002136,0.002098,0.002136,0.002136,0.002174,0.002098,0.002098,0.002098,0.002098,0.002136,0.002136,0.002174,0.002136,0.002136,0.002213,0.002213,0.002251,0.002174,0.002251,0.002289,0.002251,0.002251,0.002213,0.002174,0.002251,0.002213,0.002251,0.002251,0.002174,0.002213,0.002136,0.002136,0.002060,0.002022,0.002060,0.002022,0.001984,0.001907,0.001907,0.001869,0.001831,0.001831,0.001793,0.001755,0.001793,0.001755,0.001755,0.001678,0.001717,0.001717,0.001793,0.001831,0.001793,0.001793,0.001831,0.001869,0.001869,0.001945,0.001945,0.001984,0.002022,0.001984,0.001945,0.002060,0.002022,0.002022,0.002022,0.002060,0.001984,0.001984,0.002022,0.002022,0.002022,0.002022,0.001984,0.001984,0.001945,0.001984,0.001984,0.002022,0.002060,0.002022,0.002022,0.001984,0.001984,0.002022,0.002060,0.002098,0.002022,0.002136,0.002136,0.002136,0.002174,0.002213,0.002174,0.002289,0.002289,0.002289,0.002251,0.002289,0.002251,0.002251,0.002289,0.002289,0.002289,0.002289,0.002289,0.002213,0.002174,0.002174,0.002251,0.002213,0.002251,0.002251,0.002213,0.002213,0.002174,0.002136,0.002136,0.002174,0.002136,0.002136,0.002136,0.002136,0.002174,0.002098,0.002174,0.002136,0.002136,0.002136,0.002098,0.002098,0.002098,0.002136,0.002060,0.002060,0.002098,0.002060,0.002136,0.002136,0.002136,0.002060,0.002060,0.002060,0.002060,0.002098,0.002060,0.002022,0.002022,0.002060,0.001984,0.001984,0.001984,0.002022,0.001984,0.001984,0.002022,0.001984,0.001984,0.001984,0.002022,0.001984,0.001945,0.001984,0.002098,0.002022,0.002022,0.002060,0.002022,0.001984,0.002022,0.001984,0.002022,0.002060,0.002060,0.002098,0.002060,0.002060,0.002060,0.002098,0.002136,0.002060,0.002060,0.002098,0.002060,0.002098,0.002136,0.002136,0.002060,0.002136,0.002136,0.002136,0.002098,0.002098,0.002136,0.002136,0.002136,0.002136,0.002174,0.002213,0.002174,0.002136,0.002174,0.002136,0.002136,0.002098,0.002098,0.002136,0.002098,0.002022,0.002022,0.002098,0.002060,0.002022,0.002022,0.001945,0.001945,0.001945,0.001907,0.001984,0.001945,0.001984,0.001984,0.001984,0.001945,0.001945,0.001945,0.002022,0.002060,0.001984,0.002022,0.002022,0.001984,0.001984,0.002022,0.001984,0.001984,0.001984,0.002022,0.001984,0.001984,0.001984,0.001984,0.002022,0.001945,0.001945,0.001945,0.001984,0.001984,0.001945,0.001984,0.002022,0.001984,0.002060,0.002060,0.002060,0.002060,0.002022,0.002060,0.002098,0.002022,0.002060,0.002098,0.002060,0.002098,0.002136,0.002136,0.002098,0.002136,0.002098,0.002136,0.002136,0.002098,0.002098,0.002098,0.002098,0.002060,0.002060,0.002060,0.002022,0.002060,0.002022,0.001984,0.002022,0.001984,0.002022,0.002060,0.002060,0.002060,0.002022,0.002022,0.001984,0.002022,0.002060,0.002098,0.002060,0.002022,0.002098,0.002098,0.002136,0.002174,0.002136,0.002174,0.002213,0.002213,0.002213,0.002174,0.002251,0.002213,0.002213,0.002213,0.002213,0.002251,0.002251,0.002251,0.002213,0.002213,0.002213,0.002213,0.002213,0.002213,0.002174,0.002174,0.002136,0.002136,0.002136,0.002213,0.002213,0.002136,0.002098,0.002136,0.002174,0.002174,0.002174,0.002136,0.002136,0.002136,0.002098,0.002060,0.002098,0.002060,0.002098,0.002060,0.002098,0.002022,0.002060,0.002098,0.002060,0.002060,0.002022,0.002022,0.002022,0.001984,0.002022,0.002022,0.002022,0.002060,0.002022,0.002060,0.001984,0.001945,0.001907,0.001945,0.001945,0.001945,0.001945,0.001945,0.001984,0.001907,0.001907,0.001984,0.001945,0.001945,0.001984,0.001907,0.001945,0.001907,0.001907,0.001945,0.001907,0.001984,0.001984,0.001907,0.001984,0.001984,0.001984,0.001984,0.002060,0.001945,0.001984,0.001984,0.001945,0.002022,0.002060,0.002060,0.002060,0.002022,0.002098,0.002098,0.002136,0.002098,0.002098,0.002098,0.002098,0.002174,0.002136,0.002213,0.002251,0.002174,0.002174,0.002251,0.002289,0.002213,0.002251,0.002213,0.002251,0.002289,0.002289,0.002327,0.002327,0.002289,0.002289,0.002327,0.002327,0.002289,0.002289,0.002289,0.002251,0.002213,0.002213,0.002213,0.002289,0.002251,0.002213,0.002213,0.002174,0.002174,0.002174,0.002174,0.002174,0.002098,0.002098,0.002174,0.002174,0.002136,0.002174,0.002136,0.002136,0.002174,0.002136,0.002174,0.002213,0.002136,0.002136,0.002174,0.002136,0.002174,0.002136,0.002136,0.002136,0.002136,0.002136,0.002174,0.002060,0.002136,0.002136,0.002136,0.002060,0.002136,0.002136,0.002174,0.002174,0.002136,0.002136,0.002098,0.002098,0.002098,0.002098,0.002098,0.002136,0.002098,0.002022,0.002022,0.002060,0.001984,0.001945,0.001945,0.001907,0.001869,0.001907,0.001869,0.001907,0.001869,0.001869,0.001907,0.001945,0.001945,0.001945,0.002022,0.002060,0.002136,0.002174,0.002174,0.002251,0.002251,0.002327,0.002327,0.002289,0.002289,0.002327,0.002441,0.002403,0.002403,0.002365,0.002403,0.002327,0.002289,0.002251,0.002251,0.002213,0.002136,0.002098,0.002098,0.001984,0.002022,0.001945,0.001945,0.001907,0.001869,0.001907,0.001869,0.001907,0.001945,0.001907,0.001907,0.001945,0.001945,0.002060,0.002060,0.002060,0.002098,0.002136,0.002098,0.002213,0.002213,0.002136,0.002174,0.002213,0.002213,0.002251,0.002213,0.002213,0.002174,0.002213,0.002213,0.002213,0.002213,0.002174,0.002174,0.002174,0.002213,0.002174,0.002174,0.002174,0.002174,0.002136,0.002174,0.002174,0.002174,0.002174,0.002136,0.002174,0.002174,0.002213,0.002213,0.002213,0.002251,0.002251,0.002213,0.002251,0.002213,0.002213,0.002213,0.002213,0.002251,0.002213,0.002174,0.002213,0.002174,0.002213,0.002174,0.002174,0.002213,0.002213,0.002174,0.002174,0.002213,0.002174,0.002136,0.002174,0.002213,0.002136,0.002174,0.002213,0.002174,0.002136,0.002136,0.002174,0.002098,0.002136,0.002136,0.002136,0.002098,0.002098,0.002098,0.002098,0.002136,0.002098,0.002022,0.002098,0.002060,0.002060,0.001984,0.002022,0.002060,0.002022,0.001984,0.002022,0.001984,0.001984,0.001945,0.001984,0.002022,0.002022,0.002022,0.002060,0.002022,0.002022,0.002098,0.002060,0.002060,0.002060,0.002098,0.002098,0.002098,0.002098,0.002098,0.002136,0.002136,0.002098,0.002098,0.002213,0.002213,0.002136,0.002174,0.002136,0.002060,0.002060,0.002060,0.002098,0.002060,0.002136,0.002060,0.002060,0.002060,0.002060,0.002060,0.002098,0.002060,0.002060,0.002060,0.002098,0.002136,0.002098,0.002136,0.002136,0.002098,0.002098,0.002060,0.002098,0.002098,0.002136,0.002174,0.002136,0.002174,0.002174,0.002136,0.002098,0.002136,0.002136,0.002174,0.002136,0.002136,0.002098,0.002136,0.002174,0.002174,0.002136,0.002174,0.002136,0.002174,0.002174,0.002174,0.002174,0.002136,0.002174,0.002213,0.002213,0.002174,0.002174,0.002136,0.002174,0.002251,0.002136,0.002174,0.002136,0.002213,0.002174,0.002213,0.002174,0.002136,0.002136,0.002136,0.002174,0.002174,0.002098,0.002098,0.002060,0.002098,0.002060,0.002060,0.002060,0.002060,0.002098,0.002060,0.002098,0.002060,0.002022,0.002060,0.002060,0.002022,0.002022,0.001984,0.001984,0.001984,0.001984,0.001945,0.001984,0.002022,0.001984,0.002022,0.001984,0.002022,0.002022,0.002022,0.001984,0.002022,0.002098,0.002060,0.002060,0.002022,0.002060,0.002060,0.002136,0.002098,0.002098,0.002136,0.002098,0.002060,0.002098,0.002098,0.002098,0.002098,0.002136,0.002098,0.002098,0.002098,0.002098,0.002098,0.002136,0.002174,0.002136,0.002174,0.002174,0.002213,0.002289,0.002213,0.002174,0.002174,0.002174,0.002213,0.002213,0.002251,0.002213,0.002174,0.002174,0.002174,0.002174,0.002136,0.002174,0.002213,0.002136,0.002213,0.002174,0.002136,0.002098,0.002098,0.002098,0.002098,0.002060,0.002060,0.002022,0.002022,0.002060,0.002022,0.002060,0.002022,0.002022,0.001984,0.002022,0.001984,0.002022,0.001945,0.002022,0.002022,0.001945,0.001984,0.001945,0.001984,0.001945,0.001945,0.001945,0.001984,0.001984,0.001869,0.001869,0.001869,0.001831,0.001907,0.001907,0.001869,0.001945,0.001907,0.001984,0.001945,0.001945,0.001907,0.001945,0.001907,0.001984,0.001984,0.001945,0.001984,0.002022,0.002022,0.002060,0.002022,0.002136,0.002174,0.002136,0.002098,0.002098,0.002098,0.002174,0.002251,0.002213,0.002174,0.002174,0.002213,0.002174,0.002251,0.002251,0.002136,0.002213,0.002213,0.002213,0.002213,0.002213,0.002213,0.002136,0.002136,0.002174,0.002136,0.002136,0.002136,0.002136,0.002098,0.002022,0.002022,0.001984,0.001984,0.001984,0.001984,0.001945,0.001907,0.001869,0.001831,0.001869,0.001831,0.001793,0.001793,0.001793,0.001831,0.001793,0.001755,0.001793,0.001793,0.001831,0.001831,0.001831,0.001831,0.001869,0.001869,0.001984,0.001945,0.002022,0.002022,0.002098,0.002060,0.002098,0.002136,0.002136,0.002213,0.002213,0.002136,0.002174,0.002174,0.002174,0.002213,0.002174,0.002251,0.002136,0.002098,0.002136,0.002174,0.002174,0.002022,0.002136,0.002136,0.002136,0.002213,0.002213,0.002213,0.002251,0.002213,0.002174,0.002251,0.002251,0.002213,0.002174,0.002213,0.002174,0.002251,0.002289,0.002213,0.002251,0.002213,0.002213,0.002213,0.002213,0.002289,0.002213,0.002251,0.002213,0.002174,0.002213,0.002174,0.002098,0.002060,0.002098,0.002136,0.002098,0.002022,0.002022,0.002060,0.002060,0.002060,0.002060,0.001984,0.002022,0.002060,0.002022,0.002022,0.001984,0.002060,0.002060,0.002022,0.002022,0.002098,0.002022,0.001984,0.002022,0.002022,0.001984,0.002022,0.002022,0.002022,0.001984,0.001945,0.001984,0.002022,0.001984,0.001984,0.002022,0.002060,0.002136,0.002136,0.002136,0.002098,0.002098,0.002136,0.002060,0.002098,0.002098,0.002060,0.001984,0.001907,0.001984,0.001945,0.001907,0.001907,0.001907,0.001793,0.001831,0.001793,0.001793,0.001831,0.001793,0.001793,0.001793,0.001869,0.001907,0.001869,0.001869,0.001907,0.001945,0.001907,0.001907,0.001945,0.001907,0.001907,0.001907,0.001869,0.001869,0.001831,0.001831,0.001831,0.001793,0.001831,0.001831,0.001831,0.001831,0.001831,0.001793,0.001907,0.001907,0.001907,0.001945,0.001907,0.001945,0.001984,0.001984,0.001945,0.002022,0.002022,0.001984,0.001945,0.002022,0.001984,0.001984,0.001945,0.001984,0.002022,0.002022,0.002060,0.002022,0.002060,0.002136,0.002136,0.002060,0.002098,0.002098,0.002098,0.002174,0.002174,0.002251,0.002251,0.002327,0.002289,0.002327,0.002289,0.002365,0.002365,0.002403,0.002365,0.002365,0.002365,0.002365,0.002327,0.002327,0.002251,0.002289,0.002213,0.002251,0.002174,0.002174,0.002098,0.002098,0.002060,0.002060,0.002022,0.001984,0.002060,0.002060,0.001984,0.001984,0.001984,0.001984,0.001984,0.002022,0.002022,0.002022,0.002022,0.002098,0.002098,0.002136,0.002098,0.002174,0.002174,0.002136,0.002174,0.002213,0.002213,0.002174,0.002213,0.002251,0.002213,0.002174,0.002213,0.002213,0.002174,0.002174,0.002136,0.002136,0.002174,0.002136,0.002098,0.002174,0.002098,0.002136,0.002098,0.002136,0.002060,0.002098,0.002136,0.002136,0.002136,0.002174,0.002174,0.002098,0.002136,0.002060,0.002098,0.002136,0.002136,0.002136,0.002136,0.002174,0.002060,0.002136,0.002136,0.002174,0.002136,0.002136,0.002136,0.002136,0.002136,0.002098,0.002060,0.002098,0.002098,0.002098,0.002060,0.002060,0.002022,0.002060,0.002060,0.002060,0.002060,0.002060,0.002136,0.002060,0.002098,0.002098,0.002098,0.002098,0.002098,0.002136,0.002098,0.002136,0.002136,0.002098,0.002098,0.002098,0.002136,0.002098,0.002174,0.002136,0.002098,0.002098,0.002098,0.002060,0.002060,0.002098,0.002060,0.002060,0.002022,0.002098,0.002098,0.002098,0.002060,0.002098,0.002098,0.002136,0.002136,0.002098,0.002098,0.002136,0.002174,0.002213,0.002136,0.002136,0.002174,0.002174,0.002098,0.002136,0.002098,0.002098,0.002136,0.002098,0.002136,0.002136,0.002098,0.002098,0.002136,0.002098,0.002098,0.002174,0.002136,0.002174,0.002174,0.002136,0.002022,0.002060,0.002174,0.002174,0.002060,0.002098,0.002136,0.002098,0.002098,0.002136,0.002136,0.002098,0.002098,0.002060,0.002060,0.002098,0.002060,0.002098,0.002022,0.002060,0.002060,0.002060,0.002098,0.002060,0.002060,0.002060,0.002060,0.002060,0.002060,0.001945,0.002022,0.002060,0.001984,0.001945,0.001945,0.001945,0.001984,0.001984,0.001945,0.001945,0.001984,0.001984,0.001984,0.001945,0.001984,0.001984,0.001984,0.002060,0.002022,0.002022,0.002098,0.002060,0.002060,0.002098,0.002213,0.002136,0.002136,0.002136,0.002213,0.002213,0.002136,0.002174,0.002174,0.002213,0.002289,0.002213,0.002213,0.002174,0.002213,0.002251,0.002289,0.002289,0.002289,0.002251,0.002327,0.002289,0.002251,0.002251,0.002289,0.002251,0.002289,0.002213,0.002251,0.002213,0.002213,0.002174,0.002213,0.002136,0.002136,0.002136,0.002174,0.002136,0.002060,0.002136,0.002098,0.002136,0.002098,0.002136,0.002098,0.002136,0.002098,0.002098,0.002136,0.002174,0.002174,0.002174,0.002213,0.002174,0.002174,0.002136,0.002213,0.002174,0.002174,0.002213,0.002251,0.002213,0.002213,0.002213,0.002213,0.002174,0.002213,0.002251,0.002289,0.002251,0.002251,0.002251,0.002251,0.002213,0.002174,0.002174,0.002213,0.002213,0.002213,0.002174,0.002174,0.002098,0.002136,0.002098,0.002098,0.002060,0.002022,0.002022,0.002022,0.001984,0.001945,0.001907,0.001907,0.001907,0.001907,0.001831,0.001831,0.001869,0.001869,0.001831,0.001793,0.001869,0.001907,0.001907,0.001869,0.001869,0.001831,0.001869,0.001907,0.001984,0.001984,0.001945,0.001984,0.002022,0.002098,0.002136,0.002136,0.002136,0.002174,0.002251,0.002251,0.002289,0.002289,0.002289,0.002251,0.002251,0.002289,0.002289,0.002289,0.002289,0.002251,0.002289,0.002251,0.002289,0.002251,0.002251,0.002251,0.002174,0.002213,0.002213,0.002174,0.002174,0.002136,0.002136,0.002098,0.002098,0.002098,0.002060,0.002136,0.002174,0.002136,0.002098,0.002098,0.002136,0.002136,0.002136,0.002174,0.002174,0.002136,0.002136,0.002213,0.002213,0.002213,0.002213,0.002174,0.002289,0.002174,0.002213,0.002213,0.002251,0.002213,0.002251,0.002213,0.002251,0.002251,0.002251,0.002213,0.002251,0.002289,0.002213,0.002213,0.002213,0.002174,0.002136,0.002213,0.002174,0.002136,0.002174,0.002251,0.002174,0.002174,0.002098,0.002136,0.002174,0.002174,0.002174,0.002213,0.002136,0.002136,0.002174,0.002174,0.002174,0.002213,0.002174,0.002136,0.002136,0.002213,0.002213,0.002213,0.002251,0.002174,0.002213,0.002136,0.002174,0.002136,0.002136,0.002098,0.002060,0.002098,0.002098,0.002060,0.001984,0.002022,0.001984,0.002022,0.002022,0.001945,0.002022,0.002022,0.001984,0.002060,0.001984,0.001984,0.002022,0.002022,0.001984,0.001984,0.001984,0.001984,0.002022,0.002022,0.002022,0.002022,0.002022,0.001984,0.001984,0.001984,0.001984,0.001984,0.002022,0.002022,0.001984,0.002098,0.002060,0.002098,0.002022,0.002022,0.002022,0.002022,0.002022,0.002060,0.002022,0.001984,0.002022,0.001984,0.002022,0.002022,0.002022,0.001984,0.002022,0.001984,0.001984,0.001984,0.001945,0.002022,0.001945,0.001984,0.001984,0.002022,0.002022,0.001984,0.001984,0.001984,0.002022,0.001945,0.001984,0.002022,0.002022,0.002022,0.002060,0.001984,0.002060,0.002022,0.002136,0.002098,0.002098,0.002098,0.002098,0.002098,0.002098,0.002098,0.002136,0.002098,0.002136,0.002098,0.002136,0.002098,0.002098,0.002098,0.002060,0.002098,0.002060,0.002060,0.002060,0.002022,0.002060,0.002022,0.002060,0.002060,0.002022,0.002022,0.002098,0.002022,0.002060,0.001984,0.001984,0.002022,0.001984,0.001984,0.002022,0.001945,0.001984,0.001984,0.001945,0.001984,0.001984,0.002022,0.002022,0.001984,0.002022,0.002022,0.002022,0.001984,0.002022,0.002022,0.002060,0.002060,0.002022,0.002022,0.002060,0.002022,0.002060,0.002060,0.002060,0.002060,0.002098,0.002060,0.002022,0.002098,0.002060,0.002022,0.002060,0.002060,0.002136,0.002098,0.002098,0.002098,0.002098,0.002060,0.002098,0.002060,0.002098,0.002060,0.002060,0.002060,0.002098,0.002060,0.002060,0.002060,0.002060,0.002098,0.002022,0.002098,0.002060,0.002022,0.002060,0.002098,0.002098,0.002098,0.002136,0.002098,0.002060,0.002098,0.002060,0.002136,0.002098,0.002060,0.002060,0.002098,0.002098,0.002098,0.002174,0.002136,0.002136,0.002098,0.002174,0.002213,0.002136,0.002136,0.002174,0.002174,0.002174,0.002174,0.002174,0.002136,0.002174,0.002213,0.002213,0.002213,0.002251,0.002213,0.002251,0.002213,0.002289,0.002213,0.002289,0.002251,0.002251,0.002289,0.002251,0.002251,0.002251,0.002251,0.002327,0.002251,0.002213,0.002174,0.002174,0.002213,0.002174,0.002213,0.002174,0.002136,0.002060,0.002136,0.002098,0.002060,0.002022,0.002060,0.002060,0.002060,0.001945,0.001984,0.002022,0.002022,0.001984,0.002022,0.002022,0.001984,0.001984,0.001907,0.001945,0.001945,0.001984,0.002022,0.001945,0.001945,0.001945,0.001945,0.001945,0.001984,0.002060,0.001945,0.001945,0.001945,0.001907,0.001907,0.001945,0.001984,0.001907,0.001945,0.001984,0.001945,0.001907,0.001984,0.001984,0.001945,0.002022,0.001984,0.001945,0.001984,0.001945,0.002022,0.002022,0.001984,0.002022,0.002022,0.002022,0.002022,0.001984,0.001984,0.002022,0.002022,0.002022,0.002022,0.002022,0.001945,0.002060,0.002022,0.002022,0.002098,0.002098,0.002060,0.002098,0.002098,0.002098,0.002060,0.002060,0.002060,0.002098,0.002098,0.002098,0.002136,0.002136,0.002136,0.002174,0.002136,0.002213,0.002136,0.002251,0.002174,0.002174,0.002174,0.002174,0.002213,0.002213,0.002136,0.002136,0.002136,0.002174,0.002174,0.002136,0.002060,0.002060,0.002022,0.001984,0.001984,0.001984,0.001984,0.001945,0.001907,0.001945,0.001907,0.001831,0.001831,0.001793,0.001869,0.001831,0.001831,0.001793,0.001755,0.001793,0.001755,0.001793,0.001793,0.001831,0.001831,0.001831,0.001907,0.001869,0.001869,0.001945,0.001945,0.001907,0.001984,0.001984,0.001945,0.001945,0.001945,0.001945,0.001945,0.001945,0.001907,0.001907,0.001945,0.001945,0.001907,0.001869,0.001869,0.001869,0.001945,0.001869,0.001869,0.001907,0.001869,0.001831,0.001831,0.001831,0.001869,0.001869,0.001831,0.001869,0.001793,0.001831,0.001869,0.001907,0.001869,0.001907,0.001907,0.001945,0.001945,0.002022,0.001984,0.001945,0.002060,0.002098,0.002136,0.002098,0.002174,0.002174,0.002174,0.002174,0.002174,0.002213,0.002213,0.002251,0.002251,0.002327,0.002327,0.002327,0.002327,0.002327,0.002365,0.002403,0.002327,0.002365,0.002403,0.002480,0.002441,0.002403,0.002441,0.002441,0.002441,0.002480,0.002480,0.002480,0.002480,0.002518,0.002441,0.002441,0.002441,0.002518,0.002480,0.002518,0.002480,0.002441,0.002441,0.002441,0.002441,0.002518,0.002480,0.002441,0.002403,0.002441,0.002403,0.002365,0.002365,0.002403,0.002327,0.002251,0.002213,0.002289,0.002289,0.002174,0.002174,0.002251,0.002213,0.002174,0.002098,0.002136,0.002060,0.002098,0.002022,0.002098,0.002098,0.002060,0.002136,0.002022,0.002098,0.002098,0.002098,0.002022,0.001984,0.002098,0.002136,0.002098,0.002098,0.002022,0.002060,0.002060,0.002060,0.002060,0.002022,0.002022,0.002022,0.002022,0.002022,0.002022,0.002022,0.001907,0.001907,0.001984,0.001907,0.001907,0.001907,0.001907,0.001869,0.001945,0.001945,0.001869,0.001793,0.001831,0.001831,0.001869,0.001831,0.001831,0.001793,0.001831,0.001869,0.001831,0.001831,0.001869,0.001831,0.001831,0.001869,0.001831,0.001793,0.001869,0.001907,0.001869,0.001907,0.001869,0.001907,0.001945,0.001945,0.001945,0.001984,0.001984,0.002022,0.002022,0.002060,0.002060,0.002022,0.002060,0.002022,0.002060,0.002022,0.001984,0.002060,0.002022,0.001984,0.002022,0.002022,0.001984,0.001984,0.002022,0.002022,0.002060,0.002022,0.002022,0.002022,0.002060,0.002022,0.002022,0.002022,0.002060,0.002060,0.002060,0.002060,0.002098,0.002098,0.002136,0.002060,0.002022,0.002098,0.002098,0.002098,0.002098,0.002136,0.002174,0.002136,0.002136,0.002136,0.002098,0.002174,0.002136,0.002098,0.002136,0.002136,0.002136,0.002098,0.002174,0.002174,0.002174,0.002136,0.002098,0.002136,0.002136,0.002136,0.002098,0.002098,0.002174,0.002174,0.002098,0.002174,0.002136,0.002174,0.002174,0.002213,0.002174,0.002213,0.002213,0.002251,0.002174,0.002213,0.002251,0.002213,0.002213,0.002251,0.002251,0.002251,0.002174,0.002174,0.002251,0.002213,0.002251,0.002213,0.002174,0.002174,0.002251,0.002213,0.002174,0.002213,0.002136,0.002174,0.002174,0.002136,0.002136,0.002098,0.002098,0.002098,0.002136,0.002136,0.002098,0.002136,0.002174,0.002174,0.002136,0.002174,0.002136,0.002174,0.002174,0.002174,0.002136,0.002136,0.002136,0.002174,0.002098,0.002174,0.002174,0.002174,0.002213,0.002136,0.002136,0.002136,0.002136,0.002136,0.002098,0.002136,0.002136,0.002098,0.002136,0.002136,0.002136,0.002174,0.002174,0.002136,0.002136,0.002174,0.002098,0.002136,0.002136,0.002060,0.002136,0.002136,0.002136,0.002136,0.002098,0.002136,0.002098,0.002098,0.002136,0.002098,0.002136,0.002098,0.002098,0.001984,0.002098,0.002060,0.002098,0.002060,0.002136,0.002060,0.002098,0.002060,0.002022,0.002136,0.002136,0.002060,0.002098,0.002098,0.002060,0.002060,0.002022,0.002022,0.002060,0.002060,0.001984,0.002022,0.002022,0.002060,0.002060,0.002060,0.002098,0.002060,0.002060,0.002060,0.002098,0.002098,0.002060,0.002060,0.002060,0.002022,0.002060,0.002136,0.002136,0.002136,0.002098,0.002136,0.002174,0.002213,0.002174,0.002174,0.002174,0.002174,0.002174,0.002174,0.002213,0.002136,0.002213,0.002213,0.002213,0.002251,0.002213,0.002213,0.002213,0.002213,0.002213,0.002174,0.002213,0.002251,0.002251,0.002251,0.002213,0.002213,0.002213,0.002213,0.002174,0.002136,0.002136,0.002174,0.002136,0.002098,0.002098,0.002174,0.002136,0.002136,0.002136,0.002136,0.002136,0.002060,0.002098,0.002098,0.002136,0.002098,0.001984,0.002022,0.002022,0.002022,0.002022,0.002060,0.001984,0.001984,0.001907,0.001945,0.001907,0.001907,0.001945,0.001907,0.001869,0.001869,0.001869,0.001869,0.001869,0.001869,0.001869,0.001907,0.001945,0.001984,0.001984,0.001984,0.001984,0.002022,0.001984,0.002022,0.002022,0.002060,0.002022,0.001984,0.002022,0.002060,0.002098,0.002098,0.002060,0.002174,0.002098,0.002136,0.002098,0.002098,0.002136,0.002174,0.002174,0.002098,0.002174,0.002136,0.002098,0.002098,0.002098,0.002136,0.002098,0.002098,0.002174,0.002060,0.002098,0.002060,0.002136,0.002098,0.002060,0.002022,0.002060,0.002098,0.002060,0.002060,0.002060,0.002098,0.002098,0.002060,0.002060,0.002060,0.002022,0.002098,0.002060,0.002136,0.002098,0.002136,0.002022,0.002098,0.002098,0.002136,0.002136,0.002060,0.002098,0.002060,0.002022,0.002098,0.002060,0.002098,0.002022,0.002022,0.002060,0.001984,0.002022,0.001984,0.002022,0.002022,0.001984,0.001984,0.001945,0.001945,0.001984,0.001984,0.001984,0.001945,0.001945,0.001984,0.001984,0.001984,0.001984,0.002060,0.002060,0.002098,0.002098,0.002060,0.002098,0.002098,0.002136,0.002136,0.002136,0.002174,0.002136,0.002213,0.002174,0.002213,0.002213,0.002174,0.002136,0.002174,0.002136,0.002136,0.002136,0.002136,0.002136,0.002098,0.002060,0.002136,0.002098,0.002174,0.002213,0.002098,0.002136,0.002098,0.002136,0.002213,0.002098,0.002174,0.002174,0.002213,0.002174,0.002174,0.002174,0.002213,0.002174,0.002174,0.002251,0.002174,0.002136,0.002174,0.002098,0.002213,0.002174,0.002136,0.002174,0.002098,0.002136,0.002060,0.002098,0.002136,0.002098,0.002136,0.002098,0.002136,0.002060,0.002098,0.002136,0.002098,0.002060,0.002022,0.002060,0.002022,0.002022,0.002060,0.002022,0.002022,0.001984,0.002022,0.002022,0.001984,0.001945,0.002022,0.002022,0.002022,0.002060,0.002022,0.002022,0.002022,0.001984,0.002022,0.002098,0.002060,0.002022,0.002022,0.002022,0.001945,0.002022,0.002022,0.001984,0.001984,0.002022,0.002098,0.002022,0.002022,0.002060,0.002022,0.002022,0.002022,0.002060,0.002060,0.002022,0.002022,0.002060,0.002060,0.002022,0.002060,0.002060,0.002060,0.002098,0.002060,0.002098,0.002098,0.002060,0.002098,0.002060,0.002136,0.002098,0.002060,0.002136,0.002060,0.002022,0.002060,0.002098,0.002022,0.002022,0.002098,0.001984,0.002098,0.002060,0.002060,0.002098,0.002060,0.002136,0.002098,0.002136,0.002060,0.002136,0.002136,0.002098,0.002136,0.002098,0.002136,0.002098,0.002022,0.002098,0.002174,0.002136,0.002060,0.002060,0.002022,0.002022,0.001984,0.001984,0.002022,0.002022,0.001984,0.001984,0.001984,0.001945,0.001869,0.001945,0.001907,0.001907,0.001869,0.001831,0.001907,0.001869,0.001869,0.001869,0.001869,0.001907,0.001907,0.001945,0.001869,0.001869,0.001945,0.001907,0.001907,0.001907,0.001945,0.001984,0.001907,0.001984,0.001945,0.002022,0.002022,0.002022,0.002060,0.002022,0.002060,0.002098,0.002174,0.002060,0.002136,0.002174,0.002174,0.002174,0.002174,0.002136,0.002136,0.002136,0.002098,0.002060,0.002098,0.002060,0.002098,0.002098,0.002098,0.002136,0.002098,0.002098,0.002098,0.002022,0.002098,0.002098,0.002136,0.002098,0.002098,0.002098,0.002136,0.002098,0.002098,0.002098,0.002060,0.002060,0.002060,0.002060,0.002098,0.002060,0.002098,0.002098,0.002060,0.002136,0.002098,0.002136,0.002060,0.002098,0.002136,0.002098,0.002174,0.002136,0.002136,0.002213,0.002136,0.002174,0.002174,0.002213,0.002174,0.002136,0.002174,0.002136,0.002136,0.002098,0.002174,0.002213,0.002136,0.002136,0.002136,0.002174,0.002136,0.002136,0.002174,0.002098,0.002174,0.002060,0.002098,0.002060,0.002060,0.002098,0.002098,0.002136,0.002060,0.002060,0.002060,0.002060,0.001984,0.001984,0.002060,0.002022,0.002022,0.001984,0.001945,0.001984,0.001945,0.001984,0.002022,0.001984,0.001984,0.001945,0.001984,0.001984,0.001984,0.002022,0.001984,0.001984,0.001984,0.002022,0.002022,0.002022,0.002022,0.001984,0.001984,0.001984,0.001984,0.001945,0.001945,0.001984,0.002022,0.002060,0.002022,0.002022,0.002022,0.002022,0.002022,0.001945,0.001945,0.001984,0.002022,0.002022,0.001984,0.001984,0.001945,0.001984,0.001984,0.001984,0.002022,0.002022,0.002022,0.002060,0.002022,0.002098,0.002022,0.002022,0.001984,0.002060,0.002098,0.002060,0.002022,0.001984,0.002098,0.002060,0.002098,0.002098,0.001984,0.002022,0.002022,0.002060,0.002022,0.002022,0.002060,0.002060,0.002022,0.002060,0.002060,0.002022,0.002098,0.002098,0.002060,0.002060,0.002060,0.002060,0.002098,0.002060,0.002098,0.002098,0.002136,0.002136,0.002136,0.002174,0.002174,0.002213,0.002174,0.002251,0.002251,0.002289,0.002213,0.002213,0.002251,0.002289,0.002289,0.002213,0.002289,0.002327,0.002251,0.002251,0.002327,0.002365,0.002327,0.002289,0.002327,0.002289,0.002213,0.002213,0.002251,0.002251,0.002213,0.002174,0.002213,0.002251,0.002213,0.002174,0.002174,0.002174,0.002174,0.002174,0.002098,0.002174,0.002098,0.002174,0.002136,0.002060,0.002098,0.002022,0.002060,0.002022,0.002060,0.002022,0.002060,0.002098,0.002022,0.002022,0.002022,0.002098,0.002060,0.002060,0.002060,0.002060,0.002136,0.002060,0.002060,0.002060,0.002022,0.002060,0.002022,0.002060,0.002022,0.002098,0.002136,0.002022,0.002098,0.002136,0.002098,0.002098,0.002136,0.002174,0.002060,0.002136,0.002136,0.002136,0.002174,0.002136,0.002213,0.002136,0.002213,0.002213,0.002213,0.002251,0.002251,0.002213,0.002174,0.002251,0.002251,0.002213,0.002289,0.002251,0.002251,0.002251,0.002251,0.002251,0.002251,0.002327,0.002213,0.002251,0.002174,0.002213,0.002174,0.002174,0.002213,0.002136,0.002136,0.002136,0.002136,0.002098,0.002098,0.002060,0.002022,0.002060,0.002060,0.002022,0.002022,0.002022,0.002022,0.002022,0.002060,0.002060,0.001984,0.002060,0.001945,0.001984,0.001984,0.001984,0.001984,0.001984,0.002022,0.001984,0.002022,0.002022,0.001945,0.002022,0.002022,0.002022,0.002022,0.002098,0.002022,0.001984,0.002060,0.002060,0.002098,0.002060,0.002060,0.002098,0.002136,0.002136,0.002098,0.002098,0.002136,0.002174,0.002251,0.002174,0.002213,0.002174,0.002213,0.002213,0.002136,0.002251,0.002174,0.002251,0.002136,0.002174,0.002136,0.002174,0.002174,0.002098,0.002098,0.002060,0.002022,0.002022,0.001945,0.001984,0.001984,0.001984,0.001984,0.001945,0.001945,0.001945,0.001907,0.001907,0.001945,0.001984,0.001907,0.002022,0.002022,0.002022,0.001984,0.001945,0.002022,0.001984,0.002022,0.002022,0.002022,0.002136,0.002098,0.002174,0.002098,0.002174,0.002174,0.002174,0.002213,0.002174,0.002251,0.002251,0.002289,0.002251,0.002213,0.002289,0.002289,0.002251,0.002251,0.002327,0.002327,0.002213,0.002289,0.002251,0.002251,0.002251,0.002289,0.002289,0.002251,0.002327,0.002289,0.002289,0.002251,0.002251,0.002213,0.002174,0.002251,0.002251,0.002289,0.002289,0.002213,0.002289,0.002251,0.002251,0.002289,0.002251,0.002251,0.002213,0.002251,0.002213,0.002251,0.002251,0.002289,0.002251,0.002174,0.002251,0.002251,0.002213,0.002289,0.002289,0.002213,0.002213,0.002289,0.002251,0.002289,0.002251,0.002213,0.002289,0.002251,0.002327,0.002251,0.002251,0.002289,0.002289,0.002289,0.002251,0.002213,0.002251,0.002327,0.002289,0.002251,0.002289,0.002213,0.002251,0.002289,0.002213,0.002213,0.002213,0.002251,0.002213,0.002213,0.002251,0.002251,0.002213,0.002136,0.002174,0.002174,0.002136,0.002213,0.002174,0.002174,0.002136,0.002174,0.002098,0.002060,0.002136,0.002136,0.002174,0.002098,0.002060,0.002136,0.002098,0.002060,0.002060,0.002060,0.002060,0.002060,0.002060,0.002022,0.002022,0.002022,0.002022,0.001945,0.001984,0.001945,0.001907,0.001869,0.001831,0.001869,0.001907,0.001907,0.001869,0.001869,0.001907,0.001869,0.001907,0.001907,0.001831,0.001869,0.001869,0.001945,0.001945,0.001907,0.001907,0.001907,0.001907,0.001907,0.001945,0.001945,0.001945,0.002022,0.001984,0.002060,0.002022,0.002060,0.002060,0.001984,0.002022,0.001984,0.002022,0.002022,0.002060,0.001984,0.002022,0.002060,0.002060,0.002098,0.002022,0.002098,0.002060,0.002022,0.002136,0.002136,0.002136,0.002098,0.002213,0.002251,0.002174,0.002136,0.002174,0.002213,0.002289,0.002213,0.002213,0.002251,0.002289,0.002213,0.002174,0.002289,0.002213,0.002213,0.002136,0.002251,0.002213,0.002174,0.002251,0.002174,0.002213,0.002136,0.002213,0.002174,0.002136,0.002174,0.002060,0.002098,0.002098,0.002098,0.002060,0.002098,0.002098,0.001984,0.002022,0.001984,0.001984,0.002022,0.001945,0.001984,0.001945,0.001945,0.001984,0.001907,0.001984,0.001945,0.001984,0.001907,0.001945,0.001907,0.001984,0.001984,0.001984,0.001984,0.001945,0.001984,0.001945,0.001984,0.002022,0.001945,0.001945,0.001907,0.001945,0.002022,0.001945,0.001945,0.001945,0.001984,0.001984,0.001984,0.001907,0.002022,0.002060,0.001984,0.002022,0.002022,0.001945,0.001984,0.002060,0.002060,0.002022,0.002060,0.002098,0.002022,0.002098,0.002060,0.002136,0.002060,0.002136,0.002098,0.002098,0.002098,0.002098,0.002098,0.002136,0.002136,0.002060,0.002098,0.002136,0.002098,0.002136,0.002136,0.002098,0.002136,0.002060,0.002136,0.002136,0.002136,0.002136,0.002136,0.002174,0.002098,0.002136,0.002098,0.002060,0.002098,0.002136,0.002136,0.002060,0.002098,0.002098,0.002098,0.002098,0.002136,0.002174,0.002060,0.002136,0.002136,0.002136,0.002098,0.002060,0.002098,0.002098,0.002098,0.002060,0.002022,0.002098,0.002022,0.002060,0.002098,0.002098,0.001984,0.002022,0.002060,0.001945,0.001984,0.001945,0.002022,0.002022,0.001945,0.001984,0.001945,0.001984,0.001945,0.001945,0.001984,0.001945,0.001907,0.001945,0.002022,0.001984,0.001984,0.001984,0.002022,0.001984,0.001984,0.001984,0.002022,0.001984,0.002022,0.001984,0.001984,0.002022,0.002022,0.002022,0.002022,0.001984,0.002022
3,19:00:00.000,12/31/1903,0.000000,0.100000,UNKNOWN,1,0/0,0.000000,0.000000,0.000000,0.000000,0.000000,0.000000,0.000000,0.000000,0,0,0,0,0.002213,0.002289,0.002213,0.002213,0.002213,0.002174,0.002251,0.002251,0.002289,0.002174,0.002213,0.002213,0.002174,0.002213,0.002174,0.002174,0.002174,0.002174,0.002213,0.002174,0.002136,0.002136,0.002213,0.002213,0.002136,0.002136,0.002098,0.002136,0.002136,0.002060,0.002136,0.002136,0.002136,0.002174,0.002136,0.002098,0.002136,0.002174,0.002174,0.002098,0.002060,0.002098,0.002098,0.002136,0.002136,0.002136,0.002098,0.002136,0.002060,0.002022,0.002060,0.002060,0.002060,0.002060,0.002098,0.002060,0.002060,0.002060,0.002098,0.002098,0.002060,0.002060,0.002060,0.002022,0.002060,0.002060,0.002060,0.002098,0.002060,0.002060,0.002098,0.002022,0.002022,0.001984,0.002022,0.002060,0.002098,0.002060,0.002060,0.001984,0.002022,0.002022,0.002060,0.002022,0.002060,0.002022,0.002060,0.002022,0.002060,0.002022,0.002022,0.002060,0.002098,0.002060,0.002060,0.001984,0.002022,0.002060,0.002022,0.002060,0.002060,0.002060,0.002022,0.002022,0.002060,0.002098,0.002060,0.002022,0.002060,0.002098,0.002060,0.002022,0.002060,0.002060,0.002022,0.002060,0.002060,0.002060,0.002098,0.002060,0.002022,0.002022,0.002022,0.002022,0.002060,0.002098,0.002136,0.002098,0.002174,0.002098,0.002098,0.002136,0.002098,0.002136,0.002098,0.002060,0.002060,0.002060,0.002098,0.002060,0.002136,0.002098,0.002022,0.002098,0.002060,0.002098,0.002098,0.002060,0.002136,0.002098,0.002136,0.002060,0.002060,0.002098,0.002098,0.002098,0.002022,0.002098,0.002098,0.002098,0.002098,0.002136,0.002098,0.002174,0.002174,0.002174,0.002136,0.002174,0.002174,0.002136,0.002136,0.002136,0.002136,0.002098,0.002174,0.002136,0.002136,0.002174,0.002136,0.002136,0.002174,0.002136,0.002251,0.002136,0.002213,0.002136,0.002174,0.002136,0.002136,0.002213,0.002136,0.002136,0.002136,0.002098,0.002136,0.002098,0.002136,0.002174,0.002136,0.002174,0.002022,0.002060,0.002136,0.002174,0.002174,0.002098,0.002136,0.002098,0.002098,0.002098,0.002022,0.002136,0.002060,0.002098,0.002174,0.002136,0.002098,0.002136,0.002136,0.002136,0.002136,0.002213,0.002174,0.002174,0.002136,0.002174,0.002060,0.002174,0.002174,0.002136,0.002098,0.002174,0.002174,0.002174,0.002098,0.002174,0.002213,0.002213,0.002213,0.002213,0.002174,0.002174,0.002174,0.002136,0.002174,0.002174,0.002174,0.002174,0.002174,0.002174,0.002213,0.002213,0.002174,0.002174,0.002174,0.002213,0.002174,0.002213,0.002174,0.002174,0.002174,0.002136,0.002174,0.002174,0.002174,0.002174,0.002098,0.002136,0.002174,0.002213,0.002174,0.002136,0.002098,0.002136,0.002098,0.002098,0.002136,0.002136,0.002098,0.002060,0.002174,0.002136,0.002098,0.002136,0.002174,0.002098,0.002098,0.002098,0.002060,0.002098,0.002098,0.002060,0.002136,0.002022,0.002022,0.002060,0.002060,0.002098,0.002022,0.002060,0.002060,0.002136,0.002022,0.002060,0.002022,0.002060,0.002060,0.002098,0.002060,0.002022,0.002060,0.002060,0.002136,0.002060,0.002136,0.002060,0.002022,0.002060,0.002136,0.002098,0.002098,0.002098,0.002022,0.002098,0.002060,0.002060,0.002136,0.002060,0.002060,0.002098,0.002060,0.002060,0.002060,0.002060,0.002022,0.002098,0.002098,0.002060,0.002060,0.002022,0.002022,0.002060,0.002098,0.002060,0.002098,0.002060,0.002060,0.002098,0.002060,0.002098,0.002136,0.002174,0.002174,0.002060,0.002060,0.002098,0.002098,0.002174,0.002136,0.002060,0.002136,0.002098,0.002060,0.002098,0.002098,0.002060,0.002098,0.002098,0.002098,0.002060,0.002098,0.002098,0.002136,0.002098,0.002060,0.002136,0.002098,0.002098,0.002136,0.002098,0.002136,0.002098,0.002098,0.002098,0.002098,0.002136,0.002098,0.002098,0.002098,0.002136,0.002136,0.002174,0.002136,0.002174,0.002136,0.002213,0.002136,0.002174,0.002174,0.002174,0.002213,0.002213,0.002136,0.002136,0.002174,0.002174,0.002174,0.002213,0.002174,0.002174,0.002174,0.002213,0.002136,0.002098,0.002174,0.002136,0.002136,0.002213,0.002174,0.002213,0.002213,0.002174,0.002213,0.002174,0.002213,0.002213,0.002213,0.002251,0.002251,0.002251,0.002251,0.002213,0.002213,0.002174,0.002174,0.002174,0.002174,0.002213,0.002136,0.002174,0.002174,0.002174,0.002136,0.002213,0.002174,0.002098,0.002136,0.002174,0.002174,0.002174,0.002136,0.002098,0.002136,0.002174,0.002098,0.002136,0.002098,0.002098,0.002098,0.002136,0.002098,0.002136,0.002136,0.002098,0.002060,0.002060,0.002098,0.002060,0.002098,0.002136,0.002060,0.002060,0.002060,0.002098,0.002060,0.002022,0.002098,0.002098,0.002098,0.002060,0.002098,0.002060,0.002060,0.002098,0.002098,0.002060,0.002060,0.002060,0.002060,0.002060,0.002060,0.002022,0.001984,0.002022,0.002060,0.002060,0.002022,0.002060,0.002060,0.002022,0.002022,0.001984,0.002022,0.002060,0.002022,0.001984,0.001984,0.002022,0.002060,0.002022,0.002022,0.002060,0.002060,0.001984,0.002060,0.002022,0.002022,0.002060,0.002022,0.002060,0.002060,0.002022,0.002060,0.002098,0.001984,0.002022,0.002060,0.002060,0.002060,0.002098,0.002060,0.002022,0.002022,0.002022,0.002098,0.002098,0.002060,0.002060,0.002098,0.002098,0.002098,0.002098,0.002136,0.002098,0.002098,0.002098,0.002136,0.002136,0.002136,0.002136,0.002098,0.002098,0.002136,0.002174,0.002136,0.002098,0.002136,0.002136,0.002136,0.002136,0.002174,0.002174,0.002174,0.002174,0.002174,0.002136,0.002213,0.002136,0.002174,0.002213,0.002174,0.002213,0.002174,0.002289,0.002251,0.002213,0.002213,0.002174,0.002213,0.002213,0.002136,0.002174,0.002136,0.002136,0.002174,0.002136,0.002136,0.002136,0.002136,0.002174,0.002213,0.002174,0.002213,0.002136,0.002098,0.002136,0.002136,0.002174,0.002136,0.002098,0.002174,0.002174,0.002136,0.002098,0.002098,0.002098,0.002098,0.002136,0.002098,0.002136,0.002060,0.002060,0.002098,0.002060,0.002060,0.002098,0.002136,0.002060,0.002022,0.002022,0.002098,0.002060,0.002022,0.002098,0.002098,0.002060,0.002060,0.002022,0.002060,0.002060,0.002060,0.001984,0.002098,0.002098,0.002060,0.002060,0.002022,0.002098,0.002060,0.002098,0.002098,0.002098,0.002136,0.002060,0.002060,0.002060,0.002060,0.002098,0.002060,0.002136,0.002098,0.002060,0.002098,0.002060,0.002136,0.002060,0.002022,0.002022,0.002060,0.002098,0.002098,0.002060,0.002060,0.002060,0.002098,0.002060,0.002098,0.002098,0.002098,0.002060,0.002098,0.002136,0.002136,0.002098,0.002060,0.002098,0.002098,0.002098,0.002098,0.002098,0.002060,0.002098,0.002136,0.002060,0.002060,0.002060,0.002098,0.002060,0.002022,0.002022,0.001945,0.002022,0.001984,0.001984,0.001945,0.001984,0.001984,0.001907,0.001945,0.001945,0.001869,0.001869,0.001907,0.001945,0.001831,0.001831,0.001831,0.001793,0.001831,0.001717,0.001602,0.001640,0.001678,0.001717,0.001640,0.001640,0.001564,0.001526,0.001526,0.001488,0.001526,0.001564,0.001526,0.001564,0.001564,0.001564,0.001640,0.001717,0.001831,0.001984,0.002060,0.002289,0.002441,0.002632,0.002861,0.003128,0.003357,0.003624,0.003967,0.004349,0.004692,0.004997,0.005417,0.005722,0.006104,0.006447,0.006752,0.007019,0.007248,0.007439,0.007515,0.007553,0.007477,0.007324,0.007095,0.006790,0.006332,0.005951,0.005379,0.004883,0.004349,0.003738,0.003128,0.002594,0.001984,0.001411,0.000725,0.000191,-0.000458,-0.001030,-0.001640,-0.002289,-0.002861,-0.003433,-0.003929,-0.004463,-0.004807,-0.005112,-0.005264,-0.005341,-0.005341,-0.005264,-0.004997,-0.004692,-0.004311,-0.003891,-0.003395,-0.002861,-0.002365,-0.001831,-0.001297,-0.000839,-0.000343,0.000038,0.000458,0.000839,0.001144,0.001411,0.001640,0.001831,0.002022,0.002136,0.002251,0.002327,0.002403,0.002518,0.002594,0.002632,0.002747,0.002861,0.002899,0.002975,0.003014,0.003090,0.003090,0.003166,0.003242,0.003242,0.003357,0.003510,0.003624,0.003662,0.003777,0.003891,0.004044,0.004158,0.004272,0.004387,0.004463,0.004616,0.004654,0.004692,0.004730,0.004845,0.004807,0.004768,0.004768,0.004692,0.004654,0.004539,0.004463,0.004425,0.004349,0.004196,0.004044,0.004005,0.003815,0.003700,0.003624,0.003548,0.003395,0.003204,0.003090,0.003014,0.002861,0.002747,0.002632,0.002556,0.002441,0.002365,0.002327,0.002289,0.002213,0.002136,0.002098,0.002022,0.001984,0.001907,0.001869,0.001831,0.001831,0.001793,0.001831,0.001793,0.001793,0.001831,0.001831,0.001793,0.001907,0.002022,0.001984,0.001984,0.002022,0.002098,0.002136,0.002098,0.002060,0.002060,0.002022,0.002022,0.001945,0.001945,0.001907,0.001907,0.001869,0.001907,0.001831,0.001793,0.001793,0.001831,0.001831,0.001793,0.001793,0.001717,0.001678,0.001678,0.001602,0.001602,0.001526,0.001526,0.001488,0.001411,0.001488,0.001450,0.001488,0.001488,0.001526,0.001602,0.001678,0.001640,0.001717,0.001793,0.001831,0.001907,0.001907,0.001907,0.001945,0.001984,0.001945,0.001945,0.001945,0.001907,0.001831,0.001869,0.001907,0.001869,0.001869,0.001869,0.001945,0.001945,0.001945,0.001984,0.001984,0.002022,0.002060,0.002022,0.002022,0.001984,0.001984,0.001945,0.001945,0.001907,0.001869,0.001907,0.001869,0.001831,0.001907,0.001869,0.001984,0.001945,0.002022,0.002060,0.002060,0.002174,0.002174,0.002289,0.002327,0.002403,0.002480,0.002480,0.002556,0.002632,0.002632,0.002670,0.002632,0.002632,0.002556,0.002556,0.002441,0.002403,0.002327,0.002251,0.002213,0.002098,0.002060,0.002022,0.001945,0.001945,0.001945,0.001907,0.001945,0.001869,0.001907,0.001945,0.001907,0.001945,0.001945,0.001945,0.001945,0.001907,0.001907,0.001831,0.001755,0.001755,0.001717,0.001678,0.001602,0.001564,0.001564,0.001488,0.001526,0.001488,0.001488,0.001488,0.001411,0.001450,0.001411,0.001450,0.001450,0.001488,0.001450,0.001488,0.001450,0.001488,0.001488,0.001526,0.001602,0.001678,0.001678,0.001755,0.001755,0.001831,0.001984,0.002060,0.002174,0.002136,0.002251,0.002289,0.002365,0.002518,0.002556,0.002594,0.002632,0.002670,0.002708,0.002747,0.002785,0.002861,0.002899,0.002785,0.002823,0.002747,0.002747,0.002785,0.002785,0.002747,0.002708,0.002747,0.002670,0.002632,0.002670,0.002670,0.002670,0.002632,0.002632,0.002670,0.002670,0.002594,0.002594,0.002556,0.002518,0.002480,0.002441,0.002365,0.002403,0.002365,0.002289,0.002289,0.002289,0.002289,0.002213,0.002213,0.002213,0.002174,0.002174,0.002174,0.002213,0.002136,0.002174,0.002136,0.002098,0.002136,0.002136,0.002136,0.002098,0.002136,0.002098,0.002136,0.002136,0.002098,0.002098,0.002098,0.002136,0.002136,0.002098,0.002174,0.002174,0.002251,0.002251,0.002289,0.002327,0.002365,0.002480,0.002518,0.002594,0.002594,0.002594,0.002594,0.002632,0.002670,0.002670,0.002670,0.002594,0.002632,0.002556,0.002518,0.002480,0.002403,0.002327,0.002251,0.002213,0.002060,0.002060,0.002022,0.001945,0.001907,0.001831,0.001793,0.001755,0.001755,0.001717,0.001755,0.001755,0.001678,0.001755,0.001793,0.001907,0.001907,0.001945,0.001984,0.002060,0.002098,0.002136,0.002098,0.002174,0.002213,0.002251,0.002213,0.002174,0.002174,0.002136,0.002174,0.002136,0.002098,0.002060,0.002060,0.002060,0.001984,0.001945,0.001945,0.001907,0.001831,0.001831,0.001831,0.001831,0.001793,0.001717,0.001717,0.001678,0.001640,0.001602,0.001602,0.001640,0.001640,0.001640,0.001602,0.001564,0.001640,0.001640,0.001678,0.001717,0.001717,0.001755,0.001793,0.001831,0.001869,0.001945,0.001831,0.001945,0.002022,0.001984,0.002022,0.001984,0.002022,0.002022,0.002098,0.002098,0.002174,0.002136,0.002174,0.002136,0.002174,0.002251,0.002213,0.002251,0.002251,0.002213,0.002213,0.002213,0.002213,0.002174,0.002251,0.002289,0.002289,0.002251,0.002174,0.002213,0.002213,0.002213,0.002289,0.002251,0.002174,0.002213,0.002213,0.002174,0.002174,0.002136,0.002213,0.002213,0.002213,0.002251,0.002213,0.002213,0.002213,0.002289,0.002251,0.002213,0.002213,0.002136,0.002174,0.002213,0.002213,0.002251,0.002213,0.002136,0.002174,0.002098,0.002098,0.002136,0.002060,0.002022,0.001984,0.002022,0.001945,0.001907,0.001907,0.001831,0.001831,0.001831,0.001831,0.001755,0.001717,0.001755,0.001755,0.001755,0.001717,0.001717,0.001678,0.001717,0.001717,0.001717,0.001678,0.001755,0.001678,0.001755,0.001755,0.001755,0.001831,0.001869,0.001907,0.001907,0.001984,0.002022,0.002022,0.002098,0.002098,0.002213,0.002251,0.002289,0.002251,0.002327,0.002327,0.002403,0.002403,0.002518,0.002441,0.002480,0.002518,0.002480,0.002518,0.002556,0.002480,0.002518,0.002556,0.002518,0.002518,0.002556,0.002594,0.002594,0.002556,0.002556,0.002518,0.002518,0.002556,0.002518,0.002480,0.002480,0.002480,0.002480,0.002441,0.002441,0.002365,0.002327,0.002327,0.002327,0.002289,0.002251,0.002213,0.002174,0.002174,0.002060,0.002060,0.002060,0.002022,0.002022,0.001984,0.002022,0.001945,0.001984,0.002022,0.002022,0.002060,0.002098,0.002136,0.002136,0.002136,0.002174,0.002174,0.002251,0.002289,0.002327,0.002289,0.002327,0.002365,0.002327,0.002365,0.002365,0.002327,0.002365,0.002327,0.002289,0.002251,0.002213,0.002251,0.002213,0.002174,0.002136,0.002098,0.002060,0.001984,0.002060,0.002022,0.001945,0.001945,0.001907,0.001907,0.001793,0.001831,0.001869,0.001793,0.001793,0.001831,0.001755,0.001717,0.001755,0.001831,0.001793,0.001793,0.001793,0.001755,0.001793,0.001793,0.001831,0.001793,0.001793,0.001793,0.001793,0.001793,0.001793,0.001831,0.001793,0.001831,0.001755,0.001755,0.001831,0.001755,0.001755,0.001793,0.001793,0.001793,0.001869,0.001907,0.001907,0.001869,0.001907,0.001945,0.001984,0.002060,0.002098,0.002098,0.002098,0.002098,0.002174,0.002213,0.002251,0.002174,0.002251,0.002251,0.002289,0.002327,0.002327,0.002289,0.002327,0.002289,0.002289,0.002251,0.002213,0.002289,0.002289,0.002251,0.002251,0.002213,0.002213,0.002136,0.002251,0.002174,0.002174,0.002098,0.002098,0.002174,0.002136,0.002098,0.002098,0.002098,0.002060,0.002098,0.002136,0.002136,0.002022,0.002098,0.002060,0.002098,0.002136,0.002136,0.002136,0.002136,0.002136,0.002136,0.002098,0.002098,0.002136,0.002174,0.002098,0.002098,0.002098,0.002174,0.002136,0.002098,0.002136,0.002174,0.002174,0.002174,0.002213,0.002136,0.002136,0.002174,0.002213,0.002213,0.002174,0.002213,0.002213,0.002174,0.002174,0.002174,0.002136,0.002213,0.002174,0.002136,0.002213,0.002136,0.002060,0.002098,0.002060,0.002098,0.002022,0.002098,0.002060,0.002060,0.002060,0.002022,0.002098,0.002060,0.002060,0.002098,0.002022,0.002060,0.002022,0.002060,0.002060,0.002022,0.002098,0.002098,0.002098,0.002098,0.002060,0.002136,0.002136,0.002174,0.002136,0.002174,0.002174,0.002174,0.002251,0.002251,0.002251,0.002251,0.002213,0.002251,0.002213,0.002213,0.002213,0.002174,0.002174,0.002098,0.002098,0.002060,0.002022,0.002022,0.001984,0.001984,0.001945,0.001907,0.001907,0.001869,0.001907,0.001945,0.001945,0.001907,0.001907,0.001945,0.001945,0.001907,0.001984,0.001945,0.002022,0.001984,0.002022,0.002060,0.002060,0.002060,0.002060,0.002060,0.002060,0.002060,0.002174,0.002098,0.002136,0.002136,0.002098,0.002174,0.002136,0.002098,0.002098,0.002136,0.002136,0.002098,0.002098,0.002098,0.002060,0.002136,0.002022,0.002098,0.002060,0.002060,0.002060,0.001945,0.001945,0.002022,0.001984,0.001945,0.001907,0.001984,0.001869,0.001984,0.001945,0.001907,0.002022,0.002022,0.001945,0.001984,0.001984,0.002060,0.001984,0.002022,0.002022,0.002098,0.002136,0.002098,0.002174,0.002213,0.002174,0.002213,0.002174,0.002289,0.002251,0.002289,0.002289,0.002213,0.002289,0.002289,0.002289,0.002365,0.002327,0.002365,0.002289,0.002327,0.002365,0.002289,0.002365,0.002365,0.002327,0.002289,0.002289,0.002327,0.002289,0.002289,0.002251,0.002251,0.002289,0.002213,0.002251,0.002251,0.002174,0.002251,0.002213,0.002251,0.002213,0.002136,0.002136,0.002136,0.002174,0.002060,0.002060,0.002098,0.002098,0.002022,0.002060,0.002098,0.002022,0.001984,0.002060,0.002060,0.002060,0.002060,0.002098,0.002174,0.002098,0.002174,0.002213,0.002289,0.002251,0.002289,0.002327,0.002327,0.002441,0.002518,0.002480,0.002556,0.002594,0.002632,0.002670,0.002670,0.002708,0.002708,0.002747,0.002747,0.002785,0.002747,0.002670,0.002708,0.002670,0.002670,0.002632,0.002556,0.002518,0.002480,0.002480,0.002480,0.002365,0.002365,0.002327,0.002289,0.002213,0.002213,0.002213,0.002136,0.002136,0.002098,0.001984,0.001945,0.001831,0.001755,0.001678,0.001602,0.001564,0.001373,0.001335,0.001259,0.001183,0.001068,0.001030,0.001030,0.000954,0.000916,0.000954,0.000916,0.000954,0.000992,0.001106,0.001144,0.001221,0.001297,0.001373,0.001526,0.001640,0.001755,0.001831,0.001869,0.001984,0.002022,0.002098,0.002174,0.002251,0.002365,0.002403,0.002403,0.002403,0.002365,0.002403,0.002441,0.002441,0.002365,0.002365,0.002441,0.002365,0.002365,0.002327,0.002289,0.002289,0.002251,0.002251,0.002251,0.002213,0.002174,0.002213,0.002213,0.002251,0.002289,0.002289,0.002327,0.002365,0.002327,0.002441,0.002480,0.002480,0.002518,0.002480,0.002518,0.002594,0.002556,0.002632,0.002594,0.002518,0.002518,0.002556,0.002480,0.002441,0.002441,0.002403,0.002327,0.002327,0.002289,0.002251,0.002213,0.002213,0.002174,0.002098,0.002060,0.002022,0.002022,0.002022,0.001984,0.001984,0.002022,0.001984,0.001984,0.001984,0.001984,0.001984,0.001945,0.001984,0.002022,0.001984,0.002022,0.002022,0.002022,0.002022,0.002022,0.001945,0.002022,0.002022,0.002060,0.002022,0.001945,0.001984,0.001984,0.001984,0.002022,0.002022,0.001984,0.001945,0.002022,0.002022,0.002060,0.002098,0.001984,0.001984,0.002022,0.001984,0.002060,0.002022,0.002060,0.002098,0.002022,0.002060,0.002060,0.002098,0.002060,0.002060,0.002136,0.002098,0.002098,0.002060,0.002136,0.002174,0.002136,0.002136,0.002174,0.002251,0.002289,0.002327,0.002289,0.002289,0.002365,0.002365,0.002365,0.002403,0.002403,0.002403,0.002441,0.002403,0.002403,0.002403,0.002365,0.002403,0.002365,0.002365,0.002327,0.002365,0.002327,0.002289,0.002327,0.002327,0.002327,0.002327,0.002213,0.002213,0.002251,0.002251,0.002174,0.002136,0.002136,0.002136,0.002098,0.002136,0.002136,0.002098,0.002060,0.002098,0.002060,0.002098,0.002098,0.002098,0.002174,0.002098,0.002174,0.002136,0.002136,0.002251,0.002213,0.002213,0.002213,0.002213,0.002251,0.002213,0.002251,0.002289,0.002327,0.002327,0.002327,0.002327,0.002365,0.002365,0.002365,0.002403,0.002441,0.002403,0.002403,0.002403,0.002403,0.002403,0.002365,0.002403,0.002365,0.002289,0.002251,0.002251,0.002213,0.002174,0.002136,0.002136,0.002060,0.002060,0.001984,0.001984,0.001945,0.001907,0.001945,0.001945,0.001869,0.001907,0.001869,0.001984,0.001869,0.001831,0.001869,0.001869,0.001831,0.001831,0.001793,0.001793,0.001869,0.001869,0.001793,0.001793,0.001831,0.001831,0.001831,0.001869,0.001869,0.001869,0.001831,0.001869,0.001869,0.001907,0.001907,0.001945,0.001984,0.001984,0.001984,0.001984,0.001945,0.002060,0.002022,0.002060,0.002060,0.002098,0.002098,0.002098,0.002136,0.002136,0.002213,0.002174,0.002136,0.002174,0.002174,0.002251,0.002213,0.002213,0.002213,0.002174,0.002251,0.002251,0.002174,0.002174,0.002213,0.002174,0.002136,0.002136,0.002174,0.002136,0.002136,0.002136,0.002174,0.002136,0.002098,0.002136,0.002174,0.002213,0.002136,0.002136,0.002136,0.002136,0.002174,0.002213,0.002174,0.002174,0.002174,0.002136,0.002213,0.002213,0.002136,0.002098,0.002136,0.002098,0.002136,0.002098,0.002098,0.002098,0.002060,0.002022,0.001984,0.001945,0.002022,0.001984,0.001945,0.001907,0.001907,0.001984,0.001869,0.001945,0.001907,0.001869,0.001907,0.001869,0.001984,0.001907,0.001984,0.001945,0.001945,0.001984,0.001984,0.001984,0.002022,0.001984,0.002022,0.002060,0.002060,0.002098,0.002136,0.002136,0.002136,0.002136,0.002098,0.002136,0.002136,0.002136,0.002174,0.002136,0.002098,0.002136,0.002098,0.002098,0.002098,0.002098,0.002098,0.001984,0.002098,0.002098,0.002098,0.002136,0.002136,0.002174,0.002098,0.002060,0.002136,0.002098,0.002136,0.002213,0.002174,0.002174,0.002174,0.002213,0.002213,0.002289,0.002289,0.002251,0.002289,0.002327,0.002365,0.002289,0.002327,0.002327,0.002327,0.002289,0.002213,0.002289,0.002327,0.002251,0.002289,0.002251,0.002251,0.002251,0.002213,0.002289,0.002174,0.002174,0.002174,0.002174,0.002174,0.002136,0.002136,0.002136,0.002136,0.002098,0.002098,0.002060,0.002060,0.002098,0.002098,0.002098,0.002136,0.002098,0.002136,0.002098,0.002098,0.002098,0.002174,0.002213,0.002174,0.002174,0.002251,0.002213,0.002251,0.002327,0.002251,0.002289,0.002289,0.002289,0.002289,0.002289,0.002327,0.002251,0.002251,0.002251,0.002289,0.002289,0.002213,0.002251,0.002251,0.002251,0.002174,0.002174,0.002213,0.002174,0.002174,0.002136,0.002098,0.002098,0.002060,0.002060,0.002022,0.001984,0.002022,0.001945,0.002022,0.001984,0.001907,0.001907,0.001869,0.001831,0.001793,0.001793,0.001755,0.001755,0.001793,0.001793,0.001755,0.001755,0.001717,0.001678,0.001678,0.001678,0.001678,0.001755,0.001793,0.001678,0.001678,0.001793,0.001717,0.001678,0.001755,0.001717,0.001793,0.001793,0.001793,0.001755,0.001831,0.001793,0.001793,0.001793,0.001755,0.001793,0.001793,0.001831,0.001831,0.001869,0.001869,0.001869,0.001831,0.001945,0.001945,0.001984,0.001984,0.002022,0.002098,0.002060,0.002136,0.002098,0.002213,0.002174,0.002213,0.002251,0.002213,0.002251,0.002289,0.002289,0.002289,0.002365,0.002327,0.002365,0.002441,0.002403,0.002289,0.002403,0.002403,0.002441,0.002403,0.002403,0.002403,0.002365,0.002365,0.002403,0.002365,0.002365,0.002327,0.002365,0.002327,0.002289,0.002289,0.002327,0.002327,0.002213,0.002213,0.002251,0.002213,0.002213,0.002136,0.002098,0.002098,0.002098,0.002174,0.002098,0.002098,0.002136,0.002098,0.002098,0.001984,0.002060,0.002060,0.001984,0.002060,0.002022,0.002060,0.002098,0.002060,0.002060,0.002060,0.002060,0.002060,0.002060,0.002060,0.002022,0.001984,0.002022,0.002060,0.002022,0.001984,0.002022,0.001984,0.001984,0.001945,0.001945,0.001984,0.001984,0.001907,0.001945,0.001945,0.001945,0.001984,0.002022,0.002022,0.001984,0.001984,0.002060,0.002022,0.002098,0.002022,0.002022,0.002060,0.002098,0.002098,0.002060,0.002136,0.002098,0.002098,0.002060,0.002136,0.002136,0.002136,0.002174,0.002136,0.002136,0.002174,0.002098,0.002098,0.002098,0.002174,0.002174,0.002136,0.002136,0.002098,0.002098,0.002098,0.002060,0.002136,0.002098,0.002098,0.002098,0.002136,0.002136,0.002213,0.002213,0.002174,0.002251,0.002174,0.002174,0.002213,0.002251,0.002213,0.002289,0.002289,0.002174,0.002213,0.002251,0.002289,0.002251,0.002213,0.002251,0.002174,0.002174,0.002213,0.002174,0.002174,0.002251,0.002213,0.002174,0.002213,0.002136,0.002174,0.002136,0.002174,0.002098,0.002136,0.002174,0.002174,0.002174,0.002174,0.002174,0.002098,0.002174,0.002136,0.002174,0.002136,0.002174,0.002136,0.002098,0.002098,0.002098,0.002136,0.002098,0.002098,0.002136,0.002136,0.002098,0.002060,0.002060,0.002060,0.002022,0.002022,0.002022,0.001984,0.002022,0.002022,0.001945,0.001984,0.001984,0.001984,0.001984,0.002022,0.002022,0.001984,0.001945,0.001945,0.001984,0.001984,0.001945,0.001984,0.001907,0.001984,0.001984,0.001945,0.001945,0.001945,0.001945,0.001945,0.001984,0.001945,0.001945,0.001945,0.001984,0.001984,0.001984,0.001907,0.001945,0.002022,0.002098,0.002098,0.001984,0.002060,0.002060,0.002060,0.002022,0.002098,0.002098,0.002213,0.002174,0.002136,0.002174,0.002213,0.002174,0.002213,0.002213,0.002251,0.002213,0.002213,0.002251,0.002213,0.002213,0.002213,0.002213,0.002251,0.002213,0.002251,0.002213,0.002213,0.002213,0.002213,0.002251,0.002251,0.002136,0.002136,0.002174,0.002136,0.002174,0.002174,0.002136,0.002136,0.002136,0.002136,0.002098,0.002098,0.002136,0.002136,0.002136,0.002136,0.002136,0.002213,0.002213,0.002174,0.002174,0.002174,0.002251,0.002174,0.002213,0.002174,0.002213,0.002251,0.002251,0.002213,0.002174,0.002213,0.002213,0.002251,0.002213,0.002174,0.002174,0.002174,0.002136,0.002136,0.002213,0.002251,0.002174,0.002136,0.002213,0.002174,0.002136,0.002136,0.002136,0.002174,0.002174,0.002136,0.002174,0.002136,0.002136,0.002136,0.002136,0.002136,0.002174,0.002136,0.002174,0.002251,0.002174,0.002174,0.002098,0.002136,0.002174,0.002098,0.002136,0.002136,0.002136,0.002136,0.002174,0.002136,0.002174,0.002136,0.002174,0.002136,0.002136,0.002136,0.002136,0.002098,0.002174,0.002174,0.002174,0.002174,0.002213,0.002213,0.002174,0.002174,0.002174,0.002174,0.002174,0.002213,0.002213,0.002213,0.002174,0.002213,0.002174,0.002174,0.002213,0.002174,0.002136,0.002098,0.002098,0.002098,0.002136,0.002098,0.002136,0.002098,0.002022,0.002022,0.002022,0.002060,0.002060,0.002060,0.002022,0.002060,0.002022,0.002022,0.002060,0.002060,0.002060,0.002022,0.002060,0.002022,0.002098,0.002098,0.002136,0.002060,0.002136,0.002136,0.002098,0.002174,0.002174,0.002213,0.002213,0.002213,0.002251,0.002289,0.002289,0.002251,0.002365,0.002403,0.002403,0.002403,0.002441,0.002480,0.002441,0.002480,0.002480,0.002441,0.002480,0.002480,0.002441,0.002403,0.002365,0.002365,0.002327,0.002327,0.002251,0.002213,0.002136,0.002136,0.002136,0.002136,0.002060,0.001984,0.001945,0.001984,0.001907,0.001869,0.001831,0.001869,0.001869,0.001831,0.001907,0.001869,0.001831,0.001831,0.001907,0.001907,0.001907,0.001907,0.001945,0.001945,0.001945,0.001984,0.002060,0.002022,0.002022,0.002060,0.002098,0.002136,0.002098,0.002098,0.002098,0.002136,0.002098,0.002098,0.002060,0.002022,0.002098,0.002022,0.001984,0.002022,0.002060,0.002060,0.001984,0.001984,0.002060,0.001984,0.002022,0.002022,0.002022,0.002060,0.002098,0.002098,0.002022,0.002136,0.002136,0.002136,0.002174,0.002174,0.002174,0.002213,0.002251,0.002251,0.002251,0.002213,0.002289,0.002251,0.002289,0.002289,0.002251,0.002289,0.002289,0.002327,0.002289,0.002289,0.002289,0.002251,0.002289,0.002289,0.002327,0.002327,0.002251,0.002251,0.002251,0.002327,0.002251,0.002289,0.002327,0.002327,0.002289,0.002327,0.002289,0.002327,0.002365,0.002327,0.002365,0.002327,0.002289,0.002403,0.002365,0.002289,0.002327,0.002289,0.002251,0.002251,0.002213,0.002213,0.002174,0.002136,0.002098,0.002136,0.002098,0.002022,0.002060,0.001984,0.001945,0.001945,0.001907,0.001869,0.001869,0.001869,0.001869,0.001869,0.001831,0.001831,0.001793,0.001869,0.001869,0.001869,0.001831,0.001869,0.001831,0.001793,0.001831,0.001831,0.001907,0.001907,0.001869,0.001869,0.001945,0.001984,0.001984,0.001945,0.002022,0.002060,0.002022,0.002022,0.002022,0.002060,0.002098,0.002098,0.002098,0.002098,0.002136,0.002098,0.002136,0.002136,0.002136,0.002136,0.002136,0.002098,0.002098,0.002136,0.002174,0.002136,0.002136,0.002136,0.002174,0.002174,0.002136,0.002098,0.002060,0.002098,0.002098,0.002136,0.002098,0.002136,0.002098,0.002098,0.002174,0.002136,0.002136,0.002098,0.002136,0.002174,0.002174,0.002136,0.002174,0.002174,0.002174,0.002174,0.002213,0.002251,0.002213,0.002251,0.002251,0.002213,0.002251,0.002174,0.002251,0.002213,0.002251,0.002289,0.002251,0.002251,0.002251,0.002251,0.002251,0.002251,0.002213,0.002213,0.002213,0.002213,0.002251,0.002251,0.002213,0.002174,0.002174,0.002136,0.002174,0.002174,0.002174,0.002136,0.002136,0.002060,0.002022,0.002060,0.002060,0.002060,0.002022,0.002022,0.002060,0.002060,0.002174,0.002098,0.002098,0.002060,0.002060,0.002174,0.002213,0.002136,0.002174,0.002136,0.002136,0.002174,0.002213,0.002174,0.002098,0.002136,0.002136,0.002098,0.002022,0.001945,0.002022,0.002060,0.001945,0.001945,0.001984,0.001945,0.001907,0.001907,0.001869,0.001869,0.001907,0.001907,0.001945,0.001869,0.001869,0.001945,0.002022,0.001984,0.002022,0.002060,0.002098,0.002098,0.002136,0.002098,0.002136,0.002136,0.002174,0.002213,0.002136,0.002213,0.002213,0.002136,0.002174,0.002174,0.002174,0.002213,0.002098,0.002098,0.002098,0.002098,0.002098,0.002060,0.002136,0.002098,0.002060,0.002060,0.002060,0.002060,0.002060,0.002060,0.002022,0.002060,0.002022,0.001984,0.002022,0.002022,0.002022,0.002060,0.002060,0.002098,0.002022,0.002098,0.002060,0.002060,0.002136,0.002098,0.002174,0.002136,0.002174,0.002174,0.002213,0.002251,0.002251,0.002213,0.002251,0.002213,0.002289,0.002289,0.002289,0.002327,0.002289,0.002327,0.002327,0.002327,0.002327,0.002251,0.002365,0.002289,0.002289,0.002289,0.002289,0.002289,0.002251,0.002289,0.002213,0.002213,0.002174,0.002213,0.002213,0.002174,0.002136,0.002098,0.002098,0.002136,0.002060,0.002098,0.002060,0.002060,0.002136,0.002098,0.002098,0.002022,0.002060,0.002136,0.002060,0.002060,0.002060,0.002098,0.002136,0.002098,0.002060,0.002060,0.002022,0.001984,0.002060,0.002022,0.001984,0.001945,0.001984,0.001984,0.001984,0.001945,0.001945,0.001831,0.001793,0.001869,0.001869,0.001831,0.001869,0.001831,0.001831,0.001869,0.001869,0.001831,0.001831,0.001869,0.001869,0.001869,0.001869,0.001907,0.001907,0.001907,0.001984,0.001945,0.001945,0.001907,0.001984,0.001984,0.001984,0.001945,0.001945,0.001984,0.001984,0.001984,0.002022,0.001945,0.001984,0.001945,0.001984,0.001984,0.001984,0.001984,0.001945,0.001945,0.001984,0.001984,0.002022,0.002022,0.001945,0.001984,0.001984,0.002022,0.001984,0.002022,0.002060,0.001945,0.002098,0.002060,0.002022,0.002098,0.002098,0.002098,0.002098,0.002098,0.002136,0.002174,0.002136,0.002136,0.002174,0.002251,0.002213,0.002213,0.002213,0.002213,0.002251,0.002213,0.002289,0.002289,0.002251,0.002327,0.002289,0.002327,0.002327,0.002403,0.002365,0.002365,0.002365,0.002365,0.002403,0.002403,0.002365,0.002441,0.002441,0.002403,0.002365,0.002365,0.002403,0.002365,0.002403,0.002365,0.002365,0.002289,0.002251,0.002251,0.002213,0.002174,0.002174,0.002136,0.002060,0.002022,0.002022,0.002060,0.001945,0.001907,0.001831,0.001869,0.001869,0.001831,0.001831,0.001755,0.001793,0.001755,0.001755,0.001793,0.001793,0.001793,0.001793,0.001831,0.001793,0.001869,0.001869,0.001831,0.001869,0.001869,0.001945,0.001984,0.001945,0.001984,0.001984,0.001984,0.001984,0.001945,0.002022,0.001984,0.002060,0.002060,0.002098,0.002060,0.002060,0.002136,0.002098,0.002136,0.002136,0.002136,0.002213,0.002251,0.002251,0.002213,0.002251,0.002289,0.002289,0.002289,0.002327,0.002251,0.002327,0.002365,0.002403,0.002365,0.002365,0.002365,0.002365,0.002289,0.002365,0.002365,0.002365,0.002365,0.002365,0.002365,0.002327,0.002365,0.002365,0.002365,0.002327,0.002327,0.002289,0.002327,0.002327,0.002289,0.002327,0.002327,0.002289,0.002327,0.002327,0.002327,0.002251,0.002327,0.002251,0.002289,0.002251,0.002213,0.002213,0.002213,0.002136,0.002174,0.002213,0.002213,0.002213,0.002174,0.002174,0.002251,0.002213,0.002213,0.002213,0.002213,0.002136,0.002136,0.002174,0.002136,0.002174,0.002098,0.002098,0.002098,0.002098,0.002098,0.002098,0.002098,0.002098,0.002060,0.002022,0.002022,0.002060,0.002022,0.002022,0.002022,0.001984,0.001945,0.001945,0.001907,0.001945,0.001984,0.002022,0.001945,0.002022,0.001984,0.001945,0.001984,0.001984,0.001984,0.002022,0.001984,0.002022,0.002022,0.002022,0.001984,0.001984,0.002060,0.002022,0.002022,0.002060,0.002060,0.002060,0.002022,0.002060,0.002022,0.002060,0.002098,0.002098,0.002136,0.002060,0.002098,0.002136,0.002136,0.002174,0.002174,0.002251,0.002174,0.002213,0.002213,0.002174,0.002251,0.002289,0.002251,0.002289,0.002289,0.002365,0.002327,0.002327,0.002365,0.002327,0.002327,0.002289,0.002289,0.002213,0.002327,0.002365,0.002289,0.002289,0.002327,0.002327,0.002327,0.002251,0.002251,0.002289,0.002251,0.002213,0.002251,0.002289,0.002251,0.002213,0.002251,0.002213,0.002251,0.002174,0.002174,0.002174,0.002174,0.002174,0.002174,0.002136,0.002136,0.002136,0.002174,0.002136,0.002174,0.002174,0.002136,0.002098,0.002098,0.002174,0.002174,0.002174,0.002136,0.002136,0.002174,0.002174,0.002174,0.002136,0.002098,0.002060,0.002022,0.002098,0.002060,0.002022,0.002022,0.002022,0.001984,0.001984,0.001945,0.001984,0.001907,0.001945,0.001945,0.001907,0.001945,0.001831,0.001869,0.001869,0.001907,0.001945,0.001907,0.001945,0.001869,0.001869,0.001869,0.001945,0.001945,0.001831,0.001831,0.001869,0.001869,0.001945,0.001907,0.001907,0.001945,0.001984,0.002022,0.001945,0.002022,0.001984,0.001945,0.002022,0.002060,0.002060,0.002022,0.002022,0.002060,0.002060,0.002098,0.002098,0.002136,0.002136,0.002098,0.002136,0.002174,0.002213,0.002251,0.002174,0.002251,0.002251,0.002289,0.002327,0.002251,0.002289,0.002327,0.002365,0.002327,0.002365,0.002365,0.002327,0.002365,0.002327,0.002289,0.002365,0.002327,0.002327,0.002289,0.002251,0.002289,0.002289,0.002289,0.002251,0.002289,0.002213,0.002213,0.002213,0.002251,0.002251,0.002251,0.002251,0.002251,0.002213,0.002289,0.002174,0.002136,0.002174,0.002136,0.002213,0.002251,0.002213,0.002136,0.002136,0.002174,0.002136,0.002174,0.002174,0.002174,0.002213,0.002174,0.002136,0.002136,0.002136,0.002098,0.002213,0.002213,0.002213,0.002251,0.002213,0.002174,0.002174,0.002174,0.002213,0.002213,0.002174,0.002251,0.002174,0.002251,0.002213,0.002213,0.002213,0.002213,0.002174,0.002213,0.002174,0.002251,0.002213,0.002289,0.002289,0.002213,0.002251,0.002213,0.002213,0.002174,0.002174,0.002136,0.002136,0.002174,0.002174,0.002213,0.002136,0.002174,0.002174,0.002136,0.002174,0.002213,0.002251,0.002174,0.002174,0.002174,0.002174,0.002136,0.002174,0.002174,0.002174,0.002251,0.002174,0.002213,0.002136,0.002213,0.002213,0.002213,0.002213,0.002213,0.002213,0.002213,0.002289,0.002213,0.002213,0.002289,0.002251,0.002289,0.002251,0.002251,0.002251,0.002213,0.002174,0.002213,0.002174,0.002136,0.002060,0.002136,0.002060,0.002060,0.002098,0.002060,0.002022,0.002022,0.002060,0.001984,0.001984,0.001984,0.001945,0.001984,0.001945,0.001907,0.001869,0.001831,0.001831,0.001869,0.001869,0.001945,0.001869,0.001869,0.001793,0.001869,0.001907,0.001793,0.001907,0.001869,0.001831,0.001869,0.001907,0.001945,0.001945,0.001984,0.001945,0.001945,0.002022,0.002022,0.002060,0.002098,0.002098,0.002136,0.002174,0.002213,0.002213,0.002213,0.002251,0.002251,0.002251,0.002251,0.002251,0.002289,0.002251,0.002289,0.002251,0.002251,0.002251,0.002213,0.002174,0.002174,0.002174,0.002174,0.002174,0.002136,0.002098,0.002136,0.002136,0.002136,0.002098,0.002098,0.002174,0.002098,0.002136,0.002098,0.002060,0.002136,0.002213,0.002174,0.002213,0.002251,0.002251,0.002213,0.002289,0.002251,0.002251,0.002251,0.002213,0.002289,0.002251,0.002213,0.002213,0.002213,0.002213,0.002213,0.002213,0.002213,0.002136,0.002136,0.002060,0.002136,0.002022,0.001984,0.002022,0.001945,0.001869,0.001755,0.001831,0.001869,0.001755,0.001793,0.001755,0.001793,0.001793,0.001717,0.001755,0.001755,0.001793,0.001793,0.001793,0.001831,0.001831,0.001907,0.001945,0.001945,0.001984,0.001984,0.002022,0.002060,0.002060,0.001984,0.002060,0.002098,0.002060,0.002060,0.002022,0.002022,0.002060,0.002022,0.002060,0.002060,0.002022,0.002022,0.002060,0.002022,0.002022,0.002022,0.002060,0.002098,0.002098,0.002174,0.002098,0.002136,0.002098,0.002136,0.002136,0.002251,0.002251,0.002174,0.002213,0.002213,0.002289,0.002251,0.002251,0.002289,0.002251,0.002289,0.002289,0.002251,0.002327,0.002289,0.002289,0.002289,0.002251,0.002251,0.002289,0.002289,0.002251,0.002174,0.002213,0.002174,0.002213,0.002213,0.002289,0.002174,0.002174,0.002213,0.002174,0.002174,0.002174,0.002174,0.002174,0.002213,0.002213,0.002174,0.002174,0.002174,0.002136,0.002213,0.002174,0.002213,0.002213,0.002136,0.002174,0.002098,0.002136,0.002174,0.002136,0.002174,0.002060,0.002136,0.002136,0.002098,0.002098,0.002098,0.002098,0.002098,0.002060,0.002022,0.001984,0.002060,0.002060,0.002060,0.002060,0.002022,0.002022,0.001984,0.002060,0.002060,0.002098,0.002098,0.002060,0.002060,0.002060,0.002060,0.002098,0.002098,0.002098,0.002060,0.002060,0.002098,0.002060,0.002098,0.002098,0.002136,0.002136,0.002136,0.002136,0.002098,0.002174,0.002174,0.002098,0.002136,0.002174,0.002174,0.002136,0.002174,0.002136,0.002213,0.002213,0.002136,0.002174,0.002136,0.002213,0.002174,0.002136,0.002251,0.002213,0.002174,0.002098,0.002136,0.002136,0.002098,0.002098,0.002136,0.002136,0.002098,0.002060,0.002098,0.002060,0.002098,0.002022,0.002022,0.002022,0.001984,0.002022,0.002022,0.001984,0.001945,0.001984,0.001984,0.001945,0.001984,0.001984,0.001984,0.002060,0.002022,0.001945,0.002022,0.001984,0.001984,0.002060,0.001984,0.002060,0.001984,0.001984,0.002060,0.002022,0.002060,0.001984,0.002022,0.001984,0.001984,0.002022,0.002022,0.002060,0.002022,0.002022,0.002098,0.002022,0.002060,0.002098,0.002098,0.002098,0.002060,0.002098,0.002136,0.002174,0.002174,0.002136,0.002174,0.002136,0.002136,0.002174,0.002174,0.002098,0.002136,0.002136,0.002174,0.002174,0.002136,0.002136,0.002098,0.002098,0.002098,0.002098,0.002136,0.002136,0.002098,0.002136,0.002022,0.002060,0.002022,0.002022,0.002022,0.002060,0.002060,0.002022,0.002060,0.002060,0.002060,0.002060,0.002098,0.002098,0.002174,0.002136,0.002136,0.002174,0.002213,0.002251,0.002213,0.002174,0.002251,0.002251,0.002289,0.002251,0.002289,0.002289,0.002251,0.002327,0.002213,0.002289,0.002289,0.002213,0.002251,0.002213,0.002213,0.002213,0.002213,0.002213,0.002174,0.002213,0.002136,0.002136,0.002174,0.002174,0.002174,0.002174,0.002136,0.002174,0.002174,0.002098,0.002136,0.002098,0.002060,0.002136,0.002098,0.002060,0.002098,0.002060,0.002098,0.002098,0.002098,0.002060,0.002060,0.002136,0.002098,0.002060,0.002098,0.002060,0.002060,0.002060,0.002022,0.002022,0.002022,0.002022,0.001945,0.001984,0.002022,0.001945,0.001984,0.002022,0.002022,0.002022,0.001907,0.001945,0.001945,0.001984,0.001945,0.002022,0.001984,0.001984,0.001945,0.001984,0.001984,0.001984,0.001984,0.001984,0.001984,0.001945,0.001984,0.001945,0.002022,0.001984,0.002060,0.002060,0.002060,0.002060,0.002060,0.002136,0.002098,0.002060,0.002060,0.002136,0.002174,0.002136,0.002098,0.002136,0.002213,0.002213,0.002174,0.002251,0.002213,0.002174,0.002174,0.002251,0.002213,0.002213,0.002174,0.002213,0.002213,0.002289,0.002327,0.002327,0.002327,0.002289,0.002327,0.002365,0.002289,0.002289,0.002213,0.002289,0.002289,0.002289,0.002289,0.002251,0.002213,0.002251,0.002289,0.002213,0.002251,0.002251,0.002174,0.002213,0.002251,0.002289,0.002251,0.002174,0.002174,0.002174,0.002213,0.002213,0.002213,0.002213,0.002136,0.002174,0.002174,0.002174,0.002174,0.002213,0.002136,0.002174,0.002136,0.002174,0.002174,0.002174,0.002136,0.002136,0.002174,0.002174,0.002213,0.002251,0.002136,0.002174,0.002174,0.002174,0.002174,0.002213,0.002174,0.002174,0.002174,0.002174,0.002213,0.002136,0.002174,0.002174,0.002136,0.002136,0.002098,0.002060,0.002022,0.002022,0.001984,0.002022,0.001984,0.001945,0.001907,0.001945,0.001907,0.001907,0.002022,0.001984,0.002022,0.002060,0.002098,0.002136,0.002174,0.002174,0.002174,0.002213,0.002327,0.002365,0.002403,0.002403,0.002403,0.002403,0.002403,0.002441,0.002403,0.002441,0.002365,0.002365,0.002365,0.002327,0.002327,0.002251,0.002136,0.002136,0.002136,0.002098,0.002022,0.002022,0.002022,0.001907,0.001907,0.001907,0.001984,0.001945,0.001945,0.001984,0.002022,0.002022,0.002022,0.002060,0.001984,0.002098,0.002174,0.002098,0.002060,0.002136,0.002174,0.002174,0.002213,0.002213,0.002213,0.002213,0.002213,0.002213,0.002213,0.002213,0.002174,0.002251,0.002213,0.002213,0.002251,0.002174,0.002213,0.002174,0.002213,0.002174,0.002213,0.002174,0.002174,0.002174,0.002251,0.002251,0.002174,0.002174,0.002213,0.002289,0.002251,0.002289,0.002251,0.002251,0.002251,0.002213,0.002213,0.002251,0.002289,0.002289,0.002251,0.002289,0.002251,0.002251,0.002251,0.002251,0.002213,0.002213,0.002213,0.002174,0.002213,0.002251,0.002213,0.002213,0.002213,0.002213,0.002174,0.002213,0.002174,0.002098,0.002136,0.002174,0.002174,0.002136,0.002136,0.002136,0.002136,0.002136,0.002136,0.002213,0.002174,0.002174,0.002174,0.002098,0.002136,0.002060,0.002098,0.002060,0.002060,0.002060,0.002060,0.001984,0.002022,0.002022,0.002022,0.002022,0.002098,0.002060,0.001984,0.002022,0.002060,0.002022,0.002060,0.002098,0.002098,0.002098,0.002098,0.002098,0.002136,0.002174,0.002174,0.002174,0.002136,0.002174,0.002136,0.002136,0.002174,0.002174,0.002174,0.002136,0.002136,0.002136,0.002098,0.002136,0.002136,0.002098,0.002136,0.002136,0.002060,0.002060,0.002098,0.002098,0.002098,0.002098,0.002136,0.002098,0.002136,0.002136,0.002060,0.002098,0.002136,0.002174,0.002136,0.002098,0.002136,0.002213,0.002174,0.002174,0.002174,0.002136,0.002136,0.002174,0.002174,0.002136,0.002136,0.002136,0.002098,0.002098,0.002174,0.002098,0.002136,0.002098,0.002213,0.002136,0.002136,0.002136,0.002136,0.002136,0.002174,0.002174,0.002174,0.002174,0.002174,0.002174,0.002174,0.002136,0.002136,0.002174,0.002213,0.002174,0.002136,0.002174,0.002174,0.002174,0.002174,0.002174,0.002136,0.002136,0.002098,0.002136,0.002136,0.002098,0.002098,0.002098,0.002060,0.002060,0.002098,0.002060,0.002098,0.002060,0.002060,0.002022,0.002022,0.002098,0.002060,0.002060,0.002022,0.001984,0.001945,0.001984,0.002022,0.002022,0.001945,0.001984,0.001984,0.002022,0.002060,0.001945,0.002022,0.002022,0.002022,0.002060,0.002022,0.002060,0.002060,0.002098,0.002060,0.002098,0.002136,0.002060,0.002098,0.002098,0.002098,0.002174,0.002098,0.002136,0.002098,0.002136,0.002136,0.002136,0.002174,0.002136,0.002174,0.002174,0.002098,0.002213,0.002174,0.002174,0.002174,0.002174,0.002174,0.002213,0.002213,0.002174,0.002213,0.002251,0.002289,0.002289,0.002251,0.002174,0.002251,0.002251,0.002289,0.002174,0.002213,0.002213,0.002174,0.002251,0.002213,0.002174,0.002136,0.002098,0.002136,0.002098,0.002060,0.002060,0.002060,0.002098,0.002060,0.002098,0.002060,0.002060,0.002060,0.002022,0.002022,0.002022,0.002060,0.002060,0.002022,0.002060,0.002022,0.002022,0.001984,0.001984,0.002022,0.002022,0.001984,0.001831,0.001945,0.001945,0.001984,0.001984,0.001984,0.001945,0.001945,0.001945,0.001984,0.001869,0.001945,0.001945,0.001945,0.001984,0.001945,0.001945,0.001945,0.002022,0.002022,0.001984,0.002060,0.002022,0.002022,0.002060,0.002022,0.002060,0.002060,0.002136,0.002098,0.002098,0.002136,0.002174,0.002213,0.002136,0.002213,0.002289,0.002174,0.002213,0.002174,0.002251,0.002251,0.002213,0.002213,0.002136,0.002251,0.002213,0.002213,0.002213,0.002174,0.002174,0.002136,0.002174,0.002174,0.002098,0.002098,0.002060,0.002060,0.002022,0.002022,0.001984,0.001945,0.001984,0.001984,0.001907,0.001945,0.001831,0.001831,0.001793,0.001869,0.001831,0.001831,0.001831,0.001831,0.001831,0.001869,0.001869,0.001907,0.001869,0.001907,0.001945,0.001945,0.001945,0.001984,0.001984,0.002022,0.002098,0.002136,0.002136,0.002174,0.002136,0.002174,0.002213,0.002213,0.002174,0.002213,0.002251,0.002213,0.002213,0.002213,0.002213,0.002251,0.002213,0.002174,0.002213,0.002213,0.002174,0.002174,0.002251,0.002213,0.002174,0.002213,0.002251,0.002327,0.002289,0.002251,0.002365,0.002213,0.002289,0.002251,0.002289,0.002251,0.002251,0.002327,0.002251,0.002251,0.002251,0.002327,0.002289,0.002251,0.002251,0.002213,0.002251,0.002251,0.002174,0.002213,0.002136,0.002174,0.002136,0.002213,0.002174,0.002136,0.002098,0.002098,0.002022,0.002098,0.001984,0.001984,0.002022,0.002060,0.002098,0.002022,0.002060,0.002060,0.002060,0.002098,0.002060,0.002060,0.002098,0.002060,0.002060,0.002022,0.002060,0.002022,0.001984,0.001984,0.001907,0.002022,0.001945,0.002022,0.001984,0.001984,0.001984,0.002060,0.002174,0.002098,0.002098,0.002136,0.002098,0.002174,0.002060,0.002098,0.002098,0.002060,0.002022,0.001945,0.001984,0.001945,0.001907,0.001907,0.001869,0.001907,0.001793,0.001831,0.001793,0.001755,0.001793,0.001793,0.001869,0.001831,0.001869,0.001907,0.001945,0.001907,0.001945,0.001984,0.002060,0.001984,0.001907,0.001869,0.001869,0.001869,0.001831,0.001907,0.001869,0.001907,0.001793,0.001869,0.001869,0.001869,0.001907,0.001907,0.001907,0.001869,0.001831,0.001907,0.001907,0.001945,0.001984,0.001984,0.001984,0.001984,0.002022,0.002022,0.001984,0.001984,0.001984,0.002060,0.001984,0.001984,0.002022,0.002022,0.002060,0.002022,0.002022,0.002098,0.002098,0.002136,0.002174,0.002174,0.002213,0.002174,0.002213,0.002213,0.002251,0.002251,0.002289,0.002289,0.002251,0.002365,0.002289,0.002403,0.002403,0.002365,0.002403,0.002365,0.002365,0.002327,0.002327,0.002289,0.002251,0.002251,0.002213,0.002213,0.002213,0.002136,0.002136,0.002022,0.002098,0.002022,0.002022,0.002060,0.001984,0.001984,0.001945,0.002022,0.001984,0.001945,0.002060,0.002022,0.002060,0.002060,0.002136,0.002136,0.002098,0.002213,0.002136,0.002174,0.002213,0.002213,0.002251,0.002213,0.002251,0.002251,0.002174,0.002213,0.002213,0.002251,0.002213,0.002213,0.002174,0.002136,0.002136,0.002213,0.002213,0.002174,0.002098,0.002174,0.002098,0.002136,0.002136,0.002174,0.002136,0.002136,0.002136,0.002174,0.002136,0.002136,0.002136,0.002098,0.002136,0.002136,0.002213,0.002174,0.002251,0.002174,0.002213,0.002251,0.002174,0.002213,0.002174,0.002213,0.002213,0.002213,0.002174,0.002098,0.002136,0.002098,0.002136,0.002136,0.002098,0.002136,0.002060,0.002136,0.002136,0.002098,0.002174,0.002022,0.002136,0.002098,0.002098,0.002136,0.002136,0.002174,0.002136,0.002174,0.002174,0.002174,0.002174,0.002174,0.002213,0.002174,0.002136,0.002213,0.002136,0.002174,0.002136,0.002136,0.002136,0.002060,0.002060,0.002098,0.002136,0.002136,0.002136,0.002098,0.002060,0.002136,0.002098,0.002136,0.002136,0.002060,0.002136,0.002098,0.002098,0.002136,0.002136,0.002174,0.002098,0.002174,0.002174,0.002098,0.002174,0.002136,0.002174,0.002174,0.002174,0.002174,0.002060,0.002136,0.002098,0.002098,0.002174,0.002136,0.002174,0.002098,0.002174,0.002174,0.002174,0.002174,0.002060,0.002098,0.002136,0.002174,0.002136,0.002136,0.002136,0.002136,0.002136,0.002136,0.002098,0.002098,0.002060,0.002060,0.002098,0.002098,0.002136,0.002060,0.002098,0.002098,0.002098,0.002136,0.002060,0.002098,0.002060,0.002060,0.002022,0.002022,0.002060,0.002022,0.002060,0.002022,0.002022,0.002022,0.001984,0.002022,0.001945,0.001945,0.001984,0.001984,0.002060,0.002022,0.001984,0.001984,0.001984,0.002022,0.001984,0.002060,0.002060,0.002022,0.002060,0.002060,0.002136,0.002098,0.002098,0.002174,0.002213,0.002213,0.002213,0.002251,0.002213,0.002174,0.002213,0.002174,0.002251,0.002251,0.002251,0.002289,0.002251,0.002327,0.002289,0.002289,0.002289,0.002289,0.002327,0.002327,0.002289,0.002289,0.002289,0.002289,0.002251,0.002289,0.002289,0.002213,0.002289,0.002213,0.002289,0.002213,0.002213,0.002174,0.002136,0.002213,0.002174,0.002136,0.002136,0.002098,0.002136,0.002136,0.002136,0.002213,0.002174,0.002174,0.002098,0.002136,0.002098,0.002174,0.002174,0.002174,0.002289,0.002213,0.002213,0.002251,0.002289,0.002251,0.002213,0.002327,0.002251,0.002251,0.002289,0.002251,0.002327,0.002289,0.002327,0.002289,0.002251,0.002289,0.002289,0.002251,0.002213,0.002251,0.002289,0.002289,0.002213,0.002251,0.002174,0.002213,0.002174,0.002213,0.002136,0.002174,0.002174,0.002098,0.002098,0.002022,0.002060,0.001984,0.001945,0.001984,0.001945,0.001945,0.001907,0.001945,0.001907,0.001907,0.001869,0.001831,0.001831,0.001869,0.001869,0.001869,0.001907,0.001984,0.001907,0.001945,0.001984,0.001945,0.002022,0.001984,0.002060,0.002060,0.002098,0.002174,0.002174,0.002251,0.002213,0.002174,0.002289,0.002327,0.002289,0.002251,0.002327,0.002403,0.002327,0.002327,0.002289,0.002365,0.002365,0.002289,0.002289,0.002174,0.002289,0.002213,0.002251,0.002289,0.002213,0.002213,0.002136,0.002213,0.002174,0.002136,0.002174,0.002098,0.002098,0.002136,0.002136,0.002174,0.002174,0.002174,0.002098,0.002136,0.002174,0.002174,0.002213,0.002174,0.002213,0.002174,0.002213,0.002289,0.002174,0.002251,0.002213,0.002251,0.002289,0.002251,0.002289,0.002251,0.002251,0.002213,0.002251,0.002289,0.002251,0.002327,0.002289,0.002289,0.002289,0.002251,0.002289,0.002174,0.002213,0.002213,0.002213,0.002174,0.002136,0.002213,0.002174,0.002174,0.002213,0.002213,0.002213,0.002213,0.002174,0.002213,0.002174,0.002174,0.002213,0.002251,0.002251,0.002251,0.002289,0.002213,0.002251,0.002213,0.002251,0.002251,0.002213,0.002251,0.002174,0.002174,0.002174,0.002174,0.002174,0.002098,0.002136,0.002136,0.002136,0.002098,0.002022,0.002060,0.002022,0.002022,0.002060,0.002022,0.001984,0.001984,0.002022,0.002022,0.001984,0.002022,0.001984,0.001984,0.001984,0.002022,0.001984,0.002022,0.002060,0.001945,0.002022,0.001984,0.002022,0.002060,0.002022,0.002060,0.002022,0.002022,0.002022,0.001984,0.002060,0.002022,0.002022,0.002060,0.002060,0.002098,0.001984,0.002098,0.002098,0.002098,0.002060,0.002060,0.002098,0.002022,0.001984,0.002022,0.002060,0.002098,0.001984,0.002022,0.002022,0.001984,0.002060,0.001984,0.001945,0.002022,0.002022,0.001984,0.001984,0.002060,0.002022,0.002022,0.002060,0.002060,0.002060,0.002022,0.002098,0.002060,0.002022,0.002098,0.002098,0.002174,0.002060,0.002098,0.002136,0.002098,0.002174,0.002022,0.002098,0.002174,0.002098,0.002174,0.002136,0.002174,0.002136,0.002136,0.002098,0.002060,0.002098,0.002098,0.002098,0.002098,0.002098,0.002060,0.002022,0.002098,0.002060,0.002022,0.002060,0.001984,0.002098,0.002022,0.002022,0.002060,0.002022,0.002060,0.001984,0.002098,0.002060,0.001984,0.001984,0.001984,0.002060,0.002022,0.001945,0.001984,0.002022,0.001984,0.001984,0.002022,0.002022,0.001984,0.002022,0.002022,0.002022,0.002022,0.002060,0.002098,0.001984,0.002060,0.002022,0.002136,0.002136,0.002098,0.002098,0.002060,0.002136,0.002098,0.002098,0.002136,0.002098,0.002098,0.002060,0.002098,0.002136,0.002136,0.002098,0.002098,0.002136,0.002098,0.002098,0.002136,0.002098,0.002136,0.002098,0.002098,0.002136,0.002022,0.002098,0.002098,0.002174,0.002136,0.002098,0.002098,0.002136,0.002098,0.002098,0.002098,0.002098,0.002098,0.002098,0.002098,0.002098,0.002136,0.002174,0.002174,0.002060,0.002174,0.002098,0.002136,0.002174,0.002060,0.002098,0.002213,0.002098,0.002136,0.002136,0.002213,0.002136,0.002174,0.002213,0.002213,0.002251,0.002213,0.002251,0.002174,0.002213,0.002251,0.002289,0.002289,0.002174,0.002327,0.002289,0.002251,0.002289,0.002289,0.002251,0.002251,0.002251,0.002251,0.002289,0.002289,0.002289,0.002251,0.002251,0.002251,0.002251,0.002174,0.002136,0.002174,0.002136,0.002136,0.002098,0.002060,0.002060,0.002060,0.002060,0.002060,0.002136,0.002060,0.002060,0.002060,0.002060,0.002060,0.001984,0.002060,0.001984,0.001984,0.001984,0.001984,0.001984,0.001945,0.001984,0.001984,0.001945,0.001984,0.001984,0.001945,0.001945,0.002022,0.001984,0.001984,0.001984,0.002022,0.002060,0.001984,0.001984,0.001945,0.001945,0.001945,0.001984,0.001984,0.001984,0.001984,0.001984,0.002022,0.002060,0.001945,0.001984,0.001984,0.001907,0.001984,0.002022,0.002022,0.002022,0.001984,0.002098,0.002022,0.001984,0.002022,0.002022,0.002098,0.002060,0.002060,0.002060,0.002098,0.002060,0.002060,0.002098,0.002060,0.002060,0.002098,0.002022,0.002136,0.002060,0.002136,0.002098,0.002136,0.002136,0.002174,0.002136,0.002098,0.002136,0.002174,0.002174,0.002251,0.002213,0.002174,0.002174,0.002213,0.002251,0.002136,0.002213,0.002213,0.002251,0.002213,0.002174,0.002251,0.002213,0.002174,0.002213,0.002098,0.002136,0.002098,0.002098,0.002022,0.002060,0.001984,0.001984,0.002022,0.001945,0.001945,0.001984,0.001907,0.001907,0.001869,0.001869,0.001869,0.001869,0.001831,0.001831,0.001869,0.001793,0.001831,0.001831,0.001869,0.001907,0.001869,0.001945,0.001984,0.001984,0.001907,0.001907,0.001984,0.002022,0.001984,0.001984,0.001984,0.002022,0.001984,0.001984,0.001907,0.001984,0.001984,0.001907,0.002022,0.001945,0.001907,0.001945,0.001869,0.001945,0.001831,0.001869,0.001869,0.001869,0.001869,0.001831,0.001869,0.001907,0.001907,0.001869,0.001831,0.001907,0.001831,0.001984,0.001945,0.001984,0.001945,0.001984,0.002060,0.002022,0.002022,0.002022,0.002098,0.002136,0.002098,0.002174,0.002213,0.002213,0.002213,0.002213,0.002213,0.002213,0.002251,0.002289,0.002289,0.002289,0.002403,0.002365,0.002403,0.002365,0.002403,0.002327,0.002365,0.002365,0.002441,0.002441,0.002441,0.002480,0.002441,0.002441,0.002518,0.002556,0.002594,0.002556,0.002518,0.002556,0.002518,0.002518,0.002556,0.002518,0.002480,0.002518,0.002480,0.002518,0.002518,0.002518,0.002518,0.002518,0.002480,0.002480,0.002403,0.002480,0.002403,0.002365,0.002441,0.002365,0.002403,0.002327,0.002289,0.002327,0.002289,0.002251,0.002289,0.002251,0.002174,0.002174,0.002213,0.002213,0.002213,0.002174,0.002213,0.002136,0.002136,0.002136,0.002098,0.002174,0.002098,0.002174,0.002136,0.002174,0.002213,0.002136,0.002174,0.002098,0.002136,0.002136,0.002136,0.002098,0.002098,0.002098,0.002060,0.002060,0.002060,0.002060,0.002022,0.001984,0.001945,0.001945,0.001945,0.001984,0.001945,0.001984,0.001907,0.001907,0.001984,0.001907,0.001945,0.001945,0.001907,0.001869,0.001869,0.001869,0.001869,0.001869,0.001907,0.001831,0.001907,0.001907,0.001869,0.001869,0.001869,0.001869,0.001869,0.001907,0.001869,0.001907,0.001907,0.001907,0.001945,0.001945,0.001984,0.001945,0.002022,0.002060,0.002060,0.002022,0.001984,0.002060,0.002098,0.002022,0.002022,0.002060,0.002060,0.002098,0.002098,0.002098,0.002060,0.002060,0.002022,0.002060,0.001984,0.002022,0.002098,0.001984,0.002098,0.002060,0.001984,0.002098,0.002098,0.002060,0.002060,0.002098,0.002098,0.002098,0.002060,0.002098,0.002060,0.002098,0.002098,0.002174,0.002136,0.002136,0.002213,0.002136,0.002174,0.002174,0.002136,0.002174,0.002174,0.002174,0.002174,0.002213,0.002213,0.002213,0.002136,0.002174,0.002174,0.002098,0.002136,0.002136,0.002174,0.002174,0.002174,0.002174,0.002136,0.002098,0.002136,0.002174,0.002098,0.002136,0.002174,0.002136,0.002174,0.002174,0.002174,0.002174,0.002174,0.002174,0.002213,0.002251,0.002213,0.002174,0.002251,0.002213,0.002289,0.002289,0.002213,0.002251,0.002251,0.002289,0.002251,0.002213,0.002213,0.002251,0.002251,0.002213,0.002213,0.002213,0.002213,0.002213,0.002213,0.002213,0.002174,0.002136,0.002174,0.002136,0.002136,0.002136,0.002136,0.002136,0.002174,0.002213,0.002136,0.002174,0.002174,0.002213,0.002213,0.002213,0.002213,0.002174,0.002174,0.002174,0.002174,0.002174,0.002136,0.002174,0.002174,0.002213,0.002251,0.002213,0.002213,0.002213,0.002174,0.002174,0.002174,0.002174,0.002174,0.002136,0.002174,0.002213,0.002174,0.002213,0.002213,0.002174,0.002213,0.002174,0.002136,0.002213,0.002174,0.002213,0.002136,0.002098,0.002174,0.002174,0.002251,0.002174,0.002136,0.002136,0.002098,0.002213,0.002136,0.002136,0.002098,0.002098,0.002098,0.002174,0.002174,0.002136,0.002136,0.002136,0.002098,0.002174,0.002136,0.002136,0.002136,0.002060,0.002136,0.002136,0.002136,0.002174,0.002060,0.002060,0.002098,0.002022,0.002060,0.002098,0.002060,0.002098,0.002098,0.002060,0.002098,0.002098,0.002060,0.002022,0.002098,0.002098,0.002022,0.002060,0.002136,0.002136,0.002098,0.002098,0.002136,0.002174,0.002213,0.002136,0.002098,0.002136,0.002174,0.002213,0.002098,0.002174,0.002174,0.002174,0.002213,0.002213,0.002251,0.002251,0.002213,0.002251,0.002251,0.002289,0.002289,0.002251,0.002289,0.002289,0.002213,0.002251,0.002251,0.002251,0.002289,0.002251,0.002213,0.002251,0.002251,0.002289,0.002213,0.002251,0.002213,0.002174,0.002289,0.002213,0.002136,0.002174,0.002174,0.002136,0.002098,0.002174,0.002098,0.002136,0.002136,0.002098,0.002098,0.002098,0.002060,0.002098,0.002022,0.002022,0.002060,0.002022,0.002022,0.001984,0.001945,0.001945,0.001945,0.001907,0.001945,0.001945,0.001945,0.001945,0.001984,0.001945,0.001907,0.001945,0.001945,0.001984,0.002022,0.002022,0.001984,0.002022,0.001984,0.001984,0.002060,0.002098,0.002060,0.002098,0.002022,0.002022,0.002136,0.002098,0.002098,0.002136,0.002136,0.002136,0.002174,0.002174,0.002174,0.002174,0.002213,0.002213,0.002213,0.002174,0.002174,0.002098,0.002213,0.002174,0.002136,0.002098,0.002098,0.002136,0.002136,0.002136,0.002098,0.002098,0.002098,0.002098,0.002098,0.002060,0.002060,0.002098,0.002136,0.002136,0.002136,0.002136,0.002060,0.002098,0.002098,0.002098,0.002060,0.002098,0.002136,0.002136,0.002136,0.002136,0.002060,0.002098,0.002098,0.002098,0.002098,0.002060,0.002098,0.002022,0.002022,0.002060,0.002060,0.002060,0.002060,0.002060,0.002060,0.002022,0.002022,0.002022,0.002022,0.002060,0.002060,0.002060,0.002022,0.002022,0.002060,0.002022,0.001984,0.002022,0.002022,0.002060,0.002060,0.002060,0.002098,0.002022,0.002060,0.002098,0.002098,0.002098,0.002098,0.002136,0.002174,0.002213,0.002174,0.002136,0.002136,0.002136,0.002174,0.002136,0.002136,0.002098,0.002136,0.002136,0.002174,0.002136,0.002136,0.002098,0.002098,0.002098,0.002098,0.002136,0.002136,0.002136,0.002098,0.002098,0.002136,0.002136,0.002136,0.002174,0.002174,0.002174,0.002174,0.002213,0.002213,0.002251,0.002174,0.002213,0.002251,0.002213,0.002213,0.002174,0.002174,0.002136,0.002174,0.002174,0.002136,0.002136,0.002136,0.002136,0.002098,0.002136,0.002098,0.002136,0.002136,0.002098,0.002060,0.002136,0.002098,0.002060,0.002098,0.002022,0.002060,0.002060,0.002022,0.002022,0.002022,0.002060,0.002022,0.002022,0.002060,0.002098,0.002060,0.002022,0.001984,0.002060,0.001984,0.001984,0.002022,0.001984,0.001984,0.001984,0.002060,0.002022,0.001984,0.002022,0.001984,0.001984,0.002060,0.002060,0.002060,0.002098,0.002060,0.002022,0.002022,0.002060,0.002060,0.002060,0.002060,0.002022,0.002060,0.002060,0.002098,0.002098,0.002098,0.002098,0.002022,0.002098,0.002136,0.002060,0.002098,0.002098,0.002060,0.002098,0.002022,0.002098,0.002098,0.002098,0.002098,0.002098,0.002098,0.002098,0.002060,0.002098,0.002098,0.002098,0.002060,0.002098,0.002098,0.002060,0.002060,0.002136,0.002098,0.002098,0.002060,0.002098,0.002174,0.002136,0.002098,0.002098,0.002098,0.002136,0.002136,0.002136,0.002136,0.002098,0.002136,0.002136,0.002136,0.002060,0.002098,0.002098,0.002060,0.002022,0.002022,0.002022,0.002022,0.002022,0.001984,0.001945,0.001984,0.001945,0.001907,0.001907,0.001945,0.001945,0.001907,0.001869,0.001907,0.001945,0.001907,0.001831,0.001831,0.001831,0.001869,0.001907,0.001869,0.001869,0.001869,0.001907,0.001907,0.001945,0.001984,0.001907,0.001945,0.001984,0.001984,0.001984,0.001984,0.002022,0.002060,0.002060,0.002060,0.002098,0.002098,0.002136,0.002136,0.002098,0.002098,0.002136,0.002136,0.002136,0.002174,0.002136,0.002136,0.002136,0.002136,0.002098,0.002060,0.002136,0.002098,0.002098,0.002098,0.002098,0.002098,0.002060,0.002098,0.002136,0.002098,0.002060,0.002060,0.002098,0.002098,0.002060,0.002022,0.002098,0.002060,0.002060,0.002136,0.002098,0.002098,0.002098,0.002136,0.002136,0.002098,0.002136,0.002136,0.002136,0.002174,0.002136,0.002098,0.002174,0.002174,0.002136,0.002136,0.002174,0.002136,0.002174,0.002174,0.002136,0.002174,0.002174,0.002251,0.002174,0.002174,0.002213,0.002174,0.002174,0.002136,0.002213,0.002174,0.002136,0.002098,0.002174,0.002136,0.002136,0.002098,0.002098,0.002136,0.002136,0.002098,0.002136,0.002136,0.002098,0.002098,0.002098,0.002060,0.002060,0.002022,0.002060,0.002136,0.002022,0.002060,0.002060,0.002022,0.002060,0.001984,0.001984,0.002060,0.002060,0.002022,0.002022,0.001984,0.002022,0.001984,0.001984,0.001984,0.001984,0.001984,0.002060,0.002060,0.002022,0.002060,0.001984,0.002022,0.002022,0.002022,0.001984,0.002022,0.002022,0.002022,0.002060,0.002060,0.002060,0.002060,0.001984,0.001984,0.002060,0.002022,0.002022,0.002060,0.002098,0.002022,0.002060,0.002060,0.002060,0.002060,0.002060,0.002022,0.002060,0.002098,0.002060,0.002022,0.002060,0.002060,0.002022,0.002022,0.002060,0.002060,0.002022,0.002060,0.002098,0.002098,0.002098,0.002136,0.002060,0.002098,0.002098,0.002022,0.002060,0.002098,0.002060,0.002060,0.002098,0.002060,0.002060,0.002098,0.002060,0.002098,0.002060,0.002060,0.002098,0.002022,0.002060,0.002098,0.002136,0.002098,0.002174,0.002251,0.002213,0.002174,0.002174,0.002213,0.002213,0.002251,0.002251,0.002251,0.002251,0.002289,0.002289,0.002289,0.002251,0.002289,0.002327,0.002289,0.002289,0.002365,0.002365,0.002327,0.002251,0.002289,0.002251,0.002327,0.002327,0.002251,0.002327,0.002289,0.002251,0.002289,0.002289,0.002251,0.002213,0.002251,0.002251,0.002251,0.002251,0.002213,0.002213,0.002136,0.002174,0.002136,0.002136,0.002098,0.002098,0.002060,0.002060,0.002098,0.002022,0.002022,0.002022,0.002022,0.002060,0.002060,0.002060,0.002060,0.002060,0.002098,0.002098,0.002098,0.002098,0.002060,0.002098,0.002098,0.002098,0.002098,0.002060,0.002098,0.002098,0.002136,0.002136,0.002060,0.002098,0.002098,0.002136,0.002098,0.002098,0.002174,0.002136,0.002174,0.002136,0.002136,0.002136,0.002136,0.002136,0.002174,0.002174,0.002213,0.002289,0.002213,0.002251,0.002213,0.002213,0.002213,0.002213,0.002327,0.002251,0.002251,0.002251,0.002251,0.002289,0.002251,0.002251,0.002251,0.002251,0.002213,0.002213,0.002213,0.002213,0.002213,0.002213,0.002213,0.002213,0.002174,0.002136,0.002136,0.002136,0.002060,0.002098,0.002098,0.002022,0.002098,0.002060,0.002060,0.002060,0.002022,0.002022,0.002060,0.002060,0.002022,0.001984,0.001984,0.002022,0.002022,0.002060,0.002060,0.002060,0.002022,0.001984,0.002060,0.002060,0.002060,0.002022,0.002022,0.002060,0.002060,0.002098,0.002022,0.002022,0.002060,0.002098,0.002060,0.002098,0.002136,0.002136,0.002098,0.002174,0.002174,0.002174,0.002213,0.002174,0.002213,0.002174,0.002251,0.002251,0.002213,0.002213,0.002251,0.002213,0.002174,0.002174,0.002251,0.002136,0.002174,0.002136,0.002136,0.002098,0.002060,0.002136,0.002098,0.002098,0.002060,0.002022,0.002060,0.002022,0.001984,0.001984,0.002022,0.001984,0.001984,0.001945,0.001984,0.001984,0.001984,0.002022,0.002060,0.001984,0.002060,0.001984,0.002022,0.002022,0.002098,0.002098,0.002060,0.002060,0.002098,0.002136,0.002136,0.002174,0.002174,0.002174,0.002213,0.002213,0.002289,0.002251,0.002289,0.002289,0.002289,0.002289,0.002251,0.002327,0.002289,0.002251,0.002289,0.002289,0.002327,0.002327,0.002327,0.002289,0.002289,0.002327,0.002289,0.002289,0.002289,0.002289,0.002289,0.002289,0.002289,0.002289,0.002251,0.002251,0.002251,0.002289,0.002289,0.002251,0.002289,0.002251,0.002289,0.002327,0.002289,0.002289,0.002251,0.002289,0.002289,0.002289,0.002251,0.002327,0.002327,0.002251,0.002289,0.002289,0.002251,0.002251,0.002289,0.002251,0.002251,0.002251,0.002251,0.002289,0.002251,0.002289,0.002289,0.002289,0.002289,0.002251,0.002289,0.002289,0.002327,0.002251,0.002289,0.002289,0.002289,0.002251,0.002213,0.002251,0.002251,0.002327,0.002289,0.002213,0.002289,0.002251,0.002289,0.002251,0.002251,0.002251,0.002213,0.002289,0.002251,0.002213,0.002213,0.002174,0.002213,0.002136,0.002174,0.002174,0.002174,0.002174,0.002136,0.002174,0.002136,0.002136,0.002136,0.002098,0.002136,0.002136,0.002136,0.002098,0.002098,0.002098,0.002060,0.002060,0.002060,0.002060,0.002022,0.002022,0.001984,0.001945,0.001984,0.001984,0.001984,0.001984,0.001945,0.001907,0.001945,0.001907,0.001907,0.001907,0.001869,0.001831,0.001869,0.001907,0.001831,0.001869,0.001945,0.001907,0.001945,0.001945,0.001984,0.001984,0.001984,0.001984,0.001945,0.001945,0.001984,0.002022,0.002022,0.002022,0.001984,0.002060,0.002060,0.002060,0.002060,0.002060,0.002060,0.002060,0.002060,0.002098,0.002098,0.002098,0.002098,0.002098,0.002098,0.002136,0.002136,0.002136,0.002136,0.002174,0.002213,0.002213,0.002213,0.002213,0.002251,0.002213,0.002213,0.002213,0.002213,0.002251,0.002213,0.002251,0.002251,0.002251,0.002289,0.002251,0.002251,0.002289,0.002289,0.002251,0.002174,0.002213,0.002174,0.002213,0.002174,0.002136,0.002174,0.002136,0.002136,0.002136,0.002060,0.002136,0.002098,0.002136,0.002098,0.002060,0.002022,0.002060,0.002060,0.002022,0.002060,0.002022,0.001984,0.001945,0.001984,0.001984,0.001945,0.002022,0.001945,0.001984,0.002022,0.001984,0.001984,0.002022,0.002022,0.002022,0.002022,0.001984,0.001945,0.001984,0.001984,0.002060,0.001984,0.002022,0.001984,0.001945,0.002022,0.001984,0.001945,0.001984,0.001945,0.001984,0.001984,0.001984,0.001984,0.001984,0.002022,0.001945,0.002022,0.002022,0.002022,0.002022,0.002022,0.002098,0.002060,0.002098,0.002098,0.002136,0.002098,0.002098,0.002136,0.002136,0.002098,0.002174,0.002174,0.002136,0.002136,0.002213,0.002213,0.002174,0.002174,0.002174,0.002098,0.002098,0.002136,0.002174,0.002174,0.002136,0.002174,0.002174,0.002136,0.002098,0.002136,0.002136,0.002136,0.002136,0.002136,0.002174,0.002174,0.002174,0.002136,0.002213,0.002174,0.002136,0.002136,0.002174,0.002098,0.002136,0.002136,0.002174,0.002136,0.002136,0.002136,0.002136,0.002098,0.002174,0.002098,0.002136,0.002098,0.002136,0.002136,0.002098,0.002060,0.002098,0.002098,0.002060,0.002022,0.002060,0.002098,0.002098,0.001984,0.001984,0.001945,0.002022,0.001984,0.001984,0.001984,0.001984,0.001984,0.001984,0.001907,0.001984,0.001984,0.002060,0.002060,0.002022,0.002060,0.001984,0.001945,0.001984,0.002022,0.001984,0.002022,0.001984,0.002022,0.002022,0.002022,0.002098,0.002098,0.002022,0.002060
4,19:00:00.000,12/31/1903,0.000000,0.100000,UNKNOWN,1,0/0,0.000000,0.000000,0.000000,0.000000,0.000000,0.000000,0.000000,0.000000,0,0,0,0,0.002213,0.002213,0.002174,0.002213,0.002213,0.002251,0.002213,0.002136,0.002213,0.002174,0.002174,0.002174,0.002174,0.002136,0.002136,0.002213,0.002213,0.002098,0.002136,0.002136,0.002174,0.002136,0.002136,0.002136,0.002136,0.002136,0.002174,0.002098,0.002098,0.002060,0.002098,0.002136,0.002098,0.002136,0.002136,0.002098,0.002136,0.002098,0.002136,0.002136,0.002136,0.002136,0.002136,0.002060,0.002098,0.002136,0.002098,0.002098,0.002136,0.002174,0.002098,0.002022,0.002022,0.002098,0.002098,0.002136,0.002136,0.002098,0.002022,0.002060,0.002136,0.002098,0.002098,0.002098,0.002060,0.002098,0.002098,0.002022,0.002022,0.002060,0.002098,0.002060,0.002022,0.002060,0.002022,0.002060,0.002022,0.002022,0.001984,0.001984,0.001984,0.001945,0.002022,0.002022,0.002022,0.002022,0.002022,0.002022,0.002022,0.002022,0.001984,0.002022,0.002060,0.002060,0.002060,0.001984,0.002022,0.002022,0.002022,0.002022,0.002060,0.002060,0.002060,0.002060,0.002022,0.002022,0.002060,0.002022,0.002060,0.002060,0.002022,0.002060,0.002060,0.002022,0.002136,0.002098,0.002060,0.002022,0.002060,0.002060,0.002060,0.002136,0.002098,0.002098,0.002098,0.002060,0.002136,0.002098,0.002098,0.002136,0.002098,0.002098,0.002136,0.002098,0.002098,0.002098,0.002136,0.002060,0.002098,0.002098,0.002098,0.002098,0.002060,0.002098,0.002060,0.002098,0.002098,0.002022,0.002098,0.002060,0.002060,0.002136,0.002098,0.002060,0.002098,0.002098,0.002098,0.002098,0.002060,0.002098,0.002098,0.002098,0.002136,0.002136,0.002098,0.002136,0.002098,0.002136,0.002136,0.002136,0.002174,0.002213,0.002174,0.002174,0.002136,0.002174,0.002174,0.002174,0.002136,0.002213,0.002213,0.002174,0.002174,0.002136,0.002136,0.002174,0.002174,0.002174,0.002136,0.002098,0.002136,0.002136,0.002174,0.002136,0.002136,0.002098,0.002136,0.002174,0.002174,0.002136,0.002098,0.002136,0.002098,0.002136,0.002098,0.002136,0.002098,0.002136,0.002098,0.002136,0.002174,0.002136,0.002136,0.002174,0.002174,0.002098,0.002098,0.002136,0.002136,0.002174,0.002174,0.002098,0.002136,0.002174,0.002136,0.002136,0.002174,0.002174,0.002174,0.002213,0.002174,0.002174,0.002136,0.002174,0.002213,0.002174,0.002174,0.002136,0.002136,0.002213,0.002174,0.002213,0.002174,0.002174,0.002136,0.002174,0.002174,0.002174,0.002136,0.002213,0.002136,0.002174,0.002174,0.002213,0.002136,0.002136,0.002174,0.002174,0.002136,0.002174,0.002136,0.002098,0.002098,0.002213,0.002098,0.002136,0.002136,0.002136,0.002136,0.002136,0.002098,0.002136,0.002098,0.002136,0.002098,0.002136,0.002174,0.002136,0.002136,0.002098,0.002098,0.002136,0.002098,0.002136,0.002136,0.002098,0.002136,0.002098,0.002136,0.002098,0.002098,0.002060,0.002060,0.002098,0.002098,0.002098,0.002022,0.002098,0.002098,0.002060,0.002098,0.002098,0.002098,0.002174,0.002098,0.002060,0.002060,0.002060,0.002098,0.002098,0.002060,0.002098,0.002060,0.002060,0.002060,0.002022,0.002022,0.002060,0.002022,0.002022,0.002098,0.002060,0.002060,0.002022,0.002022,0.002022,0.002060,0.002060,0.002022,0.002098,0.002060,0.002022,0.002136,0.002060,0.002022,0.002098,0.002098,0.002136,0.002060,0.002022,0.002022,0.002098,0.002098,0.002022,0.002060,0.002060,0.002060,0.002136,0.002098,0.002098,0.002060,0.002060,0.002060,0.002060,0.002098,0.002098,0.002098,0.002098,0.002060,0.002060,0.002060,0.002098,0.002098,0.002022,0.002022,0.002060,0.002098,0.002098,0.002098,0.002098,0.002098,0.002098,0.002060,0.002098,0.002060,0.002060,0.002136,0.002098,0.002136,0.002098,0.002060,0.002060,0.002060,0.002060,0.002022,0.002174,0.002136,0.002060,0.002098,0.002060,0.002098,0.002098,0.002098,0.002136,0.002136,0.002136,0.002136,0.002136,0.002174,0.002136,0.002136,0.002136,0.002136,0.002174,0.002136,0.002136,0.002174,0.002174,0.002136,0.002098,0.002098,0.002098,0.002174,0.002174,0.002136,0.002174,0.002174,0.002213,0.002174,0.002174,0.002213,0.002213,0.002136,0.002174,0.002213,0.002213,0.002174,0.002213,0.002213,0.002174,0.002174,0.002174,0.002174,0.002213,0.002174,0.002174,0.002213,0.002174,0.002136,0.002174,0.002174,0.002213,0.002213,0.002136,0.002098,0.002136,0.002174,0.002136,0.002136,0.002174,0.002136,0.002136,0.002098,0.002098,0.002098,0.002060,0.002098,0.002060,0.002060,0.002098,0.002060,0.002098,0.002098,0.002098,0.002098,0.002060,0.002098,0.002022,0.002098,0.002098,0.002022,0.002060,0.002060,0.002022,0.002098,0.002098,0.002060,0.002060,0.002060,0.002022,0.002060,0.002060,0.001984,0.002022,0.002060,0.002060,0.002022,0.002060,0.002060,0.002060,0.002022,0.001984,0.001984,0.002022,0.001984,0.001945,0.002022,0.001984,0.002022,0.002022,0.001984,0.002060,0.002022,0.002060,0.002022,0.002022,0.002022,0.001984,0.002022,0.002022,0.001984,0.002022,0.002022,0.001945,0.002022,0.002060,0.002022,0.001984,0.002060,0.002022,0.002022,0.002060,0.001984,0.002060,0.002022,0.002022,0.002136,0.002022,0.002098,0.002136,0.002098,0.001984,0.002060,0.002060,0.002060,0.002060,0.002098,0.002098,0.002060,0.002098,0.002060,0.002098,0.002098,0.002098,0.002060,0.002136,0.002174,0.002136,0.002136,0.002098,0.002098,0.002060,0.002098,0.002098,0.002098,0.002098,0.002098,0.002136,0.002136,0.002098,0.002136,0.002174,0.002213,0.002136,0.002213,0.002174,0.002136,0.002136,0.002098,0.002098,0.002136,0.002174,0.002213,0.002098,0.002098,0.002136,0.002174,0.002098,0.002136,0.002213,0.002136,0.002174,0.002136,0.002174,0.002174,0.002136,0.002136,0.002136,0.002136,0.002060,0.002098,0.002136,0.002136,0.002136,0.002174,0.002098,0.002098,0.002098,0.002098,0.002136,0.002136,0.002136,0.002136,0.002136,0.002098,0.002098,0.002060,0.002098,0.002022,0.002136,0.002060,0.002022,0.002060,0.002098,0.002060,0.002060,0.002022,0.002098,0.002098,0.002060,0.001984,0.002060,0.002060,0.002098,0.002098,0.002098,0.002098,0.002098,0.002098,0.002060,0.002060,0.002022,0.002060,0.002060,0.002060,0.002060,0.002060,0.002060,0.002098,0.002022,0.002060,0.002098,0.002060,0.002060,0.002098,0.002098,0.002060,0.002060,0.002022,0.002060,0.002098,0.002060,0.002022,0.002060,0.002098,0.002136,0.002060,0.002098,0.002098,0.001984,0.002060,0.002098,0.002022,0.002022,0.002060,0.002098,0.002060,0.001984,0.002060,0.001984,0.002060,0.002060,0.002060,0.002022,0.002060,0.002022,0.002060,0.002174,0.002098,0.002060,0.002060,0.002022,0.002060,0.001984,0.002022,0.002022,0.002022,0.002022,0.002022,0.002022,0.001945,0.001945,0.002022,0.001945,0.001945,0.001945,0.001984,0.001945,0.001984,0.001945,0.001907,0.001907,0.001831,0.001831,0.001869,0.001907,0.001755,0.001831,0.001755,0.001755,0.001678,0.001640,0.001602,0.001602,0.001602,0.001526,0.001564,0.001488,0.001411,0.001488,0.001450,0.001450,0.001564,0.001526,0.001526,0.001564,0.001640,0.001678,0.001793,0.001907,0.002060,0.002251,0.002403,0.002594,0.002861,0.003090,0.003395,0.003662,0.004005,0.004349,0.004654,0.005074,0.005379,0.005722,0.006104,0.006447,0.006790,0.006981,0.007248,0.007477,0.007515,0.007591,0.007477,0.007324,0.007057,0.006752,0.006371,0.005913,0.005379,0.004845,0.004272,0.003662,0.003166,0.002594,0.001907,0.001335,0.000763,0.000153,-0.000381,-0.001068,-0.001717,-0.002327,-0.002937,-0.003433,-0.004005,-0.004463,-0.004807,-0.005074,-0.005302,-0.005341,-0.005302,-0.005150,-0.004959,-0.004616,-0.004311,-0.003853,-0.003319,-0.002823,-0.002289,-0.001793,-0.001259,-0.000801,-0.000343,0.000000,0.000420,0.000801,0.001106,0.001450,0.001678,0.001869,0.001984,0.002136,0.002251,0.002403,0.002480,0.002518,0.002594,0.002708,0.002785,0.002823,0.002937,0.003014,0.003014,0.003090,0.003166,0.003242,0.003319,0.003281,0.003357,0.003471,0.003548,0.003662,0.003815,0.003929,0.004005,0.004120,0.004272,0.004387,0.004501,0.004578,0.004616,0.004692,0.004807,0.004768,0.004807,0.004807,0.004730,0.004692,0.004616,0.004539,0.004463,0.004425,0.004311,0.004158,0.004082,0.003967,0.003853,0.003738,0.003586,0.003433,0.003319,0.003204,0.003090,0.002937,0.002861,0.002747,0.002670,0.002594,0.002480,0.002403,0.002289,0.002213,0.002174,0.002098,0.002022,0.001984,0.001984,0.001945,0.001869,0.001869,0.001869,0.001831,0.001793,0.001831,0.001831,0.001831,0.001831,0.001907,0.001945,0.001907,0.001945,0.002022,0.002022,0.002060,0.002060,0.002098,0.002098,0.002060,0.002098,0.001984,0.001907,0.001984,0.001945,0.001869,0.001831,0.001869,0.001907,0.001869,0.001793,0.001793,0.001831,0.001793,0.001755,0.001793,0.001678,0.001678,0.001678,0.001602,0.001564,0.001564,0.001526,0.001488,0.001488,0.001450,0.001564,0.001488,0.001488,0.001526,0.001640,0.001717,0.001755,0.001755,0.001869,0.001907,0.001945,0.001945,0.001945,0.001945,0.001907,0.001907,0.001907,0.001869,0.001869,0.001869,0.001869,0.001907,0.001907,0.001945,0.001945,0.001945,0.001984,0.001984,0.001984,0.001984,0.002022,0.002060,0.001945,0.001907,0.001984,0.002022,0.001945,0.001869,0.001945,0.001945,0.001869,0.001831,0.001869,0.001869,0.001907,0.001945,0.001984,0.001984,0.002060,0.002098,0.002251,0.002289,0.002327,0.002441,0.002441,0.002556,0.002556,0.002594,0.002632,0.002670,0.002632,0.002632,0.002632,0.002556,0.002480,0.002365,0.002327,0.002251,0.002174,0.002060,0.002022,0.001984,0.001984,0.001907,0.001869,0.001907,0.001907,0.001984,0.001945,0.001984,0.001984,0.001907,0.001984,0.001984,0.001869,0.001869,0.001869,0.001869,0.001831,0.001793,0.001717,0.001678,0.001678,0.001564,0.001526,0.001564,0.001488,0.001488,0.001450,0.001450,0.001411,0.001450,0.001450,0.001411,0.001450,0.001450,0.001411,0.001488,0.001488,0.001488,0.001564,0.001564,0.001602,0.001640,0.001717,0.001755,0.001793,0.001831,0.001907,0.002022,0.002060,0.002213,0.002251,0.002289,0.002365,0.002480,0.002518,0.002556,0.002670,0.002632,0.002747,0.002785,0.002823,0.002823,0.002823,0.002823,0.002785,0.002823,0.002823,0.002785,0.002747,0.002823,0.002708,0.002747,0.002708,0.002747,0.002708,0.002670,0.002708,0.002670,0.002670,0.002632,0.002632,0.002670,0.002594,0.002556,0.002556,0.002518,0.002518,0.002403,0.002403,0.002365,0.002289,0.002289,0.002213,0.002213,0.002213,0.002213,0.002251,0.002213,0.002136,0.002174,0.002136,0.002213,0.002213,0.002213,0.002174,0.002136,0.002174,0.002098,0.002136,0.002174,0.002136,0.002136,0.002098,0.002136,0.002136,0.002136,0.002136,0.002174,0.002213,0.002213,0.002251,0.002251,0.002289,0.002327,0.002365,0.002480,0.002480,0.002518,0.002518,0.002556,0.002594,0.002632,0.002670,0.002747,0.002632,0.002632,0.002632,0.002632,0.002632,0.002518,0.002441,0.002365,0.002289,0.002251,0.002213,0.002136,0.002060,0.001984,0.001907,0.001831,0.001793,0.001831,0.001831,0.001755,0.001755,0.001717,0.001717,0.001755,0.001793,0.001869,0.001831,0.001907,0.001984,0.002022,0.002060,0.002136,0.002098,0.002136,0.002213,0.002213,0.002213,0.002174,0.002213,0.002136,0.002213,0.002098,0.002136,0.002136,0.002022,0.002060,0.002022,0.001984,0.001984,0.001907,0.001907,0.001869,0.001869,0.001831,0.001831,0.001831,0.001755,0.001755,0.001717,0.001640,0.001640,0.001640,0.001640,0.001602,0.001564,0.001717,0.001678,0.001678,0.001678,0.001678,0.001678,0.001755,0.001793,0.001793,0.001869,0.001831,0.001869,0.001869,0.001945,0.001984,0.002060,0.001984,0.002022,0.002060,0.002060,0.002060,0.002098,0.002136,0.002098,0.002213,0.002213,0.002213,0.002213,0.002213,0.002289,0.002251,0.002289,0.002251,0.002289,0.002213,0.002251,0.002251,0.002251,0.002251,0.002251,0.002174,0.002251,0.002251,0.002213,0.002251,0.002213,0.002174,0.002174,0.002136,0.002136,0.002136,0.002213,0.002213,0.002213,0.002213,0.002251,0.002251,0.002251,0.002251,0.002213,0.002213,0.002251,0.002251,0.002289,0.002251,0.002251,0.002251,0.002213,0.002213,0.002213,0.002136,0.002174,0.002098,0.002060,0.002098,0.002060,0.002022,0.001984,0.001945,0.001945,0.001869,0.001869,0.001869,0.001831,0.001793,0.001755,0.001793,0.001717,0.001755,0.001678,0.001717,0.001755,0.001717,0.001717,0.001717,0.001717,0.001755,0.001678,0.001678,0.001678,0.001717,0.001678,0.001793,0.001869,0.001869,0.001907,0.001984,0.002022,0.002022,0.002060,0.002098,0.002174,0.002174,0.002213,0.002289,0.002327,0.002365,0.002365,0.002403,0.002441,0.002441,0.002518,0.002518,0.002480,0.002480,0.002518,0.002480,0.002594,0.002556,0.002518,0.002518,0.002556,0.002518,0.002556,0.002480,0.002518,0.002594,0.002556,0.002518,0.002518,0.002556,0.002518,0.002480,0.002480,0.002403,0.002403,0.002327,0.002365,0.002327,0.002327,0.002289,0.002251,0.002174,0.002136,0.002136,0.002098,0.002022,0.002022,0.002022,0.001945,0.002022,0.001945,0.001984,0.001984,0.002022,0.002022,0.002022,0.002060,0.002136,0.002136,0.002174,0.002174,0.002289,0.002251,0.002289,0.002289,0.002289,0.002365,0.002327,0.002327,0.002327,0.002365,0.002327,0.002327,0.002289,0.002327,0.002289,0.002289,0.002251,0.002174,0.002136,0.002098,0.002098,0.002060,0.002098,0.001984,0.001984,0.001945,0.001907,0.001945,0.001831,0.001869,0.001869,0.001831,0.001869,0.001869,0.001793,0.001755,0.001793,0.001831,0.001755,0.001755,0.001755,0.001755,0.001755,0.001755,0.001831,0.001717,0.001755,0.001831,0.001717,0.001793,0.001831,0.001831,0.001793,0.001793,0.001793,0.001755,0.001793,0.001755,0.001831,0.001793,0.001793,0.001793,0.001831,0.001831,0.001869,0.001869,0.001907,0.001907,0.001945,0.001984,0.001945,0.001984,0.002060,0.002098,0.002136,0.002136,0.002213,0.002251,0.002251,0.002327,0.002251,0.002327,0.002327,0.002251,0.002365,0.002327,0.002365,0.002289,0.002327,0.002289,0.002289,0.002289,0.002251,0.002289,0.002251,0.002174,0.002174,0.002136,0.002098,0.002136,0.002098,0.002098,0.002136,0.002136,0.002098,0.002060,0.002098,0.002098,0.002213,0.002098,0.002098,0.002098,0.002136,0.002098,0.002136,0.002060,0.002098,0.002136,0.002174,0.002136,0.002060,0.002098,0.002136,0.002213,0.002136,0.002098,0.002136,0.002136,0.002136,0.002098,0.002213,0.002174,0.002136,0.002174,0.002136,0.002174,0.002213,0.002251,0.002213,0.002174,0.002213,0.002136,0.002251,0.002251,0.002174,0.002213,0.002174,0.002174,0.002098,0.002136,0.002136,0.002060,0.002098,0.002060,0.002060,0.002060,0.002022,0.002098,0.002060,0.002098,0.002060,0.002022,0.002022,0.001984,0.002060,0.002060,0.002022,0.002060,0.002060,0.002060,0.002022,0.002022,0.002022,0.002022,0.002060,0.002098,0.002060,0.002060,0.002098,0.002136,0.002136,0.002136,0.002174,0.002136,0.002174,0.002251,0.002289,0.002251,0.002251,0.002251,0.002174,0.002174,0.002174,0.002174,0.002213,0.002174,0.002136,0.002098,0.001984,0.002060,0.002022,0.001984,0.001984,0.001945,0.001945,0.001907,0.001907,0.001869,0.001869,0.001869,0.001869,0.001869,0.001831,0.001869,0.001907,0.001945,0.001984,0.002022,0.002060,0.002022,0.002022,0.002098,0.002022,0.002060,0.002098,0.002098,0.002136,0.002060,0.002174,0.002174,0.002136,0.002136,0.002060,0.002136,0.002098,0.002098,0.002136,0.002098,0.002098,0.002098,0.002060,0.002098,0.002060,0.002060,0.002022,0.002022,0.002022,0.001984,0.001984,0.001907,0.002022,0.001945,0.001945,0.001984,0.001907,0.001945,0.001907,0.001907,0.001945,0.001945,0.001984,0.001869,0.001907,0.001984,0.002060,0.002060,0.002060,0.002098,0.002136,0.002060,0.002098,0.002098,0.002136,0.002174,0.002136,0.002174,0.002251,0.002289,0.002327,0.002251,0.002327,0.002327,0.002327,0.002289,0.002289,0.002327,0.002365,0.002251,0.002213,0.002327,0.002365,0.002289,0.002365,0.002365,0.002365,0.002365,0.002327,0.002327,0.002251,0.002251,0.002251,0.002251,0.002251,0.002174,0.002174,0.002213,0.002174,0.002213,0.002136,0.002136,0.002174,0.002174,0.002213,0.002136,0.002136,0.002174,0.002136,0.002136,0.002022,0.002098,0.002060,0.002060,0.002060,0.002060,0.002060,0.002060,0.002022,0.002098,0.002136,0.002174,0.002098,0.002136,0.002174,0.002213,0.002289,0.002327,0.002365,0.002403,0.002441,0.002518,0.002518,0.002556,0.002632,0.002632,0.002670,0.002708,0.002747,0.002747,0.002670,0.002708,0.002785,0.002785,0.002708,0.002670,0.002670,0.002594,0.002594,0.002518,0.002518,0.002480,0.002480,0.002403,0.002289,0.002327,0.002327,0.002251,0.002289,0.002213,0.002136,0.002136,0.002098,0.002022,0.001945,0.001831,0.001793,0.001678,0.001640,0.001411,0.001411,0.001335,0.001183,0.001106,0.001068,0.001030,0.000992,0.000916,0.000916,0.000877,0.000992,0.000954,0.001030,0.001144,0.001183,0.001259,0.001335,0.001450,0.001488,0.001602,0.001717,0.001793,0.001869,0.001945,0.002022,0.002098,0.002213,0.002213,0.002251,0.002327,0.002365,0.002365,0.002403,0.002365,0.002365,0.002365,0.002327,0.002403,0.002327,0.002327,0.002251,0.002289,0.002289,0.002213,0.002251,0.002213,0.002174,0.002213,0.002098,0.002174,0.002213,0.002213,0.002327,0.002251,0.002289,0.002327,0.002403,0.002365,0.002441,0.002556,0.002518,0.002556,0.002594,0.002556,0.002556,0.002556,0.002594,0.002632,0.002556,0.002556,0.002518,0.002480,0.002441,0.002403,0.002403,0.002365,0.002251,0.002213,0.002174,0.002136,0.002136,0.002098,0.002060,0.001984,0.002098,0.002022,0.002022,0.002022,0.001945,0.001984,0.001907,0.001945,0.001945,0.001984,0.001945,0.001984,0.001945,0.001945,0.002022,0.002022,0.002022,0.001984,0.001984,0.002022,0.002022,0.001984,0.001984,0.001984,0.002022,0.001984,0.001945,0.001984,0.001945,0.002022,0.001984,0.001984,0.001984,0.001984,0.001945,0.001945,0.002022,0.002022,0.001945,0.002060,0.002022,0.001984,0.002060,0.002022,0.002098,0.002060,0.002060,0.002022,0.001984,0.002022,0.002022,0.002098,0.002136,0.002136,0.002136,0.002098,0.002136,0.002174,0.002174,0.002251,0.002289,0.002289,0.002289,0.002289,0.002289,0.002251,0.002365,0.002327,0.002327,0.002365,0.002327,0.002365,0.002365,0.002403,0.002441,0.002365,0.002403,0.002327,0.002365,0.002403,0.002327,0.002327,0.002289,0.002251,0.002251,0.002251,0.002251,0.002251,0.002251,0.002174,0.002174,0.002174,0.002098,0.002136,0.002098,0.002174,0.002136,0.002060,0.002060,0.002060,0.002060,0.002136,0.002060,0.002136,0.002136,0.002136,0.002213,0.002174,0.002174,0.002174,0.002213,0.002213,0.002251,0.002289,0.002251,0.002327,0.002289,0.002213,0.002365,0.002327,0.002365,0.002365,0.002365,0.002403,0.002365,0.002365,0.002403,0.002403,0.002403,0.002403,0.002441,0.002403,0.002403,0.002365,0.002289,0.002289,0.002251,0.002213,0.002174,0.002136,0.002136,0.002060,0.002060,0.002022,0.001984,0.001984,0.001984,0.002022,0.001907,0.001984,0.001945,0.001869,0.001869,0.001907,0.001907,0.001907,0.001831,0.001831,0.001793,0.001869,0.001869,0.001755,0.001793,0.001793,0.001869,0.001831,0.001793,0.001755,0.001793,0.001869,0.001831,0.001869,0.001869,0.001831,0.001907,0.001945,0.001945,0.001945,0.001945,0.001907,0.001984,0.001984,0.002022,0.001984,0.002060,0.002022,0.002022,0.002060,0.002060,0.002136,0.002174,0.002136,0.002136,0.002136,0.002213,0.002174,0.002174,0.002174,0.002174,0.002213,0.002136,0.002213,0.002213,0.002174,0.002213,0.002174,0.002213,0.002098,0.002136,0.002174,0.002098,0.002098,0.002136,0.002098,0.002098,0.002060,0.002098,0.002060,0.002098,0.002098,0.002060,0.002174,0.002098,0.002136,0.002136,0.002174,0.002136,0.002136,0.002213,0.002136,0.002136,0.002174,0.002136,0.002098,0.002136,0.002136,0.002136,0.002060,0.002098,0.002060,0.002060,0.002022,0.002022,0.001984,0.001907,0.001945,0.001945,0.001907,0.001907,0.001945,0.001869,0.001831,0.001869,0.001907,0.001831,0.001907,0.001984,0.001945,0.001945,0.001869,0.001945,0.001945,0.002022,0.002060,0.001984,0.002022,0.002060,0.002060,0.002098,0.002060,0.002060,0.002060,0.002098,0.002098,0.002098,0.002098,0.002098,0.002136,0.002098,0.002136,0.002098,0.002060,0.002098,0.002136,0.002098,0.002098,0.002060,0.002060,0.002098,0.002098,0.002060,0.002022,0.002060,0.002060,0.002060,0.002098,0.002136,0.002136,0.002136,0.002174,0.002174,0.002136,0.002174,0.002174,0.002213,0.002251,0.002251,0.002289,0.002289,0.002327,0.002327,0.002213,0.002251,0.002251,0.002327,0.002251,0.002327,0.002327,0.002289,0.002289,0.002251,0.002213,0.002213,0.002213,0.002213,0.002136,0.002136,0.002213,0.002213,0.002174,0.002098,0.002136,0.002136,0.002098,0.002098,0.002022,0.002060,0.002022,0.002098,0.002098,0.002060,0.002098,0.002060,0.002098,0.002098,0.002060,0.002060,0.002136,0.002213,0.002213,0.002213,0.002213,0.002174,0.002251,0.002327,0.002251,0.002327,0.002251,0.002251,0.002289,0.002289,0.002327,0.002289,0.002327,0.002289,0.002289,0.002365,0.002327,0.002289,0.002251,0.002213,0.002213,0.002213,0.002251,0.002174,0.002136,0.002136,0.002098,0.002098,0.002098,0.002022,0.002022,0.001945,0.001984,0.001984,0.001984,0.001945,0.001907,0.001869,0.001907,0.001831,0.001831,0.001793,0.001793,0.001717,0.001755,0.001717,0.001678,0.001755,0.001717,0.001717,0.001717,0.001755,0.001678,0.001717,0.001755,0.001717,0.001755,0.001793,0.001678,0.001755,0.001717,0.001717,0.001755,0.001793,0.001793,0.001755,0.001793,0.001793,0.001793,0.001793,0.001755,0.001831,0.001831,0.001831,0.001793,0.001793,0.001831,0.001869,0.001907,0.001907,0.001907,0.001945,0.001984,0.001984,0.002060,0.002098,0.002136,0.002136,0.002174,0.002213,0.002174,0.002251,0.002251,0.002213,0.002251,0.002251,0.002327,0.002289,0.002327,0.002365,0.002403,0.002403,0.002441,0.002441,0.002403,0.002403,0.002441,0.002480,0.002480,0.002403,0.002403,0.002403,0.002365,0.002403,0.002365,0.002327,0.002327,0.002289,0.002251,0.002213,0.002251,0.002251,0.002213,0.002213,0.002174,0.002213,0.002213,0.002136,0.002136,0.002098,0.002098,0.002060,0.002060,0.002098,0.001984,0.002060,0.002060,0.002060,0.002060,0.001984,0.002060,0.002060,0.002060,0.002060,0.002022,0.002060,0.002098,0.002022,0.002060,0.001984,0.002022,0.002022,0.002022,0.002060,0.001984,0.002022,0.001984,0.002022,0.001984,0.001945,0.001984,0.001984,0.001984,0.002022,0.001984,0.001984,0.001907,0.001907,0.001907,0.001945,0.002022,0.001984,0.001984,0.002022,0.001984,0.002022,0.002022,0.002060,0.002098,0.002098,0.002136,0.002098,0.002136,0.002060,0.002098,0.002136,0.002136,0.002213,0.002136,0.002213,0.002213,0.002213,0.002174,0.002174,0.002174,0.002174,0.002174,0.002174,0.002098,0.002136,0.002098,0.002136,0.002098,0.002060,0.002174,0.002098,0.002174,0.002174,0.002098,0.002136,0.002136,0.002136,0.002213,0.002174,0.002136,0.002136,0.002174,0.002213,0.002213,0.002251,0.002213,0.002251,0.002251,0.002213,0.002289,0.002213,0.002213,0.002174,0.002174,0.002213,0.002174,0.002213,0.002213,0.002174,0.002174,0.002136,0.002174,0.002213,0.002251,0.002174,0.002174,0.002213,0.002136,0.002174,0.002174,0.002174,0.002136,0.002174,0.002213,0.002136,0.002213,0.002098,0.002174,0.002136,0.002136,0.002136,0.002136,0.002136,0.002136,0.002136,0.002098,0.002060,0.002060,0.002098,0.002022,0.002098,0.002022,0.001984,0.002022,0.002022,0.002022,0.001984,0.001945,0.001984,0.001945,0.001945,0.001907,0.001907,0.001984,0.001945,0.001945,0.001945,0.001907,0.001984,0.001984,0.001907,0.001907,0.001945,0.001907,0.001907,0.001907,0.001907,0.001907,0.001945,0.001907,0.001984,0.001869,0.001907,0.001984,0.001945,0.001984,0.001945,0.002022,0.002060,0.001984,0.002060,0.002022,0.002060,0.002022,0.002060,0.002098,0.002060,0.002098,0.002098,0.002136,0.002098,0.002060,0.002098,0.002136,0.002213,0.002174,0.002136,0.002174,0.002174,0.002213,0.002213,0.002213,0.002289,0.002251,0.002174,0.002174,0.002251,0.002251,0.002213,0.002251,0.002174,0.002213,0.002174,0.002174,0.002213,0.002251,0.002174,0.002174,0.002136,0.002174,0.002136,0.002098,0.002098,0.002136,0.002174,0.002213,0.002174,0.002136,0.002060,0.002098,0.002136,0.002213,0.002251,0.002213,0.002174,0.002174,0.002213,0.002213,0.002251,0.002251,0.002213,0.002289,0.002213,0.002174,0.002213,0.002136,0.002213,0.002136,0.002213,0.002174,0.002136,0.002213,0.002174,0.002213,0.002213,0.002251,0.002213,0.002174,0.002174,0.002174,0.002136,0.002174,0.002136,0.002174,0.002174,0.002136,0.002213,0.002174,0.002174,0.002136,0.002174,0.002136,0.002174,0.002213,0.002136,0.002136,0.002174,0.002136,0.002136,0.002098,0.002174,0.002174,0.002136,0.002213,0.002136,0.002174,0.002136,0.002174,0.002174,0.002098,0.002174,0.002174,0.002136,0.002174,0.002098,0.002174,0.002174,0.002136,0.002174,0.002174,0.002174,0.002098,0.002174,0.002174,0.002098,0.002174,0.002174,0.002213,0.002213,0.002213,0.002213,0.002136,0.002213,0.002213,0.002136,0.002174,0.002174,0.002174,0.002174,0.002136,0.002174,0.002098,0.002098,0.002098,0.002136,0.002060,0.002060,0.002098,0.002060,0.002098,0.002060,0.002022,0.002060,0.001984,0.002022,0.002022,0.002060,0.002060,0.002060,0.002060,0.002098,0.002098,0.002098,0.002060,0.002098,0.002060,0.002136,0.002136,0.002098,0.002213,0.002136,0.002213,0.002289,0.002251,0.002251,0.002327,0.002289,0.002327,0.002327,0.002403,0.002365,0.002480,0.002518,0.002480,0.002441,0.002403,0.002441,0.002403,0.002365,0.002441,0.002365,0.002365,0.002365,0.002289,0.002251,0.002213,0.002213,0.002174,0.002136,0.002060,0.002060,0.001984,0.001984,0.001984,0.001907,0.001831,0.001869,0.001831,0.001907,0.001831,0.001869,0.001831,0.001755,0.001831,0.001831,0.001831,0.001869,0.001907,0.001907,0.001945,0.001945,0.001984,0.001945,0.002060,0.002098,0.002098,0.002098,0.002098,0.002098,0.002098,0.002136,0.002136,0.002060,0.002060,0.002098,0.002098,0.002098,0.002022,0.002022,0.001984,0.001984,0.001984,0.001984,0.001984,0.002022,0.002060,0.002022,0.002022,0.002060,0.002022,0.002060,0.002098,0.002136,0.002136,0.002098,0.002136,0.002136,0.002174,0.002251,0.002136,0.002174,0.002213,0.002251,0.002251,0.002289,0.002289,0.002289,0.002327,0.002327,0.002327,0.002327,0.002289,0.002327,0.002365,0.002327,0.002365,0.002327,0.002327,0.002251,0.002289,0.002289,0.002174,0.002289,0.002251,0.002251,0.002327,0.002213,0.002289,0.002289,0.002289,0.002289,0.002289,0.002327,0.002327,0.002403,0.002365,0.002365,0.002327,0.002251,0.002289,0.002289,0.002289,0.002289,0.002289,0.002251,0.002251,0.002136,0.002174,0.002136,0.002136,0.002060,0.002060,0.002022,0.001984,0.001984,0.001984,0.001945,0.001869,0.001907,0.001907,0.001869,0.001907,0.001907,0.001831,0.001869,0.001831,0.001831,0.001793,0.001831,0.001793,0.001793,0.001869,0.001831,0.001831,0.001831,0.001831,0.001907,0.001869,0.001907,0.001907,0.001907,0.001945,0.001984,0.001945,0.001984,0.001984,0.001945,0.001984,0.002060,0.002022,0.002060,0.002136,0.002060,0.002136,0.002098,0.002098,0.002136,0.002098,0.002174,0.002136,0.002174,0.002213,0.002136,0.002136,0.002136,0.002136,0.002136,0.002098,0.002098,0.002098,0.002136,0.002136,0.002136,0.002174,0.002136,0.002136,0.002136,0.002098,0.002136,0.002098,0.002136,0.002136,0.002136,0.002136,0.002098,0.002174,0.002174,0.002136,0.002213,0.002213,0.002213,0.002174,0.002213,0.002213,0.002174,0.002251,0.002251,0.002213,0.002251,0.002213,0.002289,0.002251,0.002251,0.002251,0.002251,0.002251,0.002213,0.002251,0.002213,0.002251,0.002251,0.002251,0.002289,0.002213,0.002251,0.002251,0.002174,0.002174,0.002136,0.002174,0.002098,0.002060,0.002098,0.002098,0.002022,0.002022,0.001945,0.002022,0.002060,0.002060,0.002022,0.002060,0.002060,0.001984,0.002098,0.002098,0.002136,0.002098,0.002136,0.002174,0.002174,0.002136,0.002136,0.002174,0.002213,0.002136,0.002136,0.002136,0.002136,0.002098,0.002060,0.002060,0.002022,0.001984,0.002022,0.001984,0.002022,0.001907,0.001907,0.001869,0.001869,0.001869,0.001907,0.001945,0.001945,0.001945,0.001984,0.001907,0.001984,0.001945,0.001984,0.002022,0.002060,0.002060,0.002136,0.002098,0.002174,0.002098,0.002174,0.002136,0.002174,0.002213,0.002136,0.002213,0.002174,0.002136,0.002136,0.002174,0.002174,0.002098,0.002174,0.002174,0.002098,0.002136,0.002098,0.002098,0.002098,0.002098,0.002098,0.002022,0.002060,0.002060,0.002022,0.002060,0.002022,0.002022,0.002022,0.001984,0.002060,0.002060,0.002022,0.002098,0.002022,0.002060,0.002022,0.002098,0.002098,0.002136,0.002174,0.002098,0.002174,0.002136,0.002136,0.002136,0.002174,0.002251,0.002213,0.002251,0.002213,0.002327,0.002327,0.002327,0.002289,0.002289,0.002327,0.002289,0.002251,0.002289,0.002289,0.002327,0.002327,0.002289,0.002327,0.002251,0.002289,0.002289,0.002213,0.002289,0.002213,0.002136,0.002136,0.002174,0.002174,0.002098,0.002098,0.002136,0.002098,0.002136,0.002060,0.002098,0.002098,0.002060,0.002060,0.002060,0.002098,0.002098,0.002098,0.002060,0.002060,0.002060,0.002098,0.002098,0.002098,0.001945,0.001984,0.001984,0.001984,0.001984,0.001984,0.001984,0.001907,0.001945,0.001945,0.001907,0.001869,0.001907,0.001869,0.001907,0.001793,0.001831,0.001869,0.001869,0.001831,0.001793,0.001793,0.001793,0.001831,0.001831,0.001831,0.001869,0.001793,0.001869,0.001907,0.001907,0.001907,0.001945,0.001945,0.001945,0.001945,0.001945,0.001907,0.001984,0.001945,0.001984,0.001984,0.002022,0.001984,0.002022,0.002022,0.002022,0.002022,0.002022,0.001945,0.002060,0.001984,0.001984,0.001984,0.001984,0.002098,0.002060,0.002022,0.001984,0.001984,0.001984,0.001984,0.002060,0.002098,0.002022,0.002022,0.002022,0.002098,0.002098,0.002136,0.002136,0.002060,0.002098,0.002174,0.002098,0.002174,0.002213,0.002213,0.002251,0.002251,0.002136,0.002174,0.002213,0.002174,0.002251,0.002289,0.002251,0.002365,0.002289,0.002289,0.002403,0.002365,0.002403,0.002327,0.002365,0.002365,0.002403,0.002365,0.002365,0.002518,0.002480,0.002441,0.002441,0.002441,0.002480,0.002480,0.002441,0.002403,0.002480,0.002403,0.002327,0.002327,0.002327,0.002251,0.002251,0.002174,0.002098,0.002136,0.002098,0.002060,0.002022,0.001984,0.001984,0.001945,0.001945,0.001831,0.001793,0.001869,0.001831,0.001755,0.001793,0.001793,0.001793,0.001831,0.001831,0.001869,0.001831,0.001793,0.001831,0.001831,0.001907,0.001907,0.001907,0.001945,0.001907,0.001907,0.001945,0.001984,0.001945,0.001907,0.001984,0.002022,0.002022,0.002098,0.002098,0.002098,0.002060,0.002174,0.002174,0.002136,0.002136,0.002174,0.002213,0.002213,0.002213,0.002251,0.002213,0.002251,0.002327,0.002289,0.002289,0.002365,0.002365,0.002365,0.002327,0.002365,0.002289,0.002327,0.002327,0.002365,0.002441,0.002327,0.002327,0.002327,0.002403,0.002365,0.002289,0.002365,0.002365,0.002327,0.002327,0.002365,0.002327,0.002327,0.002289,0.002327,0.002327,0.002403,0.002403,0.002327,0.002365,0.002365,0.002327,0.002251,0.002365,0.002327,0.002289,0.002289,0.002251,0.002289,0.002251,0.002251,0.002213,0.002174,0.002251,0.002251,0.002174,0.002213,0.002174,0.002174,0.002136,0.002174,0.002174,0.002136,0.002136,0.002136,0.002136,0.002136,0.002136,0.002174,0.002174,0.002136,0.002098,0.002098,0.002060,0.002098,0.002060,0.002060,0.002060,0.002060,0.001984,0.001984,0.001984,0.002022,0.001984,0.001907,0.001945,0.001945,0.001945,0.001907,0.001945,0.001984,0.001945,0.001945,0.001984,0.001945,0.001984,0.002060,0.002022,0.002022,0.001984,0.002022,0.002022,0.002022,0.002022,0.002022,0.002060,0.002022,0.002060,0.002060,0.002060,0.002060,0.002060,0.002022,0.002060,0.002136,0.002136,0.002098,0.002098,0.002136,0.002136,0.002174,0.002174,0.002136,0.002136,0.002136,0.002213,0.002251,0.002251,0.002251,0.002251,0.002289,0.002213,0.002251,0.002289,0.002327,0.002365,0.002365,0.002289,0.002327,0.002327,0.002289,0.002289,0.002327,0.002289,0.002365,0.002251,0.002289,0.002327,0.002327,0.002251,0.002251,0.002251,0.002251,0.002251,0.002251,0.002251,0.002213,0.002174,0.002213,0.002136,0.002213,0.002174,0.002174,0.002174,0.002174,0.002251,0.002213,0.002136,0.002136,0.002213,0.002136,0.002136,0.002174,0.002098,0.002098,0.002174,0.002098,0.002060,0.002136,0.002174,0.002174,0.002136,0.002136,0.002098,0.002098,0.002136,0.002136,0.002136,0.002136,0.002098,0.002060,0.002060,0.002060,0.001984,0.001984,0.002022,0.002022,0.001945,0.001984,0.001945,0.001945,0.001945,0.001907,0.001907,0.001907,0.001907,0.001869,0.001869,0.001869,0.001869,0.001831,0.001869,0.001869,0.001793,0.001869,0.001869,0.001869,0.001869,0.001907,0.001907,0.001907,0.001869,0.001907,0.001984,0.001945,0.001945,0.001945,0.001945,0.002022,0.002022,0.001984,0.002060,0.002060,0.002060,0.002060,0.002060,0.002022,0.002098,0.002174,0.002136,0.002098,0.002136,0.002174,0.002136,0.002174,0.002213,0.002213,0.002251,0.002251,0.002251,0.002289,0.002327,0.002251,0.002251,0.002289,0.002327,0.002365,0.002365,0.002327,0.002327,0.002289,0.002327,0.002327,0.002327,0.002289,0.002289,0.002251,0.002289,0.002289,0.002213,0.002251,0.002289,0.002251,0.002251,0.002251,0.002251,0.002213,0.002174,0.002174,0.002174,0.002174,0.002213,0.002136,0.002098,0.002136,0.002174,0.002174,0.002174,0.002136,0.002136,0.002136,0.002098,0.002174,0.002174,0.002174,0.002174,0.002136,0.002136,0.002174,0.002174,0.002213,0.002136,0.002213,0.002213,0.002174,0.002174,0.002136,0.002136,0.002136,0.002174,0.002174,0.002174,0.002213,0.002213,0.002136,0.002174,0.002213,0.002213,0.002174,0.002289,0.002213,0.002213,0.002213,0.002289,0.002213,0.002174,0.002174,0.002174,0.002213,0.002174,0.002174,0.002174,0.002174,0.002213,0.002174,0.002174,0.002174,0.002174,0.002251,0.002213,0.002136,0.002136,0.002174,0.002136,0.002174,0.002174,0.002213,0.002174,0.002136,0.002174,0.002174,0.002098,0.002174,0.002174,0.002136,0.002213,0.002213,0.002213,0.002213,0.002213,0.002213,0.002251,0.002213,0.002174,0.002174,0.002213,0.002251,0.002251,0.002289,0.002251,0.002251,0.002213,0.002174,0.002174,0.002136,0.002174,0.002098,0.002098,0.002060,0.002060,0.002060,0.002022,0.002022,0.001984,0.001984,0.001984,0.001907,0.001984,0.001907,0.001907,0.001907,0.001907,0.001869,0.001831,0.001869,0.001869,0.001869,0.001869,0.001869,0.001831,0.001869,0.001869,0.001831,0.001869,0.001869,0.001869,0.001869,0.001907,0.001869,0.001869,0.001907,0.001945,0.001945,0.001945,0.002022,0.002022,0.001984,0.002060,0.002098,0.002098,0.002136,0.002136,0.002174,0.002174,0.002213,0.002251,0.002251,0.002251,0.002251,0.002251,0.002289,0.002289,0.002327,0.002289,0.002251,0.002213,0.002213,0.002213,0.002213,0.002174,0.002174,0.002174,0.002136,0.002136,0.002174,0.002174,0.002136,0.002136,0.002136,0.002098,0.002136,0.002174,0.002098,0.002213,0.002136,0.002136,0.002174,0.002174,0.002174,0.002174,0.002289,0.002289,0.002289,0.002289,0.002289,0.002251,0.002251,0.002251,0.002289,0.002213,0.002213,0.002174,0.002136,0.002174,0.002174,0.002174,0.002136,0.002098,0.002060,0.002022,0.001984,0.001907,0.001945,0.001907,0.001869,0.001869,0.001793,0.001755,0.001755,0.001755,0.001755,0.001755,0.001717,0.001755,0.001793,0.001793,0.001793,0.001831,0.001793,0.001869,0.001907,0.001945,0.001945,0.001984,0.001984,0.001984,0.002022,0.001984,0.001945,0.001984,0.002098,0.002060,0.002060,0.002060,0.002060,0.002060,0.002022,0.002022,0.002060,0.002060,0.002022,0.002022,0.002060,0.002098,0.002060,0.002060,0.002022,0.002098,0.002060,0.002098,0.002098,0.002136,0.002136,0.002136,0.002174,0.002251,0.002251,0.002251,0.002251,0.002289,0.002289,0.002327,0.002327,0.002289,0.002365,0.002327,0.002289,0.002289,0.002327,0.002289,0.002251,0.002251,0.002251,0.002251,0.002289,0.002289,0.002289,0.002251,0.002174,0.002174,0.002136,0.002251,0.002174,0.002174,0.002136,0.002098,0.002136,0.002174,0.002174,0.002174,0.002136,0.002136,0.002174,0.002213,0.002174,0.002213,0.002213,0.002136,0.002174,0.002213,0.002174,0.002098,0.002060,0.002136,0.002136,0.002098,0.002098,0.002060,0.002136,0.002098,0.002060,0.002060,0.002136,0.002098,0.002098,0.002098,0.002060,0.002060,0.002022,0.002060,0.001984,0.002022,0.002022,0.002022,0.002022,0.002060,0.002022,0.001984,0.002060,0.002022,0.002060,0.002022,0.002060,0.002098,0.002136,0.002098,0.002098,0.002098,0.002136,0.002174,0.002098,0.002136,0.002136,0.002098,0.002098,0.002098,0.002098,0.002136,0.002136,0.002136,0.002136,0.002174,0.002174,0.002136,0.002136,0.002136,0.002174,0.002174,0.002136,0.002213,0.002174,0.002174,0.002174,0.002174,0.002213,0.002136,0.002136,0.002136,0.002174,0.002136,0.002098,0.002136,0.002060,0.002060,0.002060,0.002022,0.002060,0.002060,0.002022,0.002022,0.001945,0.001984,0.002022,0.001984,0.001984,0.001984,0.001984,0.001984,0.001984,0.002022,0.002022,0.002022,0.001984,0.002022,0.002022,0.002022,0.001984,0.001984,0.002022,0.002022,0.002022,0.002022,0.002022,0.002022,0.001984,0.002022,0.001984,0.001984,0.001984,0.001984,0.001984,0.001945,0.001984,0.002022,0.002060,0.002098,0.002098,0.002022,0.002060,0.002098,0.002136,0.002136,0.002136,0.002098,0.002098,0.002136,0.002136,0.002098,0.002136,0.002136,0.002098,0.002098,0.002174,0.002098,0.002136,0.002174,0.002136,0.002136,0.002136,0.002136,0.002098,0.002060,0.002098,0.002060,0.002098,0.002060,0.002060,0.002060,0.002022,0.002060,0.001984,0.001984,0.002022,0.001984,0.002060,0.002060,0.002022,0.002060,0.002060,0.002136,0.002098,0.002136,0.002136,0.002174,0.002174,0.002136,0.002251,0.002213,0.002251,0.002289,0.002251,0.002289,0.002251,0.002251,0.002251,0.002213,0.002289,0.002289,0.002251,0.002289,0.002289,0.002251,0.002251,0.002174,0.002174,0.002174,0.002251,0.002174,0.002136,0.002136,0.002136,0.002174,0.002136,0.002174,0.002174,0.002136,0.002098,0.002098,0.002136,0.002098,0.002098,0.002098,0.002098,0.002136,0.002098,0.002098,0.002098,0.002060,0.002098,0.002098,0.002136,0.002098,0.001984,0.002060,0.002098,0.002060,0.002022,0.002022,0.002022,0.002022,0.002022,0.001984,0.001984,0.002022,0.001984,0.001984,0.001984,0.001984,0.001945,0.001984,0.001984,0.001907,0.001984,0.001984,0.001945,0.001945,0.001907,0.002022,0.001984,0.001984,0.001945,0.001945,0.001984,0.001907,0.002022,0.001945,0.001945,0.001984,0.001984,0.002022,0.002060,0.002060,0.002060,0.002060,0.002060,0.002022,0.002060,0.002060,0.002022,0.002060,0.002098,0.002098,0.002098,0.002060,0.002136,0.002136,0.002174,0.002174,0.002174,0.002213,0.002174,0.002213,0.002213,0.002213,0.002213,0.002251,0.002289,0.002251,0.002251,0.002289,0.002327,0.002365,0.002251,0.002289,0.002327,0.002365,0.002289,0.002327,0.002327,0.002289,0.002327,0.002289,0.002251,0.002251,0.002213,0.002251,0.002251,0.002213,0.002251,0.002251,0.002174,0.002213,0.002213,0.002213,0.002174,0.002174,0.002174,0.002174,0.002174,0.002136,0.002174,0.002174,0.002098,0.002136,0.002098,0.002174,0.002136,0.002098,0.002174,0.002136,0.002136,0.002136,0.002136,0.002136,0.002174,0.002174,0.002174,0.002174,0.002213,0.002174,0.002174,0.002136,0.002136,0.002136,0.002136,0.002213,0.002136,0.002213,0.002174,0.002098,0.002136,0.002174,0.002060,0.002060,0.002136,0.002060,0.001945,0.001984,0.001984,0.001984,0.001984,0.001984,0.001984,0.001945,0.001945,0.001907,0.001869,0.001945,0.001907,0.001907,0.001984,0.002022,0.002022,0.002060,0.002174,0.002136,0.002251,0.002213,0.002213,0.002327,0.002365,0.002441,0.002365,0.002441,0.002441,0.002441,0.002403,0.002403,0.002403,0.002365,0.002327,0.002289,0.002251,0.002251,0.002174,0.002174,0.002098,0.002022,0.002060,0.002022,0.001984,0.001945,0.001945,0.001984,0.001984,0.001945,0.001907,0.001945,0.001984,0.001984,0.002022,0.001984,0.002022,0.002098,0.002060,0.002098,0.002174,0.002174,0.002213,0.002174,0.002174,0.002213,0.002213,0.002251,0.002251,0.002213,0.002213,0.002251,0.002213,0.002174,0.002174,0.002174,0.002174,0.002213,0.002213,0.002213,0.002213,0.002174,0.002098,0.002174,0.002213,0.002136,0.002213,0.002174,0.002251,0.002289,0.002251,0.002251,0.002213,0.002251,0.002251,0.002289,0.002289,0.002213,0.002251,0.002174,0.002251,0.002251,0.002289,0.002251,0.002213,0.002213,0.002213,0.002174,0.002213,0.002251,0.002213,0.002174,0.002213,0.002213,0.002136,0.002174,0.002136,0.002136,0.002213,0.002174,0.002174,0.002174,0.002174,0.002251,0.002174,0.002136,0.002174,0.002174,0.002136,0.002098,0.002174,0.002174,0.002174,0.002174,0.002060,0.002136,0.002098,0.002136,0.002098,0.002022,0.002060,0.002022,0.002060,0.002022,0.002022,0.002022,0.002022,0.001984,0.001984,0.002060,0.001984,0.002022,0.002060,0.001984,0.002098,0.002098,0.002060,0.002098,0.002098,0.002136,0.002136,0.002098,0.002136,0.002098,0.002136,0.002098,0.002174,0.002174,0.002136,0.002174,0.002174,0.002174,0.002136,0.002098,0.002136,0.002174,0.002098,0.002060,0.002098,0.002060,0.002060,0.002098,0.002060,0.002098,0.002098,0.002098,0.002136,0.002060,0.002098,0.002098,0.002098,0.002136,0.002098,0.002136,0.002060,0.002060,0.002136,0.002136,0.002174,0.002174,0.002136,0.002174,0.002098,0.002174,0.002174,0.002136,0.002060,0.002098,0.002174,0.002098,0.002136,0.002060,0.002022,0.002136,0.002136,0.002098,0.002136,0.002213,0.002174,0.002213,0.002213,0.002174,0.002174,0.002136,0.002174,0.002213,0.002098,0.002136,0.002174,0.002136,0.002174,0.002136,0.002174,0.002136,0.002136,0.002213,0.002174,0.002174,0.002136,0.002136,0.002098,0.002136,0.002098,0.002098,0.002098,0.002098,0.002060,0.002060,0.002060,0.002098,0.001984,0.002098,0.002022,0.002022,0.002098,0.002022,0.001984,0.002022,0.002022,0.002022,0.001984,0.001984,0.001984,0.002022,0.002022,0.002022,0.001984,0.001945,0.001984,0.002022,0.001984,0.002022,0.002022,0.002022,0.002060,0.002098,0.002098,0.002022,0.002060,0.002060,0.002060,0.002098,0.002098,0.002022,0.002060,0.002098,0.002136,0.002022,0.002098,0.002098,0.002098,0.002060,0.002136,0.002174,0.002098,0.002174,0.002136,0.002174,0.002174,0.002174,0.002174,0.002251,0.002213,0.002174,0.002174,0.002174,0.002136,0.002174,0.002213,0.002174,0.002213,0.002174,0.002213,0.002251,0.002251,0.002213,0.002174,0.002213,0.002136,0.002213,0.002213,0.002174,0.002174,0.002098,0.002136,0.002098,0.002098,0.002098,0.002060,0.002060,0.002098,0.002022,0.002060,0.002060,0.002060,0.002022,0.002060,0.002060,0.002022,0.002060,0.002022,0.002022,0.002022,0.001945,0.001945,0.001984,0.001945,0.001945,0.001907,0.002022,0.001984,0.001945,0.001984,0.001907,0.001907,0.001945,0.001984,0.001945,0.001945,0.001984,0.001945,0.001945,0.001869,0.001869,0.001945,0.001945,0.002022,0.002022,0.002022,0.001984,0.001984,0.001945,0.002022,0.002060,0.002060,0.002060,0.002136,0.002098,0.002136,0.002136,0.002098,0.002136,0.002174,0.002174,0.002174,0.002174,0.002213,0.002251,0.002213,0.002213,0.002213,0.002213,0.002251,0.002213,0.002213,0.002213,0.002174,0.002174,0.002251,0.002136,0.002174,0.002136,0.002098,0.002098,0.002098,0.002098,0.002060,0.002022,0.001945,0.001984,0.002060,0.001907,0.001907,0.001869,0.001831,0.001869,0.001831,0.001831,0.001755,0.001793,0.001793,0.001755,0.001793,0.001755,0.001793,0.001831,0.001831,0.001869,0.001869,0.001945,0.001907,0.001945,0.001984,0.002022,0.002098,0.002060,0.002098,0.002136,0.002136,0.002213,0.002174,0.002213,0.002213,0.002174,0.002174,0.002213,0.002213,0.002251,0.002213,0.002174,0.002174,0.002174,0.002174,0.002136,0.002174,0.002251,0.002213,0.002213,0.002251,0.002251,0.002213,0.002289,0.002251,0.002251,0.002251,0.002251,0.002251,0.002251,0.002251,0.002213,0.002251,0.002289,0.002251,0.002213,0.002251,0.002327,0.002289,0.002213,0.002213,0.002251,0.002251,0.002251,0.002213,0.002174,0.002213,0.002213,0.002136,0.002136,0.002098,0.002098,0.002136,0.002060,0.002022,0.002098,0.002060,0.002060,0.002060,0.002060,0.002098,0.002136,0.002098,0.002060,0.002098,0.002098,0.002060,0.002060,0.002022,0.002136,0.001984,0.002060,0.002022,0.001984,0.001984,0.001984,0.001984,0.001984,0.001984,0.002022,0.002022,0.002060,0.001984,0.002022,0.002022,0.002098,0.002098,0.002060,0.002136,0.002136,0.002136,0.002136,0.002098,0.002136,0.002060,0.002022,0.002060,0.001907,0.001945,0.001945,0.001869,0.001793,0.001831,0.001793,0.001755,0.001831,0.001755,0.001831,0.001831,0.001831,0.001831,0.001869,0.001907,0.001945,0.001831,0.001907,0.001945,0.001984,0.002022,0.001945,0.001907,0.001831,0.001907,0.001869,0.001869,0.001869,0.001869,0.001869,0.001831,0.001831,0.001831,0.001831,0.001869,0.001831,0.001907,0.001907,0.001945,0.002022,0.001984,0.002022,0.001984,0.001984,0.002022,0.001945,0.002022,0.001984,0.001984,0.001984,0.001984,0.002060,0.002022,0.001984,0.002022,0.002022,0.002022,0.002022,0.002098,0.002098,0.002060,0.002136,0.002098,0.002136,0.002136,0.002174,0.002174,0.002213,0.002251,0.002251,0.002289,0.002327,0.002289,0.002365,0.002365,0.002365,0.002327,0.002403,0.002327,0.002365,0.002365,0.002327,0.002327,0.002289,0.002251,0.002213,0.002136,0.002174,0.002136,0.002136,0.002098,0.002060,0.002060,0.001984,0.002022,0.002022,0.001984,0.002022,0.001945,0.002060,0.002022,0.002060,0.002022,0.002022,0.002022,0.002098,0.002060,0.002098,0.002136,0.002174,0.002136,0.002136,0.002213,0.002174,0.002251,0.002213,0.002213,0.002213,0.002251,0.002251,0.002213,0.002213,0.002213,0.002213,0.002174,0.002136,0.002213,0.002174,0.002174,0.002098,0.002174,0.002251,0.002174,0.002174,0.002098,0.002174,0.002213,0.002098,0.002098,0.002098,0.002174,0.002174,0.002098,0.002174,0.002174,0.002174,0.002174,0.002136,0.002213,0.002174,0.002174,0.002174,0.002174,0.002174,0.002136,0.002213,0.002060,0.002098,0.002136,0.002136,0.002136,0.002098,0.002136,0.002136,0.002136,0.002136,0.002098,0.002098,0.002098,0.002098,0.002136,0.002060,0.002098,0.002098,0.002098,0.002060,0.002098,0.002174,0.002213,0.002136,0.002098,0.002174,0.002213,0.002174,0.002213,0.002136,0.002174,0.002174,0.002098,0.002098,0.002060,0.002098,0.002174,0.002136,0.002098,0.002098,0.002060,0.002060,0.002022,0.002174,0.002098,0.002098,0.002136,0.002098,0.002098,0.002098,0.002136,0.002136,0.002136,0.002136,0.002213,0.002174,0.002098,0.002136,0.002136,0.002136,0.002174,0.002136,0.002136,0.002136,0.002174,0.002174,0.002174,0.002213,0.002136,0.002174,0.002213,0.002174,0.002174,0.002136,0.002136,0.002098,0.002098,0.002174,0.002136,0.002136,0.002174,0.002213,0.002174,0.002174,0.002136,0.002136,0.002174,0.002136,0.002136,0.002098,0.002174,0.002136,0.002136,0.002098,0.002098,0.002060,0.002098,0.002098,0.002022,0.002098,0.002136,0.002098,0.002098,0.002022,0.002022,0.001984,0.002022,0.002022,0.002098,0.002060,0.001984,0.001984,0.002022,0.001945,0.001984,0.002022,0.001984,0.001984,0.002022,0.001984,0.001984,0.002022,0.002022,0.002022,0.001945,0.002022,0.002060,0.002060,0.002060,0.002098,0.002174,0.002136,0.002136,0.002098,0.002174,0.002213,0.002174,0.002213,0.002251,0.002213,0.002289,0.002251,0.002327,0.002251,0.002289,0.002251,0.002289,0.002251,0.002289,0.002327,0.002289,0.002289,0.002289,0.002289,0.002289,0.002213,0.002289,0.002327,0.002251,0.002251,0.002251,0.002213,0.002213,0.002251,0.002251,0.002213,0.002174,0.002174,0.002136,0.002098,0.002136,0.002136,0.002098,0.002136,0.002136,0.002174,0.002136,0.002098,0.002136,0.002174,0.002174,0.002174,0.002213,0.002213,0.002213,0.002251,0.002251,0.002213,0.002213,0.002251,0.002251,0.002289,0.002251,0.002327,0.002251,0.002289,0.002289,0.002289,0.002289,0.002251,0.002289,0.002327,0.002327,0.002251,0.002327,0.002289,0.002251,0.002251,0.002251,0.002213,0.002213,0.002251,0.002174,0.002174,0.002136,0.002136,0.002098,0.002098,0.002022,0.002060,0.002022,0.001945,0.002022,0.001984,0.001945,0.001945,0.001907,0.001984,0.001869,0.001869,0.001907,0.001907,0.001869,0.001831,0.001907,0.001831,0.001907,0.001907,0.001869,0.001945,0.001945,0.001984,0.001984,0.002022,0.002022,0.002060,0.002136,0.002174,0.002136,0.002098,0.002136,0.002251,0.002251,0.002327,0.002289,0.002327,0.002327,0.002327,0.002403,0.002327,0.002403,0.002327,0.002289,0.002251,0.002251,0.002289,0.002289,0.002251,0.002213,0.002174,0.002251,0.002251,0.002213,0.002213,0.002174,0.002174,0.002136,0.002136,0.002136,0.002060,0.002136,0.002136,0.002136,0.002174,0.002098,0.002136,0.002098,0.002174,0.002174,0.002174,0.002213,0.002136,0.002213,0.002213,0.002251,0.002289,0.002251,0.002289,0.002251,0.002289,0.002289,0.002289,0.002289,0.002251,0.002251,0.002289,0.002213,0.002289,0.002251,0.002289,0.002251,0.002251,0.002251,0.002213,0.002213,0.002174,0.002213,0.002251,0.002213,0.002174,0.002174,0.002213,0.002213,0.002174,0.002174,0.002174,0.002213,0.002136,0.002213,0.002174,0.002213,0.002251,0.002213,0.002251,0.002213,0.002174,0.002251,0.002251,0.002213,0.002174,0.002213,0.002174,0.002174,0.002174,0.002136,0.002098,0.002136,0.002213,0.002174,0.002060,0.002022,0.002060,0.002098,0.002060,0.001984,0.001984,0.002022,0.001984,0.001984,0.001984,0.002022,0.001945,0.002022,0.001984,0.001984,0.002022,0.001984,0.002022,0.001984,0.002022,0.002022,0.002060,0.001984,0.001984,0.001984,0.001945,0.002022,0.002060,0.001984,0.002060,0.001984,0.002022,0.002022,0.002060,0.002060,0.002022,0.002022,0.002060,0.002098,0.002060,0.002060,0.002022,0.002022,0.002060,0.002060,0.002022,0.002022,0.002060,0.002060,0.002022,0.001984,0.002022,0.001945,0.001984,0.001984,0.001984,0.002022,0.001984,0.001984,0.001984,0.001984,0.002022,0.002060,0.002022,0.002022,0.002022,0.002060,0.002098,0.002060,0.002022,0.002060,0.002098,0.002060,0.002174,0.002098,0.002098,0.002098,0.002098,0.002098,0.002098,0.002136,0.002060,0.002098,0.002060,0.002174,0.002174,0.002060,0.002098,0.002060,0.002060,0.002098,0.002098,0.002098,0.002060,0.002060,0.002060,0.002060,0.002098,0.002022,0.002060,0.002060,0.002060,0.002022,0.001984,0.002022,0.002022,0.002022,0.002022,0.001984,0.001984,0.001984,0.002022,0.001984,0.002022,0.002060,0.001984,0.001984,0.001945,0.001945,0.001945,0.001907,0.001984,0.002022,0.002022,0.002022,0.002022,0.001984,0.001984,0.002060,0.001984,0.002022,0.002060,0.002060,0.002098,0.002060,0.002098,0.002060,0.002098,0.002060,0.002060,0.002098,0.002060,0.002174,0.002136,0.002136,0.002098,0.002098,0.002098,0.002098,0.002136,0.002174,0.002098,0.002098,0.002098,0.002098,0.002060,0.002060,0.002098,0.002098,0.002098,0.002060,0.002098,0.002098,0.002136,0.002136,0.002136,0.002060,0.002098,0.002136,0.002098,0.002060,0.002098,0.002136,0.002060,0.002098,0.002060,0.002136,0.002098,0.002098,0.002136,0.002060,0.002136,0.002174,0.002136,0.002136,0.002136,0.002213,0.002136,0.002136,0.002174,0.002136,0.002213,0.002136,0.002174,0.002213,0.002174,0.002213,0.002213,0.002213,0.002213,0.002251,0.002251,0.002289,0.002289,0.002289,0.002327,0.002289,0.002289,0.002289,0.002251,0.002327,0.002289,0.002289,0.002289,0.002327,0.002289,0.002251,0.002289,0.002213,0.002251,0.002251,0.002136,0.002174,0.002136,0.002174,0.002136,0.002098,0.002098,0.002060,0.002136,0.002060,0.002060,0.002098,0.002060,0.002060,0.002022,0.002060,0.002022,0.001984,0.002060,0.001984,0.001984,0.001984,0.002022,0.002022,0.001984,0.001945,0.001984,0.002060,0.001984,0.001945,0.001945,0.001945,0.001984,0.001984,0.001984,0.001984,0.001984,0.001984,0.001984,0.001945,0.001984,0.001984,0.001984,0.001984,0.001984,0.002022,0.002022,0.001984,0.001945,0.002022,0.002060,0.002022,0.002060,0.002022,0.002022,0.002022,0.002022,0.002022,0.001984,0.002060,0.002022,0.001984,0.002060,0.002136,0.002060,0.002060,0.002022,0.002060,0.002098,0.002098,0.002060,0.002098,0.002098,0.002098,0.002022,0.002098,0.002136,0.002098,0.002098,0.002060,0.002136,0.002136,0.002136,0.002136,0.002174,0.002213,0.002174,0.002174,0.002174,0.002174,0.002213,0.002251,0.002213,0.002174,0.002136,0.002213,0.002251,0.002174,0.002174,0.002213,0.002213,0.002174,0.002136,0.002098,0.002098,0.002098,0.002022,0.002098,0.002060,0.001984,0.002060,0.001984,0.001984,0.001907,0.001907,0.001945,0.001869,0.001907,0.001869,0.001907,0.001831,0.001793,0.001793,0.001831,0.001831,0.001755,0.001869,0.001869,0.001907,0.001907,0.001907,0.001945,0.001907,0.001945,0.001984,0.001945,0.001984,0.001984,0.001984,0.002022,0.001945,0.001984,0.001984,0.001984,0.001945,0.001945,0.001945,0.001869,0.001869,0.001831,0.001907,0.001869,0.001831,0.001907,0.001869,0.001869,0.001869,0.001831,0.001907,0.001869,0.001831,0.001831,0.001869,0.001869,0.001907,0.001907,0.001907,0.001907,0.001945,0.001907,0.001945,0.001945,0.002022,0.002060,0.002022,0.002060,0.002098,0.002136,0.002098,0.002174,0.002136,0.002213,0.002251,0.002251,0.002251,0.002213,0.002251,0.002251,0.002289,0.002327,0.002365,0.002327,0.002365,0.002403,0.002441,0.002403,0.002441,0.002441,0.002403,0.002441,0.002480,0.002518,0.002480,0.002480,0.002441,0.002480,0.002518,0.002556,0.002556,0.002480,0.002518,0.002556,0.002518,0.002556,0.002480,0.002556,0.002594,0.002480,0.002518,0.002480,0.002518,0.002480,0.002441,0.002441,0.002441,0.002403,0.002365,0.002403,0.002327,0.002289,0.002327,0.002289,0.002289,0.002213,0.002289,0.002251,0.002213,0.002213,0.002174,0.002174,0.002098,0.002136,0.002136,0.002174,0.002136,0.002098,0.002098,0.002136,0.002136,0.002174,0.002136,0.002136,0.002136,0.002098,0.002098,0.002098,0.002136,0.002098,0.002098,0.002098,0.002060,0.002060,0.002098,0.002060,0.002060,0.002022,0.002060,0.002060,0.002022,0.001984,0.002022,0.002022,0.002022,0.001984,0.001984,0.001984,0.001945,0.001869,0.001945,0.001945,0.001907,0.001869,0.001869,0.001869,0.001869,0.001869,0.001831,0.001907,0.001907,0.001869,0.001869,0.001869,0.001907,0.001869,0.001869,0.001907,0.001869,0.001945,0.001907,0.001907,0.001984,0.001907,0.001907,0.001984,0.001984,0.001945,0.001945,0.002022,0.002022,0.002060,0.002022,0.002022,0.002060,0.001984,0.002022,0.002022,0.002060,0.002022,0.002022,0.002098,0.002022,0.002022,0.002098,0.002060,0.002060,0.001984,0.002022,0.002060,0.002060,0.002060,0.002022,0.002060,0.002098,0.002060,0.002098,0.002060,0.002098,0.002060,0.002098,0.002098,0.002174,0.002136,0.002136,0.002174,0.002136,0.002136,0.002136,0.002136,0.002174,0.002213,0.002174,0.002213,0.002213,0.002174,0.002213,0.002213,0.002136,0.002174,0.002213,0.002213,0.002174,0.002136,0.002174,0.002136,0.002174,0.002213,0.002136,0.002174,0.002213,0.002136,0.002136,0.002213,0.002213,0.002136,0.002136,0.002136,0.002213,0.002174,0.002174,0.002174,0.002213,0.002289,0.002174,0.002251,0.002251,0.002174,0.002213,0.002251,0.002213,0.002213,0.002289,0.002327,0.002251,0.002213,0.002251,0.002289,0.002289,0.002213,0.002174,0.002251,0.002251,0.002213,0.002213,0.002213,0.002174,0.002213,0.002136,0.002136,0.002213,0.002174,0.002174,0.002136,0.002213,0.002098,0.002174,0.002213,0.002136,0.002213,0.002136,0.002213,0.002213,0.002174,0.002251,0.002174,0.002213,0.002213,0.002174,0.002251,0.002174,0.002174,0.002213,0.002174,0.002213,0.002213,0.002174,0.002174,0.002251,0.002213,0.002213,0.002213,0.002213,0.002213,0.002174,0.002251,0.002174,0.002098,0.002174,0.002136,0.002213,0.002136,0.002136,0.002174,0.002174,0.002174,0.002174,0.002174,0.002213,0.002213,0.002174,0.002136,0.002174,0.002174,0.002098,0.002136,0.002213,0.002174,0.002136,0.002136,0.002136,0.002136,0.002098,0.002098,0.002060,0.002136,0.002136,0.002098,0.002060,0.002098,0.002098,0.002060,0.002098,0.002060,0.002022,0.002022,0.002022,0.002060,0.002098,0.002060,0.002098,0.002060,0.002060,0.002098,0.002098,0.002060,0.002136,0.002060,0.002060,0.002098,0.002136,0.002098,0.002060,0.002022,0.002022,0.002098,0.002174,0.002136,0.002136,0.002174,0.002136,0.002213,0.002174,0.002136,0.002136,0.002251,0.002213,0.002251,0.002251,0.002174,0.002174,0.002213,0.002174,0.002174,0.002213,0.002251,0.002251,0.002251,0.002251,0.002289,0.002289,0.002251,0.002251,0.002251,0.002213,0.002251,0.002251,0.002251,0.002289,0.002251,0.002251,0.002327,0.002251,0.002213,0.002213,0.002174,0.002213,0.002174,0.002174,0.002136,0.002213,0.002136,0.002136,0.002136,0.002098,0.002136,0.002136,0.002098,0.002098,0.002060,0.002022,0.002022,0.001984,0.001984,0.002060,0.001984,0.001984,0.001945,0.001945,0.001984,0.001945,0.001945,0.001984,0.001945,0.001907,0.001945,0.001945,0.001984,0.001907,0.001945,0.001945,0.001984,0.001984,0.001984,0.002022,0.002060,0.002022,0.001984,0.002022,0.002060,0.002098,0.002098,0.002060,0.002098,0.002136,0.002136,0.002136,0.002174,0.002136,0.002213,0.002213,0.002213,0.002174,0.002174,0.002174,0.002174,0.002136,0.002174,0.002213,0.002174,0.002174,0.002136,0.002136,0.002136,0.002098,0.002136,0.002136,0.002136,0.002098,0.002098,0.002060,0.002098,0.002060,0.002060,0.002098,0.002060,0.002060,0.002136,0.002136,0.002022,0.002060,0.002098,0.002022,0.002022,0.002060,0.002098,0.002098,0.002060,0.002098,0.002098,0.002060,0.002098,0.002060,0.002136,0.002136,0.002098,0.002060,0.002060,0.002060,0.002098,0.002022,0.002060,0.002022,0.001945,0.002022,0.002022,0.002060,0.002060,0.001984,0.002022,0.001984,0.002022,0.001984,0.001984,0.002022,0.001984,0.002022,0.001984,0.002060,0.002022,0.002022,0.002060,0.002060,0.002060,0.002098,0.002136,0.002098,0.002098,0.002174,0.002136,0.002136,0.002174,0.002213,0.002213,0.002213,0.002213,0.002174,0.002174,0.002174,0.002174,0.002136,0.002098,0.002136,0.002136,0.002136,0.002136,0.002098,0.002174,0.002098,0.002136,0.002136,0.002136,0.002174,0.002174,0.002174,0.002136,0.002136,0.002174,0.002174,0.002174,0.002213,0.002213,0.002174,0.002213,0.002251,0.002174,0.002213,0.002213,0.002213,0.002174,0.002213,0.002136,0.002136,0.002136,0.002098,0.002098,0.002098,0.002098,0.002136,0.002098,0.002136,0.002136,0.002022,0.002136,0.002060,0.002060,0.002098,0.002060,0.002098,0.002098,0.002098,0.002098,0.002022,0.002022,0.002022,0.001984,0.002022,0.002060,0.002022,0.001984,0.001984,0.001984,0.001984,0.002060,0.002022,0.001984,0.002060,0.001984,0.001984,0.001984,0.001945,0.002022,0.001984,0.002022,0.002022,0.002060,0.002022,0.001984,0.002022,0.002060,0.002022,0.002060,0.002060,0.002060,0.002022,0.002022,0.002098,0.002098,0.002098,0.002060,0.002022,0.002022,0.002098,0.002060,0.002022,0.002022,0.002098,0.002136,0.002098,0.002022,0.002098,0.002060,0.002022,0.002098,0.002060,0.002098,0.002136,0.002060,0.002022,0.002060,0.002060,0.002060,0.002098,0.002098,0.002098,0.002098,0.002098,0.002098,0.002060,0.002098,0.002060,0.002098,0.002060,0.002060,0.002136,0.002136,0.002098,0.002136,0.002098,0.002136,0.002060,0.002098,0.002022,0.002060,0.002136,0.002136,0.002136,0.002060,0.002060,0.002060,0.002060,0.002060,0.002060,0.002022,0.002060,0.001984,0.001984,0.001945,0.001984,0.001984,0.001907,0.001907,0.001869,0.001907,0.001869,0.001869,0.001907,0.001945,0.001869,0.001907,0.001907,0.001869,0.001831,0.001869,0.001869,0.001907,0.001907,0.001945,0.001945,0.001907,0.001945,0.001945,0.001984,0.002022,0.002022,0.002022,0.002060,0.002060,0.002060,0.002022,0.002098,0.002136,0.002136,0.002136,0.002174,0.002098,0.002174,0.002213,0.002174,0.002136,0.002136,0.002174,0.002136,0.002098,0.002136,0.002136,0.002136,0.002098,0.002136,0.002098,0.002098,0.002098,0.002098,0.002136,0.002098,0.002136,0.002136,0.002136,0.002098,0.002136,0.002098,0.002136,0.002136,0.002136,0.002060,0.002060,0.002098,0.002136,0.002136,0.002098,0.002098,0.002174,0.002098,0.002098,0.002136,0.002098,0.002136,0.002098,0.002098,0.002136,0.002213,0.002174,0.002174,0.002136,0.002213,0.002174,0.002213,0.002136,0.002174,0.002174,0.002136,0.002174,0.002174,0.002174,0.002174,0.002174,0.002213,0.002213,0.002174,0.002136,0.002213,0.002136,0.002136,0.002136,0.002136,0.002098,0.002098,0.002136,0.002136,0.002060,0.002060,0.002174,0.002098,0.002022,0.002098,0.002136,0.002060,0.002022,0.002060,0.002022,0.002060,0.002022,0.002022,0.002022,0.001984,0.001984,0.002022,0.002022,0.001984,0.002022,0.002022,0.001984,0.001984,0.002060,0.002060,0.001984,0.002022,0.002060,0.002060,0.002060,0.002022,0.002060,0.002098,0.001984,0.001984,0.002060,0.002060,0.002060,0.002060,0.002022,0.002022,0.002060,0.002022,0.002022,0.002022,0.002060,0.002060,0.002060,0.002060,0.002022,0.002060,0.002022,0.002060,0.002022,0.002022,0.002060,0.002098,0.002060,0.002022,0.002060,0.002136,0.002060,0.002098,0.002060,0.002098,0.002098,0.002060,0.002022,0.002098,0.002098,0.002136,0.002174,0.002098,0.002022,0.002060,0.002060,0.002098,0.002098,0.002060,0.002060,0.002060,0.002060,0.002060,0.002098,0.002098,0.002136,0.002136,0.002098,0.002098,0.002098,0.002098,0.002136,0.002136,0.002136,0.002136,0.002136,0.002174,0.002251,0.002213,0.002213,0.002213,0.002251,0.002251,0.002251,0.002289,0.002251,0.002251,0.002213,0.002327,0.002251,0.002289,0.002327,0.002289,0.002327,0.002327,0.002365,0.002327,0.002327,0.002289,0.002251,0.002327,0.002327,0.002289,0.002251,0.002251,0.002251,0.002251,0.002213,0.002174,0.002213,0.002251,0.002251,0.002251,0.002174,0.002136,0.002136,0.002174,0.002174,0.002136,0.002098,0.002136,0.002098,0.002098,0.002060,0.002098,0.002060,0.002060,0.002098,0.002060,0.002098,0.002060,0.002060,0.002098,0.002060,0.002136,0.002060,0.002098,0.002098,0.002060,0.002060,0.002098,0.002022,0.002060,0.002060,0.002060,0.002136,0.002098,0.002136,0.002098,0.002098,0.002098,0.002098,0.002098,0.002136,0.002174,0.002213,0.002213,0.002174,0.002174,0.002136,0.002213,0.002174,0.002213,0.002213,0.002251,0.002213,0.002251,0.002289,0.002213,0.002213,0.002251,0.002251,0.002251,0.002289,0.002289,0.002174,0.002251,0.002289,0.002289,0.002251,0.002289,0.002289,0.002289,0.002251,0.002213,0.002174,0.002136,0.002174,0.002136,0.002136,0.002136,0.002098,0.002136,0.002136,0.002098,0.002098,0.002098,0.002136,0.002060,0.002060,0.002060,0.002060,0.002060,0.002022,0.002022,0.002022,0.001945,0.002022,0.002022,0.002060,0.001984,0.002022,0.001984,0.001984,0.001984,0.002022,0.002022,0.002022,0.002060,0.001984,0.002022,0.001984,0.001984,0.002022,0.002022,0.002022,0.002022,0.002060,0.002136,0.002098,0.002136,0.002098,0.002098,0.002136,0.002136,0.002174,0.002213,0.002174,0.002174,0.002213,0.002251,0.002213,0.002251,0.002213,0.002213,0.002213,0.002174,0.002174,0.002174,0.002174,0.002174,0.002136,0.002098,0.002060,0.002060,0.002098,0.002060,0.001984,0.002022,0.002060,0.001945,0.001984,0.001984,0.002022,0.001984,0.001945,0.001945,0.001907,0.001945,0.001984,0.001945,0.001945,0.001945,0.001984,0.002060,0.001984,0.001984,0.002022,0.002060,0.002022,0.002098,0.002060,0.002098,0.002098,0.002136,0.002213,0.002251,0.002213,0.002251,0.002213,0.002289,0.002289,0.002327,0.002289,0.002327,0.002289,0.002327,0.002365,0.002327,0.002327,0.002251,0.002327,0.002327,0.002251,0.002251,0.002289,0.002327,0.002289,0.002251,0.002289,0.002213,0.002251,0.002213,0.002213,0.002289,0.002251,0.002289,0.002251,0.002251,0.002213,0.002251,0.002251,0.002251,0.002289,0.002251,0.002327,0.002327,0.002289,0.002289,0.002251,0.002251,0.002327,0.002289,0.002251,0.002251,0.002289,0.002289,0.002251,0.002174,0.002213,0.002289,0.002251,0.002251,0.002289,0.002251,0.002213,0.002251,0.002174,0.002251,0.002289,0.002289,0.002289,0.002289,0.002327,0.002289,0.002289,0.002289,0.002289,0.002289,0.002213,0.002213,0.002251,0.002213,0.002251,0.002251,0.002251,0.002251,0.002251,0.002213,0.002174,0.002213,0.002251,0.002213,0.002136,0.002174,0.002174,0.002136,0.002174,0.002174,0.002174,0.002213,0.002136,0.002213,0.002136,0.002174,0.002174,0.002174,0.002174,0.002136,0.002098,0.002098,0.002098,0.002098,0.002098,0.002098,0.002098,0.002060,0.002060,0.002060,0.002022,0.001984,0.001984,0.001945,0.001907,0.001945,0.001945,0.001907,0.001945,0.001945,0.001869,0.001907,0.001831,0.001831,0.001831,0.001869,0.001907,0.001907,0.001831,0.001869,0.001945,0.001907,0.001945,0.001945,0.001907,0.001945,0.001945,0.001984,0.001945,0.001984,0.001945,0.001984,0.002022,0.002060,0.002060,0.002060,0.002022,0.002098,0.002098,0.002022,0.002060,0.002060,0.002136,0.002022,0.002060,0.002098,0.002060,0.002060,0.002060,0.002136,0.002136,0.002098,0.002174,0.002136,0.002136,0.002136,0.002136,0.002213,0.002213,0.002174,0.002174,0.002251,0.002174,0.002213,0.002174,0.002213,0.002213,0.002289,0.002289,0.002251,0.002289,0.002289,0.002289,0.002289,0.002251,0.002251,0.002136,0.002213,0.002213,0.002213,0.002213,0.002174,0.002174,0.002060,0.002136,0.002136,0.002098,0.002098,0.002060,0.002098,0.002060,0.001984,0.002060,0.002022,0.001984,0.001984,0.001984,0.001984,0.001984,0.001945,0.001984,0.002022,0.001945,0.002022,0.001984,0.002022,0.002022,0.001984,0.002022,0.001984,0.001984,0.001984,0.002022,0.002060,0.001984,0.001945,0.001907,0.001945,0.001945,0.002022,0.001984,0.001907,0.001984,0.001945,0.001984,0.002022,0.001984,0.001984,0.001945,0.001945,0.002060,0.001984,0.002022,0.001984,0.002136,0.002022,0.002060,0.002060,0.002098,0.002060,0.002060,0.002098,0.002136,0.002136,0.002136,0.002098,0.002136,0.002098,0.002174,0.002136,0.002136,0.002213,0.002136,0.002174,0.002136,0.002174,0.002136,0.002136,0.002174,0.002060,0.002136,0.002098,0.002136,0.002136,0.002174,0.002098,0.002136,0.002174,0.002098,0.002136,0.002098,0.002174,0.002174,0.002098,0.002098,0.002174,0.002136,0.002174,0.002174,0.002136,0.002136,0.002174,0.002213,0.002136,0.002213,0.002174,0.002174,0.002098,0.002136,0.002174,0.002174,0.002136,0.002098,0.002136,0.002060,0.002060,0.002022,0.002098,0.002060,0.002060,0.002060,0.002022,0.002060,0.002060,0.002022,0.002022,0.001984,0.002060,0.001984,0.001984,0.002022,0.001984,0.001984,0.001984,0.002022,0.001984,0.001984,0.001984,0.002022,0.001984,0.001984,0.001984,0.001984,0.001984,0.002060,0.001984,0.001984,0.002022,0.001984,0.001984,0.002022,0.002060,0.002022,0.002098,0.002060
5,19:00:00.000,12/31/1903,0.000000,0.100000,UNKNOWN,1,0/0,0.000000,0.000000,0.000000,0.000000,0.000000,0.000000,0.000000,0.000000,0,0,0,0,0.002213,0.002174,0.002174,0.002289,0.002213,0.002174,0.002174,0.002174,0.002213,0.002174,0.002213,0.002213,0.002251,0.002174,0.002174,0.002174,0.002174,0.002136,0.002098,0.002136,0.002174,0.002213,0.002174,0.002098,0.002098,0.002136,0.002098,0.002174,0.002136,0.002136,0.002174,0.002136,0.002213,0.002136,0.002136,0.002136,0.002098,0.002174,0.002136,0.002098,0.002098,0.002136,0.002174,0.002136,0.002060,0.002060,0.002098,0.002136,0.002136,0.002136,0.002136,0.002136,0.002098,0.002098,0.002136,0.002060,0.002098,0.002060,0.002060,0.002098,0.002098,0.002098,0.002098,0.002022,0.002060,0.002022,0.002022,0.002060,0.002060,0.002022,0.002022,0.002060,0.002022,0.002060,0.002098,0.002022,0.002060,0.002060,0.002022,0.002022,0.001984,0.001984,0.002022,0.002022,0.002060,0.002022,0.002022,0.002060,0.002022,0.002022,0.002022,0.002022,0.002060,0.002060,0.002022,0.001984,0.002022,0.002022,0.002060,0.002060,0.002022,0.002098,0.002022,0.002060,0.002060,0.002060,0.002022,0.002022,0.002060,0.002022,0.002098,0.002060,0.002060,0.002060,0.002060,0.002060,0.002060,0.002022,0.002060,0.002060,0.002060,0.002022,0.002136,0.002136,0.002136,0.002098,0.002022,0.002098,0.002174,0.002098,0.002136,0.002098,0.002174,0.002136,0.002098,0.002098,0.002060,0.002098,0.002060,0.002060,0.002098,0.002060,0.002098,0.002060,0.002098,0.002136,0.002098,0.002136,0.002098,0.002098,0.002136,0.002136,0.002136,0.002060,0.002060,0.002098,0.002060,0.002060,0.002098,0.002174,0.002098,0.002098,0.002136,0.002098,0.002136,0.002098,0.002174,0.002174,0.002174,0.002174,0.002098,0.002174,0.002136,0.002174,0.002213,0.002098,0.002174,0.002174,0.002136,0.002213,0.002174,0.002174,0.002098,0.002098,0.002136,0.002136,0.002174,0.002136,0.002136,0.002174,0.002174,0.002213,0.002136,0.002136,0.002098,0.002136,0.002136,0.002098,0.002136,0.002174,0.002136,0.002174,0.002060,0.002098,0.002136,0.002098,0.002136,0.002098,0.002136,0.002060,0.002136,0.002136,0.002098,0.002136,0.002136,0.002136,0.002136,0.002098,0.002136,0.002136,0.002136,0.002098,0.002174,0.002174,0.002098,0.002174,0.002136,0.002136,0.002136,0.002136,0.002174,0.002174,0.002213,0.002174,0.002136,0.002251,0.002174,0.002251,0.002174,0.002136,0.002213,0.002136,0.002174,0.002136,0.002174,0.002213,0.002174,0.002174,0.002213,0.002136,0.002174,0.002098,0.002213,0.002136,0.002136,0.002136,0.002136,0.002174,0.002174,0.002213,0.002136,0.002098,0.002174,0.002098,0.002136,0.002136,0.002174,0.002136,0.002098,0.002136,0.002136,0.002136,0.002136,0.002098,0.002136,0.002060,0.002098,0.002136,0.002136,0.002136,0.002098,0.002098,0.002136,0.002098,0.002098,0.002098,0.002098,0.002136,0.002098,0.002136,0.002098,0.002060,0.002060,0.002098,0.002136,0.002022,0.002060,0.002060,0.002060,0.002098,0.002060,0.002060,0.002060,0.002060,0.002060,0.002022,0.002060,0.002060,0.002060,0.002060,0.002060,0.002098,0.001984,0.002060,0.002060,0.002060,0.002060,0.002022,0.002060,0.002022,0.002060,0.002098,0.002022,0.002098,0.002098,0.002098,0.002098,0.002022,0.002060,0.002060,0.002060,0.002022,0.002060,0.002022,0.002022,0.002098,0.002098,0.002060,0.002022,0.002022,0.002060,0.002098,0.002098,0.002098,0.002060,0.002098,0.002022,0.002022,0.002098,0.002098,0.002060,0.002022,0.002098,0.002136,0.002098,0.002098,0.002022,0.002098,0.002060,0.002098,0.002098,0.002022,0.002022,0.002060,0.002098,0.002098,0.002060,0.002098,0.002060,0.002060,0.002136,0.002098,0.002060,0.002098,0.002060,0.002098,0.002098,0.002136,0.002060,0.002022,0.002098,0.002060,0.002060,0.002098,0.002136,0.002098,0.002098,0.002060,0.002060,0.002136,0.002136,0.002136,0.002098,0.002136,0.002136,0.002136,0.002136,0.002136,0.002174,0.002136,0.002098,0.002098,0.002098,0.002136,0.002136,0.002098,0.002136,0.002136,0.002213,0.002174,0.002174,0.002213,0.002136,0.002174,0.002213,0.002174,0.002136,0.002136,0.002213,0.002174,0.002174,0.002174,0.002174,0.002251,0.002213,0.002174,0.002174,0.002174,0.002213,0.002136,0.002174,0.002174,0.002174,0.002174,0.002213,0.002174,0.002213,0.002098,0.002174,0.002213,0.002213,0.002136,0.002060,0.002136,0.002174,0.002136,0.002098,0.002136,0.002136,0.002098,0.002174,0.002060,0.002174,0.002174,0.002136,0.002098,0.002060,0.002060,0.002098,0.002060,0.002136,0.002098,0.002060,0.002098,0.002022,0.002098,0.002098,0.002098,0.002098,0.002022,0.002098,0.002060,0.002060,0.002098,0.002060,0.002060,0.002022,0.002022,0.002022,0.001984,0.001984,0.001984,0.002022,0.002022,0.002098,0.002022,0.002022,0.002022,0.002022,0.002022,0.002022,0.002022,0.002022,0.002060,0.002098,0.002060,0.002022,0.002060,0.001984,0.001984,0.002060,0.001984,0.002060,0.002060,0.002098,0.002060,0.002022,0.001984,0.001984,0.002022,0.002060,0.002060,0.002098,0.001984,0.002022,0.001984,0.002022,0.002022,0.002022,0.002060,0.002022,0.002022,0.002022,0.002022,0.002098,0.002022,0.002060,0.002060,0.002060,0.001984,0.002060,0.002060,0.002060,0.002022,0.002098,0.002098,0.002098,0.002022,0.002060,0.002060,0.002060,0.002022,0.002060,0.002136,0.002136,0.002098,0.002060,0.002060,0.002136,0.002174,0.002136,0.002136,0.002136,0.002136,0.002060,0.002174,0.002174,0.002174,0.002174,0.002136,0.002174,0.002136,0.002136,0.002136,0.002174,0.002213,0.002174,0.002136,0.002174,0.002098,0.002174,0.002136,0.002174,0.002174,0.002174,0.002213,0.002174,0.002136,0.002174,0.002136,0.002136,0.002098,0.002174,0.002136,0.002136,0.002136,0.002136,0.002136,0.002098,0.002098,0.002060,0.002136,0.002174,0.002136,0.002098,0.002098,0.002060,0.002098,0.002060,0.002136,0.002098,0.002098,0.002060,0.002098,0.002098,0.002022,0.002060,0.002060,0.002060,0.002060,0.002060,0.001945,0.002022,0.002022,0.002098,0.002060,0.002060,0.002060,0.002022,0.002098,0.002060,0.002060,0.002022,0.002022,0.002060,0.001984,0.002098,0.002098,0.002098,0.002098,0.002098,0.002060,0.002060,0.002022,0.002098,0.002060,0.002098,0.002060,0.002060,0.002060,0.002060,0.002098,0.002098,0.002022,0.002060,0.002022,0.002098,0.002060,0.002060,0.002098,0.002022,0.002022,0.002022,0.002060,0.002022,0.002022,0.002060,0.002060,0.002060,0.002060,0.002098,0.002098,0.002098,0.002098,0.002098,0.002098,0.002098,0.002060,0.002136,0.002098,0.002060,0.002022,0.001984,0.002098,0.002060,0.002060,0.002060,0.002098,0.002060,0.002022,0.002022,0.002098,0.002060,0.002022,0.001984,0.002060,0.002060,0.002022,0.001984,0.001984,0.002022,0.001984,0.002022,0.001945,0.001945,0.001945,0.001945,0.002022,0.001945,0.001945,0.001907,0.001831,0.001831,0.001831,0.001831,0.001793,0.001755,0.001755,0.001755,0.001717,0.001755,0.001640,0.001678,0.001602,0.001602,0.001564,0.001488,0.001526,0.001488,0.001488,0.001488,0.001526,0.001526,0.001526,0.001564,0.001602,0.001602,0.001717,0.001793,0.001984,0.002060,0.002213,0.002403,0.002632,0.002899,0.003166,0.003395,0.003700,0.003967,0.004311,0.004654,0.005035,0.005341,0.005760,0.006104,0.006409,0.006714,0.007057,0.007248,0.007401,0.007515,0.007591,0.007477,0.007324,0.007057,0.006752,0.006371,0.005913,0.005379,0.004768,0.004234,0.003700,0.003090,0.002518,0.001907,0.001297,0.000725,0.000114,-0.000420,-0.001030,-0.001640,-0.002289,-0.002899,-0.003433,-0.004005,-0.004463,-0.004807,-0.005074,-0.005264,-0.005379,-0.005341,-0.005188,-0.004959,-0.004654,-0.004311,-0.003853,-0.003395,-0.002899,-0.002365,-0.001869,-0.001259,-0.000801,-0.000343,0.000076,0.000458,0.000877,0.001144,0.001411,0.001678,0.001907,0.002098,0.002174,0.002289,0.002403,0.002441,0.002518,0.002594,0.002670,0.002747,0.002823,0.002937,0.002937,0.003052,0.003090,0.003128,0.003281,0.003242,0.003319,0.003357,0.003471,0.003624,0.003662,0.003738,0.003853,0.003929,0.004158,0.004234,0.004387,0.004425,0.004501,0.004616,0.004692,0.004768,0.004768,0.004768,0.004768,0.004768,0.004730,0.004616,0.004578,0.004463,0.004463,0.004311,0.004120,0.004120,0.003929,0.003777,0.003700,0.003548,0.003471,0.003357,0.003242,0.003128,0.003014,0.002861,0.002747,0.002632,0.002594,0.002441,0.002365,0.002289,0.002213,0.002174,0.002136,0.002098,0.002022,0.001984,0.001907,0.001907,0.001869,0.001831,0.001869,0.001793,0.001755,0.001793,0.001793,0.001831,0.001831,0.001869,0.001945,0.001984,0.001984,0.001984,0.002022,0.002098,0.002136,0.002060,0.002060,0.002060,0.001984,0.001945,0.001907,0.001869,0.001907,0.001907,0.001869,0.001831,0.001869,0.001831,0.001793,0.001869,0.001869,0.001793,0.001755,0.001717,0.001678,0.001640,0.001602,0.001564,0.001526,0.001450,0.001450,0.001450,0.001450,0.001450,0.001488,0.001564,0.001564,0.001602,0.001678,0.001755,0.001793,0.001869,0.001907,0.001907,0.001984,0.001945,0.001907,0.001869,0.001907,0.001869,0.001869,0.001831,0.001945,0.001869,0.001907,0.001869,0.001945,0.001907,0.001907,0.001945,0.001945,0.001984,0.001984,0.002022,0.002022,0.001984,0.001984,0.001945,0.001945,0.001907,0.001907,0.001907,0.001831,0.001831,0.001831,0.001831,0.001945,0.001945,0.001907,0.002022,0.002060,0.002136,0.002174,0.002251,0.002289,0.002289,0.002403,0.002441,0.002518,0.002556,0.002594,0.002632,0.002632,0.002670,0.002632,0.002594,0.002594,0.002480,0.002365,0.002327,0.002213,0.002174,0.002098,0.002022,0.001984,0.001984,0.001869,0.001869,0.001869,0.001869,0.001869,0.001945,0.001984,0.001907,0.001945,0.001984,0.001945,0.001907,0.001945,0.001831,0.001831,0.001755,0.001755,0.001717,0.001678,0.001640,0.001526,0.001488,0.001488,0.001488,0.001526,0.001411,0.001450,0.001373,0.001373,0.001450,0.001450,0.001450,0.001411,0.001373,0.001450,0.001450,0.001450,0.001450,0.001526,0.001564,0.001640,0.001678,0.001717,0.001793,0.001907,0.001907,0.001984,0.002060,0.002136,0.002251,0.002289,0.002403,0.002403,0.002518,0.002594,0.002670,0.002747,0.002708,0.002747,0.002785,0.002861,0.002823,0.002785,0.002823,0.002823,0.002785,0.002747,0.002708,0.002747,0.002708,0.002708,0.002708,0.002670,0.002708,0.002670,0.002632,0.002632,0.002670,0.002632,0.002632,0.002556,0.002556,0.002556,0.002556,0.002480,0.002480,0.002365,0.002327,0.002327,0.002289,0.002289,0.002213,0.002174,0.002174,0.002174,0.002174,0.002174,0.002213,0.002213,0.002174,0.002136,0.002098,0.002213,0.002174,0.002174,0.002174,0.002174,0.002098,0.002098,0.002136,0.002136,0.002136,0.002136,0.002136,0.002060,0.002098,0.002136,0.002136,0.002174,0.002213,0.002289,0.002289,0.002251,0.002327,0.002403,0.002403,0.002480,0.002556,0.002556,0.002594,0.002594,0.002670,0.002670,0.002594,0.002670,0.002556,0.002594,0.002594,0.002480,0.002441,0.002327,0.002251,0.002136,0.002174,0.002098,0.001984,0.001984,0.001869,0.001831,0.001869,0.001755,0.001793,0.001755,0.001717,0.001717,0.001678,0.001717,0.001755,0.001793,0.001869,0.001907,0.001984,0.001984,0.002022,0.002098,0.002060,0.002136,0.002136,0.002213,0.002213,0.002174,0.002213,0.002136,0.002098,0.002174,0.002136,0.002136,0.002060,0.002060,0.001945,0.001907,0.001945,0.001907,0.001907,0.001869,0.001831,0.001831,0.001755,0.001755,0.001717,0.001717,0.001717,0.001678,0.001640,0.001602,0.001640,0.001564,0.001564,0.001602,0.001602,0.001602,0.001602,0.001640,0.001678,0.001640,0.001755,0.001793,0.001755,0.001831,0.001831,0.001907,0.001907,0.001945,0.001984,0.002022,0.002022,0.002060,0.002060,0.002098,0.002098,0.002098,0.002136,0.002174,0.002174,0.002174,0.002251,0.002174,0.002213,0.002251,0.002174,0.002213,0.002251,0.002213,0.002174,0.002213,0.002251,0.002174,0.002213,0.002174,0.002251,0.002213,0.002213,0.002251,0.002174,0.002174,0.002213,0.002174,0.002213,0.002098,0.002213,0.002136,0.002174,0.002174,0.002174,0.002174,0.002174,0.002251,0.002213,0.002251,0.002251,0.002251,0.002251,0.002251,0.002213,0.002213,0.002136,0.002174,0.002174,0.002136,0.002136,0.002060,0.002098,0.002060,0.001984,0.001984,0.001945,0.001984,0.001907,0.001869,0.001831,0.001793,0.001793,0.001793,0.001755,0.001755,0.001678,0.001717,0.001755,0.001717,0.001678,0.001717,0.001717,0.001717,0.001717,0.001678,0.001717,0.001717,0.001717,0.001755,0.001793,0.001793,0.001831,0.001831,0.001869,0.001907,0.001945,0.002060,0.002060,0.002136,0.002136,0.002174,0.002251,0.002289,0.002365,0.002365,0.002403,0.002441,0.002441,0.002480,0.002441,0.002518,0.002480,0.002441,0.002480,0.002480,0.002518,0.002518,0.002480,0.002556,0.002518,0.002556,0.002556,0.002556,0.002556,0.002518,0.002556,0.002480,0.002518,0.002556,0.002480,0.002518,0.002441,0.002480,0.002441,0.002365,0.002365,0.002289,0.002327,0.002327,0.002213,0.002174,0.002174,0.002136,0.002098,0.002060,0.002060,0.002022,0.002022,0.001984,0.001984,0.002060,0.002022,0.002022,0.002022,0.002060,0.002022,0.002060,0.002098,0.002174,0.002174,0.002213,0.002289,0.002289,0.002251,0.002327,0.002327,0.002327,0.002327,0.002365,0.002365,0.002289,0.002327,0.002289,0.002289,0.002289,0.002213,0.002174,0.002174,0.002136,0.002098,0.002060,0.002022,0.002060,0.001984,0.001984,0.001869,0.001945,0.001907,0.001831,0.001869,0.001793,0.001831,0.001831,0.001755,0.001755,0.001755,0.001831,0.001755,0.001678,0.001717,0.001717,0.001717,0.001678,0.001755,0.001755,0.001755,0.001755,0.001717,0.001793,0.001793,0.001793,0.001793,0.001755,0.001793,0.001717,0.001755,0.001793,0.001793,0.001755,0.001793,0.001755,0.001755,0.001793,0.001869,0.001831,0.001869,0.001907,0.001869,0.001907,0.001945,0.001984,0.002022,0.002022,0.002098,0.002136,0.002098,0.002136,0.002136,0.002213,0.002251,0.002251,0.002327,0.002289,0.002289,0.002251,0.002327,0.002365,0.002327,0.002251,0.002251,0.002289,0.002251,0.002251,0.002289,0.002213,0.002136,0.002136,0.002213,0.002213,0.002174,0.002136,0.002136,0.002174,0.002098,0.002022,0.002136,0.002060,0.002022,0.002098,0.002098,0.002098,0.002098,0.002098,0.002060,0.002098,0.002098,0.002098,0.002098,0.002098,0.002098,0.002098,0.002098,0.002174,0.002136,0.002098,0.002136,0.002136,0.002136,0.002136,0.002136,0.002136,0.002174,0.002174,0.002098,0.002174,0.002136,0.002136,0.002174,0.002098,0.002174,0.002174,0.002174,0.002174,0.002174,0.002213,0.002174,0.002213,0.002174,0.002136,0.002174,0.002098,0.002098,0.002098,0.002022,0.002060,0.002022,0.001984,0.001984,0.002022,0.001984,0.001984,0.002022,0.002022,0.002060,0.002022,0.002022,0.001984,0.002022,0.002060,0.002098,0.002060,0.002060,0.002022,0.002098,0.002060,0.002060,0.002098,0.002060,0.002098,0.002136,0.002174,0.002213,0.002136,0.002251,0.002174,0.002174,0.002213,0.002174,0.002213,0.002174,0.002213,0.002213,0.002174,0.002174,0.002174,0.002098,0.002136,0.002060,0.002060,0.002022,0.001984,0.001945,0.001869,0.001945,0.001984,0.001945,0.001869,0.001907,0.001869,0.001831,0.001869,0.001831,0.001907,0.001945,0.001945,0.001907,0.001984,0.001984,0.001984,0.001984,0.002060,0.002022,0.002022,0.002060,0.002060,0.002098,0.002060,0.002098,0.002098,0.002098,0.002136,0.002060,0.002098,0.002136,0.002060,0.002098,0.002098,0.002136,0.002098,0.002060,0.002060,0.002060,0.002060,0.001984,0.001984,0.002060,0.002022,0.001984,0.001945,0.001984,0.001945,0.001907,0.001945,0.001945,0.001907,0.001869,0.001869,0.001945,0.001907,0.001869,0.001907,0.001907,0.001945,0.001945,0.002022,0.002022,0.001984,0.002060,0.002022,0.002060,0.002136,0.002174,0.002174,0.002174,0.002174,0.002213,0.002213,0.002174,0.002213,0.002289,0.002289,0.002251,0.002251,0.002289,0.002327,0.002327,0.002327,0.002327,0.002327,0.002365,0.002289,0.002289,0.002327,0.002327,0.002289,0.002251,0.002289,0.002289,0.002289,0.002289,0.002289,0.002289,0.002213,0.002213,0.002213,0.002174,0.002251,0.002213,0.002136,0.002174,0.002136,0.002136,0.002098,0.002098,0.002098,0.002022,0.002060,0.002022,0.002022,0.002022,0.002022,0.002060,0.002060,0.002098,0.002022,0.002136,0.002060,0.002098,0.002136,0.002136,0.002213,0.002213,0.002213,0.002327,0.002289,0.002327,0.002365,0.002441,0.002518,0.002480,0.002632,0.002518,0.002556,0.002632,0.002632,0.002708,0.002747,0.002670,0.002747,0.002708,0.002747,0.002670,0.002670,0.002670,0.002594,0.002594,0.002518,0.002480,0.002518,0.002403,0.002441,0.002365,0.002403,0.002327,0.002251,0.002251,0.002213,0.002213,0.002174,0.002136,0.002098,0.001984,0.001945,0.001831,0.001755,0.001717,0.001602,0.001526,0.001411,0.001259,0.001221,0.001144,0.001030,0.000954,0.000954,0.000916,0.000877,0.000916,0.000954,0.000992,0.000992,0.001030,0.001144,0.001183,0.001373,0.001373,0.001450,0.001602,0.001678,0.001755,0.001831,0.001945,0.002060,0.002098,0.002213,0.002213,0.002289,0.002289,0.002289,0.002365,0.002365,0.002403,0.002365,0.002403,0.002365,0.002327,0.002403,0.002327,0.002327,0.002327,0.002174,0.002251,0.002213,0.002136,0.002213,0.002136,0.002251,0.002174,0.002213,0.002213,0.002213,0.002289,0.002289,0.002327,0.002403,0.002403,0.002441,0.002441,0.002480,0.002518,0.002518,0.002594,0.002518,0.002556,0.002556,0.002556,0.002518,0.002556,0.002518,0.002480,0.002441,0.002403,0.002365,0.002289,0.002251,0.002213,0.002213,0.002174,0.002174,0.002098,0.002060,0.002060,0.001984,0.001984,0.001984,0.002022,0.001984,0.001945,0.001984,0.001945,0.002022,0.001984,0.001984,0.001984,0.001945,0.001984,0.001984,0.002022,0.001984,0.001984,0.002022,0.001984,0.002022,0.002022,0.002022,0.002022,0.001984,0.002022,0.002022,0.001945,0.001984,0.001945,0.002022,0.001945,0.001984,0.001984,0.001907,0.001907,0.001984,0.001945,0.002022,0.001945,0.002022,0.001984,0.002022,0.002098,0.002022,0.002098,0.002060,0.002098,0.002098,0.002022,0.002098,0.002060,0.002098,0.002098,0.002136,0.002174,0.002136,0.002174,0.002251,0.002174,0.002213,0.002251,0.002289,0.002251,0.002289,0.002327,0.002365,0.002403,0.002365,0.002365,0.002403,0.002365,0.002365,0.002327,0.002403,0.002365,0.002327,0.002327,0.002327,0.002365,0.002327,0.002289,0.002289,0.002251,0.002251,0.002174,0.002213,0.002251,0.002136,0.002174,0.002174,0.002174,0.002174,0.002136,0.002174,0.002098,0.002060,0.002098,0.002098,0.002136,0.002060,0.002136,0.002136,0.002098,0.002136,0.002060,0.002098,0.002136,0.002098,0.002174,0.002174,0.002251,0.002213,0.002213,0.002289,0.002289,0.002289,0.002365,0.002251,0.002365,0.002289,0.002365,0.002327,0.002327,0.002365,0.002403,0.002441,0.002327,0.002365,0.002441,0.002365,0.002441,0.002365,0.002327,0.002327,0.002251,0.002251,0.002174,0.002213,0.002060,0.002098,0.002136,0.002060,0.002022,0.001945,0.001945,0.001907,0.001907,0.001907,0.001907,0.001907,0.001907,0.001869,0.001869,0.001831,0.001869,0.001831,0.001793,0.001831,0.001869,0.001831,0.001831,0.001793,0.001755,0.001793,0.001831,0.001869,0.001831,0.001831,0.001717,0.001831,0.001831,0.001831,0.001907,0.001869,0.001907,0.001907,0.001869,0.001945,0.001907,0.001984,0.001907,0.001907,0.001984,0.001945,0.002022,0.002022,0.002060,0.002060,0.002098,0.002098,0.002136,0.002136,0.002098,0.002136,0.002174,0.002136,0.002213,0.002174,0.002174,0.002213,0.002174,0.002174,0.002136,0.002174,0.002174,0.002174,0.002174,0.002136,0.002136,0.002136,0.002136,0.002136,0.002136,0.002136,0.002136,0.002136,0.002098,0.002060,0.002098,0.002098,0.002060,0.002136,0.002098,0.002136,0.002174,0.002174,0.002136,0.002022,0.002136,0.002136,0.002136,0.002136,0.002136,0.002136,0.002060,0.002098,0.002060,0.002022,0.002098,0.001984,0.002060,0.002022,0.001984,0.001984,0.001907,0.001907,0.001907,0.001907,0.001907,0.001831,0.001869,0.001869,0.001869,0.001907,0.001793,0.001907,0.001907,0.001945,0.001907,0.001945,0.001984,0.001945,0.002022,0.002022,0.001984,0.002098,0.002022,0.002060,0.002060,0.002060,0.002136,0.002098,0.002098,0.002098,0.002060,0.002136,0.002098,0.002136,0.002136,0.002098,0.002098,0.002060,0.002060,0.002060,0.002060,0.002022,0.002060,0.002098,0.002060,0.002060,0.002022,0.002022,0.002098,0.002098,0.002060,0.002060,0.002022,0.002136,0.002098,0.002174,0.002174,0.002174,0.002251,0.002213,0.002213,0.002251,0.002289,0.002251,0.002213,0.002289,0.002289,0.002289,0.002289,0.002289,0.002251,0.002213,0.002327,0.002289,0.002251,0.002289,0.002251,0.002213,0.002213,0.002174,0.002174,0.002136,0.002098,0.002174,0.002174,0.002136,0.002098,0.002136,0.002060,0.002060,0.002098,0.002098,0.002136,0.002060,0.002022,0.002060,0.002022,0.002136,0.002136,0.002098,0.002098,0.002098,0.002136,0.002098,0.002136,0.002136,0.002174,0.002251,0.002213,0.002213,0.002251,0.002251,0.002289,0.002327,0.002289,0.002327,0.002251,0.002289,0.002289,0.002289,0.002289,0.002251,0.002251,0.002251,0.002251,0.002213,0.002251,0.002251,0.002174,0.002174,0.002098,0.002174,0.002174,0.002136,0.002060,0.002060,0.002060,0.002060,0.001984,0.001945,0.001945,0.001945,0.001907,0.001869,0.001907,0.001831,0.001831,0.001793,0.001793,0.001793,0.001755,0.001755,0.001755,0.001717,0.001717,0.001678,0.001717,0.001678,0.001717,0.001678,0.001640,0.001678,0.001678,0.001755,0.001717,0.001678,0.001755,0.001755,0.001793,0.001717,0.001678,0.001678,0.001717,0.001831,0.001755,0.001755,0.001793,0.001755,0.001831,0.001793,0.001793,0.001831,0.001869,0.001869,0.001869,0.001945,0.001907,0.001907,0.002022,0.002022,0.002022,0.002022,0.002022,0.002060,0.002136,0.002213,0.002098,0.002136,0.002251,0.002251,0.002251,0.002289,0.002289,0.002327,0.002327,0.002327,0.002327,0.002365,0.002403,0.002403,0.002403,0.002327,0.002365,0.002403,0.002327,0.002403,0.002403,0.002365,0.002327,0.002327,0.002327,0.002365,0.002365,0.002289,0.002327,0.002327,0.002213,0.002174,0.002213,0.002213,0.002174,0.002174,0.002174,0.002136,0.002098,0.002098,0.002060,0.002174,0.002060,0.002060,0.002022,0.002022,0.002098,0.002060,0.002022,0.002022,0.001984,0.001984,0.002022,0.002060,0.002060,0.002022,0.002060,0.001984,0.002022,0.001945,0.001984,0.002022,0.001984,0.002022,0.001945,0.002022,0.001984,0.002022,0.002022,0.002022,0.001945,0.001945,0.001945,0.001984,0.001945,0.001984,0.001945,0.001907,0.001945,0.001984,0.001945,0.001945,0.001984,0.002022,0.001945,0.002022,0.001984,0.002060,0.002022,0.002060,0.002060,0.002022,0.002060,0.002098,0.002098,0.002136,0.002098,0.002136,0.002098,0.002174,0.002174,0.002098,0.002174,0.002060,0.002098,0.002136,0.002136,0.002174,0.002060,0.002060,0.002022,0.002136,0.002098,0.002060,0.002136,0.002136,0.002098,0.002098,0.002060,0.002060,0.002136,0.002136,0.002174,0.002174,0.002136,0.002174,0.002136,0.002213,0.002213,0.002213,0.002174,0.002136,0.002213,0.002174,0.002213,0.002251,0.002251,0.002174,0.002213,0.002213,0.002213,0.002213,0.002213,0.002174,0.002213,0.002136,0.002174,0.002174,0.002174,0.002174,0.002136,0.002213,0.002174,0.002098,0.002098,0.002136,0.002136,0.002136,0.002174,0.002136,0.002098,0.002136,0.002136,0.002174,0.002136,0.002098,0.002174,0.002060,0.002098,0.002136,0.002098,0.002136,0.002060,0.002098,0.002060,0.002022,0.002060,0.002022,0.002060,0.002022,0.002098,0.002060,0.001984,0.001984,0.001945,0.001907,0.001945,0.001945,0.001945,0.001984,0.001984,0.001945,0.001907,0.001945,0.001984,0.001984,0.001945,0.001907,0.001945,0.001907,0.001984,0.001945,0.001869,0.001945,0.001869,0.001945,0.001945,0.001907,0.001945,0.001945,0.001984,0.001984,0.001984,0.001984,0.001945,0.002022,0.001984,0.002022,0.002022,0.002060,0.002098,0.002022,0.002060,0.002098,0.002098,0.002136,0.002098,0.002098,0.002136,0.002098,0.002174,0.002136,0.002174,0.002174,0.002174,0.002174,0.002136,0.002251,0.002136,0.002174,0.002251,0.002174,0.002213,0.002136,0.002213,0.002289,0.002174,0.002213,0.002174,0.002213,0.002174,0.002213,0.002174,0.002136,0.002136,0.002098,0.002098,0.002174,0.002136,0.002213,0.002136,0.002136,0.002174,0.002136,0.002136,0.002098,0.002174,0.002136,0.002174,0.002213,0.002174,0.002174,0.002213,0.002174,0.002251,0.002174,0.002213,0.002174,0.002174,0.002213,0.002213,0.002251,0.002174,0.002251,0.002213,0.002174,0.002251,0.002213,0.002174,0.002213,0.002174,0.002174,0.002174,0.002251,0.002251,0.002136,0.002174,0.002136,0.002213,0.002174,0.002098,0.002136,0.002136,0.002213,0.002136,0.002136,0.002174,0.002136,0.002136,0.002136,0.002098,0.002136,0.002098,0.002136,0.002136,0.002098,0.002136,0.002098,0.002136,0.002174,0.002136,0.002136,0.002136,0.002174,0.002098,0.002098,0.002136,0.002136,0.002174,0.002136,0.002213,0.002213,0.002136,0.002136,0.002098,0.002136,0.002136,0.002174,0.002174,0.002174,0.002213,0.002174,0.002174,0.002213,0.002174,0.002251,0.002213,0.002174,0.002136,0.002174,0.002174,0.002098,0.002174,0.002136,0.002136,0.002098,0.002060,0.002136,0.002098,0.002098,0.002060,0.002022,0.002060,0.001984,0.002098,0.002060,0.002022,0.002060,0.001984,0.001984,0.002060,0.002022,0.002022,0.002022,0.002098,0.002060,0.002098,0.002098,0.002060,0.002098,0.002136,0.002098,0.002213,0.002136,0.002174,0.002213,0.002174,0.002213,0.002213,0.002289,0.002327,0.002327,0.002365,0.002327,0.002403,0.002365,0.002327,0.002441,0.002327,0.002365,0.002441,0.002441,0.002403,0.002403,0.002441,0.002365,0.002327,0.002289,0.002289,0.002289,0.002251,0.002213,0.002136,0.002174,0.002098,0.002022,0.002060,0.001984,0.001984,0.001945,0.001907,0.001945,0.001831,0.001869,0.001793,0.001869,0.001869,0.001831,0.001793,0.001831,0.001793,0.001907,0.001831,0.001907,0.001907,0.001945,0.001984,0.001945,0.001984,0.001945,0.002022,0.002136,0.002060,0.002098,0.002060,0.002098,0.002136,0.002136,0.002098,0.002060,0.002022,0.002022,0.002022,0.002060,0.001984,0.002060,0.002060,0.001984,0.001984,0.001945,0.002022,0.002022,0.002022,0.002060,0.002022,0.002098,0.002060,0.002060,0.002098,0.002098,0.002174,0.002174,0.002174,0.002174,0.002136,0.002213,0.002174,0.002251,0.002213,0.002213,0.002289,0.002289,0.002289,0.002327,0.002289,0.002365,0.002289,0.002365,0.002289,0.002289,0.002289,0.002251,0.002289,0.002289,0.002251,0.002289,0.002251,0.002251,0.002251,0.002251,0.002251,0.002289,0.002251,0.002213,0.002289,0.002251,0.002251,0.002327,0.002327,0.002327,0.002289,0.002289,0.002327,0.002251,0.002251,0.002289,0.002213,0.002289,0.002251,0.002213,0.002136,0.002174,0.002136,0.002098,0.002098,0.002060,0.002060,0.001945,0.001945,0.001945,0.001945,0.001907,0.001907,0.001869,0.001831,0.001831,0.001793,0.001831,0.001869,0.001869,0.001831,0.001831,0.001831,0.001793,0.001831,0.001755,0.001831,0.001793,0.001755,0.001831,0.001831,0.001869,0.001793,0.001831,0.001869,0.001945,0.001945,0.001907,0.001984,0.001984,0.001945,0.001984,0.001984,0.002060,0.002022,0.002022,0.002098,0.002060,0.002098,0.002060,0.002136,0.002136,0.002060,0.002098,0.002098,0.002098,0.002098,0.002098,0.002098,0.002098,0.002136,0.002136,0.002098,0.002098,0.002098,0.002136,0.002174,0.002098,0.002098,0.002098,0.002136,0.002136,0.002060,0.002098,0.002060,0.002136,0.002060,0.002136,0.002136,0.002098,0.002136,0.002136,0.002213,0.002174,0.002174,0.002213,0.002174,0.002213,0.002251,0.002213,0.002251,0.002213,0.002251,0.002174,0.002213,0.002251,0.002174,0.002289,0.002251,0.002251,0.002213,0.002251,0.002251,0.002251,0.002289,0.002289,0.002213,0.002213,0.002251,0.002251,0.002251,0.002174,0.002174,0.002136,0.002136,0.002098,0.002098,0.002098,0.002098,0.002098,0.002060,0.002060,0.001984,0.002022,0.001984,0.002022,0.002022,0.002060,0.002098,0.002098,0.002098,0.002098,0.002136,0.002098,0.002174,0.002174,0.002174,0.002136,0.002174,0.002098,0.002136,0.002174,0.002098,0.002022,0.002060,0.002060,0.002060,0.001984,0.001945,0.001945,0.001869,0.001984,0.001984,0.001945,0.001907,0.001869,0.001907,0.001869,0.001831,0.001831,0.001869,0.001907,0.001907,0.001907,0.001907,0.001945,0.001907,0.001984,0.002060,0.002098,0.002136,0.002136,0.002136,0.002136,0.002098,0.002098,0.002174,0.002174,0.002213,0.002174,0.002136,0.002174,0.002136,0.002174,0.002136,0.002136,0.002098,0.002060,0.002136,0.002060,0.002098,0.002060,0.002060,0.002022,0.002022,0.002022,0.002022,0.002022,0.002022,0.002022,0.002022,0.002022,0.001984,0.002022,0.002060,0.002060,0.002060,0.002022,0.002060,0.002098,0.002060,0.002060,0.002098,0.002060,0.002060,0.002136,0.002136,0.002174,0.002174,0.002136,0.002213,0.002213,0.002213,0.002289,0.002251,0.002289,0.002327,0.002327,0.002327,0.002365,0.002365,0.002289,0.002327,0.002289,0.002365,0.002289,0.002327,0.002327,0.002289,0.002289,0.002251,0.002213,0.002213,0.002213,0.002213,0.002136,0.002174,0.002136,0.002098,0.002136,0.002136,0.002060,0.002136,0.002098,0.002136,0.002060,0.002136,0.002060,0.002022,0.002060,0.002022,0.002022,0.002060,0.002060,0.002098,0.002060,0.002060,0.002022,0.001984,0.002022,0.002060,0.001984,0.001945,0.001984,0.001984,0.001907,0.001907,0.001945,0.001907,0.001907,0.001869,0.001869,0.001869,0.001831,0.001831,0.001831,0.001793,0.001793,0.001831,0.001793,0.001755,0.001869,0.001869,0.001907,0.001869,0.001869,0.001869,0.001907,0.001945,0.001869,0.001869,0.001907,0.001984,0.001945,0.001945,0.001945,0.001984,0.001945,0.001984,0.001945,0.001984,0.001984,0.001945,0.001984,0.001984,0.001984,0.001945,0.001945,0.001945,0.001945,0.001984,0.001945,0.002022,0.001945,0.001945,0.001984,0.001984,0.001984,0.001984,0.001984,0.002022,0.002022,0.001984,0.001984,0.001984,0.002022,0.001984,0.002098,0.002098,0.002098,0.002098,0.002098,0.002136,0.002136,0.002174,0.002174,0.002136,0.002174,0.002174,0.002213,0.002213,0.002136,0.002213,0.002251,0.002213,0.002289,0.002213,0.002289,0.002289,0.002327,0.002327,0.002327,0.002365,0.002403,0.002441,0.002403,0.002441,0.002441,0.002403,0.002480,0.002403,0.002403,0.002480,0.002403,0.002403,0.002403,0.002365,0.002327,0.002327,0.002327,0.002251,0.002213,0.002174,0.002174,0.002136,0.002136,0.002098,0.002060,0.002022,0.001984,0.001907,0.001907,0.001831,0.001831,0.001869,0.001869,0.001869,0.001793,0.001793,0.001793,0.001717,0.001755,0.001717,0.001755,0.001831,0.001793,0.001793,0.001793,0.001831,0.001869,0.001869,0.001945,0.001945,0.001945,0.001907,0.001907,0.001945,0.001907,0.001945,0.001984,0.001984,0.002022,0.002098,0.002098,0.002060,0.002060,0.002098,0.002098,0.002136,0.002098,0.002174,0.002136,0.002136,0.002213,0.002174,0.002213,0.002251,0.002213,0.002251,0.002289,0.002289,0.002327,0.002251,0.002327,0.002365,0.002327,0.002365,0.002365,0.002365,0.002289,0.002403,0.002365,0.002327,0.002289,0.002327,0.002289,0.002327,0.002365,0.002365,0.002365,0.002289,0.002289,0.002365,0.002365,0.002289,0.002289,0.002289,0.002327,0.002327,0.002327,0.002327,0.002251,0.002327,0.002289,0.002289,0.002251,0.002251,0.002251,0.002213,0.002213,0.002213,0.002251,0.002213,0.002174,0.002213,0.002174,0.002174,0.002136,0.002136,0.002174,0.002174,0.002174,0.002174,0.002174,0.002136,0.002136,0.002136,0.002174,0.002136,0.002136,0.002136,0.002098,0.002022,0.002060,0.002060,0.002098,0.002060,0.002022,0.002060,0.002022,0.001984,0.001945,0.001945,0.001984,0.001945,0.001945,0.001945,0.001984,0.001945,0.001907,0.001984,0.001984,0.001984,0.001945,0.001945,0.001984,0.001984,0.002022,0.002060,0.002022,0.001984,0.002022,0.001945,0.001984,0.002022,0.002022,0.002022,0.002022,0.002022,0.002098,0.002060,0.002098,0.002022,0.002060,0.002098,0.002060,0.002060,0.002098,0.002098,0.002136,0.002136,0.002136,0.002136,0.002174,0.002174,0.002174,0.002213,0.002251,0.002251,0.002289,0.002289,0.002289,0.002289,0.002251,0.002289,0.002251,0.002251,0.002213,0.002289,0.002251,0.002251,0.002289,0.002327,0.002289,0.002289,0.002289,0.002213,0.002289,0.002251,0.002251,0.002251,0.002251,0.002251,0.002213,0.002251,0.002174,0.002174,0.002174,0.002136,0.002174,0.002136,0.002098,0.002136,0.002136,0.002136,0.002060,0.002098,0.002136,0.002098,0.002098,0.002098,0.002060,0.002136,0.002136,0.002098,0.002136,0.002136,0.002098,0.002136,0.002098,0.002098,0.002098,0.002098,0.002098,0.002060,0.002060,0.002060,0.002098,0.002060,0.002022,0.002022,0.001984,0.001945,0.001945,0.001907,0.001945,0.001945,0.001907,0.001907,0.001907,0.001907,0.001907,0.001907,0.001869,0.001869,0.001869,0.001831,0.001831,0.001907,0.001831,0.001793,0.001793,0.001831,0.001793,0.001793,0.001907,0.001869,0.001869,0.001869,0.001945,0.001945,0.001869,0.001907,0.001945,0.001945,0.001945,0.001984,0.001984,0.002022,0.002022,0.002022,0.002022,0.002060,0.002098,0.002098,0.002098,0.002060,0.002060,0.002098,0.002136,0.002174,0.002213,0.002213,0.002174,0.002174,0.002213,0.002174,0.002174,0.002251,0.002251,0.002289,0.002327,0.002327,0.002251,0.002289,0.002365,0.002365,0.002289,0.002365,0.002327,0.002251,0.002251,0.002289,0.002289,0.002289,0.002251,0.002251,0.002251,0.002251,0.002251,0.002251,0.002251,0.002213,0.002213,0.002213,0.002251,0.002174,0.002136,0.002136,0.002136,0.002174,0.002136,0.002136,0.002136,0.002213,0.002174,0.002213,0.002136,0.002174,0.002174,0.002174,0.002174,0.002174,0.002136,0.002136,0.002174,0.002174,0.002174,0.002136,0.002136,0.002174,0.002174,0.002136,0.002174,0.002174,0.002174,0.002213,0.002174,0.002251,0.002136,0.002174,0.002174,0.002213,0.002213,0.002174,0.002174,0.002213,0.002174,0.002174,0.002213,0.002213,0.002174,0.002136,0.002213,0.002174,0.002174,0.002213,0.002213,0.002174,0.002174,0.002213,0.002174,0.002174,0.002213,0.002136,0.002174,0.002136,0.002136,0.002098,0.002136,0.002136,0.002136,0.002136,0.002174,0.002136,0.002136,0.002136,0.002174,0.002174,0.002213,0.002174,0.002213,0.002174,0.002136,0.002213,0.002136,0.002213,0.002213,0.002174,0.002213,0.002213,0.002251,0.002213,0.002213,0.002213,0.002213,0.002213,0.002174,0.002213,0.002174,0.002136,0.002213,0.002174,0.002174,0.002136,0.002060,0.002136,0.002174,0.002098,0.002060,0.002060,0.002022,0.001984,0.002022,0.001945,0.001907,0.001945,0.001945,0.001907,0.001907,0.001869,0.001831,0.001869,0.001869,0.001869,0.001869,0.001831,0.001793,0.001793,0.001793,0.001755,0.001831,0.001755,0.001831,0.001831,0.001831,0.001869,0.001869,0.001869,0.001907,0.001907,0.001869,0.001907,0.001984,0.001945,0.002022,0.002060,0.002022,0.002060,0.002098,0.002098,0.002136,0.002174,0.002174,0.002213,0.002289,0.002251,0.002289,0.002174,0.002174,0.002213,0.002251,0.002251,0.002213,0.002174,0.002251,0.002174,0.002136,0.002136,0.002136,0.002174,0.002136,0.002098,0.002098,0.002098,0.002098,0.002098,0.002174,0.002098,0.002098,0.002098,0.002098,0.002136,0.002174,0.002136,0.002098,0.002174,0.002213,0.002174,0.002174,0.002251,0.002251,0.002251,0.002251,0.002251,0.002251,0.002251,0.002213,0.002251,0.002251,0.002213,0.002136,0.002136,0.002174,0.002098,0.002098,0.002060,0.002022,0.001984,0.001945,0.001984,0.001907,0.001869,0.001869,0.001831,0.001831,0.001755,0.001755,0.001755,0.001678,0.001678,0.001717,0.001717,0.001717,0.001755,0.001831,0.001793,0.001831,0.001831,0.001907,0.001907,0.001907,0.001907,0.001907,0.001984,0.002022,0.001945,0.002022,0.001984,0.002022,0.002022,0.001984,0.002022,0.002022,0.001984,0.001984,0.002022,0.002022,0.002022,0.001984,0.001984,0.001984,0.002022,0.002060,0.002098,0.002060,0.002060,0.002022,0.001984,0.002060,0.002098,0.002136,0.002136,0.002098,0.002098,0.002098,0.002136,0.002213,0.002174,0.002251,0.002251,0.002327,0.002289,0.002251,0.002251,0.002251,0.002251,0.002289,0.002251,0.002213,0.002251,0.002289,0.002251,0.002213,0.002174,0.002174,0.002213,0.002251,0.002213,0.002136,0.002174,0.002174,0.002136,0.002136,0.002213,0.002174,0.002098,0.002174,0.002174,0.002174,0.002060,0.002136,0.002136,0.002098,0.002136,0.002136,0.002174,0.002174,0.002136,0.002136,0.002098,0.002098,0.002136,0.002060,0.002098,0.002060,0.002098,0.002098,0.002060,0.002098,0.002022,0.002060,0.002098,0.002060,0.002022,0.002022,0.002060,0.001984,0.002060,0.002022,0.002022,0.002022,0.002022,0.001984,0.001984,0.002022,0.002022,0.002060,0.002022,0.002060,0.002060,0.002098,0.002022,0.002060,0.002136,0.002060,0.002098,0.002022,0.002060,0.002098,0.002136,0.002136,0.002136,0.002060,0.002060,0.002136,0.002098,0.002136,0.002136,0.002174,0.002136,0.002136,0.002136,0.002136,0.002136,0.002136,0.002136,0.002213,0.002174,0.002174,0.002136,0.002098,0.002136,0.002098,0.002098,0.002136,0.002136,0.002136,0.002136,0.002098,0.002060,0.002022,0.002098,0.001984,0.002022,0.002060,0.002022,0.002022,0.002022,0.001984,0.002022,0.002022,0.001984,0.001945,0.001945,0.001945,0.001984,0.001945,0.001907,0.001984,0.001984,0.001945,0.001945,0.001945,0.002022,0.001984,0.001984,0.001984,0.001984,0.002022,0.001984,0.001984,0.002022,0.002022,0.001984,0.001945,0.001984,0.001984,0.002022,0.002022,0.001984,0.002022,0.002022,0.002022,0.002060,0.001984,0.002022,0.001984,0.002022,0.002060,0.002060,0.002098,0.002136,0.002174,0.002098,0.002136,0.002060,0.002060,0.002136,0.002136,0.002174,0.002136,0.002136,0.002136,0.002136,0.002098,0.002098,0.002060,0.002136,0.002060,0.002060,0.002098,0.002060,0.002098,0.002022,0.002098,0.002060,0.002022,0.002060,0.002022,0.002022,0.001984,0.001984,0.002022,0.002022,0.002060,0.002022,0.002022,0.002022,0.002098,0.002174,0.002136,0.002174,0.002136,0.002136,0.002213,0.002136,0.002213,0.002174,0.002213,0.002251,0.002251,0.002289,0.002251,0.002213,0.002251,0.002289,0.002251,0.002251,0.002213,0.002174,0.002174,0.002213,0.002251,0.002213,0.002174,0.002174,0.002136,0.002174,0.002136,0.002174,0.002174,0.002136,0.002136,0.002136,0.002098,0.002098,0.002098,0.002174,0.002098,0.002098,0.002098,0.002060,0.002098,0.002098,0.002098,0.002060,0.002022,0.002060,0.002022,0.002060,0.002022,0.001984,0.002022,0.002022,0.001984,0.001984,0.001945,0.002060,0.002022,0.001945,0.001984,0.001984,0.001984,0.001984,0.001984,0.001945,0.001945,0.001984,0.001984,0.001984,0.001945,0.001945,0.001907,0.001869,0.001984,0.001984,0.001945,0.001945,0.001945,0.001984,0.001945,0.001945,0.002022,0.001945,0.001984,0.001945,0.001907,0.001984,0.001984,0.001984,0.001984,0.002022,0.001945,0.002022,0.002060,0.002022,0.002060,0.002098,0.002098,0.002098,0.002060,0.002136,0.002136,0.002098,0.002136,0.002136,0.002174,0.002213,0.002174,0.002251,0.002174,0.002213,0.002174,0.002251,0.002251,0.002213,0.002213,0.002251,0.002251,0.002251,0.002251,0.002327,0.002251,0.002289,0.002289,0.002289,0.002327,0.002289,0.002251,0.002289,0.002289,0.002251,0.002251,0.002251,0.002251,0.002213,0.002174,0.002174,0.002213,0.002136,0.002136,0.002136,0.002213,0.002174,0.002136,0.002136,0.002174,0.002174,0.002136,0.002136,0.002136,0.002098,0.002174,0.002174,0.002174,0.002174,0.002174,0.002136,0.002136,0.002136,0.002098,0.002098,0.002174,0.002136,0.002136,0.002136,0.002136,0.002174,0.002136,0.002174,0.002213,0.002213,0.002174,0.002136,0.002174,0.002136,0.002136,0.002136,0.002098,0.002136,0.002098,0.002060,0.002098,0.002098,0.002060,0.002022,0.001984,0.001907,0.001907,0.001907,0.001869,0.001907,0.001869,0.001907,0.001869,0.001831,0.001869,0.001945,0.001984,0.001984,0.001984,0.002060,0.002136,0.002136,0.002174,0.002213,0.002289,0.002251,0.002327,0.002327,0.002365,0.002403,0.002365,0.002403,0.002365,0.002327,0.002327,0.002327,0.002327,0.002251,0.002213,0.002213,0.002174,0.002060,0.002022,0.002022,0.001945,0.001945,0.001907,0.001907,0.001907,0.001907,0.001907,0.001907,0.001907,0.001907,0.001945,0.001984,0.001984,0.002060,0.002060,0.002022,0.002098,0.002098,0.002060,0.002174,0.002174,0.002251,0.002213,0.002213,0.002213,0.002174,0.002213,0.002174,0.002213,0.002213,0.002174,0.002213,0.002174,0.002136,0.002174,0.002174,0.002213,0.002213,0.002251,0.002251,0.002174,0.002174,0.002174,0.002213,0.002213,0.002136,0.002213,0.002174,0.002251,0.002213,0.002213,0.002213,0.002251,0.002251,0.002213,0.002289,0.002289,0.002213,0.002213,0.002251,0.002213,0.002251,0.002251,0.002213,0.002213,0.002251,0.002174,0.002136,0.002213,0.002213,0.002174,0.002136,0.002174,0.002213,0.002213,0.002174,0.002136,0.002136,0.002136,0.002136,0.002213,0.002174,0.002174,0.002136,0.002213,0.002174,0.002136,0.002174,0.002136,0.002136,0.002174,0.002098,0.002098,0.002098,0.002060,0.002098,0.002060,0.002098,0.002098,0.002060,0.002022,0.001984,0.001984,0.001945,0.001984,0.002060,0.002022,0.001984,0.002022,0.002022,0.002022,0.002022,0.002098,0.002060,0.002060,0.002098,0.002136,0.002136,0.002060,0.002098,0.002098,0.002136,0.002174,0.002174,0.002136,0.002136,0.002174,0.002174,0.002136,0.002136,0.002060,0.002098,0.002136,0.002136,0.002098,0.002136,0.002136,0.002022,0.002098,0.002136,0.002060,0.002098,0.002098,0.002060,0.002022,0.002098,0.002098,0.002060,0.002098,0.002060,0.002136,0.002098,0.002098,0.002174,0.002098,0.002098,0.002098,0.002098,0.002136,0.002136,0.002098,0.002136,0.002174,0.002098,0.002098,0.002098,0.002060,0.002098,0.002136,0.002136,0.002098,0.002098,0.002136,0.002174,0.002136,0.002136,0.002136,0.002174,0.002136,0.002136,0.002174,0.002136,0.002174,0.002136,0.002136,0.002174,0.002174,0.002174,0.002174,0.002174,0.002174,0.002174,0.002213,0.002213,0.002251,0.002174,0.002174,0.002213,0.002174,0.002136,0.002060,0.002098,0.002098,0.002098,0.002136,0.002098,0.002098,0.002136,0.002098,0.002098,0.001984,0.002060,0.002022,0.002022,0.002022,0.002022,0.002022,0.002022,0.001984,0.001984,0.001984,0.002022,0.001984,0.001984,0.002022,0.002022,0.002022,0.002022,0.002098,0.002060,0.002022,0.002022,0.002060,0.002060,0.002022,0.002060,0.002136,0.002136,0.002098,0.002022,0.002022,0.002098,0.002098,0.002098,0.002136,0.002136,0.002098,0.002098,0.002136,0.002098,0.002098,0.002136,0.002136,0.002098,0.002136,0.002174,0.002136,0.002174,0.002213,0.002213,0.002174,0.002213,0.002213,0.002174,0.002136,0.002174,0.002136,0.002251,0.002251,0.002213,0.002251,0.002213,0.002251,0.002213,0.002213,0.002213,0.002213,0.002213,0.002174,0.002174,0.002136,0.002136,0.002136,0.002174,0.002098,0.002098,0.002060,0.002060,0.002098,0.002060,0.002022,0.001984,0.002098,0.002022,0.001984,0.001984,0.001984,0.002022,0.001984,0.001984,0.001984,0.002022,0.001984,0.001945,0.001945,0.001945,0.001984,0.001945,0.001945,0.001945,0.001945,0.001907,0.001907,0.001945,0.001945,0.001945,0.001907,0.001945,0.001945,0.001945,0.001945,0.001984,0.001984,0.001945,0.002022,0.001984,0.001984,0.002022,0.001984,0.002022,0.002022,0.002098,0.002098,0.002098,0.002098,0.002060,0.002136,0.002136,0.002098,0.002136,0.002174,0.002174,0.002251,0.002213,0.002251,0.002174,0.002213,0.002251,0.002213,0.002251,0.002213,0.002213,0.002213,0.002251,0.002213,0.002174,0.002174,0.002174,0.002136,0.002136,0.002136,0.002098,0.002098,0.002060,0.002098,0.002060,0.002022,0.001984,0.001945,0.001907,0.001984,0.001945,0.001869,0.001869,0.001907,0.001869,0.001755,0.001831,0.001793,0.001793,0.001793,0.001793,0.001755,0.001831,0.001793,0.001793,0.001907,0.001907,0.001907,0.001984,0.001945,0.002022,0.002022,0.002060,0.002098,0.002174,0.002136,0.002174,0.002136,0.002213,0.002174,0.002174,0.002251,0.002251,0.002251,0.002251,0.002251,0.002174,0.002213,0.002213,0.002213,0.002251,0.002251,0.002136,0.002174,0.002213,0.002251,0.002213,0.002213,0.002213,0.002213,0.002251,0.002213,0.002289,0.002251,0.002213,0.002213,0.002174,0.002251,0.002289,0.002251,0.002213,0.002213,0.002289,0.002251,0.002251,0.002251,0.002289,0.002251,0.002213,0.002213,0.002213,0.002251,0.002174,0.002174,0.002136,0.002136,0.002098,0.002098,0.002098,0.002098,0.001984,0.002022,0.002060,0.002098,0.002060,0.002098,0.002098,0.002098,0.002060,0.002022,0.001984,0.002098,0.002022,0.002060,0.002060,0.002060,0.001984,0.001984,0.002022,0.001984,0.001984,0.001984,0.001945,0.001984,0.002060,0.001984,0.001984,0.002022,0.002022,0.002098,0.002136,0.002098,0.002098,0.002136,0.002098,0.002098,0.002098,0.002098,0.002098,0.002060,0.002098,0.001984,0.001984,0.001984,0.001869,0.001831,0.001831,0.001831,0.001831,0.001831,0.001755,0.001755,0.001793,0.001831,0.001793,0.001907,0.001907,0.001945,0.001907,0.001907,0.001945,0.001945,0.001984,0.001907,0.001984,0.001945,0.001945,0.001907,0.001869,0.001907,0.001907,0.001869,0.001831,0.001869,0.001831,0.001831,0.001907,0.001831,0.001869,0.001831,0.001945,0.001907,0.001945,0.001945,0.001984,0.001984,0.002060,0.002022,0.002022,0.002022,0.001984,0.001984,0.002060,0.001984,0.001945,0.001984,0.001984,0.002022,0.002060,0.002022,0.002022,0.002060,0.002098,0.002136,0.002136,0.002174,0.002213,0.002174,0.002174,0.002213,0.002251,0.002213,0.002289,0.002327,0.002365,0.002327,0.002327,0.002365,0.002403,0.002403,0.002365,0.002365,0.002365,0.002327,0.002327,0.002327,0.002251,0.002251,0.002251,0.002213,0.002213,0.002136,0.002060,0.002060,0.002060,0.002060,0.001984,0.002022,0.001984,0.002060,0.002022,0.001984,0.001945,0.001984,0.002022,0.002022,0.002022,0.002060,0.002060,0.002098,0.002098,0.002098,0.002136,0.002213,0.002213,0.002174,0.002213,0.002251,0.002174,0.002213,0.002213,0.002251,0.002213,0.002213,0.002213,0.002213,0.002174,0.002213,0.002136,0.002174,0.002136,0.002136,0.002136,0.002174,0.002098,0.002098,0.002174,0.002136,0.002174,0.002098,0.002098,0.002136,0.002136,0.002098,0.002136,0.002174,0.002136,0.002098,0.002174,0.002174,0.002174,0.002213,0.002136,0.002174,0.002174,0.002174,0.002136,0.002213,0.002174,0.002098,0.002098,0.002098,0.002060,0.002098,0.002136,0.002174,0.002098,0.002098,0.002136,0.002174,0.002098,0.002060,0.002098,0.002136,0.002098,0.002098,0.002098,0.002136,0.002136,0.002174,0.002098,0.002136,0.002174,0.002136,0.002174,0.002174,0.002174,0.002174,0.002174,0.002174,0.002136,0.002136,0.002136,0.002098,0.002136,0.002136,0.002098,0.002136,0.002098,0.002098,0.002060,0.002098,0.002098,0.002060,0.002136,0.002098,0.002060,0.002136,0.002136,0.002136,0.002174,0.002174,0.002136,0.002174,0.002136,0.002136,0.002174,0.002174,0.002136,0.002136,0.002136,0.002136,0.002136,0.002136,0.002136,0.002136,0.002136,0.002098,0.002136,0.002098,0.002136,0.002174,0.002136,0.002213,0.002174,0.002174,0.002174,0.002098,0.002174,0.002136,0.002098,0.002136,0.002136,0.002136,0.002136,0.002098,0.002098,0.002098,0.002098,0.002060,0.002098,0.002136,0.002136,0.002060,0.002060,0.002098,0.002098,0.002098,0.002060,0.002060,0.002098,0.002022,0.002060,0.002060,0.002060,0.002060,0.002022,0.002022,0.002022,0.001984,0.001984,0.001945,0.001945,0.001945,0.001984,0.001984,0.001945,0.001984,0.002022,0.001984,0.001945,0.002022,0.002022,0.001984,0.002022,0.001984,0.002060,0.002060,0.002098,0.002136,0.002098,0.002136,0.002213,0.002213,0.002213,0.002174,0.002174,0.002213,0.002174,0.002174,0.002213,0.002213,0.002213,0.002327,0.002289,0.002289,0.002289,0.002251,0.002327,0.002251,0.002289,0.002327,0.002289,0.002289,0.002289,0.002289,0.002289,0.002289,0.002289,0.002213,0.002251,0.002251,0.002251,0.002174,0.002251,0.002136,0.002174,0.002098,0.002060,0.002098,0.002136,0.002136,0.002136,0.002098,0.002136,0.002136,0.002136,0.002136,0.002174,0.002136,0.002174,0.002213,0.002251,0.002174,0.002213,0.002213,0.002213,0.002251,0.002251,0.002174,0.002251,0.002251,0.002251,0.002289,0.002289,0.002213,0.002289,0.002289,0.002289,0.002251,0.002213,0.002251,0.002289,0.002174,0.002289,0.002251,0.002251,0.002213,0.002213,0.002213,0.002213,0.002174,0.002174,0.002136,0.002136,0.002060,0.002098,0.002022,0.002098,0.002022,0.001984,0.002022,0.001984,0.001945,0.001907,0.001907,0.001945,0.001869,0.001907,0.001831,0.001869,0.001831,0.001869,0.001907,0.001869,0.001907,0.001945,0.001907,0.001869,0.001907,0.001984,0.001984,0.002060,0.002022,0.002098,0.002060,0.002174,0.002136,0.002098,0.002174,0.002213,0.002289,0.002327,0.002213,0.002327,0.002289,0.002289,0.002327,0.002327,0.002327,0.002327,0.002327,0.002327,0.002289,0.002251,0.002289,0.002289,0.002289,0.002251,0.002213,0.002213,0.002174,0.002174,0.002136,0.002136,0.002098,0.002136,0.002136,0.002098,0.002174,0.002098,0.002136,0.002136,0.002136,0.002174,0.002136,0.002136,0.002098,0.002098,0.002174,0.002213,0.002251,0.002213,0.002251,0.002251,0.002174,0.002213,0.002251,0.002213,0.002289,0.002289,0.002289,0.002251,0.002289,0.002327,0.002251,0.002251,0.002289,0.002251,0.002213,0.002251,0.002213,0.002251,0.002213,0.002174,0.002174,0.002213,0.002213,0.002174,0.002213,0.002213,0.002174,0.002174,0.002136,0.002136,0.002136,0.002136,0.002136,0.002098,0.002174,0.002213,0.002213,0.002213,0.002098,0.002213,0.002174,0.002213,0.002213,0.002174,0.002174,0.002213,0.002174,0.002174,0.002174,0.002136,0.002136,0.002098,0.002098,0.002136,0.002136,0.002060,0.002060,0.002060,0.002060,0.001984,0.001984,0.002022,0.002022,0.001984,0.002022,0.001984,0.002022,0.001984,0.002022,0.001945,0.002022,0.002022,0.001984,0.001984,0.001945,0.001984,0.002022,0.001945,0.002022,0.002060,0.002022,0.001984,0.002022,0.001984,0.002022,0.002022,0.001984,0.001984,0.002060,0.001945,0.002022,0.002060,0.002060,0.001984,0.002022,0.002022,0.002022,0.002060,0.002022,0.002022,0.002060,0.002022,0.001945,0.001907,0.001984,0.001984,0.001984,0.001984,0.001945,0.001984,0.001945,0.001984,0.001984,0.001945,0.001984,0.001945,0.001984,0.001984,0.001984,0.001945,0.001984,0.002060,0.002060,0.002060,0.002022,0.002060,0.001984,0.002060,0.002060,0.002060,0.002098,0.002098,0.002098,0.002060,0.002098,0.002098,0.002098,0.002060,0.002098,0.002060,0.002060,0.002136,0.002060,0.002098,0.002060,0.002098,0.002136,0.002060,0.002060,0.002022,0.002060,0.002060,0.002098,0.002060,0.002060,0.002060,0.001984,0.002022,0.002022,0.002022,0.002022,0.001984,0.001984,0.002022,0.002022,0.002022,0.001945,0.001984,0.001984,0.001984,0.002060,0.001945,0.001984,0.002022,0.001984,0.001945,0.001984,0.001984,0.001984,0.001984,0.002022,0.002060,0.002098,0.002098,0.002060,0.002098,0.002060,0.002060,0.002022,0.002098,0.002098,0.002098,0.002098,0.002060,0.002098,0.002098,0.002060,0.002060,0.002098,0.002098,0.002098,0.002098,0.002098,0.002136,0.002098,0.002060,0.002098,0.002060,0.002098,0.002098,0.002098,0.002060,0.002060,0.002136,0.002136,0.002060,0.002098,0.002098,0.002060,0.002098,0.002098,0.002136,0.002098,0.002098,0.002098,0.002098,0.002098,0.002098,0.002098,0.002098,0.002060,0.002136,0.002098,0.002098,0.002136,0.002098,0.002098,0.002174,0.002136,0.002136,0.002136,0.002098,0.002136,0.002098,0.002098,0.002136,0.002174,0.002136,0.002174,0.002213,0.002213,0.002213,0.002213,0.002174,0.002213,0.002213,0.002289,0.002251,0.002174,0.002251,0.002251,0.002213,0.002251,0.002327,0.002289,0.002251,0.002251,0.002251,0.002251,0.002289,0.002289,0.002289,0.002213,0.002213,0.002213,0.002213,0.002213,0.002136,0.002174,0.002098,0.002060,0.002098,0.002022,0.002022,0.002022,0.002098,0.002060,0.001984,0.002022,0.002022,0.001984,0.002022,0.002022,0.001984,0.001984,0.001984,0.001945,0.001984,0.001984,0.001984,0.001984,0.001984,0.001984,0.001945,0.001945,0.001945,0.001945,0.001907,0.001831,0.001945,0.001984,0.001984,0.001945,0.001945,0.001945,0.001984,0.001984,0.001984,0.001984,0.001984,0.001984,0.002060,0.001984,0.001984,0.001984,0.001984,0.001984,0.002022,0.001984,0.002060,0.002022,0.002022,0.002022,0.002098,0.002022,0.002060,0.002060,0.002060,0.002060,0.002060,0.002060,0.002136,0.002060,0.002098,0.002060,0.002060,0.002022,0.002060,0.002098,0.002136,0.002136,0.002136,0.002060,0.002136,0.002136,0.002136,0.002136,0.002098,0.002136,0.002098,0.002136,0.002098,0.002174,0.002136,0.002136,0.002136,0.002136,0.002136,0.002213,0.002213,0.002136,0.002174,0.002213,0.002174,0.002174,0.002136,0.002136,0.002213,0.002098,0.002098,0.002060,0.002060,0.002022,0.002022,0.001984,0.001984,0.001945,0.001869,0.001907,0.001907,0.001831,0.001831,0.001831,0.001869,0.001793,0.001831,0.001793,0.001717,0.001869,0.001869,0.001793,0.001793,0.001869,0.001907,0.001907,0.001907,0.001907,0.001984,0.001945,0.001984,0.002022,0.002022,0.001907,0.001945,0.001945,0.001984,0.001907,0.001984,0.001984,0.001984,0.001984,0.001907,0.001907,0.001945,0.001907,0.001831,0.001831,0.001869,0.001831,0.001831,0.001869,0.001831,0.001793,0.001793,0.001869,0.001869,0.001793,0.001831,0.001869,0.001869,0.001831,0.001869,0.001907,0.001907,0.001945,0.001945,0.001907,0.001907,0.001984,0.002060,0.001984,0.002022,0.002098,0.002098,0.002098,0.002098,0.002174,0.002213,0.002213,0.002251,0.002213,0.002213,0.002213,0.002289,0.002251,0.002327,0.002365,0.002289,0.002327,0.002365,0.002403,0.002441,0.002365,0.002441,0.002403,0.002480,0.002480,0.002480,0.002480,0.002518,0.002480,0.002518,0.002518,0.002518,0.002480,0.002518,0.002518,0.002518,0.002518,0.002518,0.002480,0.002480,0.002518,0.002480,0.002518,0.002518,0.002480,0.002441,0.002403,0.002518,0.002403,0.002365,0.002441,0.002327,0.002327,0.002327,0.002213,0.002213,0.002213,0.002251,0.002213,0.002213,0.002136,0.002213,0.002174,0.002136,0.002136,0.002136,0.002098,0.002136,0.002098,0.002098,0.002136,0.002136,0.002098,0.002098,0.002136,0.002098,0.002136,0.002098,0.002060,0.002098,0.002022,0.002060,0.002098,0.002060,0.002098,0.002060,0.002022,0.002060,0.002060,0.002060,0.002022,0.002022,0.002060,0.001984,0.001945,0.001945,0.001984,0.001907,0.001907,0.001907,0.001907,0.001869,0.001869,0.001907,0.001831,0.001869,0.001869,0.001831,0.001869,0.001831,0.001869,0.001831,0.001831,0.001907,0.001831,0.001831,0.001831,0.001831,0.001869,0.001831,0.001907,0.001907,0.001945,0.001945,0.001907,0.001945,0.001907,0.001945,0.001984,0.001984,0.001945,0.001984,0.002098,0.002060,0.002060,0.001984,0.002022,0.002060,0.002022,0.002022,0.002022,0.002098,0.001984,0.002060,0.002022,0.002022,0.002098,0.001984,0.001984,0.002060,0.002022,0.002060,0.002022,0.002022,0.002060,0.002022,0.002098,0.002022,0.002060,0.002060,0.002098,0.002098,0.002098,0.002098,0.002060,0.002060,0.002098,0.002098,0.002136,0.002136,0.002060,0.002098,0.002213,0.002136,0.002098,0.002098,0.002136,0.002213,0.002174,0.002213,0.002136,0.002136,0.002136,0.002136,0.002136,0.002098,0.002136,0.002060,0.002098,0.002136,0.002136,0.002136,0.002136,0.002060,0.002136,0.002098,0.002060,0.002098,0.002174,0.002174,0.002136,0.002174,0.002136,0.002174,0.002174,0.002174,0.002213,0.002213,0.002213,0.002213,0.002174,0.002213,0.002213,0.002213,0.002213,0.002251,0.002251,0.002251,0.002251,0.002213,0.002213,0.002136,0.002136,0.002213,0.002136,0.002136,0.002098,0.002136,0.002136,0.002060,0.002098,0.002098,0.002136,0.002136,0.002136,0.002136,0.002174,0.002174,0.002098,0.002136,0.002213,0.002174,0.002136,0.002098,0.002174,0.002174,0.002174,0.002174,0.002136,0.002174,0.002174,0.002174,0.002174,0.002213,0.002213,0.002213,0.002174,0.002098,0.002136,0.002174,0.002174,0.002174,0.002098,0.002098,0.002213,0.002213,0.002174,0.002136,0.002136,0.002174,0.002098,0.002136,0.002136,0.002174,0.002174,0.002136,0.002174,0.002213,0.002174,0.002136,0.002136,0.002174,0.002136,0.002174,0.002213,0.002136,0.002136,0.002136,0.002136,0.002136,0.002136,0.002098,0.002136,0.002136,0.002060,0.002136,0.002136,0.002136,0.002060,0.002098,0.002060,0.002060,0.002136,0.002098,0.002060,0.001984,0.002098,0.002098,0.002060,0.002060,0.002060,0.002060,0.002060,0.002060,0.002060,0.002060,0.002060,0.002022,0.002060,0.002098,0.002060,0.002060,0.002060,0.002098,0.002060,0.002136,0.002060,0.002098,0.002136,0.002098,0.002136,0.002098,0.002098,0.002174,0.002174,0.002174,0.002213,0.002213,0.002213,0.002174,0.002251,0.002213,0.002174,0.002213,0.002213,0.002213,0.002174,0.002251,0.002251,0.002213,0.002251,0.002213,0.002174,0.002213,0.002251,0.002289,0.002174,0.002213,0.002213,0.002251,0.002174,0.002251,0.002251,0.002251,0.002174,0.002174,0.002213,0.002136,0.002174,0.002174,0.002174,0.002136,0.002174,0.002174,0.002098,0.002098,0.002098,0.002060,0.002098,0.002060,0.002022,0.002022,0.002022,0.002060,0.002022,0.002022,0.002022,0.001945,0.001984,0.001907,0.001984,0.001945,0.001907,0.001945,0.001907,0.001945,0.001907,0.001907,0.001984,0.001945,0.001907,0.001945,0.001945,0.001945,0.001984,0.001984,0.002022,0.002022,0.002022,0.001984,0.002060,0.002022,0.002060,0.002060,0.002060,0.002098,0.002098,0.002174,0.002136,0.002136,0.002174,0.002136,0.002098,0.002174,0.002136,0.002098,0.002098,0.002098,0.002136,0.002136,0.002136,0.002174,0.002098,0.002098,0.002136,0.002098,0.002136,0.002136,0.002136,0.002098,0.002060,0.002060,0.002060,0.002022,0.002098,0.002098,0.002098,0.002060,0.002098,0.002098,0.002098,0.002098,0.002136,0.002136,0.002060,0.002060,0.002022,0.002098,0.002098,0.002136,0.002136,0.002060,0.002060,0.002098,0.002098,0.002136,0.002098,0.002098,0.002060,0.002060,0.002060,0.002060,0.002098,0.002098,0.002060,0.002022,0.002022,0.002022,0.002022,0.002060,0.002022,0.001945,0.001945,0.001984,0.001984,0.001984,0.001984,0.001984,0.002022,0.002060,0.002022,0.002022,0.002022,0.002060,0.002060,0.002098,0.002174,0.002174,0.002136,0.002136,0.002060,0.002174,0.002174,0.002136,0.002174,0.002174,0.002213,0.002174,0.002136,0.002174,0.002174,0.002174,0.002136,0.002136,0.002136,0.002098,0.002098,0.002098,0.002098,0.002060,0.002060,0.002098,0.002136,0.002174,0.002174,0.002174,0.002136,0.002174,0.002136,0.002174,0.002174,0.002251,0.002251,0.002251,0.002213,0.002136,0.002136,0.002174,0.002174,0.002136,0.002136,0.002136,0.002136,0.002174,0.002174,0.002136,0.002136,0.002136,0.002136,0.002060,0.002136,0.002136,0.002098,0.002060,0.002060,0.002022,0.002098,0.002022,0.002060,0.002098,0.002098,0.002060,0.002060,0.002060,0.002022,0.002060,0.002022,0.002060,0.002022,0.002022,0.001984,0.001945,0.002022,0.002022,0.001984,0.001984,0.001984,0.002022,0.002060,0.002022,0.001945,0.001945,0.001984,0.002022,0.002022,0.002022,0.002022,0.001984,0.001984,0.002060,0.002022,0.002022,0.002098,0.002022,0.002022,0.002060,0.002022,0.002022,0.002098,0.002060,0.002022,0.002022,0.002022,0.002098,0.002060,0.002060,0.002098,0.002098,0.002060,0.002060,0.002098,0.002098,0.002098,0.002098,0.002136,0.002098,0.002060,0.002136,0.002098,0.002136,0.002060,0.002060,0.002098,0.002060,0.002022,0.002098,0.002136,0.002060,0.002060,0.002060,0.002098,0.002098,0.002098,0.002098,0.002136,0.002060,0.002136,0.002136,0.002098,0.002174,0.002174,0.002098,0.002098,0.002098,0.002098,0.002136,0.002098,0.002098,0.002060,0.002060,0.002060,0.002060,0.002060,0.002022,0.001984,0.001945,0.001984,0.001945,0.001907,0.001984,0.001907,0.001945,0.001907,0.001945,0.001945,0.001907,0.001869,0.001945,0.001869,0.001907,0.001869,0.001869,0.001869,0.001869,0.001869,0.001907,0.001945,0.001869,0.001907,0.001907,0.001907,0.001945,0.002060,0.001984,0.001945,0.002022,0.002022,0.002022,0.002022,0.002022,0.002136,0.002136,0.002098,0.002060,0.002136,0.002136,0.002174,0.002136,0.002136,0.002174,0.002174,0.002136,0.002098,0.002136,0.002098,0.002136,0.002098,0.002060,0.002098,0.002098,0.002098,0.002098,0.002098,0.002136,0.002060,0.002060,0.002060,0.002098,0.002098,0.002098,0.002136,0.002136,0.002098,0.002136,0.002098,0.002136,0.002098,0.002060,0.002060,0.002060,0.002060,0.002098,0.002136,0.002098,0.002136,0.002136,0.002174,0.002174,0.002136,0.002136,0.002174,0.002136,0.002136,0.002136,0.002174,0.002213,0.002213,0.002213,0.002136,0.002136,0.002213,0.002174,0.002213,0.002136,0.002174,0.002174,0.002213,0.002213,0.002174,0.002136,0.002136,0.002136,0.002136,0.002136,0.002098,0.002098,0.002136,0.002098,0.002136,0.002174,0.002098,0.002136,0.002098,0.002136,0.002136,0.002060,0.002174,0.002098,0.002060,0.002060,0.002060,0.002022,0.001984,0.001945,0.002060,0.001984,0.001984,0.001984,0.002022,0.001984,0.002022,0.001984,0.002022,0.002022,0.001984,0.002022,0.002060,0.002022,0.001984,0.002022,0.002022,0.002022,0.002060,0.002098,0.002022,0.001984,0.001984,0.002022,0.002022,0.001984,0.002060,0.002060,0.002022,0.002060,0.002098,0.002022,0.002022,0.002060,0.001984,0.001984,0.002022,0.002022,0.002060,0.002022,0.001984,0.002022,0.002022,0.002060,0.002022,0.002022,0.002060,0.002098,0.002060,0.002060,0.002098,0.002098,0.002098,0.002060,0.002060,0.002022,0.002060,0.002098,0.002098,0.002022,0.002098,0.002060,0.001984,0.002060,0.002022,0.002060,0.002060,0.002060,0.002060,0.002098,0.002098,0.002060,0.001984,0.002060,0.002098,0.002060,0.002060,0.002060,0.002136,0.002174,0.002213,0.002174,0.002136,0.002136,0.002213,0.002213,0.002174,0.002213,0.002174,0.002174,0.002213,0.002251,0.002213,0.002289,0.002289,0.002289,0.002327,0.002327,0.002289,0.002327,0.002327,0.002327,0.002327,0.002289,0.002327,0.002251,0.002289,0.002289,0.002327,0.002327,0.002251,0.002251,0.002213,0.002213,0.002251,0.002174,0.002251,0.002136,0.002136,0.002174,0.002213,0.002174,0.002098,0.002136,0.002136,0.002098,0.002098,0.002098,0.002060,0.002060,0.002060,0.002060,0.002060,0.002022,0.002060,0.002060,0.002022,0.002022,0.002060,0.002098,0.002060,0.002060,0.002060,0.002098,0.002060,0.002098,0.002060,0.002022,0.002060,0.002098,0.002060,0.002136,0.002060,0.002098,0.002136,0.002136,0.002174,0.002136,0.002098,0.002098,0.002174,0.002136,0.002136,0.002174,0.002174,0.002136,0.002136,0.002136,0.002174,0.002136,0.002213,0.002174,0.002213,0.002174,0.002213,0.002213,0.002213,0.002213,0.002213,0.002251,0.002327,0.002251,0.002251,0.002251,0.002289,0.002251,0.002289,0.002289,0.002174,0.002213,0.002251,0.002213,0.002213,0.002174,0.002174,0.002213,0.002174,0.002136,0.002098,0.002136,0.002098,0.002098,0.002136,0.002098,0.002022,0.002022,0.002098,0.002060,0.002022,0.001945,0.001984,0.002022,0.002022,0.002022,0.001984,0.001984,0.001984,0.002022,0.001984,0.001984,0.001984,0.002022,0.001945,0.001945,0.001984,0.001984,0.001984,0.002022,0.002060,0.001984,0.001984,0.002060,0.002060,0.002022,0.002098,0.002060,0.002098,0.002060,0.002060,0.002060,0.002098,0.002174,0.002174,0.002174,0.002174,0.002213,0.002174,0.002174,0.002174,0.002251,0.002174,0.002174,0.002174,0.002174,0.002136,0.002136,0.002136,0.002060,0.002174,0.002136,0.002098,0.002060,0.002022,0.002022,0.002022,0.002022,0.001984,0.002022,0.002022,0.001984,0.002022,0.001984,0.001984,0.001945,0.001984,0.001907,0.001945,0.001945,0.001984,0.002022,0.001984,0.002060,0.002022,0.001984,0.001984,0.001984,0.002060,0.002098,0.002098,0.002098,0.002136,0.002098,0.002136,0.002174,0.002213,0.002174,0.002174,0.002251,0.002251,0.002251,0.002251,0.002251,0.002289,0.002289,0.002251,0.002251,0.002289,0.002251,0.002289,0.002289,0.002251,0.002251,0.002251,0.002251,0.002213,0.002289,0.002251,0.002251,0.002251,0.002251,0.002289,0.002251,0.002213,0.002213,0.002213,0.002174,0.002213,0.002251,0.002213,0.002174,0.002251,0.002327,0.002251,0.002289,0.002251,0.002251,0.002251,0.002251,0.002213,0.002213,0.002251,0.002251,0.002213,0.002251,0.002213,0.002213,0.002213,0.002251,0.002289,0.002289,0.002327,0.002251,0.002251,0.002213,0.002213,0.002251,0.002251,0.002251,0.002251,0.002289,0.002289,0.002251,0.002289,0.002251,0.002213,0.002251,0.002251,0.002251,0.002251,0.002251,0.002251,0.002213,0.002289,0.002213,0.002213,0.002174,0.002213,0.002174,0.002213,0.002174,0.002213,0.002174,0.002174,0.002174,0.002174,0.002098,0.002136,0.002174,0.002098,0.002098,0.002136,0.002060,0.002098,0.002060,0.002060,0.002098,0.002136,0.002060,0.002060,0.002060,0.002136,0.002060,0.002022,0.002022,0.001984,0.001907,0.001984,0.001945,0.001945,0.001945,0.001907,0.001945,0.001945,0.001869,0.001907,0.001907,0.001907,0.001945,0.001907,0.001869,0.001869,0.001869,0.001831,0.001869,0.001907,0.001907,0.001869,0.001907,0.001945,0.001869,0.001907,0.001907,0.001907,0.001984,0.001945,0.001945,0.001945,0.002022,0.002022,0.002022,0.002022,0.002022,0.002060,0.002060,0.002022,0.002060,0.002022,0.002060,0.002098,0.002022,0.002022,0.002022,0.002060,0.002060,0.002022,0.002060,0.002136,0.002060,0.002098,0.002136,0.002136,0.002098,0.002136,0.002174,0.002136,0.002136,0.002136,0.002174,0.002213,0.002213,0.002213,0.002213,0.002174,0.002213,0.002213,0.002213,0.002213,0.002174,0.002251,0.002289,0.002213,0.002136,0.002136,0.002136,0.002136,0.002174,0.002174,0.002098,0.002098,0.002098,0.002098,0.002060,0.002098,0.002060,0.002098,0.002022,0.002022,0.001984,0.001907,0.002022,0.001945,0.002022,0.001945,0.001984,0.001984,0.002022,0.001984,0.001945,0.001984,0.002022,0.001945,0.001984,0.001945,0.001984,0.001984,0.001984,0.001984,0.001984,0.001945,0.001984,0.001984,0.002022,0.001945,0.001984,0.001984,0.002022,0.002022,0.001907,0.001945,0.001945,0.001984,0.001945,0.001945,0.001907,0.001907,0.001984,0.001984,0.001984,0.001945,0.001984,0.002022,0.002022,0.002022,0.002022,0.002098,0.002060,0.002060,0.002098,0.002060,0.002098,0.002136,0.002098,0.002098,0.002098,0.002098,0.002098,0.002136,0.002136,0.002098,0.002136,0.002098,0.002136,0.002098,0.002136,0.002098,0.002136,0.002136,0.002098,0.002098,0.002098,0.002136,0.002098,0.002136,0.002136,0.002098,0.002098,0.002174,0.002174,0.002136,0.002136,0.002098,0.002136,0.002174,0.002098,0.002060,0.002098,0.002098,0.002136,0.002136,0.002098,0.002174,0.002174,0.002098,0.002136,0.002136,0.002136,0.002136,0.002174,0.002098,0.002098,0.002060,0.002060,0.002098,0.002098,0.002098,0.002060,0.002060,0.002022,0.002060,0.001984,0.002022,0.002022,0.001984,0.001984,0.001984,0.002022,0.001984,0.001984,0.001945,0.001984,0.001984,0.001984,0.002022,0.001984,0.001984,0.001984,0.002022,0.001984,0.001984,0.002022,0.001984,0.001984,0.002022,0.001984,0.001984,0.001945,0.002022,0.002022,0.002022,0.002022,0.001984
6,19:00:00.000,12/31/1903,0.000000,0.100000,UNKNOWN,1,0/0,0.000000,0.000000,0.000000,0.000000,0.000000,0.000000,0.000000,0.000000,0,0,0,0,0.002213,0.002174,0.002174,0.002174,0.002174,0.002174,0.002213,0.002136,0.002174,0.002174,0.002136,0.002136,0.002098,0.002174,0.002174,0.002136,0.002098,0.002098,0.002174,0.002174,0.002098,0.002136,0.002136,0.002174,0.002098,0.002136,0.002174,0.002098,0.002060,0.002060,0.002098,0.002098,0.002136,0.002098,0.002098,0.002060,0.002060,0.002098,0.002136,0.002060,0.002098,0.002136,0.002098,0.002060,0.002022,0.002098,0.002098,0.002098,0.002136,0.002060,0.002098,0.002060,0.002098,0.002060,0.002060,0.002098,0.002060,0.002022,0.002060,0.002022,0.002060,0.002022,0.002022,0.002060,0.002022,0.002060,0.002060,0.002098,0.002022,0.002022,0.002060,0.002022,0.002060,0.001984,0.001984,0.002022,0.001984,0.002022,0.002022,0.001984,0.002022,0.001984,0.001984,0.001984,0.001984,0.001984,0.001984,0.002022,0.001984,0.002060,0.001945,0.002022,0.002060,0.002022,0.002022,0.001984,0.002022,0.001984,0.002022,0.002022,0.002060,0.002060,0.002060,0.002060,0.002098,0.002060,0.002060,0.002060,0.002060,0.002022,0.002022,0.002060,0.002060,0.002022,0.002060,0.002022,0.001984,0.001984,0.002022,0.002060,0.002060,0.002060,0.001984,0.002060,0.002060,0.002060,0.002060,0.002022,0.002060,0.002060,0.002060,0.002060,0.002060,0.002098,0.002136,0.002060,0.002136,0.002060,0.002022,0.002022,0.002022,0.002098,0.002098,0.002060,0.002098,0.002098,0.002136,0.002060,0.002060,0.002060,0.002098,0.002060,0.002060,0.002098,0.002060,0.002060,0.002098,0.002098,0.002098,0.002098,0.002060,0.002098,0.002098,0.002098,0.002060,0.002060,0.002136,0.002098,0.002098,0.002060,0.002174,0.002136,0.002098,0.002174,0.002136,0.002213,0.002098,0.002136,0.002174,0.002174,0.002136,0.002098,0.002136,0.002174,0.002136,0.002098,0.002136,0.002174,0.002136,0.002098,0.002136,0.002136,0.002174,0.002098,0.002136,0.002213,0.002136,0.002136,0.002174,0.002098,0.002060,0.002098,0.002136,0.002098,0.002174,0.002098,0.002136,0.002174,0.002136,0.002174,0.002060,0.002098,0.002136,0.002098,0.002098,0.002098,0.002174,0.002098,0.002174,0.002174,0.002136,0.002174,0.002174,0.002136,0.002174,0.002136,0.002136,0.002136,0.002174,0.002174,0.002136,0.002136,0.002136,0.002213,0.002136,0.002136,0.002136,0.002136,0.002136,0.002136,0.002174,0.002098,0.002213,0.002213,0.002098,0.002136,0.002174,0.002136,0.002174,0.002098,0.002174,0.002174,0.002136,0.002174,0.002174,0.002136,0.002174,0.002098,0.002174,0.002022,0.002098,0.002060,0.002060,0.002136,0.002174,0.002136,0.002098,0.002098,0.002136,0.002098,0.002098,0.002060,0.002098,0.002098,0.002098,0.002098,0.002022,0.002022,0.002098,0.002022,0.002060,0.002022,0.002060,0.002098,0.002060,0.002022,0.002060,0.002022,0.002098,0.002060,0.002060,0.002060,0.002060,0.002098,0.001984,0.002022,0.002060,0.002060,0.002022,0.002022,0.002022,0.002022,0.002060,0.002060,0.002098,0.002022,0.002022,0.002022,0.002022,0.002022,0.002060,0.002060,0.002060,0.002022,0.002060,0.001984,0.002060,0.002022,0.002022,0.002060,0.001984,0.002022,0.002060,0.002098,0.002060,0.002022,0.002060,0.002022,0.002022,0.002060,0.002060,0.002022,0.002022,0.002060,0.002060,0.002022,0.002098,0.002060,0.002022,0.002060,0.002022,0.002098,0.002060,0.002022,0.002098,0.002136,0.002060,0.002060,0.002098,0.002060,0.002060,0.002098,0.002060,0.002098,0.002060,0.002022,0.002060,0.002060,0.002060,0.002022,0.002060,0.002098,0.002136,0.002098,0.002022,0.002060,0.002098,0.002098,0.002060,0.002060,0.002174,0.002098,0.002098,0.002136,0.002098,0.002098,0.002060,0.002022,0.002060,0.002060,0.002098,0.002060,0.002060,0.002060,0.002060,0.002098,0.002060,0.002060,0.002098,0.002098,0.002098,0.002060,0.002098,0.002098,0.002060,0.002174,0.002098,0.002174,0.002098,0.002060,0.002136,0.002136,0.002136,0.002136,0.002136,0.002136,0.002136,0.002136,0.002136,0.002136,0.002174,0.002136,0.002174,0.002136,0.002136,0.002213,0.002213,0.002136,0.002098,0.002213,0.002136,0.002174,0.002174,0.002174,0.002174,0.002174,0.002136,0.002174,0.002136,0.002136,0.002213,0.002136,0.002136,0.002174,0.002174,0.002174,0.002174,0.002136,0.002136,0.002213,0.002136,0.002136,0.002136,0.002136,0.002136,0.002174,0.002136,0.002136,0.002136,0.002136,0.002136,0.002098,0.002098,0.002060,0.002060,0.002060,0.002060,0.002098,0.002098,0.002098,0.002022,0.002098,0.002098,0.002060,0.002060,0.002060,0.002060,0.002136,0.002022,0.002022,0.002022,0.002060,0.002022,0.001984,0.001984,0.001984,0.002022,0.002022,0.002022,0.001984,0.002022,0.002060,0.002060,0.002060,0.002022,0.002022,0.002022,0.002022,0.002060,0.001945,0.001945,0.001984,0.001984,0.001984,0.002022,0.002060,0.001984,0.001984,0.001984,0.002022,0.001984,0.002022,0.001984,0.001984,0.002022,0.002022,0.002022,0.002022,0.002022,0.002022,0.002022,0.001984,0.001984,0.001984,0.001984,0.001984,0.001984,0.001984,0.002022,0.002022,0.001984,0.001984,0.002060,0.002022,0.002022,0.002022,0.002022,0.002022,0.002022,0.002060,0.002060,0.002022,0.002022,0.002022,0.002022,0.002022,0.002022,0.002022,0.002022,0.002060,0.002098,0.002060,0.002060,0.002098,0.002098,0.002098,0.002060,0.002022,0.002060,0.002060,0.002060,0.002136,0.002098,0.002136,0.002098,0.002060,0.002174,0.002136,0.002136,0.002098,0.002098,0.002060,0.002098,0.002136,0.002174,0.002136,0.002136,0.002136,0.002098,0.002136,0.002174,0.002136,0.002174,0.002174,0.002136,0.002098,0.002136,0.002136,0.002213,0.002136,0.002174,0.002174,0.002174,0.002098,0.002098,0.002136,0.002136,0.002098,0.002136,0.002136,0.002060,0.002098,0.002060,0.002060,0.002060,0.002098,0.002098,0.002098,0.002060,0.002060,0.002098,0.002060,0.002060,0.002098,0.002060,0.002060,0.002022,0.002022,0.002098,0.002098,0.002098,0.002060,0.002060,0.002060,0.002060,0.002060,0.002022,0.002060,0.002098,0.002022,0.001984,0.002022,0.002098,0.002098,0.002060,0.002022,0.002098,0.002060,0.002060,0.002060,0.002060,0.002060,0.002098,0.002060,0.002060,0.002098,0.002060,0.002022,0.002098,0.002060,0.002098,0.002022,0.002136,0.002098,0.002022,0.002060,0.002060,0.002098,0.002098,0.002098,0.002060,0.002098,0.002136,0.002136,0.002060,0.002060,0.002060,0.002060,0.002022,0.002060,0.002060,0.002098,0.002060,0.002060,0.002098,0.002060,0.002022,0.002022,0.002060,0.002022,0.002060,0.002022,0.002022,0.002098,0.002060,0.002022,0.001984,0.002022,0.002098,0.002098,0.002022,0.002022,0.002022,0.002022,0.002022,0.002060,0.001984,0.001984,0.001984,0.002022,0.001984,0.001945,0.001945,0.001945,0.001984,0.001945,0.001945,0.001869,0.001869,0.001869,0.001907,0.001907,0.001793,0.001831,0.001831,0.001717,0.001793,0.001755,0.001717,0.001678,0.001678,0.001717,0.001678,0.001640,0.001564,0.001526,0.001526,0.001564,0.001488,0.001488,0.001450,0.001411,0.001450,0.001526,0.001564,0.001564,0.001678,0.001717,0.001793,0.001869,0.002022,0.002213,0.002441,0.002632,0.002823,0.003090,0.003319,0.003624,0.003967,0.004311,0.004692,0.004997,0.005302,0.005760,0.006104,0.006447,0.006714,0.007019,0.007210,0.007401,0.007591,0.007515,0.007401,0.007286,0.007057,0.006714,0.006256,0.005836,0.005379,0.004807,0.004272,0.003662,0.003090,0.002480,0.001907,0.001335,0.000687,0.000153,-0.000420,-0.001106,-0.001755,-0.002289,-0.002937,-0.003510,-0.004005,-0.004463,-0.004845,-0.005112,-0.005302,-0.005417,-0.005341,-0.005188,-0.004921,-0.004654,-0.004272,-0.003891,-0.003395,-0.002899,-0.002327,-0.001831,-0.001259,-0.000801,-0.000343,0.000000,0.000420,0.000839,0.001106,0.001373,0.001602,0.001793,0.002022,0.002136,0.002289,0.002365,0.002403,0.002480,0.002556,0.002670,0.002747,0.002785,0.002861,0.002937,0.003014,0.003052,0.003090,0.003166,0.003204,0.003281,0.003319,0.003433,0.003548,0.003662,0.003815,0.003853,0.003967,0.004120,0.004234,0.004311,0.004349,0.004501,0.004616,0.004654,0.004730,0.004692,0.004730,0.004768,0.004730,0.004654,0.004578,0.004501,0.004425,0.004387,0.004272,0.004158,0.004044,0.003891,0.003738,0.003662,0.003548,0.003395,0.003281,0.003166,0.003090,0.002937,0.002861,0.002747,0.002594,0.002480,0.002480,0.002365,0.002251,0.002174,0.002136,0.002098,0.002022,0.001984,0.001945,0.001869,0.001907,0.001831,0.001793,0.001755,0.001793,0.001755,0.001793,0.001793,0.001793,0.001831,0.001869,0.001907,0.001907,0.001984,0.002022,0.001984,0.002022,0.002060,0.002098,0.002060,0.001984,0.001984,0.001907,0.001907,0.001869,0.001793,0.001869,0.001907,0.001793,0.001717,0.001793,0.001755,0.001755,0.001755,0.001755,0.001678,0.001602,0.001678,0.001640,0.001602,0.001526,0.001488,0.001450,0.001411,0.001411,0.001450,0.001411,0.001450,0.001488,0.001602,0.001640,0.001678,0.001755,0.001717,0.001793,0.001831,0.001831,0.001907,0.001907,0.001907,0.001907,0.001869,0.001907,0.001869,0.001831,0.001831,0.001831,0.001869,0.001831,0.001945,0.001945,0.001869,0.001945,0.001907,0.001984,0.001984,0.002022,0.001984,0.001945,0.001984,0.001945,0.001907,0.001869,0.001907,0.001869,0.001831,0.001869,0.001907,0.001907,0.001831,0.001831,0.001945,0.001984,0.001984,0.002060,0.002136,0.002174,0.002251,0.002327,0.002403,0.002441,0.002480,0.002518,0.002556,0.002556,0.002632,0.002632,0.002594,0.002518,0.002480,0.002365,0.002365,0.002251,0.002174,0.002098,0.002022,0.002022,0.001945,0.001907,0.001907,0.001869,0.001831,0.001869,0.001831,0.001869,0.001907,0.001869,0.001869,0.001907,0.001907,0.001907,0.001907,0.001907,0.001831,0.001793,0.001793,0.001640,0.001602,0.001602,0.001488,0.001526,0.001488,0.001488,0.001450,0.001373,0.001411,0.001373,0.001450,0.001411,0.001335,0.001373,0.001335,0.001335,0.001373,0.001450,0.001411,0.001450,0.001564,0.001564,0.001564,0.001640,0.001717,0.001755,0.001831,0.001945,0.001945,0.001984,0.002098,0.002136,0.002251,0.002327,0.002441,0.002518,0.002556,0.002594,0.002708,0.002670,0.002785,0.002785,0.002785,0.002785,0.002823,0.002823,0.002785,0.002747,0.002708,0.002708,0.002632,0.002670,0.002708,0.002670,0.002708,0.002670,0.002632,0.002594,0.002594,0.002556,0.002556,0.002556,0.002556,0.002556,0.002556,0.002518,0.002441,0.002441,0.002365,0.002327,0.002289,0.002251,0.002213,0.002213,0.002213,0.002174,0.002098,0.002174,0.002060,0.002136,0.002098,0.002136,0.002136,0.002174,0.002098,0.002136,0.002136,0.002136,0.002098,0.002136,0.002098,0.002098,0.002098,0.002098,0.002098,0.002060,0.002022,0.002098,0.002098,0.002136,0.002136,0.002251,0.002251,0.002289,0.002327,0.002365,0.002365,0.002441,0.002518,0.002518,0.002556,0.002594,0.002594,0.002670,0.002670,0.002670,0.002632,0.002594,0.002594,0.002556,0.002480,0.002441,0.002365,0.002289,0.002213,0.002098,0.002060,0.001984,0.002022,0.001984,0.001907,0.001755,0.001755,0.001755,0.001717,0.001678,0.001717,0.001717,0.001755,0.001717,0.001793,0.001869,0.001869,0.001945,0.001984,0.001984,0.001984,0.002060,0.002136,0.002136,0.002174,0.002174,0.002174,0.002174,0.002136,0.002136,0.002060,0.002098,0.002136,0.002022,0.001984,0.001945,0.001945,0.001907,0.001907,0.001907,0.001831,0.001793,0.001755,0.001755,0.001717,0.001602,0.001640,0.001640,0.001640,0.001602,0.001602,0.001564,0.001564,0.001526,0.001602,0.001564,0.001602,0.001640,0.001602,0.001678,0.001640,0.001755,0.001717,0.001755,0.001869,0.001869,0.001869,0.001907,0.001945,0.001945,0.001907,0.001984,0.002022,0.002022,0.002060,0.002060,0.002098,0.002098,0.002136,0.002174,0.002098,0.002136,0.002174,0.002136,0.002174,0.002174,0.002213,0.002174,0.002213,0.002174,0.002251,0.002251,0.002174,0.002174,0.002174,0.002213,0.002213,0.002289,0.002213,0.002174,0.002136,0.002136,0.002098,0.002174,0.002174,0.002136,0.002136,0.002174,0.002174,0.002213,0.002213,0.002174,0.002174,0.002136,0.002174,0.002174,0.002213,0.002174,0.002213,0.002174,0.002213,0.002213,0.002174,0.002174,0.002136,0.002136,0.002098,0.002098,0.002098,0.001984,0.001984,0.001945,0.001945,0.001945,0.001869,0.001831,0.001831,0.001831,0.001755,0.001755,0.001793,0.001717,0.001717,0.001717,0.001755,0.001717,0.001678,0.001678,0.001717,0.001678,0.001717,0.001678,0.001717,0.001755,0.001755,0.001793,0.001793,0.001793,0.001793,0.001831,0.001907,0.001945,0.001984,0.002022,0.002098,0.002098,0.002251,0.002289,0.002251,0.002289,0.002327,0.002327,0.002403,0.002403,0.002441,0.002441,0.002441,0.002441,0.002441,0.002480,0.002518,0.002518,0.002518,0.002518,0.002518,0.002441,0.002518,0.002518,0.002556,0.002480,0.002518,0.002518,0.002480,0.002480,0.002518,0.002441,0.002441,0.002441,0.002480,0.002480,0.002403,0.002365,0.002327,0.002251,0.002251,0.002251,0.002251,0.002136,0.002060,0.002136,0.002060,0.002060,0.002022,0.001984,0.001945,0.001945,0.001984,0.001907,0.001984,0.001984,0.001984,0.002022,0.002098,0.002060,0.002136,0.002136,0.002174,0.002213,0.002251,0.002251,0.002251,0.002289,0.002327,0.002327,0.002327,0.002289,0.002251,0.002327,0.002327,0.002251,0.002213,0.002174,0.002213,0.002174,0.002098,0.002098,0.002060,0.002060,0.002022,0.001984,0.001945,0.001907,0.001907,0.001907,0.001869,0.001869,0.001831,0.001793,0.001793,0.001793,0.001793,0.001793,0.001755,0.001755,0.001678,0.001755,0.001793,0.001755,0.001717,0.001793,0.001755,0.001717,0.001755,0.001717,0.001793,0.001793,0.001793,0.001755,0.001755,0.001755,0.001755,0.001717,0.001717,0.001755,0.001793,0.001755,0.001755,0.001793,0.001717,0.001755,0.001755,0.001755,0.001831,0.001831,0.001907,0.001907,0.001945,0.002022,0.002022,0.001984,0.002060,0.002136,0.002174,0.002174,0.002174,0.002174,0.002251,0.002251,0.002289,0.002289,0.002136,0.002251,0.002251,0.002213,0.002251,0.002251,0.002289,0.002251,0.002213,0.002174,0.002213,0.002174,0.002136,0.002136,0.002098,0.002098,0.002098,0.002060,0.002098,0.002098,0.002060,0.002060,0.002022,0.002060,0.002098,0.002136,0.002136,0.002098,0.002060,0.002098,0.002060,0.002136,0.002136,0.002174,0.002136,0.002098,0.002136,0.002022,0.002098,0.002174,0.002098,0.002098,0.002174,0.002174,0.002136,0.002060,0.002098,0.002098,0.002136,0.002174,0.002136,0.002136,0.002136,0.002213,0.002174,0.002213,0.002174,0.002174,0.002213,0.002213,0.002174,0.002136,0.002098,0.002136,0.002098,0.002136,0.002174,0.002022,0.002060,0.002060,0.002060,0.002060,0.002060,0.002060,0.002022,0.002022,0.001984,0.002022,0.001984,0.001984,0.002060,0.001984,0.001984,0.002022,0.002022,0.002022,0.002060,0.002060,0.002060,0.002022,0.002022,0.002022,0.002098,0.002136,0.002136,0.002136,0.002098,0.002174,0.002174,0.002213,0.002213,0.002174,0.002213,0.002174,0.002136,0.002174,0.002136,0.002174,0.002098,0.002174,0.002136,0.002060,0.002060,0.002022,0.002022,0.001984,0.001984,0.001984,0.001945,0.001907,0.001907,0.001945,0.001907,0.001831,0.001869,0.001907,0.001831,0.001831,0.001869,0.001945,0.001907,0.001907,0.001907,0.001945,0.001945,0.001945,0.001984,0.002060,0.002022,0.002098,0.002022,0.002022,0.002060,0.002060,0.002060,0.002098,0.002098,0.002098,0.002060,0.002098,0.002136,0.002136,0.002060,0.002060,0.002098,0.002060,0.002022,0.002060,0.002022,0.002022,0.002060,0.002022,0.001984,0.002022,0.001984,0.001984,0.001984,0.001907,0.001945,0.001984,0.001945,0.001984,0.001907,0.001869,0.001907,0.001869,0.001984,0.001945,0.001984,0.001907,0.001945,0.001984,0.001984,0.002022,0.001984,0.002060,0.002098,0.002060,0.002174,0.002136,0.002136,0.002174,0.002174,0.002213,0.002174,0.002174,0.002174,0.002251,0.002289,0.002251,0.002289,0.002327,0.002327,0.002365,0.002327,0.002327,0.002289,0.002289,0.002327,0.002289,0.002289,0.002251,0.002327,0.002251,0.002174,0.002289,0.002251,0.002251,0.002251,0.002213,0.002213,0.002174,0.002174,0.002213,0.002136,0.002174,0.002136,0.002136,0.002136,0.002098,0.002136,0.002098,0.002098,0.002098,0.002098,0.002060,0.002060,0.002098,0.002022,0.002060,0.002060,0.002022,0.002060,0.002098,0.002136,0.002098,0.002098,0.002213,0.002251,0.002251,0.002289,0.002289,0.002403,0.002441,0.002480,0.002480,0.002480,0.002594,0.002594,0.002632,0.002670,0.002632,0.002670,0.002708,0.002747,0.002708,0.002632,0.002708,0.002632,0.002670,0.002670,0.002632,0.002594,0.002518,0.002441,0.002403,0.002365,0.002403,0.002289,0.002289,0.002213,0.002213,0.002213,0.002136,0.002174,0.002098,0.002022,0.001945,0.001907,0.001831,0.001717,0.001640,0.001564,0.001488,0.001411,0.001259,0.001221,0.001106,0.001030,0.000954,0.000839,0.000916,0.000916,0.000877,0.000916,0.000877,0.000992,0.001068,0.001144,0.001183,0.001259,0.001411,0.001411,0.001564,0.001640,0.001717,0.001831,0.001869,0.002022,0.002098,0.002174,0.002174,0.002251,0.002327,0.002289,0.002327,0.002403,0.002365,0.002403,0.002365,0.002365,0.002327,0.002289,0.002289,0.002251,0.002251,0.002213,0.002174,0.002213,0.002174,0.002136,0.002174,0.002098,0.002174,0.002213,0.002174,0.002251,0.002213,0.002327,0.002365,0.002403,0.002365,0.002441,0.002480,0.002441,0.002480,0.002480,0.002518,0.002556,0.002556,0.002556,0.002556,0.002518,0.002518,0.002480,0.002441,0.002365,0.002327,0.002327,0.002289,0.002251,0.002174,0.002174,0.002136,0.002098,0.002060,0.001984,0.002022,0.001984,0.001984,0.001945,0.001945,0.001945,0.001984,0.001945,0.001945,0.001984,0.001945,0.001945,0.001907,0.001945,0.001945,0.001984,0.001984,0.001945,0.001984,0.001945,0.001945,0.001984,0.001984,0.001945,0.002022,0.001984,0.002022,0.002022,0.001984,0.002022,0.001984,0.001907,0.001945,0.001945,0.001984,0.002022,0.001984,0.001945,0.001945,0.001984,0.002022,0.001984,0.001984,0.002022,0.002022,0.001984,0.001984,0.002022,0.002022,0.002060,0.002060,0.002022,0.001984,0.002022,0.002098,0.002098,0.002060,0.002136,0.002174,0.002251,0.002213,0.002251,0.002289,0.002251,0.002327,0.002289,0.002327,0.002327,0.002327,0.002403,0.002327,0.002365,0.002403,0.002403,0.002403,0.002327,0.002365,0.002365,0.002365,0.002365,0.002251,0.002327,0.002289,0.002251,0.002251,0.002251,0.002251,0.002213,0.002136,0.002213,0.002136,0.002174,0.002136,0.002136,0.002136,0.002060,0.002098,0.002098,0.002060,0.002060,0.002060,0.002060,0.002060,0.002098,0.002098,0.002022,0.002060,0.002136,0.002136,0.002174,0.002098,0.002136,0.002213,0.002251,0.002213,0.002213,0.002327,0.002213,0.002289,0.002327,0.002327,0.002365,0.002327,0.002327,0.002327,0.002327,0.002403,0.002365,0.002403,0.002441,0.002403,0.002365,0.002289,0.002365,0.002327,0.002251,0.002289,0.002251,0.002174,0.002136,0.002136,0.002098,0.002060,0.002060,0.001984,0.001984,0.001984,0.001945,0.002022,0.001945,0.001945,0.001869,0.001831,0.001869,0.001831,0.001869,0.001831,0.001793,0.001831,0.001793,0.001831,0.001793,0.001793,0.001793,0.001717,0.001793,0.001793,0.001831,0.001717,0.001793,0.001831,0.001831,0.001869,0.001793,0.001869,0.001907,0.001869,0.001869,0.001831,0.001869,0.001945,0.001907,0.002022,0.001984,0.001907,0.001984,0.002022,0.001984,0.002060,0.002060,0.002098,0.002098,0.002136,0.002098,0.002174,0.002213,0.002136,0.002213,0.002174,0.002213,0.002213,0.002174,0.002136,0.002098,0.002213,0.002136,0.002098,0.002136,0.002098,0.002098,0.002098,0.002098,0.002136,0.002098,0.002060,0.002022,0.002098,0.002136,0.002098,0.002098,0.002060,0.002174,0.002174,0.002098,0.002136,0.002174,0.002174,0.002136,0.002213,0.002174,0.002098,0.002174,0.002174,0.002174,0.002174,0.002098,0.002136,0.002098,0.002098,0.002060,0.002060,0.002022,0.002022,0.001984,0.002022,0.001984,0.001984,0.001907,0.001869,0.001831,0.001869,0.001907,0.001831,0.001831,0.001831,0.001907,0.001869,0.001831,0.001907,0.001869,0.001907,0.001907,0.001945,0.002022,0.001945,0.001984,0.001945,0.001945,0.002022,0.002022,0.002098,0.002060,0.002060,0.002060,0.002022,0.002098,0.002098,0.002098,0.002136,0.002060,0.002060,0.002098,0.002060,0.002098,0.002022,0.002022,0.002022,0.002060,0.002098,0.002022,0.002060,0.002022,0.002060,0.002098,0.002060,0.002098,0.002098,0.002098,0.002060,0.002098,0.002098,0.002060,0.002213,0.002174,0.002213,0.002213,0.002136,0.002251,0.002289,0.002289,0.002327,0.002289,0.002251,0.002289,0.002289,0.002251,0.002251,0.002213,0.002213,0.002251,0.002251,0.002213,0.002213,0.002213,0.002174,0.002136,0.002136,0.002098,0.002174,0.002136,0.002098,0.002098,0.002060,0.002022,0.002098,0.002060,0.002060,0.002060,0.002022,0.002060,0.002022,0.001984,0.002098,0.002022,0.002098,0.002098,0.002098,0.002098,0.002098,0.002136,0.002136,0.002174,0.002136,0.002213,0.002213,0.002136,0.002213,0.002289,0.002213,0.002251,0.002289,0.002289,0.002213,0.002251,0.002289,0.002327,0.002289,0.002213,0.002213,0.002251,0.002213,0.002251,0.002213,0.002213,0.002213,0.002136,0.002098,0.002098,0.002098,0.002060,0.001984,0.002022,0.002022,0.001984,0.001945,0.001984,0.001945,0.001907,0.001869,0.001907,0.001831,0.001869,0.001793,0.001831,0.001755,0.001793,0.001793,0.001717,0.001717,0.001717,0.001717,0.001717,0.001717,0.001678,0.001640,0.001678,0.001678,0.001717,0.001640,0.001640,0.001678,0.001640,0.001678,0.001755,0.001717,0.001755,0.001755,0.001755,0.001717,0.001717,0.001793,0.001793,0.001755,0.001793,0.001793,0.001793,0.001831,0.001831,0.001831,0.001907,0.001869,0.001869,0.001869,0.001907,0.001907,0.001984,0.001945,0.002022,0.002060,0.002022,0.002136,0.002098,0.002136,0.002136,0.002174,0.002136,0.002213,0.002289,0.002251,0.002251,0.002365,0.002327,0.002327,0.002327,0.002365,0.002327,0.002365,0.002365,0.002327,0.002365,0.002403,0.002289,0.002327,0.002365,0.002365,0.002365,0.002327,0.002327,0.002251,0.002327,0.002289,0.002289,0.002251,0.002174,0.002213,0.002213,0.002213,0.002174,0.002136,0.002098,0.002022,0.002136,0.002022,0.002098,0.002098,0.002022,0.002098,0.002022,0.002022,0.002098,0.002060,0.002060,0.002022,0.002022,0.002022,0.002022,0.002022,0.002022,0.002022,0.002060,0.002060,0.001984,0.001945,0.002022,0.001984,0.001945,0.002022,0.001984,0.001945,0.001984,0.001945,0.001984,0.001945,0.001945,0.001945,0.001907,0.001907,0.001869,0.001945,0.001907,0.001945,0.001945,0.001907,0.001907,0.001907,0.001945,0.001945,0.001984,0.001984,0.002022,0.002060,0.002060,0.002022,0.002060,0.002098,0.002136,0.002022,0.002098,0.002098,0.002060,0.002136,0.002098,0.002060,0.002136,0.002098,0.002098,0.002136,0.002213,0.002174,0.002098,0.002060,0.002098,0.002098,0.002098,0.001984,0.002098,0.002060,0.002060,0.002060,0.002098,0.002098,0.002098,0.002136,0.002136,0.002060,0.002136,0.002136,0.002174,0.002174,0.002174,0.002174,0.002174,0.002213,0.002213,0.002174,0.002136,0.002174,0.002251,0.002174,0.002174,0.002213,0.002213,0.002213,0.002174,0.002174,0.002174,0.002174,0.002136,0.002098,0.002136,0.002174,0.002174,0.002098,0.002136,0.002174,0.002213,0.002174,0.002174,0.002098,0.002174,0.002174,0.002136,0.002098,0.002098,0.002136,0.002098,0.002136,0.002098,0.002136,0.002174,0.002060,0.002098,0.002136,0.002098,0.002136,0.002098,0.002060,0.002022,0.002060,0.001984,0.001984,0.002022,0.001984,0.001945,0.001945,0.001984,0.001984,0.001945,0.001945,0.001984,0.001945,0.001907,0.001945,0.001945,0.001945,0.001907,0.001907,0.001907,0.001869,0.001907,0.001869,0.001945,0.001945,0.001945,0.001945,0.001907,0.001945,0.001945,0.001907,0.001945,0.001907,0.001945,0.001907,0.002022,0.001907,0.001907,0.001984,0.001945,0.002022,0.002022,0.002022,0.002060,0.002060,0.002060,0.002060,0.002060,0.002060,0.002098,0.002136,0.002098,0.002174,0.002136,0.002136,0.002174,0.002136,0.002098,0.002213,0.002213,0.002174,0.002174,0.002213,0.002136,0.002174,0.002174,0.002136,0.002213,0.002136,0.002136,0.002213,0.002174,0.002174,0.002174,0.002174,0.002098,0.002098,0.002098,0.002136,0.002136,0.002098,0.002136,0.002136,0.002136,0.002136,0.002136,0.002136,0.002136,0.002136,0.002213,0.002136,0.002136,0.002174,0.002136,0.002136,0.002174,0.002136,0.002136,0.002174,0.002136,0.002136,0.002174,0.002174,0.002136,0.002213,0.002174,0.002174,0.002174,0.002136,0.002213,0.002213,0.002174,0.002213,0.002213,0.002174,0.002098,0.002174,0.002136,0.002098,0.002174,0.002174,0.002174,0.002098,0.002174,0.002213,0.002136,0.002136,0.002136,0.002136,0.002136,0.002136,0.002136,0.002098,0.002098,0.002136,0.002136,0.002174,0.002060,0.002098,0.002060,0.002136,0.002174,0.002098,0.002098,0.002060,0.002098,0.002136,0.002136,0.002136,0.002174,0.002174,0.002136,0.002098,0.002174,0.002136,0.002098,0.002060,0.002098,0.002174,0.002098,0.002174,0.002174,0.002174,0.002213,0.002098,0.002174,0.002136,0.002174,0.002136,0.002136,0.002136,0.002136,0.002174,0.002136,0.002060,0.002098,0.002174,0.002136,0.002098,0.002136,0.002060,0.002060,0.002060,0.002060,0.002060,0.002060,0.002022,0.002022,0.001984,0.001984,0.001984,0.002022,0.002022,0.001984,0.002022,0.002022,0.002022,0.002022,0.002022,0.002022,0.002060,0.002060,0.002022,0.002098,0.002098,0.002060,0.002098,0.002136,0.002098,0.002213,0.002174,0.002174,0.002289,0.002251,0.002251,0.002289,0.002289,0.002289,0.002327,0.002365,0.002327,0.002365,0.002441,0.002403,0.002403,0.002403,0.002441,0.002403,0.002365,0.002365,0.002327,0.002327,0.002327,0.002289,0.002289,0.002136,0.002213,0.002136,0.002022,0.001984,0.001984,0.001984,0.001907,0.001907,0.001907,0.001831,0.001869,0.001869,0.001869,0.001793,0.001793,0.001831,0.001793,0.001793,0.001831,0.001831,0.001869,0.001945,0.001945,0.001907,0.001945,0.002022,0.001984,0.002022,0.002060,0.002022,0.002098,0.002060,0.002136,0.002060,0.002060,0.002060,0.001984,0.002060,0.002060,0.002022,0.002022,0.002022,0.001984,0.001984,0.001984,0.001945,0.001945,0.001945,0.001907,0.001984,0.001984,0.002022,0.002022,0.002022,0.002060,0.002098,0.002098,0.002098,0.002060,0.002098,0.002136,0.002136,0.002174,0.002136,0.002213,0.002213,0.002213,0.002289,0.002289,0.002289,0.002251,0.002289,0.002327,0.002327,0.002327,0.002213,0.002251,0.002327,0.002289,0.002251,0.002251,0.002213,0.002174,0.002251,0.002251,0.002213,0.002289,0.002213,0.002251,0.002289,0.002213,0.002251,0.002213,0.002251,0.002289,0.002365,0.002327,0.002327,0.002327,0.002289,0.002327,0.002365,0.002289,0.002251,0.002251,0.002213,0.002213,0.002174,0.002174,0.002136,0.002136,0.002098,0.002060,0.002022,0.002060,0.002022,0.001984,0.001907,0.001945,0.001907,0.001945,0.001907,0.001831,0.001869,0.001755,0.001793,0.001793,0.001755,0.001755,0.001755,0.001793,0.001755,0.001755,0.001831,0.001793,0.001831,0.001755,0.001793,0.001831,0.001793,0.001831,0.001869,0.001869,0.001831,0.001869,0.001907,0.001945,0.001945,0.001984,0.002022,0.002022,0.001984,0.002022,0.002022,0.002060,0.002098,0.002060,0.002060,0.002060,0.002060,0.002098,0.002136,0.002136,0.002060,0.002136,0.002098,0.002060,0.002098,0.002136,0.002098,0.002098,0.002098,0.002098,0.002060,0.002060,0.002098,0.002098,0.002098,0.002060,0.002136,0.002060,0.002060,0.002022,0.002060,0.002060,0.002136,0.002136,0.002136,0.002098,0.002060,0.002174,0.002136,0.002136,0.002174,0.002174,0.002136,0.002174,0.002174,0.002174,0.002174,0.002213,0.002213,0.002213,0.002174,0.002213,0.002251,0.002174,0.002136,0.002213,0.002213,0.002174,0.002174,0.002174,0.002136,0.002213,0.002213,0.002174,0.002136,0.002136,0.002098,0.002136,0.002136,0.002098,0.002060,0.002060,0.002022,0.002022,0.001984,0.001984,0.001984,0.001984,0.001945,0.002022,0.002022,0.002022,0.001984,0.002022,0.002022,0.002022,0.002060,0.002022,0.002022,0.002136,0.002098,0.002098,0.002098,0.002136,0.002174,0.002136,0.002098,0.002060,0.002060,0.002098,0.002022,0.001984,0.001984,0.001984,0.001945,0.001945,0.001869,0.001869,0.001907,0.001869,0.001831,0.001831,0.001869,0.001831,0.001831,0.001869,0.001831,0.001831,0.001907,0.001945,0.001945,0.001945,0.002022,0.001984,0.002022,0.002022,0.002098,0.002060,0.002098,0.002136,0.002098,0.002098,0.002136,0.002098,0.002174,0.002213,0.002098,0.002098,0.002098,0.002098,0.002136,0.002098,0.002098,0.002060,0.002022,0.002060,0.002022,0.002022,0.002022,0.001984,0.002022,0.002060,0.002022,0.001984,0.001945,0.001945,0.002022,0.001984,0.001984,0.002022,0.002022,0.002060,0.001984,0.002060,0.002022,0.002022,0.002022,0.002098,0.002060,0.002098,0.002136,0.002136,0.002136,0.002136,0.002098,0.002174,0.002213,0.002213,0.002251,0.002213,0.002213,0.002213,0.002251,0.002251,0.002213,0.002251,0.002251,0.002365,0.002289,0.002289,0.002289,0.002251,0.002251,0.002251,0.002213,0.002251,0.002174,0.002174,0.002174,0.002098,0.002060,0.002098,0.002098,0.002098,0.002060,0.002060,0.002060,0.002060,0.002060,0.002060,0.002060,0.002060,0.002022,0.002098,0.002022,0.001984,0.002060,0.002060,0.002022,0.002022,0.001984,0.002022,0.002022,0.002022,0.002022,0.001984,0.001984,0.001984,0.002022,0.001945,0.001907,0.001869,0.001869,0.001831,0.001831,0.001831,0.001831,0.001831,0.001793,0.001907,0.001755,0.001793,0.001831,0.001793,0.001831,0.001793,0.001793,0.001793,0.001831,0.001831,0.001831,0.001793,0.001793,0.001869,0.001831,0.001793,0.001869,0.001907,0.001907,0.001945,0.001869,0.001907,0.001945,0.001984,0.001945,0.001907,0.001984,0.001907,0.001945,0.001907,0.001945,0.001984,0.001984,0.001984,0.001945,0.001907,0.001945,0.001907,0.001945,0.001945,0.001945,0.001945,0.001945,0.001945,0.002022,0.001945,0.001984,0.001984,0.002022,0.001984,0.001984,0.002022,0.002060,0.002060,0.002060,0.002098,0.002022,0.002060,0.002136,0.002060,0.002060,0.002136,0.002136,0.002098,0.002136,0.002174,0.002136,0.002174,0.002213,0.002213,0.002251,0.002213,0.002289,0.002251,0.002251,0.002289,0.002365,0.002365,0.002327,0.002327,0.002403,0.002403,0.002365,0.002441,0.002403,0.002403,0.002365,0.002365,0.002365,0.002365,0.002403,0.002327,0.002327,0.002327,0.002251,0.002251,0.002213,0.002174,0.002136,0.002136,0.002174,0.002098,0.002060,0.001984,0.001984,0.001907,0.001869,0.001793,0.001869,0.001831,0.001831,0.001831,0.001755,0.001755,0.001755,0.001717,0.001717,0.001717,0.001755,0.001755,0.001717,0.001755,0.001755,0.001793,0.001793,0.001755,0.001793,0.001831,0.001869,0.001869,0.001869,0.001869,0.001907,0.001907,0.001945,0.001945,0.001984,0.001945,0.002060,0.002022,0.002060,0.002098,0.002098,0.002136,0.002098,0.002136,0.002136,0.002136,0.002136,0.002174,0.002213,0.002213,0.002251,0.002213,0.002289,0.002289,0.002289,0.002289,0.002289,0.002289,0.002289,0.002327,0.002289,0.002327,0.002327,0.002289,0.002251,0.002289,0.002251,0.002289,0.002251,0.002327,0.002251,0.002251,0.002213,0.002365,0.002289,0.002289,0.002289,0.002251,0.002289,0.002251,0.002251,0.002251,0.002251,0.002289,0.002251,0.002289,0.002251,0.002251,0.002251,0.002251,0.002174,0.002136,0.002174,0.002174,0.002174,0.002136,0.002136,0.002098,0.002136,0.002136,0.002136,0.002136,0.002136,0.002098,0.002060,0.002136,0.002136,0.002060,0.002174,0.002060,0.002060,0.002060,0.002022,0.002060,0.002022,0.002022,0.002022,0.002060,0.001984,0.001984,0.001945,0.001984,0.001945,0.001945,0.001907,0.001831,0.001869,0.001907,0.001869,0.001869,0.001907,0.001869,0.001907,0.001907,0.001907,0.001907,0.001945,0.001945,0.001984,0.001984,0.001945,0.001945,0.001984,0.001984,0.001984,0.001984,0.002022,0.002022,0.002022,0.002022,0.002022,0.002060,0.001984,0.002022,0.002060,0.002060,0.002098,0.002098,0.002060,0.002060,0.002060,0.002098,0.002098,0.002136,0.002136,0.002174,0.002174,0.002136,0.002174,0.002213,0.002213,0.002213,0.002136,0.002213,0.002213,0.002213,0.002327,0.002251,0.002251,0.002251,0.002251,0.002251,0.002289,0.002251,0.002213,0.002251,0.002289,0.002213,0.002174,0.002251,0.002213,0.002251,0.002251,0.002251,0.002213,0.002251,0.002213,0.002251,0.002213,0.002136,0.002136,0.002098,0.002060,0.002136,0.002060,0.002136,0.002136,0.002136,0.002098,0.002136,0.002098,0.002060,0.002098,0.002060,0.002060,0.002136,0.002098,0.002060,0.002098,0.002098,0.002098,0.002098,0.002060,0.002098,0.002060,0.002098,0.002022,0.002022,0.002060,0.002022,0.002098,0.001984,0.001984,0.001984,0.002022,0.001984,0.001945,0.001984,0.001907,0.001869,0.001907,0.001869,0.001869,0.001831,0.001869,0.001907,0.001831,0.001831,0.001755,0.001831,0.001755,0.001831,0.001831,0.001793,0.001793,0.001793,0.001793,0.001831,0.001831,0.001831,0.001831,0.001793,0.001831,0.001869,0.001907,0.001831,0.001907,0.001907,0.001869,0.001945,0.001907,0.001984,0.001984,0.002022,0.002022,0.002022,0.002060,0.002060,0.002060,0.002098,0.002098,0.002136,0.002060,0.002098,0.002136,0.002098,0.002174,0.002174,0.002213,0.002174,0.002136,0.002213,0.002251,0.002174,0.002174,0.002251,0.002289,0.002251,0.002289,0.002251,0.002251,0.002289,0.002289,0.002213,0.002251,0.002289,0.002174,0.002251,0.002251,0.002174,0.002174,0.002213,0.002213,0.002213,0.002174,0.002098,0.002136,0.002136,0.002136,0.002136,0.002136,0.002174,0.002098,0.002098,0.002098,0.002174,0.002098,0.002136,0.002136,0.002136,0.002098,0.002098,0.002136,0.002060,0.002136,0.002098,0.002098,0.002098,0.002136,0.002136,0.002136,0.002098,0.002136,0.002174,0.002136,0.002098,0.002136,0.002136,0.002098,0.002136,0.002136,0.002136,0.002136,0.002136,0.002174,0.002174,0.002213,0.002213,0.002174,0.002136,0.002098,0.002174,0.002174,0.002098,0.002174,0.002174,0.002174,0.002136,0.002136,0.002136,0.002174,0.002174,0.002213,0.002136,0.002098,0.002174,0.002136,0.002174,0.002174,0.002174,0.002174,0.002136,0.002136,0.002136,0.002136,0.002098,0.002098,0.002098,0.002136,0.002098,0.002098,0.002098,0.002136,0.002174,0.002136,0.002098,0.002136,0.002098,0.002174,0.002174,0.002174,0.002174,0.002136,0.002174,0.002136,0.002213,0.002174,0.002213,0.002213,0.002136,0.002136,0.002174,0.002174,0.002174,0.002136,0.002174,0.002136,0.002136,0.002098,0.002098,0.002098,0.002022,0.002022,0.002060,0.002060,0.001984,0.001984,0.001945,0.001945,0.001945,0.001907,0.001869,0.001907,0.001869,0.001831,0.001869,0.001831,0.001869,0.001793,0.001831,0.001831,0.001793,0.001793,0.001793,0.001793,0.001869,0.001755,0.001831,0.001831,0.001793,0.001831,0.001831,0.001869,0.001945,0.001945,0.001907,0.001945,0.001945,0.001984,0.002098,0.002060,0.002022,0.002098,0.002098,0.002136,0.002136,0.002174,0.002174,0.002136,0.002251,0.002213,0.002251,0.002251,0.002174,0.002251,0.002213,0.002213,0.002174,0.002213,0.002174,0.002174,0.002174,0.002136,0.002098,0.002098,0.002060,0.002098,0.002136,0.002060,0.002098,0.002098,0.002060,0.002098,0.002060,0.002060,0.002174,0.002136,0.002060,0.002174,0.002174,0.002174,0.002213,0.002136,0.002136,0.002174,0.002213,0.002251,0.002251,0.002213,0.002174,0.002251,0.002174,0.002174,0.002174,0.002136,0.002136,0.002174,0.002098,0.002060,0.002060,0.001984,0.001984,0.001907,0.001945,0.001831,0.001831,0.001793,0.001831,0.001755,0.001755,0.001755,0.001678,0.001678,0.001640,0.001602,0.001678,0.001755,0.001755,0.001793,0.001831,0.001793,0.001793,0.001831,0.001907,0.001907,0.001907,0.001945,0.001984,0.001945,0.001984,0.001945,0.001945,0.002022,0.001945,0.001984,0.002022,0.002022,0.001984,0.002022,0.001984,0.002022,0.001984,0.002022,0.001945,0.001984,0.001984,0.001984,0.001984,0.002022,0.002022,0.001984,0.002060,0.002022,0.002060,0.002098,0.002060,0.002098,0.002174,0.002136,0.002174,0.002174,0.002213,0.002213,0.002251,0.002213,0.002289,0.002251,0.002251,0.002289,0.002289,0.002213,0.002213,0.002213,0.002251,0.002289,0.002213,0.002289,0.002213,0.002213,0.002174,0.002136,0.002174,0.002174,0.002213,0.002174,0.002098,0.002136,0.002174,0.002136,0.002174,0.002136,0.002174,0.002136,0.002098,0.002098,0.002060,0.002098,0.002136,0.002213,0.002136,0.002136,0.002136,0.002098,0.002022,0.002098,0.002098,0.002060,0.002098,0.002098,0.002060,0.002022,0.001984,0.002022,0.002060,0.001984,0.002022,0.001984,0.001984,0.002022,0.001984,0.001984,0.001945,0.001984,0.001984,0.001984,0.002022,0.002022,0.001984,0.002022,0.002022,0.001984,0.002060,0.002060,0.002022,0.002022,0.002098,0.002060,0.002098,0.001984,0.002022,0.002098,0.002098,0.002060,0.002022,0.002060,0.002098,0.002098,0.002098,0.002060,0.002060,0.002098,0.002060,0.002098,0.002098,0.002136,0.002098,0.002098,0.002174,0.002098,0.002098,0.002136,0.002098,0.002136,0.002136,0.002098,0.002136,0.002098,0.002098,0.002098,0.002060,0.002098,0.002136,0.002060,0.002060,0.002060,0.002060,0.002060,0.002022,0.002022,0.002022,0.002022,0.001984,0.001984,0.001984,0.001907,0.001945,0.001907,0.001869,0.001907,0.001907,0.001907,0.001945,0.001869,0.001907,0.001907,0.001907,0.001907,0.001945,0.001945,0.001945,0.001945,0.001945,0.002022,0.001945,0.001945,0.001984,0.001984,0.001907,0.001945,0.001984,0.002022,0.001984,0.001984,0.001945,0.001984,0.001984,0.001945,0.002022,0.002060,0.002060,0.002022,0.001984,0.002022,0.002060,0.002022,0.002022,0.002022,0.002060,0.002060,0.002060,0.002060,0.002060,0.002136,0.002098,0.002060,0.002060,0.002060,0.002060,0.002098,0.002060,0.002060,0.002060,0.002060,0.001984,0.002060,0.002022,0.002022,0.002060,0.002022,0.002060,0.001984,0.002060,0.001984,0.001945,0.002022,0.002022,0.001984,0.002022,0.002022,0.002060,0.002060,0.002060,0.002098,0.002022,0.002060,0.002098,0.002098,0.002136,0.002174,0.002213,0.002213,0.002213,0.002136,0.002213,0.002213,0.002251,0.002213,0.002174,0.002251,0.002251,0.002213,0.002213,0.002213,0.002174,0.002174,0.002174,0.002213,0.002136,0.002174,0.002174,0.002174,0.002136,0.002136,0.002174,0.002174,0.002174,0.002136,0.002098,0.002136,0.002136,0.002098,0.002136,0.002098,0.002098,0.002136,0.002098,0.002098,0.002060,0.002060,0.002060,0.002022,0.002022,0.002060,0.002060,0.002060,0.002060,0.001984,0.001945,0.001945,0.001907,0.001945,0.001984,0.001945,0.001945,0.001945,0.001945,0.001984,0.001984,0.001945,0.001907,0.002022,0.001945,0.001945,0.001945,0.001945,0.001984,0.001907,0.001945,0.001907,0.001945,0.001984,0.001907,0.001907,0.001907,0.001984,0.001984,0.001945,0.001907,0.001907,0.001945,0.001945,0.001945,0.001907,0.001945,0.001984,0.001984,0.001984,0.002022,0.002022,0.001984,0.001984,0.002022,0.002022,0.002060,0.002060,0.002060,0.002136,0.002098,0.002060,0.002098,0.002136,0.002213,0.002136,0.002174,0.002174,0.002174,0.002251,0.002213,0.002251,0.002289,0.002251,0.002174,0.002136,0.002213,0.002289,0.002289,0.002251,0.002251,0.002251,0.002213,0.002174,0.002251,0.002251,0.002213,0.002213,0.002213,0.002213,0.002213,0.002213,0.002213,0.002213,0.002213,0.002174,0.002136,0.002174,0.002174,0.002098,0.002098,0.002136,0.002136,0.002174,0.002136,0.002098,0.002136,0.002136,0.002174,0.002136,0.002136,0.002174,0.002136,0.002060,0.002174,0.002060,0.002098,0.002136,0.002136,0.002174,0.002098,0.002136,0.002136,0.002098,0.002098,0.002136,0.002060,0.002098,0.002136,0.002098,0.002098,0.002136,0.002098,0.002136,0.002136,0.002136,0.002136,0.002136,0.002098,0.002022,0.002060,0.001984,0.002022,0.001984,0.001907,0.001907,0.001907,0.001869,0.001831,0.001869,0.001869,0.001907,0.001869,0.001945,0.001945,0.001945,0.001945,0.001984,0.002022,0.002098,0.002174,0.002136,0.002213,0.002174,0.002251,0.002327,0.002327,0.002403,0.002365,0.002365,0.002365,0.002441,0.002441,0.002365,0.002327,0.002327,0.002213,0.002213,0.002174,0.002213,0.002136,0.002060,0.001984,0.001945,0.001945,0.001907,0.001869,0.001945,0.001945,0.001907,0.001869,0.001907,0.001945,0.001907,0.001945,0.001984,0.002022,0.001984,0.002022,0.002060,0.002060,0.002098,0.002098,0.002136,0.002136,0.002213,0.002174,0.002213,0.002174,0.002174,0.002213,0.002136,0.002213,0.002174,0.002213,0.002174,0.002174,0.002174,0.002174,0.002136,0.002136,0.002136,0.002136,0.002174,0.002098,0.002136,0.002136,0.002213,0.002174,0.002174,0.002174,0.002136,0.002213,0.002174,0.002174,0.002174,0.002213,0.002213,0.002213,0.002174,0.002136,0.002174,0.002251,0.002213,0.002251,0.002213,0.002213,0.002213,0.002213,0.002174,0.002136,0.002174,0.002213,0.002174,0.002174,0.002174,0.002136,0.002098,0.002136,0.002098,0.002098,0.002098,0.002136,0.002174,0.002136,0.002098,0.002136,0.002098,0.002098,0.002098,0.002060,0.002098,0.002098,0.002060,0.002098,0.002098,0.002060,0.002060,0.002022,0.002022,0.001984,0.001984,0.001984,0.001984,0.001945,0.001984,0.002022,0.001984,0.001945,0.002022,0.002060,0.002022,0.001984,0.002022,0.002060,0.002060,0.002022,0.002060,0.002060,0.002060,0.002136,0.002060,0.002174,0.002098,0.002098,0.002136,0.002098,0.002060,0.002098,0.002136,0.002136,0.002136,0.002136,0.002060,0.002098,0.002136,0.002136,0.002098,0.002060,0.002060,0.002098,0.002060,0.002098,0.002022,0.002022,0.002060,0.002060,0.002098,0.002098,0.002098,0.002098,0.002060,0.002060,0.002098,0.002098,0.002060,0.002098,0.002136,0.002098,0.002136,0.002098,0.002098,0.002136,0.002098,0.002136,0.002060,0.002098,0.002136,0.002060,0.002098,0.002098,0.002098,0.002060,0.002098,0.002136,0.002136,0.002174,0.002098,0.002098,0.002136,0.002136,0.002174,0.002136,0.002098,0.002174,0.002174,0.002174,0.002136,0.002174,0.002174,0.002136,0.002136,0.002136,0.002136,0.002136,0.002136,0.002213,0.002136,0.002136,0.002136,0.002174,0.002136,0.002098,0.002098,0.002136,0.002060,0.002060,0.002022,0.002060,0.002060,0.002060,0.002060,0.002022,0.002022,0.002060,0.002098,0.001984,0.001984,0.001945,0.001984,0.001945,0.001907,0.001984,0.001984,0.001984,0.001945,0.001984,0.001984,0.002022,0.002022,0.002022,0.002022,0.002022,0.002022,0.002022,0.002022,0.002060,0.002060,0.002098,0.002022,0.002060,0.002098,0.002060,0.002022,0.002060,0.002022,0.002060,0.002060,0.002060,0.002098,0.002022,0.002060,0.002098,0.002060,0.002098,0.002098,0.002136,0.002098,0.002136,0.002136,0.002174,0.002136,0.002098,0.002098,0.002174,0.002174,0.002251,0.002174,0.002213,0.002251,0.002251,0.002213,0.002174,0.002213,0.002213,0.002213,0.002174,0.002136,0.002136,0.002136,0.002136,0.002136,0.002098,0.002098,0.002098,0.002060,0.002060,0.002060,0.002022,0.002022,0.001984,0.002022,0.002022,0.002022,0.001984,0.002022,0.001984,0.001984,0.001984,0.001984,0.001984,0.002022,0.002022,0.001945,0.001945,0.001984,0.001984,0.001907,0.001984,0.001945,0.001907,0.001907,0.001907,0.001945,0.001907,0.001907,0.001945,0.001869,0.001869,0.001869,0.001907,0.001869,0.001907,0.001907,0.001945,0.001984,0.001945,0.001984,0.001945,0.001945,0.001945,0.001945,0.001984,0.002022,0.002022,0.002060,0.002022,0.002098,0.002098,0.002098,0.002098,0.002136,0.002174,0.002136,0.002136,0.002136,0.002174,0.002174,0.002136,0.002213,0.002136,0.002174,0.002174,0.002174,0.002174,0.002174,0.002174,0.002136,0.002136,0.002098,0.002136,0.002136,0.002098,0.002098,0.002060,0.002060,0.002022,0.002022,0.002022,0.001984,0.001907,0.001907,0.001907,0.001869,0.001793,0.001869,0.001869,0.001793,0.001793,0.001755,0.001793,0.001793,0.001793,0.001717,0.001717,0.001793,0.001793,0.001755,0.001831,0.001831,0.001831,0.001869,0.001907,0.001907,0.001945,0.002022,0.002098,0.002098,0.002060,0.002136,0.002136,0.002174,0.002174,0.002213,0.002174,0.002174,0.002174,0.002174,0.002136,0.002174,0.002136,0.002136,0.002098,0.002060,0.002060,0.002136,0.002060,0.002136,0.002174,0.002213,0.002174,0.002174,0.002174,0.002174,0.002174,0.002174,0.002213,0.002213,0.002174,0.002213,0.002174,0.002213,0.002213,0.002213,0.002251,0.002289,0.002251,0.002213,0.002213,0.002213,0.002213,0.002251,0.002174,0.002174,0.002136,0.002136,0.002136,0.002136,0.002174,0.002098,0.002060,0.002098,0.002060,0.002060,0.002022,0.002022,0.002022,0.002022,0.002022,0.002022,0.001984,0.002060,0.001984,0.002022,0.002022,0.002060,0.002060,0.001984,0.001984,0.001907,0.001984,0.001945,0.001869,0.001984,0.001945,0.001907,0.001945,0.001907,0.001984,0.001984,0.001984,0.001984,0.001984,0.002022,0.002022,0.001984,0.002098,0.002022,0.002060,0.002098,0.002098,0.002022,0.002060,0.002060,0.002022,0.001984,0.001945,0.001831,0.001907,0.001831,0.001755,0.001755,0.001793,0.001717,0.001755,0.001717,0.001755,0.001793,0.001831,0.001831,0.001907,0.001869,0.001831,0.001869,0.001907,0.001907,0.001907,0.001945,0.001907,0.001869,0.001793,0.001831,0.001793,0.001793,0.001831,0.001869,0.001831,0.001793,0.001793,0.001869,0.001831,0.001793,0.001869,0.001869,0.001869,0.001945,0.001945,0.001945,0.001945,0.002022,0.001984,0.001945,0.001945,0.001984,0.001907,0.001907,0.001984,0.001984,0.001945,0.001945,0.001945,0.001945,0.001984,0.001984,0.001945,0.001984,0.001984,0.002060,0.002060,0.002098,0.002098,0.002174,0.002136,0.002136,0.002213,0.002174,0.002289,0.002251,0.002289,0.002289,0.002289,0.002327,0.002365,0.002327,0.002289,0.002365,0.002327,0.002289,0.002289,0.002251,0.002213,0.002213,0.002174,0.002174,0.002136,0.002098,0.002098,0.002098,0.002022,0.001984,0.001984,0.001984,0.001945,0.001945,0.001945,0.001945,0.001984,0.001984,0.001984,0.002022,0.002060,0.002022,0.001984,0.002098,0.002060,0.002098,0.002136,0.002174,0.002136,0.002136,0.002174,0.002213,0.002213,0.002174,0.002174,0.002213,0.002174,0.002174,0.002174,0.002136,0.002174,0.002174,0.002174,0.002136,0.002136,0.002136,0.002098,0.002098,0.002136,0.002136,0.002098,0.002098,0.002136,0.002174,0.002098,0.002098,0.002060,0.002136,0.002136,0.002098,0.002098,0.002136,0.002098,0.002098,0.002136,0.002136,0.002136,0.002174,0.002136,0.002136,0.002136,0.002098,0.002174,0.002136,0.002136,0.002098,0.002060,0.002060,0.002022,0.002022,0.002060,0.002022,0.002098,0.002060,0.002060,0.002060,0.002022,0.002022,0.002060,0.002098,0.002098,0.002136,0.002060,0.002022,0.002136,0.002174,0.002136,0.002060,0.002098,0.002098,0.002136,0.002174,0.002136,0.002098,0.002136,0.002174,0.002098,0.002136,0.002098,0.002060,0.002098,0.002098,0.002060,0.002174,0.002136,0.002022,0.002098,0.002060,0.002022,0.002022,0.002022,0.002098,0.002098,0.002098,0.002136,0.002098,0.002136,0.002060,0.002098,0.002098,0.002136,0.002136,0.002098,0.002098,0.002098,0.002098,0.002060,0.002098,0.002098,0.002098,0.002136,0.002098,0.002098,0.002136,0.002098,0.002060,0.002060,0.002060,0.002098,0.002098,0.002098,0.002098,0.002136,0.002136,0.002060,0.002060,0.002098,0.002060,0.002060,0.002060,0.002098,0.002098,0.002060,0.002098,0.002060,0.002022,0.002060,0.002022,0.002022,0.002022,0.002022,0.002060,0.002022,0.002022,0.002022,0.002060,0.001984,0.001984,0.002060,0.001984,0.001984,0.001945,0.001945,0.001984,0.001945,0.001945,0.001945,0.001945,0.001945,0.001907,0.001907,0.001945,0.001907,0.001945,0.001984,0.001984,0.001907,0.001945,0.002022,0.002022,0.002022,0.002022,0.002060,0.002060,0.002098,0.002060,0.002098,0.002098,0.002136,0.002174,0.002136,0.002174,0.002174,0.002174,0.002136,0.002174,0.002174,0.002174,0.002174,0.002213,0.002174,0.002213,0.002251,0.002289,0.002289,0.002251,0.002251,0.002289,0.002251,0.002213,0.002136,0.002213,0.002213,0.002213,0.002174,0.002174,0.002213,0.002174,0.002174,0.002098,0.002098,0.002098,0.002060,0.002098,0.002060,0.002060,0.002098,0.002098,0.002060,0.002098,0.002098,0.002098,0.002098,0.002136,0.002213,0.002174,0.002060,0.002136,0.002098,0.002098,0.002174,0.002174,0.002174,0.002174,0.002251,0.002213,0.002251,0.002251,0.002213,0.002213,0.002213,0.002213,0.002251,0.002289,0.002289,0.002174,0.002213,0.002213,0.002251,0.002174,0.002174,0.002174,0.002174,0.002174,0.002174,0.002174,0.002098,0.002098,0.002098,0.002060,0.002022,0.002022,0.001945,0.001984,0.001907,0.001945,0.002022,0.001869,0.001945,0.001869,0.001869,0.001831,0.001869,0.001907,0.001907,0.001831,0.001869,0.001869,0.001907,0.001831,0.001869,0.001869,0.001869,0.001869,0.001907,0.001945,0.001945,0.002022,0.001984,0.002060,0.002098,0.002060,0.002098,0.002136,0.002136,0.002213,0.002251,0.002251,0.002251,0.002289,0.002251,0.002251,0.002251,0.002251,0.002289,0.002251,0.002251,0.002213,0.002213,0.002251,0.002213,0.002174,0.002174,0.002213,0.002136,0.002098,0.002136,0.002136,0.002022,0.002060,0.002136,0.002060,0.002098,0.002060,0.002098,0.002060,0.002098,0.002098,0.002060,0.002098,0.002098,0.002098,0.002136,0.002098,0.002136,0.002174,0.002174,0.002174,0.002136,0.002136,0.002213,0.002213,0.002174,0.002251,0.002251,0.002289,0.002251,0.002213,0.002213,0.002174,0.002174,0.002213,0.002213,0.002213,0.002213,0.002213,0.002174,0.002098,0.002213,0.002174,0.002174,0.002136,0.002098,0.002174,0.002136,0.002136,0.002098,0.002098,0.002060,0.002136,0.002136,0.002174,0.002136,0.002136,0.002136,0.002174,0.002098,0.002136,0.002136,0.002136,0.002174,0.002136,0.002136,0.002136,0.002174,0.002174,0.002136,0.002098,0.002060,0.002060,0.002136,0.002060,0.002060,0.002022,0.002060,0.002060,0.002060,0.001984,0.001984,0.001984,0.001984,0.002060,0.001984,0.001984,0.001945,0.001984,0.001945,0.001984,0.001984,0.001907,0.001907,0.001945,0.001945,0.001984,0.001945,0.001984,0.001984,0.001984,0.001984,0.001945,0.002022,0.001984,0.001984,0.001984,0.001984,0.001984,0.001984,0.001984,0.002022,0.002022,0.002060,0.002022,0.001945,0.002060,0.002060,0.002060,0.001984,0.002022,0.001984,0.002060,0.002022,0.001984,0.001945,0.001907,0.001984,0.001907,0.001984,0.001984,0.001945,0.001945,0.001907,0.001945,0.001945,0.001945,0.001907,0.001945,0.001984,0.002022,0.001984,0.001907,0.002022,0.002022,0.002022,0.001984,0.001984,0.002022,0.002098,0.002060,0.002022,0.002060,0.002060,0.002098,0.002060,0.002098,0.002136,0.002022,0.002060,0.002098,0.002098,0.002060,0.002022,0.002060,0.002060,0.002098,0.002022,0.002060,0.002022,0.002022,0.002022,0.002022,0.001984,0.001984,0.001984,0.001984,0.001984,0.001984,0.001984,0.001984,0.001984,0.002022,0.001945,0.001984,0.001907,0.001945,0.001907,0.002022,0.001907,0.001984,0.002022,0.001945,0.001945,0.001984,0.001945,0.001945,0.002022,0.001945,0.001984,0.001984,0.001984,0.002022,0.002022,0.001984,0.002060,0.002022,0.002022,0.002022,0.001984,0.002022,0.002022,0.002060,0.002060,0.002098,0.002098,0.002060,0.002060,0.002098,0.002060,0.002060,0.002060,0.002060,0.002060,0.002136,0.002022,0.002060,0.002022,0.002060,0.002098,0.002022,0.002098,0.002060,0.002098,0.002136,0.002098,0.002022,0.002022,0.002022,0.002098,0.002022,0.002060,0.002098,0.002098,0.002098,0.002022,0.002098,0.002098,0.002098,0.002060,0.002060,0.002022,0.002060,0.002060,0.002022,0.002098,0.002174,0.002098,0.002098,0.002060,0.002136,0.002098,0.002098,0.002098,0.002098,0.002174,0.002098,0.002136,0.002098,0.002174,0.002174,0.002174,0.002174,0.002174,0.002174,0.002174,0.002213,0.002174,0.002174,0.002251,0.002251,0.002213,0.002251,0.002213,0.002251,0.002213,0.002213,0.002251,0.002289,0.002213,0.002213,0.002174,0.002251,0.002174,0.002251,0.002174,0.002174,0.002098,0.002136,0.002174,0.002098,0.002136,0.002060,0.002022,0.002022,0.001984,0.002060,0.002022,0.002022,0.002022,0.002022,0.002022,0.001984,0.001984,0.002022,0.002022,0.001984,0.002022,0.001945,0.001945,0.001984,0.001945,0.001907,0.002022,0.001945,0.001945,0.001945,0.001907,0.001907,0.001907,0.001945,0.001907,0.001945,0.001907,0.001907,0.001945,0.001869,0.001945,0.001945,0.001907,0.001945,0.001945,0.002022,0.001945,0.001945,0.001945,0.001984,0.001984,0.001945,0.001984,0.001945,0.001984,0.001984,0.001984,0.001984,0.001984,0.002022,0.002022,0.002022,0.001984,0.002022,0.002022,0.002060,0.001984,0.001984,0.002022,0.002022,0.001984,0.001984,0.002022,0.002060,0.002060,0.002022,0.002060,0.002022,0.002060,0.002022,0.002022,0.002060,0.002060,0.002098,0.002136,0.002098,0.002136,0.002136,0.002174,0.002174,0.002136,0.002174,0.002174,0.002136,0.002174,0.002174,0.002136,0.002136,0.002136,0.002098,0.002174,0.002136,0.002136,0.002136,0.002060,0.002060,0.002022,0.001984,0.001945,0.001945,0.001945,0.001907,0.001907,0.001869,0.001869,0.001831,0.001831,0.001793,0.001793,0.001793,0.001793,0.001793,0.001793,0.001755,0.001755,0.001793,0.001793,0.001869,0.001869,0.001831,0.001869,0.001869,0.001869,0.001907,0.001945,0.001907,0.001945,0.001945,0.001907,0.001945,0.001945,0.001984,0.001907,0.001869,0.001869,0.001907,0.001869,0.001831,0.001869,0.001831,0.001831,0.001869,0.001831,0.001831,0.001831,0.001831,0.001869,0.001793,0.001793,0.001831,0.001793,0.001793,0.001755,0.001793,0.001831,0.001907,0.001831,0.001831,0.001869,0.001907,0.001907,0.001907,0.001907,0.001984,0.001984,0.002022,0.002022,0.002060,0.002098,0.002136,0.002174,0.002174,0.002136,0.002174,0.002213,0.002213,0.002251,0.002251,0.002251,0.002289,0.002289,0.002251,0.002289,0.002289,0.002327,0.002365,0.002403,0.002403,0.002441,0.002441,0.002403,0.002480,0.002518,0.002480,0.002480,0.002480,0.002518,0.002480,0.002480,0.002480,0.002480,0.002518,0.002480,0.002441,0.002480,0.002480,0.002480,0.002480,0.002518,0.002518,0.002441,0.002441,0.002403,0.002403,0.002403,0.002365,0.002327,0.002289,0.002365,0.002289,0.002289,0.002251,0.002251,0.002213,0.002174,0.002251,0.002174,0.002174,0.002136,0.002174,0.002136,0.002136,0.002136,0.002098,0.002098,0.002098,0.002060,0.002098,0.002060,0.002060,0.002060,0.002060,0.002022,0.002098,0.002022,0.002060,0.002022,0.002022,0.002022,0.002060,0.002022,0.002022,0.002022,0.001984,0.002022,0.001984,0.002022,0.002022,0.001984,0.002022,0.001945,0.001984,0.002022,0.001945,0.001869,0.001869,0.001907,0.001907,0.001869,0.001831,0.001869,0.001869,0.001831,0.001869,0.001869,0.001869,0.001869,0.001869,0.001831,0.001869,0.001831,0.001831,0.001869,0.001869,0.001793,0.001869,0.001869,0.001869,0.001907,0.001869,0.001831,0.001793,0.001907,0.001945,0.001907,0.001984,0.002022,0.001945,0.001945,0.002022,0.001984,0.002022,0.002022,0.002022,0.001984,0.001945,0.002022,0.001984,0.002022,0.002060,0.001984,0.002022,0.002060,0.001984,0.001984,0.001984,0.001945,0.001945,0.001984,0.001984,0.002022,0.002060,0.001984,0.001984,0.002022,0.002022,0.002098,0.001984,0.002022,0.002060,0.002022,0.002098,0.002022,0.002022,0.002022,0.002098,0.002060,0.002060,0.002098,0.002136,0.002136,0.002098,0.002098,0.002136,0.002098,0.002136,0.002060,0.002174,0.002098,0.002136,0.002136,0.002136,0.002136,0.002098,0.002098,0.002174,0.002136,0.002060,0.002060,0.002060,0.002136,0.002060,0.002136,0.002136,0.002098,0.002174,0.002136,0.002174,0.002136,0.002136,0.002136,0.002213,0.002174,0.002174,0.002174,0.002174,0.002213,0.002213,0.002213,0.002213,0.002213,0.002251,0.002174,0.002213,0.002213,0.002213,0.002213,0.002174,0.002213,0.002174,0.002136,0.002174,0.002174,0.002174,0.002136,0.002136,0.002136,0.002136,0.002136,0.002098,0.002098,0.002136,0.002136,0.002136,0.002136,0.002136,0.002098,0.002174,0.002098,0.002136,0.002136,0.002136,0.002174,0.002136,0.002174,0.002136,0.002136,0.002136,0.002136,0.002136,0.002174,0.002098,0.002174,0.002136,0.002098,0.002174,0.002098,0.002136,0.002098,0.002213,0.002174,0.002136,0.002213,0.002136,0.002174,0.002060,0.002136,0.002136,0.002098,0.002098,0.002136,0.002174,0.002098,0.002098,0.002136,0.002060,0.002098,0.002136,0.002060,0.002060,0.002098,0.002098,0.002098,0.002098,0.002098,0.002136,0.002136,0.002098,0.002098,0.002060,0.002098,0.002098,0.002098,0.002098,0.002098,0.002136,0.002098,0.002060,0.002098,0.002022,0.002098,0.002098,0.002098,0.002060,0.002060,0.002098,0.002136,0.002060,0.002098,0.002060,0.002022,0.002022,0.002022,0.001984,0.002022,0.002022,0.002022,0.002022,0.001984,0.002060,0.002022,0.002060,0.002060,0.002022,0.002060,0.002060,0.002098,0.002098,0.002060,0.002098,0.002136,0.002136,0.002098,0.002136,0.002136,0.002136,0.002213,0.002213,0.002213,0.002174,0.002174,0.002136,0.002174,0.002213,0.002174,0.002174,0.002136,0.002174,0.002213,0.002213,0.002251,0.002213,0.002174,0.002213,0.002251,0.002213,0.002136,0.002174,0.002213,0.002174,0.002174,0.002174,0.002136,0.002136,0.002136,0.002136,0.002136,0.002136,0.002098,0.002098,0.002098,0.002060,0.002098,0.002022,0.002060,0.002060,0.002060,0.002022,0.001984,0.001984,0.001945,0.001984,0.001984,0.001945,0.001945,0.001907,0.001869,0.001869,0.001907,0.001907,0.001907,0.001907,0.001869,0.001907,0.001907,0.001869,0.001907,0.001869,0.001945,0.001907,0.001907,0.001945,0.001945,0.001984,0.001984,0.002022,0.002022,0.002060,0.002136,0.002060,0.002098,0.002098,0.002098,0.002098,0.002098,0.002098,0.002098,0.002136,0.002098,0.002136,0.002136,0.002136,0.002174,0.002136,0.002098,0.002136,0.002136,0.002136,0.002174,0.002136,0.002136,0.002098,0.002098,0.002098,0.002022,0.002022,0.002022,0.002060,0.002098,0.002060,0.002098,0.002098,0.002060,0.002060,0.002060,0.002060,0.002060,0.002060,0.002060,0.002060,0.002098,0.002060,0.001984,0.002060,0.002098,0.002136,0.002022,0.002022,0.002060,0.002098,0.002098,0.002022,0.001984,0.002098,0.002022,0.002060,0.002098,0.002022,0.002098,0.002060,0.002060,0.002022,0.001945,0.001984,0.001984,0.001945,0.001945,0.001945,0.001907,0.001945,0.001984,0.001984,0.001984,0.002022,0.001984,0.001984,0.002022,0.001984,0.001984,0.002060,0.002060,0.002098,0.002136,0.002060,0.002136,0.002136,0.002174,0.002098,0.002098,0.002136,0.002098,0.002174,0.002174,0.002136,0.002136,0.002136,0.002136,0.002136,0.002136,0.002098,0.002174,0.002136,0.002136,0.002098,0.002098,0.002136,0.002060,0.002098,0.002098,0.002060,0.002136,0.002098,0.002136,0.002213,0.002136,0.002174,0.002174,0.002174,0.002174,0.002136,0.002136,0.002136,0.002174,0.002136,0.002136,0.002136,0.002136,0.002174,0.002136,0.002060,0.002098,0.002098,0.002060,0.002022,0.002098,0.002098,0.002022,0.002098,0.002060,0.002060,0.002060,0.002022,0.001984,0.002022,0.001984,0.001984,0.002060,0.002022,0.002022,0.002022,0.002060,0.001984,0.001984,0.001984,0.001984,0.001984,0.001984,0.001945,0.001945,0.001984,0.001945,0.001984,0.001945,0.001984,0.002022,0.001984,0.001984,0.001984,0.001984,0.001984,0.002022,0.001945,0.001984,0.001945,0.002022,0.002022,0.001945,0.001984,0.001984,0.001984,0.002060,0.002022,0.002022,0.002022,0.002022,0.001984,0.002022,0.002060,0.002022,0.002060,0.002022,0.002022,0.001984,0.002022,0.002060,0.002022,0.002060,0.002060,0.002098,0.002098,0.002060,0.002060,0.002098,0.002022,0.001984,0.002022,0.002060,0.002022,0.002060,0.002098,0.002022,0.001984,0.002022,0.002098,0.002060,0.002098,0.002022,0.002060,0.002136,0.002060,0.002098,0.002098,0.002060,0.002060,0.002022,0.002098,0.002022,0.002098,0.002098,0.002136,0.002060,0.002060,0.002098,0.002060,0.002098,0.002060,0.001984,0.002022,0.002060,0.001984,0.001984,0.001984,0.001945,0.001945,0.001984,0.001907,0.001907,0.001869,0.001869,0.001907,0.001869,0.001907,0.001869,0.001907,0.001869,0.001831,0.001869,0.001831,0.001831,0.001831,0.001793,0.001869,0.001869,0.001869,0.001831,0.001869,0.001907,0.001945,0.001907,0.001907,0.001984,0.002022,0.002022,0.002022,0.001945,0.002022,0.002060,0.002060,0.002098,0.002098,0.002098,0.002098,0.002136,0.002060,0.002060,0.002174,0.002174,0.002174,0.002174,0.002136,0.002098,0.002136,0.002136,0.002060,0.002136,0.002098,0.002098,0.002098,0.002136,0.002098,0.002060,0.002060,0.002060,0.002060,0.002060,0.002098,0.002098,0.002098,0.002098,0.002060,0.002022,0.002098,0.002060,0.002098,0.002060,0.002136,0.002060,0.002098,0.002136,0.002098,0.002098,0.002136,0.002136,0.002060,0.002098,0.002174,0.002098,0.002136,0.002098,0.002136,0.002136,0.002136,0.002136,0.002136,0.002174,0.002174,0.002136,0.002213,0.002174,0.002174,0.002174,0.002136,0.002098,0.002136,0.002174,0.002136,0.002136,0.002136,0.002098,0.002060,0.002060,0.002098,0.002060,0.002098,0.002136,0.002022,0.002060,0.002098,0.002098,0.002136,0.002098,0.002136,0.002098,0.002022,0.002060,0.002060,0.002098,0.002060,0.001984,0.002022,0.002022,0.001945,0.001984,0.001984,0.001984,0.002060,0.001984,0.001984,0.001945,0.001984,0.002022,0.001984,0.001984,0.001945,0.002022,0.001984,0.001984,0.001984,0.002022,0.001984,0.001945,0.001984,0.002022,0.001984,0.002022,0.001984,0.002022,0.001945,0.001984,0.002022,0.001984,0.001984,0.001984,0.002022,0.002022,0.001984,0.001984,0.001945,0.002022,0.001984,0.002022,0.001984,0.001984,0.002022,0.002022,0.002022,0.001984,0.001984,0.001984,0.002022,0.002060,0.001984,0.002022,0.002022,0.001984,0.002060,0.002060,0.002060,0.002060,0.002060,0.002060,0.002022,0.002136,0.002022,0.002022,0.002022,0.002022,0.002022,0.002060,0.002060,0.002022,0.001984,0.002060,0.002022,0.002098,0.002060,0.002060,0.002022,0.002060,0.002098,0.002060,0.002060,0.002060,0.002098,0.002136,0.002060,0.002174,0.002136,0.002174,0.002213,0.002174,0.002213,0.002213,0.002289,0.002213,0.002251,0.002213,0.002289,0.002289,0.002251,0.002213,0.002251,0.002289,0.002289,0.002289,0.002327,0.002251,0.002289,0.002213,0.002251,0.002251,0.002213,0.002327,0.002289,0.002213,0.002174,0.002251,0.002213,0.002174,0.002213,0.002136,0.002174,0.002136,0.002136,0.002098,0.002060,0.002136,0.002060,0.002060,0.002098,0.002022,0.002022,0.001984,0.002060,0.002022,0.002060,0.002060,0.002022,0.002022,0.002022,0.002022,0.002060,0.002060,0.002022,0.002060,0.002022,0.002060,0.002060,0.002022,0.002060,0.002060,0.002022,0.002060,0.002060,0.002060,0.002098,0.002098,0.002060,0.002022,0.002022,0.002136,0.002136,0.002098,0.002098,0.002136,0.002136,0.002174,0.002174,0.002136,0.002174,0.002174,0.002136,0.002136,0.002174,0.002213,0.002213,0.002251,0.002174,0.002174,0.002213,0.002174,0.002213,0.002213,0.002251,0.002251,0.002251,0.002251,0.002213,0.002213,0.002213,0.002251,0.002213,0.002136,0.002174,0.002174,0.002136,0.002136,0.002136,0.002136,0.002098,0.002098,0.002022,0.002060,0.002060,0.002060,0.001984,0.002060,0.002022,0.001984,0.002022,0.001984,0.001984,0.002060,0.001984,0.002022,0.001945,0.001984,0.001984,0.001945,0.001984,0.002022,0.002022,0.001984,0.001984,0.002022,0.002022,0.002022,0.001984,0.001984,0.001984,0.001984,0.002022,0.002022,0.002022,0.002022,0.001984,0.002022,0.002060,0.002098,0.002098,0.002136,0.002136,0.002174,0.002174,0.002174,0.002213,0.002136,0.002174,0.002136,0.002136,0.002136,0.002174,0.002136,0.002098,0.002174,0.002136,0.002136,0.002136,0.002098,0.002098,0.002060,0.002098,0.001984,0.002060,0.002022,0.001984,0.001984,0.001869,0.001984,0.001945,0.001984,0.001984,0.001984,0.001907,0.001907,0.001945,0.001907,0.001945,0.001945,0.001945,0.001984,0.001984,0.001945,0.001984,0.002022,0.002022,0.001984,0.002060,0.002098,0.002060,0.002098,0.002098,0.002136,0.002174,0.002174,0.002251,0.002174,0.002213,0.002213,0.002213,0.002251,0.002251,0.002327,0.002289,0.002289,0.002289,0.002289,0.002327,0.002251,0.002289,0.002251,0.002251,0.002289,0.002289,0.002251,0.002251,0.002327,0.002251,0.002251,0.002174,0.002251,0.002213,0.002174,0.002213,0.002251,0.002251,0.002251,0.002251,0.002251,0.002251,0.002251,0.002213,0.002213,0.002251,0.002174,0.002213,0.002251,0.002251,0.002213,0.002213,0.002251,0.002213,0.002213,0.002251,0.002251,0.002251,0.002213,0.002289,0.002174,0.002213,0.002213,0.002213,0.002213,0.002251,0.002251,0.002174,0.002251,0.002251,0.002289,0.002251,0.002251,0.002174,0.002174,0.002213,0.002213,0.002174,0.002289,0.002251,0.002251,0.002213,0.002174,0.002213,0.002251,0.002174,0.002174,0.002174,0.002251,0.002213,0.002174,0.002136,0.002213,0.002136,0.002098,0.002174,0.002136,0.002136,0.002174,0.002136,0.002098,0.002098,0.002136,0.002098,0.002098,0.002098,0.002098,0.002098,0.002060,0.002060,0.002098,0.002060,0.002060,0.002136,0.002098,0.002060,0.001984,0.001984,0.001945,0.001984,0.002022,0.001984,0.001984,0.001945,0.001945,0.001869,0.001869,0.001869,0.001869,0.001869,0.001907,0.001869,0.001869,0.001793,0.001831,0.001869,0.001831,0.001869,0.001869,0.001869,0.001907,0.001869,0.001869,0.001869,0.001907,0.001869,0.001907,0.001907,0.001907,0.001984,0.002022,0.002022,0.002060,0.002022,0.002022,0.001984,0.002060,0.002022,0.002098,0.002098,0.002098,0.002022,0.002022,0.002098,0.002060,0.002060,0.002098,0.002022,0.002022,0.002060,0.002136,0.002060,0.002136,0.002098,0.002136,0.002098,0.002098,0.002213,0.002213,0.002213,0.002251,0.002251,0.002213,0.002174,0.002213,0.002174,0.002174,0.002213,0.002213,0.002251,0.002174,0.002174,0.002174,0.002213,0.002251,0.002136,0.002174,0.002174,0.002174,0.002136,0.002098,0.002022,0.002060,0.002136,0.002060,0.002060,0.002060,0.002022,0.001984,0.001984,0.002022,0.001984,0.001984,0.001984,0.001907,0.001907,0.001907,0.001945,0.001945,0.001984,0.001945,0.001984,0.001907,0.001984,0.001907,0.001907,0.001907,0.001945,0.001907,0.001984,0.001907,0.001945,0.001945,0.001907,0.001907,0.001869,0.001907,0.001945,0.001984,0.001907,0.001907,0.001984,0.001907,0.001945,0.001907,0.001984,0.001907,0.001945,0.001869,0.001869,0.001945,0.001945,0.001984,0.002022,0.001984,0.001984,0.002022,0.002022,0.002022,0.002060,0.002098,0.002098,0.002060,0.002098,0.002060,0.002060,0.002098,0.002098,0.002136,0.002174,0.002136,0.002136,0.002136,0.002174,0.002098,0.002098,0.002098,0.002136,0.002098,0.002136,0.002098,0.002060,0.002060,0.002098,0.002060,0.002098,0.002136,0.002060,0.002098,0.002098,0.002174,0.002136,0.002098,0.002060,0.002098,0.002098,0.002136,0.002136,0.002136,0.002136,0.002136,0.002060,0.002098,0.002098,0.002136,0.002098,0.002098,0.002136,0.002060,0.002098,0.002060,0.002060,0.002060,0.002098,0.002060,0.002060,0.002022,0.002060,0.002022,0.002022,0.001984,0.001984,0.001984,0.001945,0.002022,0.002022,0.001984,0.001984,0.001945,0.001984,0.001945,0.001907,0.001945,0.001945,0.001984,0.001984,0.001945,0.002022,0.001945,0.001945,0.002022,0.001984,0.001984,0.002022,0.002022,0.002022,0.002022,0.001984,0.002022,0.001984,0.001984,0.001945,0.001984,0.001984
7,19:00:00.000,12/31/1903,0.000000,0.100000,UNKNOWN,1,0/0,0.000000,0.000000,0.000000,0.000000,0.000000,0.000000,0.000000,0.000000,0,0,0,0,0.002213,0.002174,0.002174,0.002174,0.002174,0.002213,0.002213,0.002174,0.002174,0.002174,0.002136,0.002174,0.002174,0.002174,0.002213,0.002136,0.002174,0.002098,0.002174,0.002174,0.002174,0.002174,0.002098,0.002136,0.002098,0.002136,0.002136,0.002098,0.002174,0.002136,0.002136,0.002136,0.002136,0.002174,0.002213,0.002136,0.002213,0.002098,0.002136,0.002098,0.002098,0.002060,0.002060,0.002060,0.002098,0.002136,0.002098,0.002098,0.002060,0.002060,0.002098,0.002098,0.002060,0.002098,0.002060,0.002136,0.002098,0.002060,0.002022,0.002098,0.002060,0.002060,0.002098,0.002098,0.001984,0.002022,0.001984,0.002060,0.002022,0.001984,0.002060,0.001984,0.002060,0.002022,0.002060,0.002022,0.001984,0.002022,0.002022,0.002022,0.001984,0.001984,0.002060,0.002022,0.001984,0.002022,0.001945,0.002022,0.001984,0.001984,0.001984,0.001984,0.002022,0.002022,0.002022,0.001984,0.002022,0.002022,0.002022,0.001984,0.001984,0.002022,0.002060,0.002022,0.002098,0.002060,0.002060,0.002022,0.001984,0.002022,0.002060,0.002060,0.002060,0.002060,0.002098,0.002022,0.002022,0.002060,0.002098,0.002060,0.002022,0.002098,0.002060,0.002060,0.002060,0.002098,0.002136,0.002060,0.002098,0.002022,0.002022,0.002098,0.002060,0.002098,0.002098,0.002098,0.002098,0.002098,0.002136,0.002060,0.002098,0.002098,0.002022,0.002098,0.002060,0.002060,0.002098,0.002060,0.002098,0.002098,0.002136,0.002060,0.002098,0.002098,0.002136,0.002098,0.002098,0.002022,0.002098,0.002060,0.002136,0.002098,0.002098,0.002098,0.002098,0.002098,0.002136,0.002174,0.002136,0.002060,0.002136,0.002098,0.002136,0.002136,0.002174,0.002174,0.002136,0.002136,0.002136,0.002136,0.002136,0.002136,0.002136,0.002136,0.002136,0.002136,0.002098,0.002136,0.002098,0.002174,0.002136,0.002098,0.002136,0.002060,0.002136,0.002060,0.002098,0.002174,0.002098,0.002098,0.002098,0.002060,0.002136,0.002022,0.002060,0.002098,0.002060,0.002136,0.002174,0.002098,0.002136,0.002174,0.002098,0.002136,0.002098,0.002136,0.002098,0.002174,0.002098,0.002098,0.002098,0.002174,0.002136,0.002174,0.002136,0.002136,0.002174,0.002136,0.002136,0.002174,0.002136,0.002213,0.002174,0.002136,0.002136,0.002098,0.002174,0.002136,0.002174,0.002136,0.002136,0.002174,0.002136,0.002213,0.002136,0.002174,0.002174,0.002174,0.002174,0.002136,0.002174,0.002136,0.002174,0.002174,0.002098,0.002136,0.002174,0.002098,0.002174,0.002136,0.002136,0.002136,0.002174,0.002174,0.002098,0.002174,0.002098,0.002174,0.002136,0.002098,0.002098,0.002060,0.002060,0.002060,0.002060,0.002098,0.002022,0.002060,0.002098,0.002060,0.002060,0.002060,0.002098,0.002060,0.002098,0.002060,0.002060,0.002098,0.002060,0.002060,0.002098,0.001984,0.002022,0.002060,0.002022,0.002060,0.002022,0.002136,0.002060,0.002060,0.002098,0.002022,0.002022,0.002022,0.002022,0.002060,0.002060,0.002022,0.002060,0.002060,0.001984,0.002022,0.002060,0.002022,0.002136,0.002060,0.002022,0.002022,0.002022,0.002098,0.001984,0.002098,0.002060,0.002022,0.002060,0.002022,0.002022,0.002060,0.001945,0.002022,0.002060,0.002022,0.002022,0.002060,0.002060,0.002022,0.002098,0.002060,0.002060,0.002098,0.001984,0.001984,0.002022,0.002098,0.002060,0.002060,0.002136,0.002022,0.002098,0.002060,0.002022,0.002060,0.002022,0.002060,0.002098,0.002060,0.002060,0.002060,0.002060,0.002060,0.002060,0.002060,0.002022,0.002098,0.002060,0.001984,0.002098,0.002098,0.002060,0.002060,0.002098,0.002098,0.002098,0.002098,0.002098,0.002136,0.002060,0.002060,0.002098,0.002022,0.002098,0.002098,0.002060,0.002060,0.002060,0.002098,0.002136,0.002098,0.002098,0.002098,0.002136,0.002060,0.002098,0.002098,0.002098,0.002136,0.002136,0.002136,0.002136,0.002098,0.002136,0.002098,0.002174,0.002098,0.002098,0.002213,0.002136,0.002174,0.002136,0.002098,0.002174,0.002136,0.002174,0.002136,0.002174,0.002174,0.002098,0.002251,0.002174,0.002136,0.002213,0.002251,0.002251,0.002174,0.002213,0.002174,0.002174,0.002174,0.002251,0.002213,0.002136,0.002213,0.002213,0.002174,0.002174,0.002136,0.002174,0.002174,0.002136,0.002174,0.002136,0.002174,0.002136,0.002098,0.002174,0.002136,0.002174,0.002136,0.002136,0.002098,0.002098,0.002136,0.002136,0.002136,0.002174,0.002098,0.002060,0.002060,0.002098,0.002098,0.002060,0.002136,0.002060,0.002098,0.002098,0.002098,0.002098,0.002022,0.002022,0.002098,0.002098,0.002098,0.002060,0.002136,0.002022,0.002022,0.002060,0.002060,0.002060,0.002060,0.002060,0.002022,0.002022,0.002022,0.002022,0.001984,0.002022,0.002022,0.002060,0.002022,0.002060,0.002022,0.002022,0.002022,0.001984,0.002022,0.002060,0.001984,0.002022,0.001984,0.002022,0.002060,0.002022,0.001945,0.001984,0.002022,0.002022,0.002060,0.002098,0.002060,0.002022,0.001984,0.002022,0.002022,0.002022,0.002060,0.002060,0.002022,0.002022,0.001984,0.002022,0.002060,0.002098,0.002060,0.002022,0.001984,0.002022,0.002060,0.001984,0.002060,0.002136,0.002022,0.002022,0.002060,0.002098,0.002060,0.002060,0.002098,0.002060,0.002098,0.002098,0.002022,0.002098,0.002060,0.002060,0.002060,0.002060,0.002060,0.002098,0.002174,0.002136,0.002098,0.002136,0.002098,0.002098,0.002098,0.002136,0.002098,0.002060,0.002136,0.002174,0.002213,0.002098,0.002098,0.002136,0.002174,0.002174,0.002098,0.002136,0.002174,0.002136,0.002136,0.002136,0.002174,0.002174,0.002136,0.002098,0.002098,0.002136,0.002136,0.002136,0.002174,0.002174,0.002136,0.002174,0.002136,0.002174,0.002136,0.002174,0.002174,0.002098,0.002136,0.002098,0.002136,0.002136,0.002060,0.002136,0.002098,0.002136,0.002060,0.002022,0.002060,0.002022,0.002098,0.002098,0.002098,0.002060,0.002022,0.002060,0.002022,0.002060,0.002098,0.001984,0.001984,0.002022,0.002098,0.002022,0.002022,0.002022,0.002022,0.002098,0.002060,0.002060,0.002060,0.002022,0.002060,0.002060,0.002022,0.002098,0.002098,0.002060,0.002022,0.002098,0.002060,0.002060,0.002060,0.001984,0.002060,0.002060,0.002022,0.002022,0.002022,0.002060,0.002098,0.002060,0.002098,0.002060,0.002098,0.002022,0.002022,0.002060,0.002060,0.002060,0.002060,0.002098,0.002060,0.002060,0.002060,0.002060,0.002060,0.001984,0.002022,0.002060,0.002060,0.002022,0.002060,0.001984,0.002060,0.001984,0.002022,0.002098,0.002022,0.002022,0.002060,0.002060,0.002022,0.002098,0.002098,0.002022,0.002022,0.001984,0.002022,0.002060,0.002022,0.002098,0.002022,0.002060,0.002022,0.001984,0.002060,0.002022,0.002022,0.001984,0.001945,0.001984,0.001945,0.001907,0.001907,0.001984,0.001945,0.001907,0.001907,0.001907,0.001793,0.001831,0.001831,0.001755,0.001755,0.001755,0.001678,0.001678,0.001640,0.001640,0.001602,0.001564,0.001564,0.001564,0.001526,0.001564,0.001488,0.001450,0.001450,0.001488,0.001450,0.001488,0.001488,0.001564,0.001678,0.001831,0.001869,0.002022,0.002213,0.002365,0.002594,0.002861,0.003128,0.003433,0.003700,0.004005,0.004272,0.004616,0.004921,0.005379,0.005684,0.006065,0.006485,0.006790,0.007057,0.007248,0.007401,0.007591,0.007553,0.007439,0.007324,0.007019,0.006752,0.006371,0.005875,0.005302,0.004807,0.004272,0.003662,0.003128,0.002594,0.001945,0.001297,0.000648,0.000076,-0.000420,-0.001068,-0.001678,-0.002327,-0.002937,-0.003471,-0.003967,-0.004463,-0.004921,-0.005150,-0.005341,-0.005417,-0.005302,-0.005226,-0.004997,-0.004654,-0.004311,-0.003891,-0.003395,-0.002937,-0.002327,-0.001831,-0.001335,-0.000877,-0.000343,0.000038,0.000420,0.000763,0.001068,0.001335,0.001640,0.001869,0.002022,0.002136,0.002251,0.002289,0.002480,0.002518,0.002594,0.002632,0.002708,0.002823,0.002861,0.002975,0.003052,0.003014,0.003090,0.003204,0.003281,0.003281,0.003319,0.003433,0.003510,0.003624,0.003777,0.003853,0.003967,0.004082,0.004272,0.004311,0.004387,0.004539,0.004654,0.004654,0.004692,0.004654,0.004730,0.004730,0.004730,0.004692,0.004616,0.004501,0.004425,0.004387,0.004234,0.004120,0.004044,0.003967,0.003815,0.003662,0.003586,0.003433,0.003281,0.003204,0.003090,0.002975,0.002861,0.002747,0.002594,0.002518,0.002480,0.002365,0.002289,0.002251,0.002174,0.002136,0.002022,0.001984,0.001984,0.001907,0.001907,0.001831,0.001793,0.001755,0.001793,0.001755,0.001717,0.001755,0.001831,0.001869,0.001907,0.001945,0.001945,0.001945,0.001984,0.002098,0.002022,0.002060,0.002060,0.002060,0.002060,0.001945,0.001945,0.001869,0.001907,0.001869,0.001831,0.001869,0.001755,0.001793,0.001755,0.001831,0.001831,0.001755,0.001755,0.001717,0.001678,0.001678,0.001640,0.001602,0.001602,0.001526,0.001488,0.001411,0.001450,0.001411,0.001450,0.001488,0.001488,0.001564,0.001564,0.001717,0.001793,0.001793,0.001793,0.001869,0.001945,0.001945,0.001945,0.001907,0.001907,0.001984,0.001945,0.001907,0.001831,0.001869,0.001869,0.001869,0.001907,0.001945,0.001869,0.001907,0.001945,0.001945,0.001984,0.001945,0.001984,0.001984,0.001945,0.001984,0.001945,0.001945,0.001907,0.001907,0.001831,0.001869,0.001907,0.001869,0.001831,0.001869,0.001945,0.001945,0.001984,0.002022,0.002098,0.002174,0.002174,0.002289,0.002327,0.002365,0.002403,0.002518,0.002556,0.002594,0.002632,0.002632,0.002632,0.002594,0.002556,0.002480,0.002480,0.002365,0.002327,0.002213,0.002136,0.002060,0.002022,0.001945,0.001984,0.001907,0.001869,0.001831,0.001869,0.001869,0.001793,0.001907,0.001869,0.001869,0.001945,0.001945,0.001907,0.001907,0.001831,0.001793,0.001755,0.001755,0.001678,0.001678,0.001678,0.001564,0.001526,0.001450,0.001488,0.001450,0.001450,0.001450,0.001411,0.001411,0.001373,0.001373,0.001450,0.001450,0.001411,0.001411,0.001450,0.001411,0.001488,0.001526,0.001564,0.001640,0.001678,0.001717,0.001869,0.001869,0.001907,0.002022,0.002060,0.002174,0.002289,0.002327,0.002365,0.002441,0.002518,0.002556,0.002670,0.002670,0.002747,0.002708,0.002747,0.002823,0.002823,0.002785,0.002785,0.002785,0.002823,0.002785,0.002747,0.002708,0.002670,0.002632,0.002670,0.002708,0.002594,0.002632,0.002594,0.002594,0.002632,0.002594,0.002594,0.002556,0.002556,0.002556,0.002518,0.002480,0.002441,0.002365,0.002365,0.002327,0.002289,0.002251,0.002174,0.002174,0.002174,0.002174,0.002136,0.002136,0.002174,0.002136,0.002174,0.002136,0.002174,0.002174,0.002136,0.002136,0.002136,0.002136,0.002136,0.002136,0.002098,0.002098,0.002098,0.002098,0.002136,0.002098,0.002060,0.002136,0.002098,0.002174,0.002213,0.002251,0.002213,0.002327,0.002365,0.002327,0.002441,0.002480,0.002480,0.002556,0.002594,0.002632,0.002632,0.002632,0.002632,0.002708,0.002632,0.002594,0.002518,0.002480,0.002480,0.002327,0.002251,0.002251,0.002136,0.002060,0.002022,0.001984,0.001907,0.001831,0.001793,0.001793,0.001755,0.001717,0.001755,0.001755,0.001717,0.001755,0.001793,0.001831,0.001869,0.001907,0.001984,0.002060,0.002098,0.002098,0.002060,0.002098,0.002174,0.002213,0.002174,0.002213,0.002251,0.002213,0.002213,0.002174,0.002136,0.002060,0.002060,0.002098,0.002022,0.002022,0.001945,0.001907,0.001907,0.001869,0.001793,0.001793,0.001831,0.001793,0.001755,0.001755,0.001717,0.001640,0.001640,0.001564,0.001564,0.001564,0.001640,0.001640,0.001602,0.001602,0.001640,0.001678,0.001678,0.001717,0.001755,0.001717,0.001793,0.001831,0.001907,0.001907,0.001984,0.001945,0.001945,0.001984,0.002060,0.002022,0.002060,0.002060,0.002098,0.002174,0.002060,0.002136,0.002174,0.002213,0.002213,0.002174,0.002213,0.002213,0.002251,0.002251,0.002213,0.002289,0.002213,0.002136,0.002174,0.002213,0.002251,0.002213,0.002251,0.002213,0.002213,0.002251,0.002136,0.002136,0.002136,0.002136,0.002213,0.002136,0.002174,0.002174,0.002174,0.002174,0.002174,0.002174,0.002213,0.002289,0.002289,0.002251,0.002213,0.002213,0.002213,0.002251,0.002174,0.002213,0.002136,0.002213,0.002174,0.002098,0.002098,0.002060,0.002060,0.002060,0.002022,0.001984,0.001945,0.001984,0.001869,0.001831,0.001869,0.001793,0.001793,0.001755,0.001755,0.001793,0.001717,0.001717,0.001717,0.001678,0.001678,0.001678,0.001755,0.001678,0.001678,0.001717,0.001678,0.001793,0.001717,0.001793,0.001793,0.001793,0.001869,0.001831,0.001869,0.001945,0.001945,0.001984,0.001984,0.002098,0.002174,0.002251,0.002251,0.002289,0.002289,0.002327,0.002365,0.002365,0.002403,0.002480,0.002365,0.002441,0.002441,0.002441,0.002518,0.002480,0.002480,0.002518,0.002518,0.002480,0.002480,0.002556,0.002518,0.002518,0.002556,0.002518,0.002556,0.002518,0.002480,0.002441,0.002441,0.002480,0.002403,0.002441,0.002441,0.002403,0.002365,0.002289,0.002289,0.002251,0.002174,0.002174,0.002174,0.002136,0.002022,0.002022,0.002022,0.001984,0.002060,0.001945,0.001907,0.001984,0.001984,0.002022,0.001945,0.002060,0.002022,0.002060,0.002174,0.002098,0.002136,0.002174,0.002213,0.002213,0.002289,0.002327,0.002289,0.002327,0.002365,0.002327,0.002289,0.002327,0.002327,0.002289,0.002251,0.002251,0.002251,0.002251,0.002251,0.002136,0.002098,0.002022,0.002022,0.002022,0.001984,0.001984,0.001945,0.001831,0.001869,0.001869,0.001831,0.001793,0.001831,0.001831,0.001793,0.001755,0.001755,0.001831,0.001793,0.001755,0.001755,0.001755,0.001793,0.001793,0.001793,0.001755,0.001717,0.001755,0.001755,0.001755,0.001755,0.001717,0.001793,0.001755,0.001755,0.001755,0.001793,0.001793,0.001793,0.001831,0.001755,0.001755,0.001793,0.001793,0.001793,0.001793,0.001831,0.001907,0.001907,0.001907,0.001945,0.001945,0.002022,0.002022,0.002098,0.002136,0.002136,0.002174,0.002213,0.002251,0.002213,0.002289,0.002289,0.002251,0.002289,0.002251,0.002289,0.002289,0.002251,0.002289,0.002213,0.002251,0.002289,0.002327,0.002289,0.002136,0.002213,0.002174,0.002136,0.002136,0.002098,0.002098,0.002098,0.002136,0.002022,0.002060,0.002136,0.002098,0.002098,0.002060,0.002098,0.002136,0.002060,0.002136,0.002098,0.002098,0.002060,0.002098,0.002136,0.002098,0.002098,0.002098,0.002136,0.002174,0.002098,0.002136,0.002136,0.002060,0.002136,0.002136,0.002060,0.002098,0.002136,0.002136,0.002136,0.002174,0.002174,0.002136,0.002174,0.002174,0.002174,0.002251,0.002174,0.002174,0.002136,0.002213,0.002174,0.002174,0.002136,0.002098,0.002174,0.002098,0.002098,0.002060,0.002022,0.002022,0.002022,0.002060,0.002060,0.002098,0.002098,0.002022,0.002022,0.002060,0.002022,0.002022,0.002022,0.002098,0.002060,0.002060,0.002060,0.002060,0.002098,0.002022,0.002022,0.002060,0.002060,0.002098,0.002098,0.002098,0.002136,0.002136,0.002174,0.002060,0.002174,0.002213,0.002213,0.002251,0.002213,0.002251,0.002213,0.002213,0.002213,0.002136,0.002174,0.002136,0.002136,0.002136,0.002022,0.002098,0.002022,0.001984,0.002022,0.001984,0.001945,0.001907,0.001907,0.001869,0.001869,0.001869,0.001831,0.001907,0.001907,0.001869,0.001907,0.001945,0.001907,0.001907,0.001984,0.001945,0.001984,0.001984,0.002022,0.002060,0.002022,0.001984,0.002060,0.002060,0.002098,0.002136,0.002060,0.002060,0.002060,0.002098,0.002060,0.002098,0.002136,0.002098,0.002136,0.002060,0.001984,0.002060,0.002060,0.002060,0.002060,0.002022,0.002060,0.002022,0.002060,0.001984,0.001984,0.001984,0.001945,0.001907,0.001907,0.001945,0.001945,0.001907,0.001907,0.001907,0.001907,0.001984,0.001945,0.001907,0.001984,0.001984,0.001984,0.001984,0.002022,0.002022,0.002136,0.002060,0.002098,0.002098,0.002098,0.002213,0.002174,0.002174,0.002213,0.002136,0.002289,0.002213,0.002289,0.002289,0.002213,0.002289,0.002213,0.002289,0.002327,0.002289,0.002327,0.002327,0.002327,0.002289,0.002327,0.002327,0.002289,0.002289,0.002289,0.002213,0.002251,0.002251,0.002251,0.002251,0.002251,0.002174,0.002213,0.002174,0.002174,0.002174,0.002174,0.002098,0.002098,0.002136,0.002136,0.002098,0.002060,0.002098,0.002060,0.002060,0.002060,0.002060,0.002136,0.002098,0.002098,0.002060,0.002022,0.002022,0.002060,0.002136,0.002098,0.002174,0.002213,0.002174,0.002289,0.002289,0.002327,0.002365,0.002403,0.002441,0.002480,0.002518,0.002556,0.002594,0.002632,0.002670,0.002670,0.002632,0.002747,0.002708,0.002708,0.002708,0.002670,0.002670,0.002670,0.002594,0.002594,0.002594,0.002480,0.002480,0.002480,0.002441,0.002403,0.002327,0.002289,0.002327,0.002289,0.002213,0.002174,0.002136,0.002060,0.002060,0.001984,0.001945,0.001831,0.001755,0.001678,0.001526,0.001488,0.001411,0.001297,0.001221,0.001106,0.001068,0.000954,0.000877,0.000916,0.000839,0.000877,0.000877,0.000916,0.000992,0.001030,0.001106,0.001144,0.001297,0.001373,0.001450,0.001602,0.001678,0.001793,0.001945,0.001945,0.002022,0.002060,0.002174,0.002174,0.002251,0.002327,0.002327,0.002365,0.002327,0.002365,0.002365,0.002327,0.002365,0.002365,0.002327,0.002289,0.002251,0.002289,0.002251,0.002213,0.002174,0.002174,0.002213,0.002136,0.002213,0.002174,0.002213,0.002213,0.002213,0.002251,0.002251,0.002327,0.002403,0.002327,0.002441,0.002441,0.002518,0.002518,0.002518,0.002518,0.002594,0.002556,0.002518,0.002518,0.002556,0.002518,0.002480,0.002403,0.002403,0.002441,0.002289,0.002289,0.002251,0.002213,0.002213,0.002136,0.002174,0.002098,0.002060,0.002022,0.001984,0.002022,0.001945,0.001984,0.001945,0.001945,0.002022,0.001984,0.001984,0.001945,0.001907,0.001945,0.001984,0.001984,0.001945,0.001945,0.001984,0.001907,0.001984,0.002022,0.001945,0.002022,0.002022,0.001984,0.001945,0.001984,0.002022,0.001984,0.001984,0.001907,0.001945,0.001945,0.001907,0.001907,0.001945,0.002022,0.001984,0.001945,0.001984,0.002022,0.002022,0.001945,0.001945,0.001945,0.002022,0.002022,0.002022,0.002022,0.002022,0.002022,0.002060,0.002060,0.002022,0.002060,0.002060,0.002136,0.002098,0.002136,0.002136,0.002174,0.002251,0.002251,0.002251,0.002289,0.002251,0.002289,0.002327,0.002365,0.002403,0.002365,0.002365,0.002327,0.002365,0.002365,0.002365,0.002365,0.002327,0.002403,0.002365,0.002403,0.002365,0.002251,0.002251,0.002213,0.002251,0.002251,0.002174,0.002213,0.002174,0.002136,0.002174,0.002174,0.002174,0.002098,0.002098,0.002098,0.002060,0.002098,0.002098,0.002060,0.002060,0.002060,0.002098,0.002022,0.002136,0.002098,0.002136,0.002136,0.002174,0.002213,0.002174,0.002213,0.002213,0.002213,0.002327,0.002289,0.002213,0.002251,0.002289,0.002327,0.002327,0.002403,0.002365,0.002327,0.002403,0.002403,0.002403,0.002403,0.002365,0.002365,0.002403,0.002365,0.002365,0.002365,0.002327,0.002289,0.002289,0.002213,0.002213,0.002174,0.002060,0.002098,0.002060,0.002060,0.002022,0.001984,0.002022,0.001945,0.001984,0.001907,0.001907,0.001945,0.001869,0.001907,0.001907,0.001869,0.001831,0.001869,0.001869,0.001793,0.001793,0.001831,0.001793,0.001755,0.001793,0.001793,0.001831,0.001869,0.001831,0.001793,0.001869,0.001869,0.001907,0.001869,0.001869,0.001869,0.001907,0.001869,0.001945,0.001907,0.001945,0.001907,0.001945,0.001984,0.001984,0.002022,0.001984,0.002060,0.002098,0.002098,0.002136,0.002174,0.002213,0.002174,0.002136,0.002251,0.002174,0.002213,0.002174,0.002174,0.002213,0.002251,0.002213,0.002174,0.002213,0.002174,0.002098,0.002136,0.002136,0.002098,0.002174,0.002098,0.002136,0.002060,0.002060,0.002136,0.002136,0.002136,0.002136,0.002098,0.002136,0.002136,0.002098,0.002098,0.002098,0.002136,0.002174,0.002213,0.002174,0.002136,0.002174,0.002136,0.002174,0.002174,0.002098,0.002098,0.002060,0.002098,0.002098,0.002060,0.001984,0.002022,0.002022,0.001984,0.001945,0.001907,0.001907,0.001869,0.001907,0.001945,0.001869,0.001907,0.001831,0.001907,0.001907,0.001869,0.001907,0.001869,0.001869,0.001984,0.001907,0.001984,0.001984,0.001945,0.002022,0.002022,0.002022,0.002060,0.002060,0.002060,0.002060,0.002098,0.002136,0.002098,0.002136,0.002022,0.002060,0.002022,0.002136,0.002098,0.002022,0.002060,0.002022,0.002060,0.002098,0.002060,0.002060,0.002060,0.002060,0.002060,0.002060,0.002060,0.002060,0.002060,0.002060,0.002060,0.002022,0.002098,0.002136,0.002136,0.002174,0.002174,0.002174,0.002251,0.002174,0.002251,0.002251,0.002251,0.002289,0.002251,0.002327,0.002289,0.002365,0.002327,0.002251,0.002365,0.002365,0.002289,0.002365,0.002289,0.002327,0.002289,0.002251,0.002289,0.002213,0.002251,0.002251,0.002174,0.002174,0.002136,0.002174,0.002136,0.002136,0.002174,0.002098,0.002060,0.002098,0.002136,0.002098,0.002098,0.002098,0.002098,0.002136,0.002136,0.002174,0.002174,0.002213,0.002174,0.002098,0.002174,0.002213,0.002213,0.002289,0.002251,0.002251,0.002289,0.002251,0.002289,0.002251,0.002213,0.002251,0.002327,0.002327,0.002289,0.002365,0.002289,0.002289,0.002289,0.002213,0.002289,0.002251,0.002251,0.002213,0.002174,0.002213,0.002174,0.002174,0.002098,0.002060,0.002136,0.002022,0.002060,0.002060,0.002060,0.001984,0.002022,0.001907,0.001907,0.001907,0.001907,0.001869,0.001831,0.001793,0.001793,0.001793,0.001793,0.001793,0.001755,0.001755,0.001678,0.001717,0.001717,0.001678,0.001755,0.001678,0.001678,0.001678,0.001717,0.001717,0.001717,0.001755,0.001755,0.001717,0.001755,0.001793,0.001793,0.001755,0.001717,0.001755,0.001717,0.001793,0.001831,0.001793,0.001755,0.001793,0.001793,0.001869,0.001831,0.001869,0.001869,0.001945,0.001907,0.001945,0.002022,0.001984,0.002022,0.002060,0.002060,0.002136,0.002098,0.002174,0.002174,0.002213,0.002213,0.002213,0.002289,0.002251,0.002289,0.002327,0.002289,0.002327,0.002327,0.002365,0.002327,0.002327,0.002403,0.002365,0.002403,0.002365,0.002327,0.002403,0.002365,0.002327,0.002327,0.002365,0.002289,0.002251,0.002327,0.002251,0.002289,0.002251,0.002213,0.002213,0.002251,0.002213,0.002213,0.002174,0.002213,0.002098,0.002136,0.002098,0.002136,0.002098,0.002098,0.002136,0.002060,0.002060,0.002098,0.001984,0.002060,0.002022,0.002022,0.002022,0.002060,0.002098,0.002022,0.002022,0.002022,0.002022,0.002022,0.001945,0.002022,0.001984,0.001984,0.001984,0.001945,0.001984,0.002022,0.001945,0.001945,0.001945,0.001945,0.001945,0.001907,0.001907,0.001907,0.001907,0.001945,0.001945,0.001907,0.001907,0.001984,0.001984,0.001945,0.002022,0.001984,0.001945,0.001984,0.002022,0.001984,0.002022,0.002022,0.002060,0.002136,0.002098,0.002136,0.002098,0.002136,0.002136,0.002136,0.002136,0.002213,0.002098,0.002060,0.002098,0.002098,0.002136,0.002136,0.002098,0.002136,0.002136,0.002098,0.002060,0.002060,0.002098,0.002098,0.002098,0.002060,0.002098,0.002136,0.002136,0.002098,0.002098,0.002174,0.002098,0.002136,0.002174,0.002174,0.002213,0.002213,0.002174,0.002213,0.002251,0.002213,0.002174,0.002213,0.002213,0.002251,0.002213,0.002174,0.002174,0.002136,0.002174,0.002174,0.002136,0.002136,0.002136,0.002174,0.002136,0.002174,0.002213,0.002136,0.002213,0.002136,0.002136,0.002060,0.002098,0.002136,0.002136,0.002174,0.002174,0.002098,0.002098,0.002136,0.002136,0.002136,0.002098,0.002174,0.002136,0.002174,0.002136,0.002136,0.002098,0.002022,0.002060,0.002098,0.002060,0.002060,0.002022,0.001984,0.002022,0.002022,0.001984,0.001945,0.001984,0.001945,0.001945,0.001945,0.001907,0.001945,0.001945,0.001907,0.001945,0.001945,0.001945,0.001907,0.001907,0.001945,0.001907,0.001869,0.001907,0.001907,0.001869,0.001945,0.001907,0.001907,0.001945,0.001945,0.001945,0.001945,0.001907,0.001945,0.001945,0.001945,0.001984,0.001984,0.001984,0.001945,0.001984,0.002022,0.002060,0.002060,0.002098,0.002098,0.002060,0.002022,0.002060,0.002060,0.002060,0.002098,0.002136,0.002098,0.002174,0.002174,0.002174,0.002136,0.002174,0.002213,0.002213,0.002174,0.002213,0.002213,0.002136,0.002136,0.002098,0.002213,0.002174,0.002213,0.002174,0.002098,0.002213,0.002174,0.002174,0.002174,0.002136,0.002098,0.002136,0.002174,0.002136,0.002136,0.002136,0.002136,0.002098,0.002136,0.002098,0.002136,0.002060,0.002174,0.002251,0.002213,0.002136,0.002098,0.002136,0.002136,0.002136,0.002174,0.002174,0.002174,0.002136,0.002174,0.002213,0.002136,0.002213,0.002213,0.002174,0.002174,0.002136,0.002174,0.002136,0.002136,0.002174,0.002136,0.002174,0.002174,0.002174,0.002174,0.002136,0.002136,0.002098,0.002136,0.002098,0.002136,0.002136,0.002060,0.002136,0.002251,0.002136,0.002136,0.002098,0.002098,0.002060,0.002136,0.002098,0.002098,0.002136,0.002098,0.002136,0.002060,0.002098,0.002098,0.002060,0.002060,0.002136,0.002136,0.002136,0.002098,0.002136,0.002060,0.002060,0.002098,0.002136,0.002174,0.002174,0.002174,0.002213,0.002213,0.002136,0.002098,0.002174,0.002136,0.002098,0.002136,0.002174,0.002174,0.002136,0.002098,0.002136,0.002098,0.002136,0.002136,0.002174,0.002174,0.002098,0.002136,0.002098,0.002098,0.002098,0.002060,0.002060,0.002060,0.002022,0.002022,0.001984,0.001984,0.002022,0.002022,0.002022,0.001984,0.002060,0.001984,0.002022,0.002022,0.002022,0.002022,0.002022,0.002022,0.002022,0.002022,0.002098,0.002098,0.002022,0.002060,0.002098,0.002136,0.002136,0.002174,0.002174,0.002213,0.002174,0.002213,0.002251,0.002289,0.002327,0.002289,0.002327,0.002327,0.002365,0.002403,0.002403,0.002403,0.002441,0.002441,0.002403,0.002441,0.002403,0.002403,0.002327,0.002327,0.002327,0.002289,0.002289,0.002251,0.002213,0.002098,0.002098,0.002060,0.001984,0.002060,0.001984,0.001984,0.001907,0.001907,0.001907,0.001831,0.001793,0.001755,0.001793,0.001869,0.001793,0.001793,0.001755,0.001869,0.001831,0.001831,0.001869,0.001907,0.001945,0.001984,0.002060,0.002060,0.002022,0.002022,0.002098,0.002060,0.002060,0.002060,0.002060,0.002060,0.002060,0.002060,0.001984,0.002022,0.002022,0.002022,0.001984,0.001907,0.002022,0.002060,0.001945,0.001984,0.001984,0.001984,0.001945,0.001984,0.002022,0.002022,0.002060,0.002022,0.002060,0.002098,0.002060,0.002098,0.002136,0.002213,0.002213,0.002174,0.002136,0.002174,0.002213,0.002213,0.002251,0.002213,0.002251,0.002327,0.002289,0.002327,0.002327,0.002289,0.002327,0.002289,0.002327,0.002251,0.002251,0.002251,0.002174,0.002251,0.002251,0.002174,0.002174,0.002174,0.002251,0.002251,0.002213,0.002213,0.002251,0.002289,0.002289,0.002289,0.002289,0.002251,0.002251,0.002289,0.002327,0.002289,0.002251,0.002289,0.002289,0.002289,0.002251,0.002213,0.002136,0.002136,0.002098,0.002136,0.002098,0.002098,0.002060,0.002060,0.001984,0.001984,0.001945,0.001907,0.001907,0.001945,0.001907,0.001831,0.001831,0.001869,0.001831,0.001831,0.001793,0.001755,0.001793,0.001793,0.001755,0.001831,0.001755,0.001831,0.001869,0.001793,0.001869,0.001869,0.001869,0.001869,0.001869,0.001831,0.001907,0.001907,0.001984,0.001945,0.001945,0.001945,0.001984,0.001984,0.001984,0.001984,0.002022,0.002060,0.002060,0.002060,0.002022,0.002098,0.002098,0.002098,0.002136,0.002098,0.002098,0.002136,0.002136,0.002098,0.002060,0.002136,0.002136,0.002060,0.002022,0.002060,0.002136,0.002098,0.002060,0.002060,0.002098,0.002098,0.002136,0.002098,0.002098,0.002098,0.002098,0.002060,0.002098,0.002136,0.002136,0.002213,0.002098,0.002174,0.002136,0.002174,0.002213,0.002174,0.002213,0.002213,0.002174,0.002213,0.002251,0.002213,0.002213,0.002174,0.002251,0.002251,0.002251,0.002213,0.002213,0.002213,0.002213,0.002213,0.002213,0.002213,0.002289,0.002174,0.002213,0.002213,0.002213,0.002174,0.002174,0.002098,0.002060,0.002136,0.002098,0.002060,0.002060,0.002022,0.002022,0.001984,0.002022,0.002022,0.001984,0.002022,0.002022,0.001984,0.001984,0.002022,0.002060,0.002060,0.002060,0.002098,0.002136,0.002098,0.002060,0.002136,0.002136,0.002174,0.002136,0.002136,0.002136,0.002060,0.002060,0.002098,0.002060,0.002022,0.002022,0.001984,0.002022,0.001984,0.001945,0.001907,0.001945,0.001907,0.001869,0.001869,0.001831,0.001907,0.001831,0.001869,0.001869,0.001831,0.001945,0.001907,0.001984,0.002022,0.001984,0.002060,0.002060,0.002060,0.002098,0.002060,0.002136,0.002060,0.002098,0.002174,0.002098,0.002213,0.002174,0.002174,0.002174,0.002174,0.002174,0.002098,0.002136,0.002098,0.002060,0.002022,0.002060,0.002098,0.002098,0.002098,0.002060,0.002060,0.002060,0.001984,0.002060,0.002022,0.001984,0.001945,0.001984,0.001984,0.002022,0.001984,0.002022,0.002060,0.002136,0.002098,0.002022,0.002060,0.002098,0.002098,0.002136,0.002136,0.002136,0.002174,0.002174,0.002174,0.002213,0.002213,0.002213,0.002251,0.002289,0.002251,0.002327,0.002289,0.002251,0.002251,0.002289,0.002289,0.002327,0.002327,0.002289,0.002289,0.002289,0.002289,0.002251,0.002251,0.002289,0.002251,0.002174,0.002174,0.002136,0.002174,0.002136,0.002174,0.002136,0.002098,0.002098,0.002098,0.002136,0.002098,0.002136,0.002022,0.002022,0.002022,0.002060,0.002098,0.002022,0.002022,0.002060,0.002022,0.002022,0.002098,0.002060,0.002060,0.002022,0.002022,0.001984,0.001984,0.002060,0.002022,0.002022,0.001984,0.001907,0.001945,0.001945,0.001945,0.001945,0.001907,0.001831,0.001869,0.001831,0.001793,0.001831,0.001793,0.001793,0.001869,0.001793,0.001831,0.001831,0.001831,0.001793,0.001831,0.001869,0.001831,0.001869,0.001907,0.001869,0.001907,0.001907,0.001907,0.001869,0.001869,0.001945,0.001945,0.001984,0.001945,0.001945,0.001984,0.001984,0.001984,0.001945,0.001984,0.001984,0.001984,0.002022,0.001984,0.001945,0.001984,0.001945,0.001945,0.001907,0.001984,0.002022,0.001945,0.001945,0.001945,0.001945,0.001984,0.001984,0.002022,0.001945,0.001984,0.002060,0.002060,0.002022,0.002060,0.002098,0.002098,0.002098,0.002136,0.002098,0.002136,0.002174,0.002136,0.002136,0.002174,0.002213,0.002251,0.002251,0.002213,0.002213,0.002289,0.002213,0.002213,0.002251,0.002251,0.002327,0.002289,0.002365,0.002365,0.002327,0.002365,0.002365,0.002365,0.002403,0.002403,0.002365,0.002441,0.002441,0.002403,0.002441,0.002480,0.002403,0.002365,0.002365,0.002289,0.002251,0.002213,0.002289,0.002174,0.002136,0.002174,0.002060,0.002060,0.002060,0.002022,0.001945,0.001984,0.001945,0.001869,0.001831,0.001831,0.001831,0.001793,0.001755,0.001755,0.001755,0.001793,0.001755,0.001793,0.001755,0.001793,0.001831,0.001869,0.001831,0.001869,0.001869,0.001869,0.001869,0.001945,0.001945,0.001907,0.001907,0.001984,0.001945,0.001984,0.001945,0.002022,0.002022,0.002022,0.002060,0.002060,0.002136,0.002060,0.002098,0.002060,0.002136,0.002136,0.002174,0.002213,0.002213,0.002174,0.002213,0.002251,0.002251,0.002289,0.002251,0.002251,0.002289,0.002327,0.002289,0.002289,0.002327,0.002327,0.002327,0.002289,0.002365,0.002327,0.002289,0.002403,0.002327,0.002289,0.002327,0.002289,0.002327,0.002365,0.002327,0.002289,0.002327,0.002365,0.002327,0.002327,0.002327,0.002327,0.002327,0.002289,0.002327,0.002327,0.002289,0.002251,0.002289,0.002327,0.002251,0.002213,0.002251,0.002213,0.002213,0.002213,0.002251,0.002251,0.002174,0.002213,0.002174,0.002136,0.002136,0.002136,0.002136,0.002098,0.002098,0.002136,0.002174,0.002136,0.002136,0.002136,0.002136,0.002022,0.002098,0.002136,0.002098,0.002098,0.002022,0.002022,0.002060,0.001984,0.002022,0.002022,0.001984,0.001984,0.001984,0.001945,0.001945,0.001945,0.001907,0.001945,0.001907,0.001907,0.001907,0.001945,0.001945,0.001945,0.001984,0.001945,0.001945,0.001984,0.001984,0.001984,0.001984,0.001984,0.002022,0.001984,0.001984,0.002060,0.002060,0.002022,0.001984,0.002022,0.002060,0.002060,0.002098,0.002060,0.002060,0.002060,0.002060,0.002136,0.002136,0.002098,0.002098,0.002060,0.002136,0.002136,0.002174,0.002136,0.002213,0.002213,0.002174,0.002251,0.002251,0.002289,0.002251,0.002251,0.002213,0.002289,0.002251,0.002251,0.002251,0.002327,0.002327,0.002289,0.002251,0.002289,0.002251,0.002213,0.002289,0.002289,0.002251,0.002251,0.002213,0.002213,0.002251,0.002174,0.002136,0.002251,0.002213,0.002174,0.002213,0.002213,0.002174,0.002136,0.002174,0.002213,0.002098,0.002136,0.002098,0.002098,0.002136,0.002136,0.002098,0.002174,0.002136,0.002098,0.002098,0.002136,0.002136,0.002060,0.002174,0.002098,0.002136,0.002136,0.002098,0.002060,0.002060,0.002098,0.002022,0.002060,0.002022,0.001984,0.002022,0.001984,0.001984,0.001984,0.002022,0.001984,0.001984,0.001984,0.001945,0.001945,0.001945,0.001945,0.001907,0.001945,0.001907,0.001869,0.001869,0.001831,0.001831,0.001831,0.001831,0.001869,0.001831,0.001793,0.001793,0.001831,0.001831,0.001831,0.001869,0.001869,0.001831,0.001907,0.001907,0.001907,0.001907,0.001907,0.001907,0.001945,0.001984,0.001907,0.001945,0.001984,0.001984,0.001984,0.002060,0.002022,0.002060,0.002022,0.002060,0.002098,0.002098,0.002098,0.002098,0.002098,0.002098,0.002213,0.002174,0.002174,0.002251,0.002251,0.002289,0.002327,0.002251,0.002289,0.002327,0.002327,0.002327,0.002289,0.002289,0.002289,0.002327,0.002289,0.002327,0.002289,0.002251,0.002289,0.002213,0.002251,0.002251,0.002213,0.002213,0.002213,0.002213,0.002213,0.002174,0.002174,0.002174,0.002174,0.002136,0.002136,0.002098,0.002136,0.002136,0.002136,0.002136,0.002174,0.002136,0.002136,0.002098,0.002136,0.002136,0.002136,0.002136,0.002098,0.002136,0.002136,0.002136,0.002098,0.002098,0.002136,0.002098,0.002136,0.002174,0.002174,0.002174,0.002136,0.002174,0.002174,0.002136,0.002174,0.002174,0.002213,0.002174,0.002213,0.002213,0.002213,0.002174,0.002174,0.002174,0.002174,0.002251,0.002213,0.002213,0.002213,0.002174,0.002174,0.002174,0.002174,0.002136,0.002136,0.002136,0.002136,0.002174,0.002174,0.002174,0.002251,0.002213,0.002174,0.002174,0.002174,0.002174,0.002174,0.002136,0.002213,0.002174,0.002174,0.002174,0.002136,0.002174,0.002174,0.002174,0.002174,0.002174,0.002136,0.002136,0.002174,0.002174,0.002136,0.002251,0.002213,0.002174,0.002174,0.002213,0.002289,0.002251,0.002213,0.002213,0.002213,0.002174,0.002251,0.002213,0.002213,0.002213,0.002174,0.002136,0.002098,0.002098,0.002060,0.002022,0.002060,0.002060,0.002022,0.002022,0.001984,0.001984,0.001984,0.001945,0.001907,0.001907,0.001907,0.001869,0.001869,0.001907,0.001907,0.001907,0.001831,0.001793,0.001793,0.001831,0.001869,0.001831,0.001831,0.001831,0.001831,0.001831,0.001869,0.001831,0.001869,0.001831,0.001831,0.001869,0.001907,0.001907,0.001945,0.001907,0.002022,0.001984,0.002022,0.002098,0.002136,0.002098,0.002098,0.002136,0.002174,0.002174,0.002213,0.002289,0.002289,0.002251,0.002251,0.002213,0.002213,0.002213,0.002174,0.002251,0.002213,0.002213,0.002213,0.002174,0.002136,0.002136,0.002174,0.002098,0.002060,0.002060,0.002060,0.002098,0.002098,0.002060,0.002060,0.002098,0.002136,0.002136,0.002174,0.002136,0.002136,0.002136,0.002136,0.002174,0.002174,0.002213,0.002213,0.002251,0.002213,0.002213,0.002174,0.002174,0.002136,0.002174,0.002174,0.002213,0.002213,0.002213,0.002136,0.002098,0.002136,0.002098,0.002060,0.002022,0.001945,0.001945,0.001945,0.001907,0.001831,0.001831,0.001793,0.001717,0.001717,0.001717,0.001755,0.001755,0.001755,0.001717,0.001678,0.001755,0.001755,0.001755,0.001793,0.001831,0.001869,0.001907,0.001869,0.001984,0.001945,0.001945,0.001984,0.002022,0.002022,0.001984,0.001984,0.001984,0.002060,0.002022,0.002022,0.001945,0.001945,0.001984,0.002022,0.002022,0.002022,0.002022,0.002022,0.002022,0.002022,0.002060,0.002022,0.002022,0.002060,0.002098,0.002098,0.001984,0.002060,0.002060,0.002098,0.002098,0.002174,0.002251,0.002213,0.002174,0.002213,0.002289,0.002289,0.002251,0.002213,0.002289,0.002327,0.002251,0.002213,0.002251,0.002289,0.002251,0.002251,0.002213,0.002213,0.002251,0.002251,0.002213,0.002213,0.002174,0.002174,0.002136,0.002213,0.002174,0.002136,0.002174,0.002174,0.002136,0.002174,0.002136,0.002136,0.002136,0.002174,0.002098,0.002098,0.002136,0.002136,0.002136,0.002136,0.002136,0.002136,0.002136,0.002136,0.002098,0.002098,0.002098,0.002136,0.002136,0.002060,0.001984,0.002098,0.002060,0.002060,0.002022,0.002022,0.002022,0.002060,0.002022,0.001984,0.001984,0.001984,0.002060,0.001984,0.001984,0.002022,0.002060,0.001984,0.001984,0.002022,0.002060,0.002022,0.002022,0.002060,0.002022,0.002022,0.002060,0.002098,0.002022,0.002098,0.002060,0.002098,0.002098,0.002098,0.002098,0.002136,0.002136,0.002098,0.002098,0.002136,0.002098,0.002174,0.002098,0.002136,0.002098,0.002136,0.002136,0.002136,0.002174,0.002174,0.002136,0.002136,0.002136,0.002136,0.002174,0.002136,0.002136,0.002174,0.002174,0.002174,0.002136,0.002136,0.002136,0.002098,0.002136,0.002136,0.002098,0.002060,0.002060,0.001984,0.001984,0.002022,0.002022,0.001984,0.002022,0.001984,0.001945,0.001984,0.001945,0.001945,0.001945,0.001945,0.001945,0.001945,0.001945,0.002022,0.001984,0.001984,0.002022,0.002022,0.001945,0.001984,0.001945,0.002022,0.001984,0.001984,0.001945,0.001984,0.001945,0.001984,0.001984,0.001984,0.001984,0.001945,0.002022,0.002060,0.001984,0.001984,0.002022,0.002022,0.002022,0.002060,0.002098,0.002098,0.002136,0.002060,0.002136,0.002136,0.002136,0.002098,0.002136,0.002136,0.002136,0.002136,0.002174,0.002136,0.002098,0.002136,0.002060,0.002060,0.002060,0.002060,0.002098,0.002022,0.002060,0.002098,0.002060,0.002060,0.001984,0.002022,0.001984,0.002022,0.002022,0.002022,0.002022,0.002022,0.002022,0.002060,0.002022,0.002022,0.001984,0.002098,0.002098,0.002136,0.002136,0.002136,0.002136,0.002136,0.002213,0.002174,0.002174,0.002174,0.002174,0.002174,0.002174,0.002251,0.002213,0.002251,0.002213,0.002213,0.002213,0.002251,0.002213,0.002251,0.002213,0.002174,0.002174,0.002174,0.002136,0.002213,0.002213,0.002174,0.002136,0.002174,0.002136,0.002174,0.002136,0.002174,0.002136,0.002060,0.002060,0.002060,0.002098,0.002022,0.002136,0.002060,0.002060,0.002060,0.002098,0.002060,0.002022,0.002060,0.002022,0.002022,0.002022,0.001984,0.002060,0.001984,0.001984,0.001984,0.001945,0.001945,0.001984,0.001984,0.001984,0.001984,0.001984,0.001984,0.001984,0.001984,0.001984,0.001984,0.001907,0.001984,0.001945,0.001907,0.001945,0.001945,0.001945,0.001907,0.001907,0.001907,0.001945,0.001984,0.001869,0.001907,0.002022,0.001984,0.001945,0.002022,0.002022,0.001984,0.001984,0.002022,0.001945,0.001984,0.001984,0.001984,0.002060,0.002060,0.002060,0.002022,0.002060,0.002060,0.001984,0.002060,0.002022,0.002060,0.002136,0.002136,0.002136,0.002136,0.002213,0.002174,0.002174,0.002174,0.002251,0.002251,0.002213,0.002174,0.002213,0.002251,0.002289,0.002251,0.002289,0.002251,0.002289,0.002327,0.002327,0.002327,0.002327,0.002251,0.002251,0.002251,0.002289,0.002251,0.002213,0.002251,0.002213,0.002213,0.002213,0.002213,0.002136,0.002136,0.002174,0.002098,0.002136,0.002213,0.002174,0.002136,0.002174,0.002136,0.002136,0.002136,0.002098,0.002136,0.002136,0.002098,0.002098,0.002174,0.002098,0.002136,0.002098,0.002098,0.002136,0.002098,0.002174,0.002213,0.002136,0.002136,0.002136,0.002136,0.002213,0.002136,0.002060,0.002136,0.002174,0.002174,0.002136,0.002174,0.002136,0.002098,0.002136,0.002136,0.002098,0.002060,0.002022,0.002060,0.002060,0.001984,0.001945,0.001945,0.001907,0.001869,0.001869,0.001907,0.001907,0.001945,0.001945,0.001907,0.001907,0.001984,0.001984,0.002022,0.002022,0.002060,0.002136,0.002136,0.002213,0.002213,0.002174,0.002289,0.002327,0.002327,0.002327,0.002365,0.002403,0.002403,0.002365,0.002365,0.002365,0.002365,0.002327,0.002289,0.002251,0.002174,0.002174,0.002136,0.002022,0.002060,0.002060,0.001984,0.001984,0.001945,0.001907,0.001907,0.001984,0.001907,0.001907,0.001907,0.001869,0.001869,0.001945,0.001984,0.002022,0.002022,0.002098,0.002060,0.002098,0.002174,0.002174,0.002213,0.002136,0.002174,0.002251,0.002213,0.002213,0.002174,0.002251,0.002251,0.002213,0.002213,0.002213,0.002136,0.002174,0.002136,0.002174,0.002136,0.002136,0.002098,0.002098,0.002136,0.002136,0.002136,0.002136,0.002174,0.002213,0.002174,0.002213,0.002174,0.002213,0.002213,0.002251,0.002174,0.002251,0.002289,0.002289,0.002251,0.002251,0.002174,0.002174,0.002213,0.002251,0.002213,0.002213,0.002174,0.002174,0.002213,0.002213,0.002213,0.002174,0.002136,0.002136,0.002136,0.002136,0.002174,0.002098,0.002174,0.002174,0.002174,0.002213,0.002136,0.002136,0.002136,0.002098,0.002098,0.002098,0.002060,0.002098,0.002098,0.002098,0.002098,0.002098,0.002098,0.002060,0.002060,0.002022,0.002060,0.002022,0.002060,0.002022,0.001945,0.001984,0.001984,0.001984,0.001945,0.002022,0.001984,0.001945,0.001984,0.002022,0.002060,0.002060,0.002022,0.002098,0.002022,0.002098,0.002136,0.002098,0.002098,0.002060,0.002136,0.002136,0.002136,0.002136,0.002136,0.002174,0.002213,0.002174,0.002098,0.002136,0.002136,0.002098,0.002136,0.002060,0.002136,0.002060,0.002060,0.002136,0.002022,0.002136,0.002098,0.002098,0.002060,0.002098,0.002098,0.002060,0.002022,0.002060,0.002098,0.002136,0.002098,0.002022,0.002098,0.002098,0.002098,0.002136,0.002136,0.002136,0.002098,0.002136,0.002098,0.002060,0.002098,0.002098,0.002136,0.002098,0.002098,0.002060,0.002098,0.002098,0.002098,0.002174,0.002174,0.002136,0.002098,0.002098,0.002136,0.002098,0.002136,0.002098,0.002098,0.002136,0.002213,0.002174,0.002213,0.002174,0.002136,0.002136,0.002174,0.002136,0.002174,0.002136,0.002136,0.002136,0.002136,0.002174,0.002174,0.002098,0.002060,0.002098,0.002098,0.002060,0.002060,0.002060,0.002022,0.002098,0.002136,0.002098,0.002098,0.002060,0.002060,0.002022,0.001984,0.002022,0.002022,0.001984,0.002022,0.002022,0.002022,0.001984,0.001984,0.001984,0.001984,0.002060,0.001984,0.001984,0.002022,0.002022,0.002060,0.002022,0.002060,0.002022,0.002022,0.002022,0.002098,0.002098,0.002022,0.002022,0.002060,0.002098,0.002022,0.002098,0.002060,0.002098,0.002136,0.002136,0.002136,0.002098,0.002098,0.002136,0.002098,0.002136,0.002136,0.002136,0.002174,0.002174,0.002136,0.002136,0.002174,0.002174,0.002174,0.002174,0.002174,0.002251,0.002213,0.002213,0.002251,0.002213,0.002251,0.002213,0.002174,0.002213,0.002251,0.002251,0.002136,0.002174,0.002213,0.002136,0.002136,0.002136,0.002060,0.002098,0.002098,0.002136,0.002022,0.002098,0.002060,0.002060,0.002060,0.002098,0.002060,0.001984,0.001984,0.002022,0.002022,0.002022,0.002022,0.001984,0.001984,0.001984,0.001984,0.001945,0.001945,0.001945,0.001984,0.001984,0.001945,0.001984,0.001869,0.001907,0.001907,0.001984,0.001945,0.001869,0.001907,0.001945,0.001907,0.001907,0.001907,0.001945,0.001984,0.001945,0.001945,0.001907,0.001945,0.001984,0.001984,0.001984,0.001984,0.002022,0.002060,0.002022,0.002022,0.002098,0.002098,0.002060,0.002098,0.002098,0.002098,0.002136,0.002136,0.002251,0.002174,0.002213,0.002213,0.002174,0.002174,0.002213,0.002251,0.002251,0.002213,0.002174,0.002174,0.002174,0.002174,0.002136,0.002174,0.002136,0.002136,0.002098,0.002136,0.002098,0.002098,0.002060,0.001984,0.002022,0.001984,0.001984,0.001907,0.001907,0.001945,0.001869,0.001831,0.001869,0.001831,0.001831,0.001793,0.001755,0.001755,0.001755,0.001793,0.001793,0.001831,0.001831,0.001831,0.001831,0.001869,0.001945,0.001984,0.001945,0.001945,0.002022,0.002022,0.002060,0.002098,0.002098,0.002174,0.002174,0.002136,0.002213,0.002174,0.002174,0.002251,0.002136,0.002213,0.002174,0.002213,0.002213,0.002213,0.002136,0.002136,0.002174,0.002174,0.002174,0.002251,0.002213,0.002174,0.002174,0.002174,0.002251,0.002213,0.002289,0.002251,0.002251,0.002289,0.002251,0.002251,0.002213,0.002174,0.002251,0.002289,0.002251,0.002213,0.002213,0.002251,0.002251,0.002289,0.002289,0.002251,0.002251,0.002251,0.002213,0.002136,0.002136,0.002174,0.002098,0.002098,0.002060,0.002060,0.002060,0.002060,0.002060,0.001984,0.002022,0.002022,0.002022,0.002022,0.002022,0.002022,0.002022,0.002060,0.002022,0.002060,0.002060,0.002022,0.002022,0.002022,0.002022,0.002022,0.001984,0.002022,0.002022,0.001945,0.001984,0.001984,0.002022,0.002022,0.002022,0.001945,0.001984,0.002022,0.002098,0.002136,0.002098,0.002136,0.002136,0.002136,0.002060,0.002098,0.002098,0.002060,0.001984,0.001869,0.001907,0.001869,0.001831,0.001831,0.001793,0.001793,0.001831,0.001755,0.001831,0.001793,0.001793,0.001793,0.001793,0.001907,0.001831,0.001907,0.001869,0.001907,0.001869,0.001984,0.001945,0.001869,0.001869,0.001907,0.001869,0.001869,0.001831,0.001869,0.001869,0.001831,0.001831,0.001831,0.001831,0.001869,0.001831,0.001831,0.001869,0.001869,0.001907,0.001907,0.001945,0.001984,0.001984,0.001945,0.001984,0.001945,0.001984,0.002022,0.001984,0.001984,0.002022,0.002060,0.002022,0.001945,0.001984,0.001984,0.001984,0.002022,0.002022,0.002060,0.002060,0.001984,0.002098,0.002098,0.002136,0.002213,0.002213,0.002174,0.002251,0.002213,0.002213,0.002365,0.002327,0.002327,0.002327,0.002289,0.002327,0.002327,0.002327,0.002289,0.002289,0.002327,0.002251,0.002251,0.002213,0.002213,0.002213,0.002098,0.002136,0.002060,0.002060,0.002060,0.001984,0.002022,0.001984,0.001984,0.001945,0.001945,0.001945,0.001945,0.002022,0.002022,0.001984,0.002022,0.002022,0.002098,0.002060,0.002098,0.002136,0.002174,0.002136,0.002098,0.002174,0.002174,0.002174,0.002213,0.002174,0.002213,0.002213,0.002136,0.002174,0.002174,0.002174,0.002098,0.002136,0.002174,0.002098,0.002136,0.002098,0.002136,0.002174,0.002136,0.002136,0.002098,0.002136,0.002098,0.002098,0.002136,0.002098,0.002060,0.002060,0.002136,0.002136,0.002098,0.002174,0.002136,0.002136,0.002136,0.002098,0.002136,0.002136,0.002174,0.002174,0.002174,0.002098,0.002060,0.002098,0.002060,0.002098,0.002098,0.002136,0.002060,0.002060,0.002098,0.002098,0.002098,0.002098,0.002060,0.002022,0.002022,0.002098,0.002136,0.002098,0.002098,0.002098,0.002098,0.002098,0.002174,0.002136,0.002136,0.002098,0.002060,0.002022,0.002136,0.002174,0.002174,0.002098,0.002060,0.002098,0.002098,0.002174,0.002098,0.002098,0.002136,0.002060,0.002060,0.002060,0.002098,0.002060,0.002098,0.002022,0.002060,0.002060,0.002060,0.002098,0.002136,0.002098,0.002136,0.002098,0.002136,0.002174,0.002136,0.002136,0.002174,0.002174,0.002174,0.002136,0.002098,0.002060,0.002098,0.002136,0.002136,0.002136,0.002098,0.002136,0.002098,0.002136,0.002098,0.002060,0.002098,0.002098,0.002136,0.002098,0.002098,0.002136,0.002136,0.002136,0.002060,0.002136,0.002098,0.002098,0.002098,0.002060,0.002098,0.002060,0.002098,0.002098,0.002060,0.002098,0.002060,0.002060,0.002022,0.002022,0.002060,0.002098,0.002060,0.002060,0.002060,0.002098,0.001984,0.002022,0.002022,0.002022,0.002060,0.001945,0.001945,0.001984,0.001907,0.001945,0.001945,0.001984,0.001907,0.001945,0.001945,0.001945,0.001984,0.001945,0.001945,0.001984,0.001945,0.001984,0.001945,0.001984,0.001945,0.001984,0.002022,0.002022,0.002098,0.002098,0.002098,0.002098,0.002136,0.002213,0.002136,0.002174,0.002136,0.002213,0.002174,0.002174,0.002213,0.002174,0.002213,0.002251,0.002251,0.002251,0.002251,0.002327,0.002251,0.002251,0.002289,0.002251,0.002251,0.002289,0.002251,0.002213,0.002213,0.002251,0.002174,0.002174,0.002174,0.002174,0.002136,0.002098,0.002136,0.002136,0.002098,0.002060,0.002060,0.002098,0.002098,0.002098,0.002022,0.002060,0.002136,0.002060,0.002174,0.002136,0.002098,0.002174,0.002136,0.002136,0.002174,0.002213,0.002174,0.002174,0.002213,0.002174,0.002213,0.002213,0.002174,0.002213,0.002174,0.002174,0.002174,0.002251,0.002251,0.002289,0.002327,0.002213,0.002213,0.002289,0.002251,0.002213,0.002174,0.002213,0.002213,0.002136,0.002136,0.002098,0.002174,0.002060,0.002060,0.002060,0.002060,0.002060,0.001984,0.001984,0.001945,0.001945,0.001984,0.001907,0.001907,0.001869,0.001869,0.001907,0.001793,0.001831,0.001831,0.001831,0.001869,0.001831,0.001869,0.001831,0.001907,0.001869,0.001869,0.001869,0.001869,0.001945,0.001945,0.002022,0.002060,0.002060,0.002098,0.002098,0.002174,0.002174,0.002213,0.002174,0.002213,0.002251,0.002213,0.002327,0.002289,0.002289,0.002327,0.002289,0.002289,0.002289,0.002251,0.002251,0.002251,0.002251,0.002289,0.002174,0.002251,0.002213,0.002251,0.002174,0.002136,0.002136,0.002136,0.002098,0.002098,0.002098,0.002136,0.002098,0.002098,0.002060,0.002098,0.002136,0.002136,0.002136,0.002136,0.002174,0.002174,0.002174,0.002174,0.002174,0.002213,0.002174,0.002213,0.002213,0.002213,0.002213,0.002213,0.002251,0.002213,0.002213,0.002289,0.002213,0.002289,0.002213,0.002251,0.002213,0.002251,0.002213,0.002174,0.002251,0.002213,0.002174,0.002174,0.002213,0.002251,0.002174,0.002136,0.002136,0.002098,0.002136,0.002174,0.002174,0.002098,0.002174,0.002136,0.002174,0.002174,0.002174,0.002213,0.002136,0.002136,0.002136,0.002213,0.002213,0.002251,0.002213,0.002213,0.002136,0.002174,0.002136,0.002174,0.002136,0.002098,0.002098,0.002098,0.002136,0.002098,0.002022,0.002022,0.002060,0.002060,0.002022,0.002022,0.002022,0.001984,0.001945,0.001984,0.002022,0.001984,0.001984,0.002022,0.001984,0.001907,0.001907,0.002022,0.002022,0.002022,0.001984,0.001907,0.001984,0.001984,0.001984,0.001984,0.001945,0.002022,0.001945,0.001984,0.002022,0.001984,0.002060,0.002060,0.002022,0.001984,0.001984,0.002022,0.002060,0.002098,0.002060,0.002022,0.002098,0.002022,0.002060,0.002022,0.001945,0.001984,0.001945,0.001984,0.001945,0.001945,0.001945,0.001945,0.001984,0.001945,0.001945,0.001907,0.001945,0.001984,0.001945,0.002022,0.001984,0.001984,0.002022,0.001984,0.002060,0.002022,0.002022,0.001984,0.002022,0.002060,0.002060,0.002022,0.002060,0.002098,0.002136,0.002060,0.002098,0.002098,0.002136,0.002098,0.002060,0.002136,0.002098,0.002098,0.002060,0.002098,0.002098,0.002060,0.002060,0.002098,0.001984,0.002098,0.002060,0.002060,0.002022,0.002060,0.002022,0.001984,0.002022,0.001984,0.002022,0.002022,0.001984,0.002022,0.002022,0.001945,0.001945,0.002022,0.001945,0.001907,0.001984,0.001907,0.001945,0.001984,0.001984,0.001984,0.001945,0.001984,0.001945,0.001945,0.001984,0.001984,0.001984,0.001945,0.002022,0.002022,0.001945,0.002022,0.001984,0.002022,0.002022,0.001984,0.002022,0.002060,0.002060,0.002098,0.002060,0.002060,0.002098,0.002098,0.002098,0.002098,0.002098,0.002098,0.002098,0.002098,0.002098,0.002098,0.002136,0.002098,0.002136,0.002060,0.002060,0.002060,0.002060,0.002022,0.002136,0.002022,0.002022,0.002022,0.002060,0.002022,0.002060,0.002060,0.002022,0.002060,0.002022,0.002060,0.002098,0.002060,0.002098,0.002060,0.002060,0.002098,0.002098,0.002060,0.002022,0.002098,0.002060,0.002098,0.002098,0.002098,0.002098,0.002098,0.002098,0.002136,0.002136,0.002098,0.002098,0.002136,0.002174,0.002213,0.002174,0.002174,0.002213,0.002174,0.002213,0.002213,0.002213,0.002251,0.002213,0.002251,0.002251,0.002251,0.002251,0.002174,0.002213,0.002213,0.002213,0.002251,0.002289,0.002289,0.002213,0.002251,0.002174,0.002213,0.002213,0.002174,0.002174,0.002098,0.002136,0.002174,0.002098,0.002136,0.002060,0.002060,0.002060,0.002022,0.002060,0.001984,0.001984,0.002022,0.002022,0.001984,0.001984,0.002022,0.001984,0.001945,0.001984,0.001984,0.001945,0.001869,0.001984,0.001945,0.001945,0.001945,0.001945,0.001984,0.001907,0.001945,0.001984,0.001945,0.001945,0.001945,0.001907,0.001945,0.001984,0.001945,0.001945,0.002022,0.001945,0.001945,0.001984,0.001945,0.001984,0.001984,0.001984,0.001945,0.002022,0.002060,0.001984,0.001984,0.001984,0.002022,0.001984,0.001984,0.002060,0.002022,0.002022,0.002022,0.002022,0.002060,0.002022,0.002022,0.001984,0.002022,0.002022,0.002022,0.002022,0.002060,0.001984,0.002060,0.002060,0.002022,0.002060,0.002098,0.002022,0.002098,0.002098,0.002060,0.002136,0.002060,0.002098,0.002098,0.002060,0.002174,0.002136,0.002174,0.002174,0.002213,0.002098,0.002174,0.002174,0.002174,0.002136,0.002213,0.002174,0.002174,0.002174,0.002136,0.002136,0.002098,0.002098,0.002060,0.002060,0.002060,0.002136,0.002022,0.001984,0.001984,0.001945,0.001869,0.001907,0.001869,0.001869,0.001831,0.001831,0.001831,0.001755,0.001755,0.001793,0.001831,0.001793,0.001793,0.001793,0.001755,0.001869,0.001793,0.001831,0.001869,0.001831,0.001831,0.001907,0.001945,0.001869,0.001907,0.001945,0.001984,0.001945,0.001945,0.001945,0.001945,0.001945,0.001869,0.001907,0.001907,0.001907,0.001869,0.001869,0.001869,0.001869,0.001831,0.001831,0.001831,0.001869,0.001831,0.001831,0.001869,0.001793,0.001793,0.001793,0.001831,0.001907,0.001907,0.001869,0.001907,0.001831,0.001907,0.001907,0.001907,0.001945,0.001984,0.002022,0.002022,0.002060,0.002060,0.002060,0.002098,0.002136,0.002136,0.002174,0.002174,0.002213,0.002213,0.002251,0.002289,0.002289,0.002289,0.002365,0.002289,0.002327,0.002327,0.002327,0.002365,0.002289,0.002365,0.002403,0.002403,0.002480,0.002403,0.002480,0.002480,0.002480,0.002480,0.002480,0.002480,0.002518,0.002556,0.002518,0.002480,0.002518,0.002518,0.002441,0.002480,0.002518,0.002518,0.002441,0.002518,0.002480,0.002441,0.002441,0.002441,0.002441,0.002403,0.002403,0.002403,0.002403,0.002365,0.002289,0.002289,0.002289,0.002289,0.002289,0.002213,0.002213,0.002174,0.002136,0.002136,0.002136,0.002136,0.002060,0.002098,0.002136,0.002098,0.002098,0.002060,0.002098,0.002098,0.002098,0.002060,0.002136,0.002136,0.002174,0.002136,0.002060,0.002060,0.002022,0.002098,0.002098,0.002060,0.002098,0.002098,0.002022,0.002022,0.002060,0.002060,0.001984,0.001984,0.002022,0.001984,0.002022,0.001984,0.001984,0.001945,0.001945,0.001907,0.001907,0.001907,0.001869,0.001831,0.001831,0.001831,0.001907,0.001869,0.001831,0.001831,0.001869,0.001869,0.001869,0.001869,0.001831,0.001869,0.001907,0.001831,0.001907,0.001869,0.001907,0.001907,0.001907,0.001869,0.001869,0.001907,0.001907,0.001945,0.001945,0.001984,0.002022,0.002022,0.001984,0.001984,0.002060,0.002022,0.002098,0.002098,0.002022,0.002022,0.002060,0.002022,0.002060,0.002022,0.002022,0.001945,0.001984,0.002022,0.001984,0.002060,0.001984,0.001984,0.002022,0.002022,0.002060,0.001984,0.002022,0.001984,0.002022,0.002098,0.002060,0.002136,0.002098,0.002060,0.002098,0.002098,0.002136,0.002098,0.002136,0.002098,0.002060,0.002098,0.002136,0.002098,0.002136,0.002098,0.002098,0.002060,0.002174,0.002136,0.002174,0.002098,0.002136,0.002136,0.002098,0.002098,0.002098,0.002174,0.002098,0.002098,0.002136,0.002136,0.002174,0.002098,0.002136,0.002098,0.002060,0.002136,0.002136,0.002136,0.002098,0.002136,0.002174,0.002174,0.002213,0.002213,0.002174,0.002213,0.002251,0.002213,0.002174,0.002213,0.002213,0.002213,0.002213,0.002213,0.002213,0.002174,0.002213,0.002174,0.002174,0.002213,0.002136,0.002136,0.002136,0.002136,0.002174,0.002136,0.002136,0.002136,0.002174,0.002136,0.002136,0.002174,0.002136,0.002098,0.002098,0.002136,0.002174,0.002136,0.002098,0.002098,0.002174,0.002136,0.002136,0.002174,0.002136,0.002213,0.002213,0.002174,0.002136,0.002136,0.002174,0.002136,0.002174,0.002174,0.002136,0.002136,0.002098,0.002174,0.002136,0.002174,0.002098,0.002098,0.002174,0.002174,0.002136,0.002136,0.002136,0.002174,0.002136,0.002136,0.002174,0.002136,0.002136,0.002174,0.002136,0.002174,0.002098,0.002098,0.002098,0.002098,0.002136,0.002136,0.002098,0.002098,0.002136,0.002098,0.002136,0.002136,0.002098,0.002098,0.002098,0.002098,0.002060,0.002060,0.002060,0.002098,0.002098,0.002060,0.002098,0.002098,0.002060,0.002098,0.002098,0.002022,0.002022,0.002098,0.002022,0.001984,0.002060,0.002022,0.002022,0.002060,0.002022,0.001984,0.002022,0.001984,0.001984,0.002022,0.002022,0.001984,0.002022,0.002022,0.002098,0.002022,0.002098,0.002060,0.002136,0.002098,0.002098,0.002098,0.002098,0.002136,0.002136,0.002174,0.002174,0.002174,0.002174,0.002213,0.002213,0.002213,0.002174,0.002213,0.002174,0.002213,0.002174,0.002213,0.002213,0.002213,0.002213,0.002174,0.002136,0.002213,0.002213,0.002213,0.002213,0.002174,0.002213,0.002136,0.002213,0.002213,0.002289,0.002213,0.002136,0.002174,0.002098,0.002174,0.002136,0.002136,0.002098,0.002098,0.002136,0.002136,0.002136,0.002060,0.002060,0.002022,0.002060,0.002060,0.001984,0.002022,0.002022,0.001984,0.001984,0.001945,0.001945,0.001907,0.001869,0.001869,0.001831,0.001945,0.001907,0.001945,0.001869,0.001869,0.001907,0.001869,0.001793,0.001869,0.001869,0.001907,0.001945,0.001945,0.001907,0.001945,0.001945,0.001945,0.001984,0.001984,0.002022,0.001984,0.002060,0.002060,0.002060,0.002098,0.002098,0.002136,0.002136,0.002136,0.002136,0.002060,0.002136,0.002174,0.002174,0.002136,0.002136,0.002174,0.002174,0.002174,0.002098,0.002098,0.002136,0.002098,0.002136,0.002060,0.002136,0.002060,0.002098,0.002098,0.002060,0.002060,0.002098,0.002098,0.002060,0.002060,0.002060,0.002060,0.002136,0.002098,0.002060,0.002098,0.002060,0.002098,0.002060,0.002098,0.002060,0.002060,0.002060,0.002022,0.002098,0.002098,0.002022,0.002060,0.002060,0.002060,0.002060,0.002060,0.002022,0.002022,0.002060,0.002022,0.001984,0.001984,0.001945,0.002060,0.001984,0.001984,0.001984,0.001984,0.001945,0.001945,0.001945,0.001945,0.001984,0.001984,0.002022,0.002022,0.001984,0.002022,0.002022,0.002022,0.001984,0.001984,0.002060,0.002060,0.002136,0.002060,0.002098,0.002060,0.002098,0.002136,0.002136,0.002098,0.002136,0.002098,0.002174,0.002213,0.002174,0.002136,0.002174,0.002098,0.002098,0.002136,0.002136,0.002098,0.002174,0.002136,0.002136,0.002136,0.002136,0.002136,0.002136,0.002136,0.002098,0.002098,0.002098,0.002136,0.002136,0.002136,0.002213,0.002213,0.002174,0.002213,0.002174,0.002174,0.002174,0.002213,0.002174,0.002174,0.002136,0.002136,0.002136,0.002098,0.002098,0.002098,0.002136,0.002174,0.002098,0.002098,0.002098,0.002098,0.002060,0.002098,0.002098,0.002136,0.002098,0.001984,0.002060,0.002098,0.002098,0.002022,0.002022,0.002060,0.001984,0.002022,0.002022,0.002022,0.002022,0.002060,0.002022,0.002022,0.002022,0.001984,0.001984,0.002022,0.001984,0.001984,0.001984,0.001984,0.001984,0.001945,0.002060,0.001984,0.001984,0.002022,0.001984,0.002022,0.001945,0.002022,0.001984,0.002022,0.002022,0.002022,0.002022,0.001984,0.002022,0.002098,0.002022,0.001984,0.002022,0.002022,0.002022,0.002136,0.002098,0.002060,0.002060,0.002060,0.002098,0.002060,0.002098,0.002060,0.002060,0.002136,0.002136,0.002060,0.002060,0.002060,0.002098,0.002060,0.002098,0.002060,0.002022,0.002098,0.002098,0.002060,0.002060,0.002098,0.002098,0.002098,0.002060,0.002060,0.002098,0.002060,0.002022,0.002098,0.002060,0.002098,0.002060,0.002098,0.002136,0.002060,0.002060,0.002098,0.002136,0.002060,0.002060,0.002098,0.002098,0.002022,0.001984,0.001984,0.001984,0.001984,0.002022,0.001945,0.001984,0.001907,0.001945,0.001907,0.001907,0.001907,0.001869,0.001869,0.001831,0.001831,0.001869,0.001831,0.001869,0.001831,0.001869,0.001793,0.001831,0.001831,0.001831,0.001869,0.001907,0.001869,0.001869,0.001869,0.001945,0.001945,0.001984,0.001907,0.001984,0.002022,0.001907,0.002022,0.002060,0.002022,0.002022,0.002060,0.002060,0.002060,0.002136,0.002098,0.002136,0.002098,0.002136,0.002136,0.002060,0.002136,0.002098,0.002098,0.002098,0.002136,0.002098,0.002060,0.002060,0.002098,0.002098,0.002098,0.002136,0.002136,0.002060,0.002060,0.002136,0.002060,0.002098,0.002022,0.002060,0.002060,0.002098,0.002060,0.002060,0.002060,0.002022,0.002098,0.002060,0.002060,0.002098,0.002098,0.002060,0.002060,0.002136,0.002136,0.002098,0.002174,0.002136,0.002136,0.002136,0.002098,0.002098,0.002136,0.002213,0.002136,0.002174,0.002174,0.002098,0.002174,0.002136,0.002213,0.002098,0.002098,0.002213,0.002136,0.002174,0.002098,0.002136,0.002060,0.002060,0.002136,0.002098,0.002136,0.002060,0.002098,0.002060,0.002022,0.002136,0.002060,0.002098,0.002022,0.002060,0.002060,0.002060,0.002098,0.002022,0.002022,0.001984,0.002022,0.002022,0.002022,0.002022,0.001984,0.002022,0.002022,0.002022,0.002022,0.001984,0.001984,0.001945,0.001984,0.001945,0.001984,0.001984,0.001984,0.002022,0.001984,0.002022,0.001984,0.001945,0.002022,0.001984,0.001945,0.002022,0.001984,0.002022,0.001984,0.002098,0.001984,0.002022,0.002022,0.001984,0.002060,0.001984,0.001984,0.001984,0.002022,0.002060,0.001984,0.002022,0.001984,0.002098,0.002060,0.001984,0.002022,0.002022,0.002060,0.002022,0.002022,0.002098,0.002022,0.002022,0.002060,0.002060,0.002060,0.002022,0.002060,0.001984,0.002060,0.002022,0.002060,0.002060,0.002022,0.002060,0.001984,0.002098,0.002060,0.002022,0.002060,0.002022,0.002060,0.002060,0.002060,0.002098,0.002098,0.002060,0.002060,0.002098,0.002060,0.002060,0.002022,0.002098,0.002098,0.002060,0.002136,0.002098,0.002098,0.002060,0.002136,0.002213,0.002174,0.002213,0.002174,0.002213,0.002251,0.002213,0.002213,0.002213,0.002213,0.002251,0.002251,0.002289,0.002174,0.002327,0.002251,0.002327,0.002327,0.002289,0.002251,0.002251,0.002251,0.002289,0.002251,0.002289,0.002174,0.002213,0.002174,0.002174,0.002136,0.002213,0.002174,0.002098,0.002251,0.002098,0.002136,0.002174,0.002136,0.002136,0.002098,0.002098,0.002098,0.002098,0.002098,0.001984,0.002060,0.001984,0.001984,0.002022,0.001984,0.002060,0.001984,0.002060,0.002022,0.002022,0.002022,0.002022,0.002022,0.002060,0.002060,0.002060,0.002098,0.002060,0.002022,0.002060,0.002022,0.002060,0.002098,0.002022,0.002098,0.002060,0.002098,0.002136,0.002136,0.002098,0.002060,0.002098,0.002098,0.002136,0.002136,0.002174,0.002174,0.002136,0.002213,0.002213,0.002174,0.002174,0.002213,0.002213,0.002136,0.002174,0.002213,0.002174,0.002251,0.002251,0.002213,0.002174,0.002213,0.002251,0.002289,0.002251,0.002251,0.002174,0.002213,0.002251,0.002213,0.002213,0.002136,0.002098,0.002174,0.002136,0.002098,0.002174,0.002136,0.002060,0.002060,0.002060,0.002060,0.002022,0.002060,0.001984,0.002022,0.001984,0.001984,0.001984,0.001984,0.001984,0.001984,0.002060,0.001984,0.002022,0.001984,0.001984,0.002022,0.001984,0.001984,0.002022,0.002022,0.002022,0.001984,0.001945,0.001984,0.001984,0.002022,0.002022,0.001984,0.001984,0.001984,0.002022,0.002136,0.002098,0.002098,0.002060,0.002098,0.002136,0.002174,0.002098,0.002136,0.002136,0.002174,0.002213,0.002251,0.002174,0.002174,0.002174,0.002136,0.002174,0.002174,0.002174,0.002136,0.002060,0.002098,0.002060,0.002098,0.002060,0.002022,0.002022,0.001984,0.001984,0.001984,0.001984,0.001945,0.001984,0.002022,0.001907,0.001907,0.001945,0.001907,0.001907,0.001907,0.001907,0.001869,0.001945,0.001945,0.001945,0.001984,0.002022,0.002022,0.001945,0.002022,0.002060,0.002060,0.002098,0.002060,0.002136,0.002098,0.002136,0.002213,0.002174,0.002251,0.002174,0.002174,0.002213,0.002251,0.002251,0.002213,0.002213,0.002251,0.002327,0.002251,0.002289,0.002251,0.002289,0.002327,0.002251,0.002251,0.002213,0.002251,0.002251,0.002213,0.002289,0.002213,0.002251,0.002213,0.002251,0.002213,0.002174,0.002251,0.002174,0.002213,0.002213,0.002289,0.002289,0.002213,0.002251,0.002213,0.002213,0.002213,0.002251,0.002251,0.002251,0.002251,0.002251,0.002251,0.002289,0.002213,0.002213,0.002213,0.002213,0.002213,0.002251,0.002251,0.002174,0.002251,0.002251,0.002251,0.002213,0.002174,0.002174,0.002174,0.002251,0.002251,0.002213,0.002251,0.002213,0.002251,0.002174,0.002251,0.002251,0.002213,0.002251,0.002213,0.002251,0.002213,0.002213,0.002174,0.002174,0.002174,0.002213,0.002213,0.002174,0.002251,0.002251,0.002174,0.002213,0.002213,0.002174,0.002174,0.002174,0.002174,0.002174,0.002174,0.002174,0.002136,0.002136,0.002136,0.002098,0.002060,0.002136,0.002060,0.002060,0.002060,0.002060,0.002098,0.002022,0.001984,0.001984,0.002022,0.001984,0.001945,0.002022,0.001945,0.001945,0.001945,0.001907,0.001907,0.001907,0.001945,0.001869,0.001869,0.001907,0.001945,0.001869,0.001793,0.001869,0.001793,0.001831,0.001869,0.001831,0.001869,0.001755,0.001907,0.001869,0.001907,0.001907,0.001907,0.001907,0.001869,0.001945,0.001984,0.001984,0.001984,0.002022,0.002022,0.001984,0.002022,0.002022,0.002022,0.002022,0.002060,0.002136,0.002060,0.002022,0.002022,0.002060,0.002098,0.002136,0.002060,0.002098,0.002098,0.002136,0.002136,0.002098,0.002060,0.002098,0.002136,0.002136,0.002213,0.002136,0.002213,0.002136,0.002174,0.002213,0.002213,0.002213,0.002251,0.002289,0.002213,0.002251,0.002251,0.002289,0.002251,0.002213,0.002174,0.002174,0.002213,0.002251,0.002136,0.002213,0.002174,0.002174,0.002136,0.002174,0.002136,0.002098,0.002098,0.002060,0.002022,0.002060,0.002022,0.001984,0.001984,0.002022,0.001984,0.001984,0.001945,0.001907,0.001984,0.001945,0.001984,0.001984,0.001984,0.001907,0.001984,0.001907,0.001869,0.001984,0.001945,0.001907,0.001945,0.001907,0.002022,0.001907,0.001984,0.001945,0.001945,0.001907,0.001945,0.001907,0.001907,0.001945,0.001907,0.001831,0.001869,0.001945,0.001945,0.001907,0.001945,0.001984,0.001945,0.001945,0.001945,0.001984,0.001984,0.001984,0.002060,0.002022,0.001984,0.001945,0.002022,0.002022,0.002022,0.002098,0.002060,0.002060,0.002136,0.002136,0.002060,0.002098,0.002060,0.002060,0.002098,0.002022,0.002060,0.002098,0.002098,0.002098,0.002060,0.002060,0.002136,0.002136,0.002098,0.002098,0.002098,0.002098,0.002098,0.002098,0.002098,0.002136,0.002136,0.002060,0.002098,0.002098,0.002098,0.002098,0.002060,0.002136,0.002136,0.002098,0.002136,0.002098,0.002098,0.002136,0.002060,0.002136,0.002060,0.002098,0.002098,0.002060,0.002060,0.002098,0.002060,0.002060,0.002022,0.002060,0.002022,0.002022,0.001945,0.002022,0.002022,0.002022,0.001984,0.001984,0.001984,0.001945,0.001945,0.001984,0.001945,0.001984,0.001945,0.001945,0.001945,0.001907,0.001907,0.001984,0.001945,0.002022,0.001984,0.001984,0.001945,0.001945,0.001945,0.001984,0.001984,0.001984,0.002022,0.001945,0.001984,0.001984,0.001984,0.001984,0.001984,0.002060,0.002022,0.002060
8,19:00:00.000,12/31/1903,0.000000,0.100000,UNKNOWN,1,0/0,0.000000,0.000000,0.000000,0.000000,0.000000,0.000000,0.000000,0.000000,0,0,0,0,0.002174,0.002174,0.002136,0.002213,0.002213,0.002174,0.002174,0.002136,0.002136,0.002136,0.002174,0.002213,0.002136,0.002136,0.002098,0.002174,0.002251,0.002136,0.002136,0.002098,0.002136,0.002060,0.002060,0.002136,0.002136,0.002136,0.002136,0.002098,0.002098,0.002136,0.002136,0.002098,0.002136,0.002098,0.002098,0.002136,0.002098,0.002098,0.002098,0.002060,0.002098,0.002022,0.002098,0.002060,0.002022,0.002060,0.002022,0.002060,0.002060,0.002098,0.002022,0.002022,0.002060,0.002060,0.002022,0.002060,0.002022,0.002060,0.001984,0.002022,0.002060,0.002022,0.002022,0.002022,0.002022,0.002022,0.002022,0.001984,0.001984,0.002022,0.001984,0.001984,0.002022,0.001984,0.002022,0.001984,0.001984,0.002022,0.001945,0.001984,0.001984,0.001984,0.001984,0.002022,0.002022,0.001945,0.001984,0.001945,0.001945,0.001984,0.001945,0.001945,0.001945,0.001984,0.001984,0.001984,0.001945,0.001945,0.002022,0.001984,0.001984,0.002022,0.001984,0.002022,0.001945,0.001945,0.001984,0.001945,0.002022,0.001984,0.002022,0.002022,0.002060,0.002098,0.002022,0.002022,0.001984,0.001984,0.002060,0.001984,0.002060,0.001984,0.001984,0.002022,0.002022,0.002060,0.002022,0.002022,0.002060,0.002022,0.002022,0.002022,0.002098,0.002060,0.002022,0.002022,0.002022,0.002060,0.002060,0.002060,0.002060,0.002022,0.002060,0.002060,0.002060,0.002098,0.002060,0.002060,0.002060,0.002098,0.002060,0.002060,0.002060,0.002060,0.002060,0.002022,0.001984,0.002022,0.002060,0.002098,0.002060,0.002022,0.002098,0.002060,0.002098,0.002060,0.002022,0.002060,0.002098,0.002098,0.002060,0.002098,0.002098,0.002022,0.002136,0.002098,0.002060,0.002060,0.002060,0.002060,0.002098,0.002174,0.002098,0.002060,0.002098,0.002098,0.002060,0.002060,0.002098,0.002136,0.002098,0.002098,0.002098,0.002098,0.002060,0.002098,0.002136,0.002060,0.002098,0.002060,0.002098,0.002060,0.002060,0.002136,0.002098,0.002022,0.002060,0.002098,0.002060,0.002098,0.002098,0.002098,0.002136,0.002136,0.002060,0.002136,0.002098,0.002060,0.002174,0.002136,0.002060,0.002060,0.002060,0.002098,0.002060,0.002098,0.002136,0.002136,0.002174,0.002136,0.002136,0.002098,0.002136,0.002136,0.002098,0.002174,0.002136,0.002098,0.002136,0.002136,0.002136,0.002136,0.002136,0.002136,0.002060,0.002098,0.002098,0.002136,0.002136,0.002136,0.002098,0.002098,0.002136,0.002098,0.002098,0.002098,0.002098,0.002136,0.002098,0.002136,0.002174,0.002098,0.002098,0.002098,0.002098,0.002098,0.002060,0.002060,0.002098,0.002136,0.002098,0.002060,0.002098,0.002098,0.002060,0.002098,0.002060,0.002136,0.002060,0.002060,0.002060,0.002060,0.002060,0.002022,0.002060,0.002060,0.002060,0.002022,0.001984,0.002022,0.002022,0.002098,0.002060,0.002060,0.002060,0.002022,0.002060,0.002060,0.001984,0.001984,0.001984,0.002022,0.002060,0.002060,0.001984,0.001984,0.002022,0.002022,0.002022,0.001984,0.002022,0.002022,0.001984,0.002060,0.002022,0.002022,0.002022,0.001984,0.002022,0.002022,0.002098,0.002022,0.001984,0.001984,0.002022,0.002022,0.001984,0.001984,0.002022,0.002022,0.001984,0.001984,0.001945,0.001984,0.001945,0.001984,0.001984,0.002060,0.002060,0.002022,0.002098,0.001945,0.001984,0.001984,0.001984,0.002060,0.001984,0.002022,0.002136,0.002060,0.002060,0.002060,0.002022,0.002022,0.001984,0.002060,0.001984,0.002060,0.002022,0.002060,0.002060,0.002022,0.002022,0.001984,0.002022,0.002022,0.002022,0.002022,0.002060,0.002022,0.002060,0.002060,0.002022,0.002022,0.002022,0.002022,0.001984,0.002022,0.002022,0.002022,0.002060,0.002022,0.002060,0.002060,0.002098,0.002060,0.002060,0.002022,0.002060,0.002060,0.002060,0.002060,0.002136,0.002136,0.002098,0.002098,0.002174,0.002136,0.002060,0.002098,0.002098,0.002136,0.002098,0.002098,0.002098,0.002098,0.002060,0.002098,0.002136,0.002098,0.002098,0.002098,0.002022,0.002060,0.002098,0.002098,0.002174,0.002136,0.002098,0.002136,0.002136,0.002174,0.002136,0.002136,0.002098,0.002174,0.002174,0.002136,0.002174,0.002174,0.002136,0.002098,0.002136,0.002174,0.002136,0.002136,0.002136,0.002136,0.002136,0.002136,0.002098,0.002098,0.002136,0.002136,0.002098,0.002098,0.002060,0.002136,0.002060,0.002098,0.002136,0.002098,0.002098,0.002098,0.002060,0.002060,0.002060,0.002060,0.002060,0.002060,0.002022,0.002022,0.002060,0.002060,0.002022,0.002022,0.001984,0.001984,0.002022,0.001984,0.001984,0.001984,0.002022,0.002022,0.001984,0.002022,0.001984,0.001984,0.001984,0.002022,0.002022,0.001984,0.002022,0.001984,0.001984,0.001984,0.002022,0.002022,0.001984,0.001945,0.001984,0.001984,0.001945,0.001984,0.001984,0.001945,0.001907,0.001984,0.002022,0.002098,0.001984,0.001945,0.002022,0.001945,0.002022,0.002022,0.001945,0.001907,0.001984,0.002022,0.001984,0.002022,0.002022,0.001984,0.002022,0.001945,0.001945,0.002022,0.001984,0.001984,0.001984,0.002022,0.002022,0.002022,0.002022,0.001984,0.002022,0.002022,0.002022,0.001984,0.001984,0.001984,0.002022,0.002022,0.002060,0.002060,0.002060,0.002022,0.002060,0.002022,0.002022,0.002060,0.002098,0.002022,0.002060,0.002060,0.002060,0.002060,0.002098,0.002136,0.002136,0.002098,0.002098,0.002098,0.002022,0.002098,0.002098,0.002098,0.002098,0.002060,0.002098,0.002136,0.002136,0.002136,0.002098,0.002098,0.002098,0.002098,0.002136,0.002136,0.002136,0.002098,0.002098,0.002136,0.002136,0.002136,0.002174,0.002136,0.002098,0.002136,0.002174,0.002098,0.002060,0.002098,0.002098,0.002098,0.002136,0.002136,0.002136,0.002098,0.002098,0.002060,0.002098,0.002060,0.002098,0.002060,0.002098,0.002136,0.002022,0.002098,0.002060,0.002022,0.002098,0.002022,0.001984,0.002022,0.002022,0.002022,0.001945,0.002022,0.001984,0.001984,0.002060,0.002022,0.002098,0.002060,0.002022,0.002022,0.001984,0.002022,0.001984,0.001984,0.002060,0.002022,0.002060,0.002060,0.002022,0.002060,0.002022,0.002022,0.001984,0.002060,0.001984,0.001984,0.002060,0.002060,0.002022,0.002060,0.001984,0.002022,0.002022,0.002022,0.002060,0.002022,0.002098,0.002022,0.002022,0.001984,0.002022,0.002060,0.002022,0.002022,0.001984,0.002022,0.002022,0.002022,0.002022,0.002022,0.002022,0.002060,0.002022,0.002022,0.002060,0.002098,0.002022,0.001984,0.002022,0.002022,0.002060,0.002022,0.002060,0.002098,0.002098,0.002022,0.001984,0.002098,0.002060,0.002022,0.002060,0.001984,0.002022,0.002060,0.002022,0.002022,0.001984,0.001984,0.002022,0.001984,0.001984,0.001945,0.002022,0.001945,0.001984,0.001945,0.001907,0.001945,0.001907,0.001907,0.001945,0.001869,0.001869,0.001869,0.001869,0.001793,0.001831,0.001831,0.001717,0.001793,0.001678,0.001678,0.001678,0.001602,0.001602,0.001564,0.001564,0.001526,0.001488,0.001488,0.001411,0.001450,0.001488,0.001411,0.001488,0.001450,0.001488,0.001526,0.001564,0.001717,0.001755,0.001907,0.002060,0.002213,0.002365,0.002518,0.002823,0.003052,0.003357,0.003700,0.003929,0.004272,0.004578,0.004959,0.005302,0.005646,0.006065,0.006371,0.006752,0.007019,0.007210,0.007401,0.007515,0.007515,0.007439,0.007286,0.007057,0.006676,0.006256,0.005798,0.005302,0.004845,0.004196,0.003662,0.003090,0.002518,0.001945,0.001335,0.000687,0.000076,-0.000496,-0.001144,-0.001717,-0.002365,-0.002975,-0.003510,-0.004005,-0.004539,-0.004921,-0.005188,-0.005302,-0.005379,-0.005379,-0.005226,-0.005074,-0.004692,-0.004349,-0.003853,-0.003319,-0.002899,-0.002365,-0.001945,-0.001373,-0.000839,-0.000420,0.000000,0.000420,0.000763,0.001106,0.001411,0.001602,0.001793,0.002022,0.002098,0.002213,0.002289,0.002327,0.002518,0.002556,0.002670,0.002785,0.002785,0.002899,0.002899,0.002975,0.003014,0.003014,0.003128,0.003204,0.003281,0.003357,0.003433,0.003548,0.003548,0.003624,0.003777,0.003891,0.004120,0.004196,0.004311,0.004425,0.004539,0.004578,0.004654,0.004692,0.004768,0.004768,0.004692,0.004654,0.004654,0.004539,0.004501,0.004463,0.004387,0.004272,0.004158,0.004082,0.003891,0.003738,0.003662,0.003548,0.003433,0.003319,0.003090,0.003090,0.002937,0.002823,0.002670,0.002556,0.002518,0.002441,0.002365,0.002213,0.002213,0.002098,0.002022,0.002060,0.001984,0.001984,0.001869,0.001869,0.001793,0.001755,0.001755,0.001755,0.001678,0.001717,0.001755,0.001755,0.001831,0.001793,0.001907,0.001945,0.002022,0.002022,0.002060,0.002060,0.001984,0.001984,0.001984,0.001984,0.001945,0.001984,0.001945,0.001907,0.001869,0.001793,0.001755,0.001831,0.001793,0.001755,0.001755,0.001755,0.001793,0.001717,0.001678,0.001717,0.001717,0.001640,0.001526,0.001488,0.001488,0.001450,0.001488,0.001411,0.001450,0.001450,0.001488,0.001488,0.001564,0.001640,0.001640,0.001678,0.001755,0.001793,0.001831,0.001831,0.001907,0.001869,0.001945,0.001869,0.001793,0.001869,0.001869,0.001831,0.001793,0.001755,0.001869,0.001831,0.001907,0.001907,0.001945,0.001945,0.001907,0.001945,0.001945,0.001984,0.001984,0.001945,0.001984,0.001869,0.001945,0.001869,0.001831,0.001869,0.001869,0.001831,0.001755,0.001831,0.001907,0.001831,0.001869,0.001907,0.001907,0.002060,0.002098,0.002174,0.002251,0.002327,0.002403,0.002403,0.002480,0.002594,0.002594,0.002670,0.002556,0.002594,0.002594,0.002556,0.002441,0.002403,0.002365,0.002289,0.002174,0.002098,0.001984,0.001984,0.001945,0.001945,0.001869,0.001869,0.001907,0.001831,0.001831,0.001831,0.001907,0.001869,0.001869,0.001907,0.001945,0.001907,0.001869,0.001831,0.001755,0.001717,0.001755,0.001678,0.001602,0.001526,0.001450,0.001526,0.001488,0.001450,0.001488,0.001373,0.001450,0.001411,0.001450,0.001450,0.001373,0.001335,0.001297,0.001297,0.001373,0.001373,0.001411,0.001411,0.001488,0.001564,0.001526,0.001640,0.001640,0.001755,0.001831,0.001869,0.002022,0.002022,0.002098,0.002213,0.002174,0.002289,0.002403,0.002518,0.002594,0.002556,0.002632,0.002708,0.002785,0.002785,0.002747,0.002785,0.002747,0.002747,0.002708,0.002708,0.002708,0.002670,0.002632,0.002632,0.002594,0.002670,0.002632,0.002670,0.002632,0.002670,0.002594,0.002556,0.002518,0.002518,0.002594,0.002518,0.002480,0.002480,0.002441,0.002403,0.002327,0.002327,0.002289,0.002251,0.002251,0.002213,0.002174,0.002174,0.002136,0.002174,0.002136,0.002136,0.002098,0.002098,0.002136,0.002098,0.002098,0.002098,0.002098,0.002098,0.002098,0.002098,0.002060,0.002060,0.002060,0.002060,0.002098,0.002060,0.002098,0.002098,0.002060,0.002098,0.002136,0.002136,0.002213,0.002213,0.002289,0.002251,0.002365,0.002403,0.002403,0.002518,0.002518,0.002556,0.002594,0.002556,0.002632,0.002632,0.002632,0.002518,0.002556,0.002480,0.002441,0.002403,0.002327,0.002251,0.002174,0.002098,0.002098,0.001984,0.001907,0.001907,0.001831,0.001793,0.001793,0.001717,0.001678,0.001640,0.001678,0.001678,0.001755,0.001717,0.001717,0.001793,0.001831,0.001907,0.001984,0.002022,0.002098,0.002098,0.002098,0.002098,0.002136,0.002136,0.002174,0.002136,0.002136,0.002098,0.002098,0.002060,0.002060,0.001984,0.002022,0.001984,0.001907,0.001869,0.001831,0.001907,0.001869,0.001831,0.001831,0.001755,0.001717,0.001678,0.001717,0.001640,0.001564,0.001602,0.001526,0.001526,0.001564,0.001488,0.001564,0.001564,0.001526,0.001602,0.001602,0.001640,0.001678,0.001755,0.001755,0.001755,0.001831,0.001831,0.001907,0.001945,0.001907,0.001945,0.001945,0.002022,0.001984,0.002022,0.002060,0.002022,0.002098,0.002136,0.002136,0.002136,0.002136,0.002213,0.002136,0.002213,0.002174,0.002213,0.002213,0.002136,0.002213,0.002213,0.002174,0.002251,0.002213,0.002251,0.002136,0.002136,0.002174,0.002136,0.002174,0.002174,0.002136,0.002174,0.002060,0.002098,0.002098,0.002136,0.002098,0.002060,0.002098,0.002060,0.002174,0.002136,0.002136,0.002174,0.002174,0.002213,0.002251,0.002174,0.002213,0.002174,0.002213,0.002213,0.002136,0.002136,0.002098,0.002136,0.002060,0.002060,0.002060,0.001984,0.002022,0.001831,0.001869,0.001907,0.001831,0.001831,0.001831,0.001793,0.001793,0.001717,0.001755,0.001678,0.001755,0.001678,0.001640,0.001678,0.001640,0.001678,0.001678,0.001640,0.001678,0.001640,0.001717,0.001678,0.001678,0.001755,0.001755,0.001793,0.001793,0.001869,0.001907,0.001945,0.002022,0.002022,0.002098,0.002136,0.002136,0.002213,0.002213,0.002251,0.002327,0.002327,0.002327,0.002365,0.002365,0.002403,0.002441,0.002480,0.002403,0.002480,0.002441,0.002403,0.002403,0.002403,0.002518,0.002441,0.002518,0.002480,0.002480,0.002518,0.002480,0.002480,0.002480,0.002480,0.002480,0.002441,0.002403,0.002365,0.002365,0.002403,0.002327,0.002365,0.002251,0.002289,0.002213,0.002136,0.002136,0.002136,0.002098,0.002098,0.001984,0.001945,0.001984,0.001984,0.001945,0.001984,0.001984,0.001984,0.001984,0.001984,0.001984,0.002022,0.002060,0.002136,0.002098,0.002136,0.002174,0.002174,0.002251,0.002251,0.002213,0.002213,0.002251,0.002251,0.002251,0.002327,0.002327,0.002251,0.002327,0.002289,0.002213,0.002213,0.002174,0.002213,0.002098,0.002136,0.002060,0.002022,0.001984,0.001945,0.001907,0.001984,0.001869,0.001869,0.001831,0.001869,0.001831,0.001831,0.001793,0.001755,0.001793,0.001793,0.001755,0.001755,0.001717,0.001717,0.001678,0.001717,0.001717,0.001717,0.001755,0.001678,0.001755,0.001755,0.001717,0.001717,0.001717,0.001755,0.001755,0.001755,0.001717,0.001717,0.001717,0.001678,0.001717,0.001717,0.001678,0.001755,0.001755,0.001793,0.001793,0.001793,0.001869,0.001831,0.001907,0.001984,0.001945,0.001984,0.002022,0.002060,0.002098,0.002098,0.002174,0.002174,0.002174,0.002213,0.002289,0.002251,0.002213,0.002289,0.002289,0.002327,0.002365,0.002289,0.002251,0.002213,0.002251,0.002251,0.002213,0.002136,0.002174,0.002174,0.002136,0.002098,0.002098,0.002060,0.002098,0.002098,0.002060,0.002098,0.002060,0.002022,0.002022,0.002022,0.002060,0.002022,0.002098,0.001984,0.002060,0.002098,0.002022,0.002022,0.001984,0.002060,0.002098,0.002098,0.002098,0.002022,0.002098,0.002060,0.002022,0.002098,0.002060,0.002060,0.002060,0.002098,0.002098,0.002098,0.002098,0.002136,0.002174,0.002098,0.002060,0.002136,0.002136,0.002098,0.002174,0.002174,0.002136,0.002136,0.002213,0.002136,0.002136,0.002136,0.002098,0.002098,0.002060,0.002060,0.002098,0.002060,0.002060,0.001984,0.001984,0.001984,0.001984,0.002022,0.002022,0.001945,0.001945,0.002022,0.002022,0.002022,0.002022,0.001984,0.002022,0.002022,0.001984,0.002022,0.002022,0.001984,0.002022,0.001984,0.002098,0.002098,0.002060,0.002060,0.002098,0.002136,0.002136,0.002174,0.002174,0.002213,0.002174,0.002174,0.002213,0.002213,0.002174,0.002174,0.002136,0.002098,0.002136,0.002098,0.002022,0.002022,0.002022,0.001984,0.001984,0.001945,0.001869,0.001945,0.001869,0.001945,0.001907,0.001869,0.001831,0.001831,0.001831,0.001831,0.001869,0.001907,0.001869,0.001831,0.001869,0.001945,0.001945,0.001984,0.001984,0.001945,0.001945,0.001984,0.001984,0.002060,0.002060,0.002060,0.002022,0.002022,0.002136,0.002022,0.002060,0.002060,0.002022,0.002060,0.002060,0.002098,0.002022,0.002022,0.002060,0.002022,0.002060,0.001984,0.002022,0.002022,0.001984,0.001984,0.002022,0.001945,0.001907,0.001907,0.001945,0.001907,0.001907,0.001869,0.001831,0.001869,0.001907,0.001869,0.001869,0.001907,0.001945,0.001945,0.001984,0.001984,0.001945,0.001984,0.001984,0.002022,0.002022,0.002060,0.002098,0.002098,0.002174,0.002174,0.002136,0.002174,0.002136,0.002174,0.002174,0.002136,0.002213,0.002213,0.002213,0.002251,0.002289,0.002327,0.002251,0.002251,0.002327,0.002289,0.002327,0.002251,0.002289,0.002289,0.002289,0.002251,0.002213,0.002213,0.002174,0.002251,0.002213,0.002136,0.002213,0.002136,0.002213,0.002136,0.002136,0.002136,0.002060,0.002060,0.002098,0.002060,0.002060,0.002022,0.002022,0.001984,0.001984,0.002022,0.001984,0.002022,0.001984,0.002022,0.001984,0.001984,0.001945,0.001984,0.002060,0.002060,0.002136,0.002136,0.002174,0.002251,0.002251,0.002327,0.002327,0.002327,0.002480,0.002480,0.002480,0.002556,0.002594,0.002594,0.002632,0.002632,0.002632,0.002632,0.002708,0.002708,0.002670,0.002670,0.002670,0.002632,0.002594,0.002594,0.002480,0.002441,0.002480,0.002365,0.002365,0.002327,0.002289,0.002251,0.002251,0.002213,0.002174,0.002174,0.002136,0.002060,0.002022,0.001907,0.001869,0.001793,0.001640,0.001602,0.001488,0.001450,0.001373,0.001221,0.001183,0.001030,0.001030,0.000992,0.000877,0.000877,0.000839,0.000916,0.000839,0.000954,0.000954,0.000992,0.001106,0.001144,0.001259,0.001335,0.001450,0.001564,0.001678,0.001755,0.001831,0.001831,0.002022,0.002098,0.002136,0.002098,0.002213,0.002251,0.002213,0.002289,0.002365,0.002327,0.002327,0.002327,0.002365,0.002365,0.002327,0.002289,0.002213,0.002251,0.002251,0.002174,0.002136,0.002098,0.002213,0.002136,0.002174,0.002136,0.002174,0.002251,0.002213,0.002213,0.002251,0.002251,0.002327,0.002403,0.002403,0.002403,0.002365,0.002480,0.002441,0.002556,0.002594,0.002556,0.002518,0.002480,0.002518,0.002480,0.002441,0.002441,0.002327,0.002327,0.002327,0.002289,0.002174,0.002136,0.002098,0.002136,0.002136,0.002060,0.002060,0.002060,0.001907,0.001984,0.002022,0.001945,0.001907,0.001831,0.001945,0.001945,0.001945,0.001945,0.001907,0.001869,0.001907,0.001945,0.001945,0.001907,0.001907,0.001945,0.001984,0.001945,0.001984,0.001945,0.001907,0.001984,0.001945,0.001945,0.001984,0.001907,0.001945,0.001984,0.001907,0.001945,0.001984,0.001984,0.001945,0.001907,0.001907,0.001907,0.001945,0.001945,0.001945,0.001945,0.001945,0.001984,0.002022,0.002022,0.002022,0.001984,0.002022,0.002022,0.002022,0.001984,0.002022,0.002060,0.002060,0.002174,0.002136,0.002136,0.002136,0.002174,0.002213,0.002251,0.002251,0.002213,0.002213,0.002327,0.002365,0.002365,0.002327,0.002289,0.002327,0.002327,0.002327,0.002327,0.002365,0.002365,0.002365,0.002327,0.002289,0.002289,0.002251,0.002213,0.002251,0.002251,0.002213,0.002213,0.002213,0.002213,0.002174,0.002174,0.002174,0.002136,0.002098,0.002136,0.002098,0.002098,0.002060,0.002060,0.002022,0.002098,0.002060,0.002098,0.002060,0.002098,0.002098,0.002136,0.002136,0.002136,0.002136,0.002136,0.002251,0.002174,0.002174,0.002213,0.002213,0.002174,0.002213,0.002289,0.002251,0.002327,0.002327,0.002251,0.002289,0.002327,0.002365,0.002327,0.002327,0.002403,0.002403,0.002365,0.002327,0.002365,0.002327,0.002327,0.002289,0.002251,0.002251,0.002213,0.002098,0.002136,0.002098,0.002022,0.002022,0.001984,0.001984,0.001945,0.001945,0.001984,0.001945,0.001869,0.001907,0.001907,0.001869,0.001869,0.001793,0.001793,0.001793,0.001755,0.001755,0.001717,0.001755,0.001717,0.001717,0.001755,0.001793,0.001717,0.001793,0.001755,0.001755,0.001755,0.001793,0.001755,0.001793,0.001869,0.001869,0.001831,0.001869,0.001869,0.001907,0.001945,0.001945,0.001945,0.001984,0.002022,0.001984,0.001984,0.002060,0.002060,0.002060,0.002098,0.002060,0.002098,0.002098,0.002136,0.002136,0.002098,0.002136,0.002174,0.002174,0.002174,0.002174,0.002136,0.002136,0.002136,0.002098,0.002098,0.002213,0.002174,0.002060,0.002098,0.002136,0.002136,0.002136,0.002098,0.002022,0.002060,0.002098,0.002098,0.002060,0.002098,0.002098,0.002098,0.002174,0.002136,0.002060,0.002098,0.002098,0.002098,0.002136,0.002098,0.002136,0.002136,0.002098,0.002098,0.002174,0.002098,0.002060,0.002060,0.002060,0.002022,0.001984,0.001984,0.001984,0.001945,0.001945,0.001907,0.001869,0.001831,0.001831,0.001869,0.001831,0.001869,0.001831,0.001831,0.001869,0.001869,0.001869,0.001907,0.001869,0.001907,0.001869,0.001907,0.001907,0.001984,0.002022,0.002022,0.002022,0.002022,0.002098,0.002060,0.001984,0.002060,0.002060,0.002098,0.002060,0.002098,0.002060,0.002098,0.002098,0.002022,0.001984,0.002060,0.002022,0.002022,0.002060,0.002022,0.002022,0.002060,0.002060,0.002022,0.002022,0.002022,0.002022,0.002022,0.002060,0.002022,0.002060,0.002060,0.002098,0.002022,0.002098,0.002136,0.002174,0.002174,0.002213,0.002213,0.002213,0.002213,0.002174,0.002213,0.002289,0.002289,0.002213,0.002251,0.002289,0.002289,0.002251,0.002251,0.002289,0.002251,0.002251,0.002251,0.002251,0.002213,0.002213,0.002213,0.002174,0.002136,0.002098,0.002098,0.002098,0.002136,0.002060,0.002022,0.001984,0.002060,0.002098,0.002136,0.002098,0.002098,0.002022,0.002060,0.002060,0.002060,0.002060,0.002098,0.002098,0.002174,0.002098,0.002213,0.002174,0.002136,0.002174,0.002251,0.002213,0.002251,0.002251,0.002213,0.002251,0.002289,0.002251,0.002289,0.002251,0.002289,0.002251,0.002213,0.002289,0.002213,0.002213,0.002213,0.002251,0.002251,0.002213,0.002174,0.002174,0.002136,0.002136,0.002098,0.002060,0.002022,0.002022,0.002098,0.002022,0.001984,0.001984,0.001907,0.001945,0.001831,0.001831,0.001831,0.001793,0.001793,0.001755,0.001793,0.001793,0.001717,0.001678,0.001755,0.001717,0.001640,0.001678,0.001640,0.001640,0.001640,0.001640,0.001602,0.001678,0.001640,0.001640,0.001678,0.001640,0.001678,0.001678,0.001717,0.001755,0.001755,0.001717,0.001678,0.001717,0.001678,0.001755,0.001755,0.001717,0.001755,0.001755,0.001831,0.001831,0.001793,0.001793,0.001831,0.001869,0.001869,0.001869,0.001945,0.001984,0.001945,0.002022,0.002022,0.002060,0.002060,0.002136,0.002136,0.002136,0.002174,0.002213,0.002251,0.002213,0.002251,0.002289,0.002289,0.002327,0.002327,0.002289,0.002289,0.002365,0.002403,0.002365,0.002327,0.002327,0.002327,0.002365,0.002327,0.002289,0.002365,0.002327,0.002289,0.002251,0.002251,0.002251,0.002289,0.002213,0.002213,0.002213,0.002251,0.002174,0.002174,0.002174,0.002174,0.002060,0.002060,0.002060,0.002060,0.002098,0.002022,0.002022,0.001984,0.002022,0.002022,0.002060,0.001984,0.002022,0.002022,0.001984,0.001984,0.001984,0.001984,0.001984,0.002022,0.001984,0.002022,0.001984,0.001984,0.001945,0.001984,0.001945,0.001984,0.001945,0.001945,0.001907,0.001945,0.001907,0.001945,0.001869,0.001945,0.001907,0.001945,0.001945,0.001945,0.001907,0.001869,0.001907,0.001907,0.001945,0.001907,0.001945,0.001984,0.001984,0.001984,0.002022,0.002022,0.002060,0.002060,0.002022,0.002060,0.002098,0.002060,0.002060,0.002060,0.002098,0.002098,0.002098,0.002098,0.002098,0.002098,0.002136,0.002098,0.002060,0.002060,0.002060,0.002098,0.002022,0.002022,0.002060,0.002060,0.002060,0.002022,0.002060,0.002060,0.002060,0.002022,0.002136,0.002060,0.002098,0.002174,0.002136,0.002136,0.002136,0.002136,0.002136,0.002136,0.002136,0.002136,0.002174,0.002213,0.002213,0.002174,0.002174,0.002213,0.002136,0.002098,0.002098,0.002174,0.002136,0.002174,0.002174,0.002174,0.002098,0.002098,0.002098,0.002098,0.002174,0.002136,0.002136,0.002098,0.002098,0.002174,0.002136,0.002136,0.002174,0.002136,0.002098,0.002060,0.002174,0.002136,0.002174,0.002136,0.002136,0.002136,0.002098,0.002098,0.002022,0.002060,0.002060,0.002098,0.002060,0.002022,0.001984,0.001984,0.001984,0.001984,0.001945,0.001984,0.002022,0.001984,0.001984,0.001945,0.001907,0.001945,0.001907,0.001907,0.001907,0.001907,0.001907,0.001945,0.001907,0.001869,0.001907,0.001869,0.001831,0.001869,0.001869,0.001907,0.001984,0.001945,0.001945,0.001945,0.001945,0.001907,0.001907,0.001907,0.001945,0.001945,0.001907,0.001869,0.001945,0.001945,0.001984,0.001869,0.001945,0.002022,0.001984,0.002060,0.002022,0.002022,0.002098,0.002098,0.002098,0.002098,0.002060,0.002060,0.002098,0.002136,0.002136,0.002174,0.002098,0.002136,0.002136,0.002174,0.002136,0.002136,0.002174,0.002174,0.002174,0.002213,0.002174,0.002136,0.002136,0.002136,0.002174,0.002174,0.002136,0.002136,0.002098,0.002136,0.002136,0.002136,0.002136,0.002136,0.002136,0.002136,0.002174,0.002098,0.002098,0.002098,0.002060,0.002174,0.002136,0.002136,0.002136,0.002098,0.002098,0.002098,0.002136,0.002174,0.002174,0.002174,0.002136,0.002136,0.002136,0.002136,0.002136,0.002098,0.002136,0.002174,0.002136,0.002136,0.002213,0.002213,0.002174,0.002136,0.002174,0.002174,0.002136,0.002174,0.002174,0.002136,0.002174,0.002098,0.002098,0.002098,0.002098,0.002060,0.002098,0.002136,0.002136,0.002136,0.002136,0.002098,0.002098,0.002098,0.002060,0.002098,0.002060,0.002098,0.002098,0.002098,0.002098,0.002060,0.002098,0.002060,0.002098,0.002060,0.002060,0.002098,0.002098,0.002098,0.002060,0.002060,0.002098,0.002098,0.002098,0.002174,0.002098,0.002098,0.002136,0.002098,0.002174,0.002098,0.002136,0.002136,0.002174,0.002136,0.002098,0.002174,0.002174,0.002098,0.002098,0.002136,0.002136,0.002136,0.002136,0.002098,0.002098,0.002098,0.002098,0.002098,0.002098,0.002060,0.002098,0.002060,0.002022,0.002022,0.001984,0.002022,0.002022,0.001984,0.001945,0.001984,0.002060,0.001984,0.002060,0.002022,0.001984,0.001945,0.002022,0.002060,0.002060,0.001984,0.002022,0.002060,0.002060,0.002022,0.002098,0.002060,0.002098,0.002136,0.002098,0.002136,0.002174,0.002174,0.002251,0.002251,0.002251,0.002289,0.002327,0.002327,0.002251,0.002365,0.002327,0.002327,0.002403,0.002365,0.002403,0.002403,0.002327,0.002327,0.002365,0.002289,0.002251,0.002213,0.002251,0.002213,0.002136,0.002136,0.002060,0.002022,0.002022,0.002022,0.001907,0.001907,0.001907,0.001793,0.001755,0.001793,0.001793,0.001755,0.001793,0.001755,0.001793,0.001755,0.001793,0.001793,0.001793,0.001793,0.001907,0.001869,0.001869,0.001945,0.001945,0.001945,0.001945,0.002022,0.002060,0.002060,0.002098,0.002060,0.002060,0.002060,0.002060,0.002022,0.002022,0.002022,0.001945,0.001945,0.002022,0.001945,0.001907,0.001984,0.001984,0.001945,0.001984,0.001945,0.001984,0.001907,0.002022,0.002022,0.002060,0.001984,0.002060,0.002098,0.002136,0.002136,0.002060,0.002098,0.002098,0.002136,0.002174,0.002213,0.002213,0.002213,0.002174,0.002213,0.002213,0.002327,0.002289,0.002289,0.002289,0.002289,0.002289,0.002213,0.002251,0.002251,0.002213,0.002213,0.002213,0.002213,0.002251,0.002213,0.002213,0.002213,0.002174,0.002251,0.002251,0.002251,0.002213,0.002213,0.002213,0.002213,0.002213,0.002289,0.002289,0.002251,0.002251,0.002251,0.002289,0.002251,0.002213,0.002251,0.002174,0.002213,0.002213,0.002174,0.002098,0.002136,0.002060,0.002060,0.002022,0.002060,0.001984,0.001945,0.001907,0.001869,0.001869,0.001869,0.001869,0.001831,0.001793,0.001793,0.001793,0.001717,0.001793,0.001793,0.001717,0.001717,0.001755,0.001717,0.001717,0.001755,0.001717,0.001755,0.001793,0.001831,0.001831,0.001869,0.001907,0.001869,0.001869,0.001907,0.001945,0.001945,0.001984,0.001984,0.001984,0.001945,0.002022,0.002022,0.002022,0.002022,0.002022,0.002060,0.002022,0.002060,0.002060,0.002022,0.002060,0.002022,0.002060,0.002060,0.002136,0.002098,0.002060,0.002098,0.002098,0.002098,0.002022,0.002098,0.002098,0.002098,0.002098,0.002098,0.002098,0.002098,0.002022,0.002098,0.002098,0.002060,0.002060,0.002098,0.002098,0.002136,0.002174,0.002098,0.002136,0.002136,0.002098,0.002174,0.002136,0.002098,0.002174,0.002174,0.002136,0.002136,0.002136,0.002136,0.002174,0.002174,0.002136,0.002136,0.002174,0.002136,0.002174,0.002174,0.002174,0.002174,0.002213,0.002174,0.002136,0.002136,0.002213,0.002174,0.002136,0.002136,0.002174,0.002022,0.002060,0.002098,0.002022,0.002022,0.001984,0.001945,0.001984,0.001984,0.001984,0.001984,0.001984,0.001984,0.001984,0.001984,0.001984,0.002060,0.002022,0.001984,0.002060,0.002098,0.002060,0.002060,0.002060,0.002136,0.002136,0.002136,0.002060,0.002060,0.002098,0.002022,0.002022,0.002022,0.002022,0.001984,0.001945,0.001907,0.001945,0.001907,0.001869,0.001869,0.001831,0.001831,0.001869,0.001907,0.001793,0.001831,0.001869,0.001793,0.001831,0.001869,0.001869,0.001869,0.001907,0.001907,0.001945,0.002022,0.001984,0.002022,0.002060,0.002060,0.002022,0.002060,0.002136,0.002136,0.002136,0.002136,0.002136,0.002098,0.002136,0.002174,0.002098,0.002098,0.002136,0.002098,0.002098,0.002022,0.002022,0.002060,0.002060,0.001984,0.002022,0.001984,0.002022,0.001945,0.001984,0.001984,0.002022,0.001984,0.001945,0.001945,0.002022,0.001984,0.001984,0.001945,0.001984,0.001945,0.002022,0.002022,0.002022,0.002060,0.002022,0.002060,0.002022,0.002060,0.002136,0.002136,0.002098,0.002174,0.002213,0.002174,0.002174,0.002251,0.002213,0.002174,0.002251,0.002213,0.002174,0.002213,0.002251,0.002289,0.002289,0.002251,0.002213,0.002213,0.002213,0.002251,0.002251,0.002174,0.002174,0.002174,0.002136,0.002098,0.002060,0.002174,0.002098,0.002098,0.002098,0.002022,0.002060,0.001984,0.002060,0.002060,0.002060,0.002022,0.002022,0.002022,0.002022,0.001984,0.002022,0.002022,0.002022,0.002022,0.002022,0.002022,0.001945,0.001984,0.001984,0.001984,0.001907,0.001907,0.001945,0.001945,0.001907,0.001869,0.001869,0.001907,0.001793,0.001831,0.001831,0.001793,0.001831,0.001793,0.001831,0.001793,0.001755,0.001793,0.001793,0.001755,0.001717,0.001831,0.001831,0.001793,0.001755,0.001869,0.001869,0.001831,0.001869,0.001945,0.001831,0.001869,0.001831,0.001907,0.001907,0.001869,0.001945,0.001907,0.001907,0.001945,0.001984,0.001945,0.001945,0.001907,0.001907,0.001907,0.001907,0.001869,0.001945,0.001907,0.001907,0.001907,0.001869,0.001907,0.001907,0.001945,0.001984,0.001945,0.001984,0.001984,0.001984,0.001984,0.002022,0.002022,0.001984,0.001984,0.002060,0.002022,0.002060,0.002060,0.002098,0.002060,0.002060,0.002098,0.002098,0.002174,0.002136,0.002136,0.002174,0.002136,0.002136,0.002136,0.002174,0.002174,0.002174,0.002251,0.002251,0.002289,0.002327,0.002289,0.002289,0.002327,0.002327,0.002327,0.002289,0.002403,0.002403,0.002441,0.002365,0.002365,0.002365,0.002365,0.002365,0.002365,0.002327,0.002251,0.002327,0.002289,0.002251,0.002213,0.002213,0.002136,0.002174,0.002136,0.002098,0.002022,0.001984,0.001984,0.001945,0.001945,0.001907,0.001831,0.001793,0.001793,0.001755,0.001793,0.001717,0.001755,0.001755,0.001717,0.001717,0.001755,0.001755,0.001717,0.001755,0.001755,0.001793,0.001793,0.001793,0.001869,0.001869,0.001793,0.001869,0.001907,0.001907,0.001907,0.001945,0.001907,0.001907,0.001945,0.001945,0.001984,0.002060,0.002022,0.002060,0.002098,0.002136,0.002098,0.002098,0.002098,0.002136,0.002098,0.002174,0.002251,0.002213,0.002213,0.002289,0.002213,0.002213,0.002174,0.002213,0.002289,0.002289,0.002289,0.002289,0.002251,0.002289,0.002327,0.002327,0.002289,0.002327,0.002365,0.002251,0.002251,0.002251,0.002289,0.002251,0.002213,0.002213,0.002213,0.002251,0.002213,0.002213,0.002251,0.002289,0.002213,0.002251,0.002251,0.002251,0.002174,0.002213,0.002213,0.002174,0.002213,0.002213,0.002213,0.002136,0.002136,0.002174,0.002136,0.002136,0.002136,0.002098,0.002136,0.002136,0.002098,0.002098,0.002098,0.002136,0.002136,0.002136,0.002136,0.002098,0.002136,0.002174,0.002098,0.002098,0.002060,0.002060,0.002022,0.002022,0.002022,0.001984,0.001984,0.001984,0.001869,0.001869,0.001869,0.001869,0.001869,0.001869,0.001869,0.001907,0.001869,0.001869,0.001907,0.001869,0.001869,0.001831,0.001907,0.001869,0.001869,0.001869,0.001831,0.001869,0.001907,0.001869,0.001907,0.001907,0.001907,0.001945,0.001907,0.001945,0.001984,0.001945,0.001984,0.001945,0.001984,0.001945,0.002022,0.001984,0.001984,0.001984,0.001984,0.002022,0.001984,0.002022,0.002022,0.002098,0.002060,0.002022,0.002098,0.002098,0.002136,0.002136,0.002174,0.002174,0.002174,0.002174,0.002213,0.002174,0.002213,0.002174,0.002213,0.002174,0.002213,0.002213,0.002213,0.002251,0.002174,0.002251,0.002213,0.002213,0.002251,0.002174,0.002213,0.002251,0.002289,0.002174,0.002174,0.002213,0.002174,0.002136,0.002098,0.002136,0.002136,0.002136,0.002098,0.002136,0.002098,0.002060,0.002022,0.002022,0.002022,0.002022,0.002060,0.002022,0.002060,0.002060,0.002022,0.002022,0.002060,0.002060,0.002060,0.002060,0.002060,0.002098,0.002060,0.002060,0.002060,0.002060,0.002022,0.002022,0.002022,0.001984,0.002022,0.001984,0.002060,0.001984,0.001945,0.002022,0.001984,0.001945,0.001907,0.001945,0.001907,0.001907,0.001869,0.001907,0.001793,0.001831,0.001831,0.001831,0.001831,0.001793,0.001831,0.001755,0.001755,0.001793,0.001793,0.001793,0.001869,0.001793,0.001793,0.001755,0.001831,0.001831,0.001831,0.001831,0.001869,0.001869,0.001831,0.001831,0.001907,0.001945,0.001945,0.001945,0.001984,0.002060,0.002022,0.001984,0.001945,0.001945,0.001984,0.002022,0.002060,0.002060,0.002060,0.002098,0.002098,0.002098,0.002098,0.002136,0.002174,0.002136,0.002136,0.002213,0.002174,0.002174,0.002136,0.002213,0.002251,0.002213,0.002289,0.002289,0.002289,0.002289,0.002251,0.002213,0.002213,0.002213,0.002251,0.002251,0.002251,0.002213,0.002174,0.002174,0.002213,0.002174,0.002174,0.002174,0.002136,0.002136,0.002174,0.002174,0.002174,0.002098,0.002136,0.002213,0.002136,0.002098,0.002136,0.002098,0.002136,0.002022,0.002098,0.002060,0.002060,0.002098,0.002136,0.002136,0.002098,0.002136,0.002136,0.002136,0.002136,0.002060,0.002136,0.002098,0.002098,0.002098,0.002098,0.002136,0.002136,0.002098,0.002098,0.002213,0.002174,0.002174,0.002136,0.002174,0.002213,0.002213,0.002136,0.002174,0.002136,0.002174,0.002174,0.002098,0.002213,0.002213,0.002174,0.002174,0.002136,0.002136,0.002136,0.002136,0.002174,0.002136,0.002136,0.002174,0.002136,0.002098,0.002136,0.002098,0.002098,0.002136,0.002098,0.002136,0.002136,0.002060,0.002098,0.002098,0.002098,0.002136,0.002098,0.002098,0.002174,0.002136,0.002098,0.002098,0.002098,0.002098,0.002136,0.002174,0.002136,0.002213,0.002213,0.002213,0.002136,0.002174,0.002136,0.002174,0.002136,0.002136,0.002174,0.002213,0.002174,0.002174,0.002136,0.002136,0.002098,0.002098,0.002098,0.002098,0.002098,0.002098,0.002022,0.002022,0.002060,0.002022,0.001907,0.001945,0.001945,0.001945,0.001945,0.001984,0.001907,0.001831,0.001831,0.001831,0.001869,0.001831,0.001869,0.001793,0.001793,0.001793,0.001755,0.001755,0.001755,0.001793,0.001831,0.001793,0.001755,0.001755,0.001831,0.001793,0.001831,0.001831,0.001907,0.001869,0.001869,0.001907,0.001907,0.001984,0.001984,0.002022,0.002022,0.002098,0.002060,0.002098,0.002136,0.002174,0.002213,0.002213,0.002174,0.002213,0.002213,0.002136,0.002213,0.002251,0.002251,0.002213,0.002136,0.002174,0.002136,0.002098,0.002098,0.002098,0.002098,0.002060,0.002060,0.002098,0.002098,0.002060,0.002098,0.002022,0.002060,0.002060,0.002098,0.002060,0.002022,0.002060,0.002098,0.002098,0.002174,0.002213,0.002174,0.002136,0.002174,0.002213,0.002174,0.002136,0.002213,0.002174,0.002174,0.002136,0.002174,0.002136,0.002174,0.002136,0.002174,0.002136,0.002060,0.002060,0.001984,0.002022,0.001945,0.001945,0.001831,0.001831,0.001869,0.001831,0.001793,0.001755,0.001717,0.001678,0.001678,0.001717,0.001717,0.001678,0.001678,0.001717,0.001717,0.001717,0.001831,0.001755,0.001831,0.001869,0.001831,0.001907,0.001869,0.001907,0.001945,0.001945,0.001945,0.001945,0.001945,0.002022,0.001984,0.001984,0.001945,0.001984,0.001984,0.001945,0.001984,0.002022,0.002022,0.002022,0.001984,0.001984,0.001984,0.001984,0.001984,0.001984,0.002022,0.001984,0.001984,0.002022,0.002022,0.002098,0.002022,0.002136,0.002098,0.002136,0.002174,0.002174,0.002213,0.002213,0.002174,0.002174,0.002174,0.002213,0.002213,0.002213,0.002213,0.002174,0.002213,0.002213,0.002213,0.002213,0.002251,0.002213,0.002213,0.002174,0.002136,0.002174,0.002136,0.002060,0.002098,0.002174,0.002174,0.002136,0.002136,0.002098,0.002136,0.002136,0.002098,0.002174,0.002060,0.002060,0.002098,0.002098,0.002060,0.002098,0.002136,0.002098,0.002098,0.002098,0.002060,0.002060,0.002060,0.002136,0.002098,0.002098,0.002098,0.002060,0.002060,0.002022,0.002022,0.001984,0.002022,0.001907,0.001984,0.001945,0.001984,0.001984,0.001984,0.001984,0.001945,0.001984,0.001945,0.001984,0.002022,0.001945,0.001945,0.001984,0.001984,0.001984,0.002060,0.002022,0.002022,0.002060,0.002060,0.002022,0.002098,0.002098,0.002022,0.002022,0.002060,0.002022,0.002060,0.002098,0.002060,0.002098,0.002060,0.002060,0.002060,0.002060,0.002174,0.002136,0.002098,0.002098,0.002136,0.002098,0.002136,0.002098,0.002136,0.002098,0.002098,0.002136,0.002136,0.002136,0.002136,0.002136,0.002060,0.002098,0.002098,0.002060,0.002060,0.002060,0.002060,0.002022,0.001984,0.001984,0.001984,0.001984,0.001945,0.001945,0.001945,0.001907,0.001907,0.001945,0.001907,0.001945,0.001945,0.001869,0.001984,0.001984,0.001945,0.001869,0.001907,0.001945,0.001945,0.001907,0.001907,0.001984,0.001984,0.001945,0.001984,0.001945,0.001984,0.002022,0.001907,0.001907,0.001984,0.001945,0.001907,0.001945,0.001945,0.001945,0.001984,0.001984,0.002022,0.002022,0.001945,0.001984,0.001984,0.002022,0.001984,0.001945,0.002060,0.002060,0.002060,0.002060,0.002098,0.002022,0.002060,0.002060,0.002136,0.002098,0.002060,0.002060,0.002060,0.002060,0.002060,0.002060,0.002022,0.002022,0.002022,0.002022,0.002022,0.002098,0.002022,0.001945,0.001945,0.001945,0.002022,0.002022,0.001984,0.001984,0.002022,0.001984,0.001984,0.001984,0.001984,0.002022,0.002022,0.002060,0.002060,0.002022,0.002060,0.002136,0.002098,0.002136,0.002174,0.002174,0.002136,0.002213,0.002213,0.002213,0.002213,0.002251,0.002251,0.002213,0.002174,0.002136,0.002213,0.002174,0.002174,0.002213,0.002174,0.002174,0.002136,0.002136,0.002098,0.002174,0.002136,0.002098,0.002098,0.002098,0.002098,0.002060,0.002136,0.002098,0.002098,0.002136,0.002098,0.002098,0.002022,0.002060,0.002060,0.002022,0.002060,0.002022,0.002022,0.001984,0.001945,0.002022,0.002022,0.002022,0.001984,0.001945,0.001984,0.001984,0.001984,0.001945,0.001945,0.001984,0.001984,0.001945,0.001984,0.001945,0.001945,0.001945,0.001945,0.001907,0.001907,0.001945,0.001907,0.001907,0.001984,0.001907,0.001907,0.001984,0.001945,0.001945,0.001945,0.001907,0.001869,0.001945,0.001945,0.001945,0.001945,0.001945,0.001907,0.001945,0.001984,0.001984,0.001984,0.001907,0.001945,0.001984,0.001945,0.001945,0.002022,0.001984,0.001945,0.002022,0.002098,0.002098,0.002060,0.002060,0.002098,0.002098,0.002136,0.002174,0.002136,0.002213,0.002098,0.002098,0.002136,0.002251,0.002213,0.002213,0.002251,0.002251,0.002251,0.002213,0.002213,0.002251,0.002289,0.002213,0.002213,0.002289,0.002213,0.002289,0.002289,0.002251,0.002213,0.002289,0.002289,0.002251,0.002251,0.002174,0.002213,0.002174,0.002174,0.002174,0.002174,0.002136,0.002136,0.002098,0.002174,0.002174,0.002098,0.002098,0.002136,0.002136,0.002136,0.002098,0.002136,0.002174,0.002136,0.002174,0.002136,0.002174,0.002136,0.002136,0.002136,0.002174,0.002136,0.002136,0.002098,0.002060,0.002136,0.002098,0.002098,0.002136,0.002098,0.002098,0.002098,0.002174,0.002060,0.002098,0.002136,0.002060,0.002136,0.002098,0.002098,0.002060,0.002098,0.002022,0.002022,0.001984,0.001945,0.001945,0.001945,0.001907,0.001945,0.001831,0.001831,0.001907,0.001869,0.001869,0.001869,0.001869,0.001869,0.001831,0.001945,0.002022,0.002022,0.002060,0.002136,0.002098,0.002098,0.002213,0.002251,0.002251,0.002327,0.002365,0.002327,0.002365,0.002365,0.002327,0.002327,0.002327,0.002289,0.002251,0.002289,0.002213,0.002136,0.002060,0.002060,0.002022,0.001984,0.001984,0.001869,0.001869,0.001907,0.001869,0.001869,0.001831,0.001869,0.001869,0.001869,0.001945,0.001907,0.001945,0.002022,0.001984,0.002022,0.002022,0.002022,0.002098,0.002136,0.002136,0.002136,0.002174,0.002136,0.002136,0.002098,0.002098,0.002174,0.002174,0.002174,0.002136,0.002136,0.002174,0.002136,0.002174,0.002136,0.002174,0.002136,0.002136,0.002174,0.002098,0.002174,0.002174,0.002098,0.002098,0.002136,0.002174,0.002174,0.002136,0.002174,0.002213,0.002174,0.002136,0.002213,0.002174,0.002213,0.002174,0.002174,0.002213,0.002213,0.002174,0.002174,0.002174,0.002213,0.002174,0.002174,0.002174,0.002098,0.002136,0.002098,0.002174,0.002136,0.002098,0.002098,0.002136,0.002098,0.002098,0.002098,0.002136,0.002060,0.002098,0.002136,0.002060,0.002098,0.002098,0.002098,0.002136,0.002098,0.002136,0.002098,0.002060,0.002060,0.002022,0.002136,0.002060,0.002060,0.002022,0.001945,0.001945,0.001984,0.001984,0.001984,0.001984,0.001945,0.001945,0.001984,0.001984,0.001984,0.001907,0.001945,0.001945,0.001945,0.002022,0.002022,0.002060,0.002060,0.002022,0.002098,0.002060,0.002060,0.002060,0.002098,0.002136,0.002060,0.002098,0.002098,0.002098,0.002136,0.002060,0.002136,0.002098,0.002136,0.002098,0.002098,0.002060,0.002022,0.002060,0.002060,0.002060,0.002060,0.002060,0.001984,0.002060,0.002022,0.002060,0.002022,0.002060,0.002022,0.002060,0.002022,0.002060,0.002022,0.002022,0.002060,0.002098,0.002060,0.002022,0.002060,0.002060,0.002060,0.002098,0.002098,0.002098,0.002098,0.002098,0.002022,0.002098,0.002098,0.002136,0.002098,0.002098,0.002060,0.002022,0.002060,0.002136,0.002098,0.002098,0.002098,0.002098,0.002136,0.002136,0.002136,0.002136,0.002098,0.002136,0.002060,0.002136,0.002136,0.002136,0.002098,0.002136,0.002060,0.002098,0.002098,0.002136,0.002060,0.002098,0.002098,0.002060,0.002060,0.002060,0.002098,0.002136,0.002098,0.002060,0.002098,0.001984,0.001984,0.002022,0.002022,0.002022,0.001984,0.001945,0.001945,0.002022,0.002022,0.001945,0.001984,0.001984,0.001984,0.001984,0.001984,0.001984,0.001907,0.001907,0.001945,0.001984,0.002022,0.002022,0.002022,0.001984,0.001984,0.002060,0.002022,0.002022,0.001984,0.002060,0.002022,0.002022,0.002022,0.002022,0.002060,0.002060,0.002022,0.002060,0.002098,0.002060,0.002060,0.002098,0.002098,0.002098,0.002098,0.002136,0.002098,0.002136,0.002174,0.002174,0.002098,0.002136,0.002174,0.002174,0.002213,0.002174,0.002174,0.002136,0.002213,0.002174,0.002174,0.002213,0.002174,0.002213,0.002174,0.002174,0.002174,0.002213,0.002136,0.002136,0.002136,0.002136,0.002136,0.002136,0.002060,0.002060,0.002022,0.002060,0.002098,0.001984,0.002022,0.002022,0.002022,0.001984,0.002022,0.002022,0.002022,0.002022,0.002022,0.002022,0.002060,0.002022,0.001984,0.001984,0.001907,0.001945,0.002022,0.001945,0.001907,0.001907,0.001907,0.001869,0.001945,0.001907,0.001869,0.001869,0.001945,0.001869,0.001869,0.001907,0.001945,0.001907,0.001869,0.001869,0.001869,0.001907,0.001869,0.001869,0.001945,0.001945,0.001945,0.001984,0.002022,0.001984,0.002022,0.002022,0.001984,0.002022,0.002060,0.002098,0.002098,0.002098,0.002098,0.002098,0.002136,0.002174,0.002136,0.002174,0.002136,0.002174,0.002174,0.002213,0.002098,0.002136,0.002213,0.002136,0.002136,0.002136,0.002136,0.002136,0.002136,0.002136,0.002136,0.002136,0.002022,0.002060,0.002060,0.002060,0.002022,0.001945,0.001945,0.001907,0.001831,0.001869,0.001869,0.001831,0.001831,0.001793,0.001717,0.001755,0.001755,0.001755,0.001755,0.001793,0.001755,0.001755,0.001793,0.001793,0.001831,0.001831,0.001869,0.001869,0.001907,0.001984,0.001984,0.001945,0.002022,0.002060,0.002098,0.002098,0.002136,0.002098,0.002174,0.002136,0.002174,0.002174,0.002213,0.002174,0.002136,0.002136,0.002213,0.002136,0.002174,0.002174,0.002136,0.002213,0.002174,0.002136,0.002174,0.002174,0.002136,0.002251,0.002174,0.002213,0.002213,0.002213,0.002174,0.002251,0.002213,0.002213,0.002174,0.002213,0.002213,0.002213,0.002213,0.002136,0.002174,0.002136,0.002174,0.002136,0.002174,0.002213,0.002174,0.002213,0.002136,0.002098,0.002136,0.002136,0.002098,0.002022,0.002060,0.002060,0.002022,0.002022,0.002060,0.001984,0.001984,0.001984,0.002022,0.001984,0.001984,0.002022,0.002098,0.002022,0.002060,0.002022,0.001984,0.001945,0.001984,0.002022,0.001984,0.001984,0.001984,0.001984,0.001945,0.001945,0.001907,0.001869,0.001945,0.001984,0.001945,0.001984,0.002022,0.002022,0.002060,0.002060,0.002060,0.002060,0.002098,0.002060,0.002022,0.002022,0.002060,0.002022,0.001945,0.001945,0.001945,0.001869,0.001831,0.001831,0.001831,0.001793,0.001755,0.001755,0.001793,0.001793,0.001793,0.001793,0.001831,0.001831,0.001869,0.001869,0.001831,0.001907,0.001907,0.001945,0.001907,0.001831,0.001907,0.001869,0.001869,0.001831,0.001831,0.001831,0.001755,0.001831,0.001831,0.001755,0.001793,0.001793,0.001793,0.001831,0.001793,0.001793,0.001869,0.001869,0.001869,0.001869,0.001945,0.001907,0.001907,0.001945,0.001945,0.001945,0.001907,0.001945,0.001907,0.001984,0.001907,0.001907,0.001945,0.001945,0.001984,0.002022,0.002060,0.002098,0.002060,0.002060,0.002022,0.002022,0.002098,0.002098,0.002136,0.002174,0.002174,0.002213,0.002213,0.002251,0.002251,0.002327,0.002327,0.002289,0.002365,0.002365,0.002403,0.002327,0.002289,0.002251,0.002289,0.002251,0.002174,0.002213,0.002174,0.002174,0.002136,0.002136,0.002098,0.002060,0.002022,0.001984,0.001945,0.001945,0.001945,0.001945,0.001984,0.001945,0.001907,0.001907,0.001984,0.001984,0.001945,0.002060,0.002060,0.002060,0.002022,0.002060,0.002098,0.002136,0.002136,0.002136,0.002174,0.002213,0.002213,0.002174,0.002174,0.002174,0.002213,0.002213,0.002174,0.002174,0.002136,0.002174,0.002174,0.002174,0.002098,0.002098,0.002098,0.002098,0.002098,0.002098,0.002098,0.002098,0.002136,0.002098,0.002098,0.002098,0.002060,0.002098,0.002060,0.002098,0.002060,0.002098,0.002098,0.002098,0.002060,0.002136,0.002060,0.002136,0.002174,0.002136,0.002213,0.002174,0.002174,0.002098,0.002098,0.002060,0.002098,0.002022,0.002022,0.002022,0.002060,0.002060,0.002022,0.002060,0.002060,0.002098,0.002060,0.002060,0.002098,0.002136,0.002060,0.002098,0.002060,0.002060,0.002060,0.002098,0.002136,0.002136,0.002098,0.002098,0.002136,0.002136,0.002136,0.002098,0.002098,0.002098,0.002098,0.002098,0.002022,0.002060,0.002022,0.002060,0.002060,0.002022,0.002060,0.002060,0.002022,0.002060,0.002022,0.001984,0.001984,0.002060,0.002098,0.002136,0.002060,0.002098,0.002060,0.002098,0.002098,0.002098,0.002098,0.002098,0.002098,0.002060,0.002098,0.002098,0.002098,0.002174,0.002098,0.002098,0.002098,0.002060,0.002060,0.002060,0.002136,0.002060,0.002060,0.002136,0.002060,0.002136,0.002098,0.002098,0.002098,0.002098,0.002098,0.002136,0.002060,0.002022,0.002022,0.002060,0.002060,0.002060,0.002060,0.002060,0.002060,0.002022,0.001984,0.002098,0.002060,0.002060,0.002022,0.002022,0.002022,0.002022,0.001984,0.001984,0.001984,0.001984,0.002022,0.001984,0.001984,0.001984,0.001945,0.001945,0.001907,0.001945,0.001984,0.001907,0.001907,0.001907,0.001907,0.001945,0.001907,0.001907,0.001907,0.001945,0.001984,0.001945,0.001945,0.001984,0.002022,0.001945,0.002022,0.002060,0.002136,0.002060,0.002098,0.002136,0.002098,0.002136,0.002174,0.002174,0.002174,0.002136,0.002174,0.002174,0.002213,0.002213,0.002213,0.002251,0.002251,0.002251,0.002213,0.002251,0.002251,0.002213,0.002251,0.002213,0.002251,0.002251,0.002251,0.002213,0.002213,0.002174,0.002174,0.002098,0.002098,0.002136,0.002098,0.002098,0.002098,0.002098,0.002098,0.002098,0.002060,0.002022,0.002060,0.002098,0.002136,0.002098,0.002098,0.002136,0.002060,0.002098,0.002136,0.002098,0.002098,0.002136,0.002098,0.002098,0.002213,0.002174,0.002136,0.002213,0.002174,0.002174,0.002213,0.002213,0.002251,0.002213,0.002213,0.002251,0.002213,0.002251,0.002213,0.002251,0.002213,0.002213,0.002213,0.002136,0.002213,0.002136,0.002136,0.002136,0.002136,0.002136,0.002098,0.002022,0.002060,0.002060,0.002022,0.002022,0.001984,0.001907,0.001945,0.001907,0.001907,0.001907,0.001869,0.001831,0.001831,0.001869,0.001869,0.001831,0.001831,0.001755,0.001831,0.001831,0.001793,0.001793,0.001831,0.001831,0.001831,0.001831,0.001869,0.001869,0.001907,0.001945,0.001984,0.002022,0.002060,0.002060,0.002136,0.002174,0.002136,0.002213,0.002251,0.002174,0.002213,0.002213,0.002213,0.002213,0.002213,0.002251,0.002251,0.002251,0.002213,0.002174,0.002213,0.002251,0.002213,0.002174,0.002136,0.002174,0.002136,0.002098,0.002060,0.002136,0.002098,0.002060,0.002060,0.002060,0.002060,0.002022,0.002098,0.002098,0.002098,0.002098,0.002060,0.002060,0.002098,0.002098,0.002098,0.002136,0.002136,0.002213,0.002098,0.002174,0.002136,0.002174,0.002251,0.002251,0.002213,0.002289,0.002251,0.002251,0.002174,0.002251,0.002251,0.002174,0.002213,0.002289,0.002174,0.002174,0.002174,0.002136,0.002213,0.002174,0.002136,0.002098,0.002136,0.002213,0.002098,0.002098,0.002136,0.002098,0.002136,0.002060,0.002136,0.002136,0.002136,0.002136,0.002136,0.002136,0.002136,0.002136,0.002136,0.002098,0.002174,0.002213,0.002213,0.002174,0.002251,0.002174,0.002136,0.002213,0.002136,0.002136,0.002136,0.002136,0.002098,0.002022,0.002022,0.002060,0.002022,0.001984,0.002022,0.002022,0.001984,0.001984,0.001984,0.001945,0.001984,0.001984,0.001984,0.001984,0.001984,0.001984,0.001945,0.001984,0.001984,0.001907,0.001945,0.001945,0.001945,0.001907,0.001984,0.001984,0.001984,0.001945,0.001945,0.001945,0.001945,0.001907,0.002022,0.001945,0.001945,0.001984,0.002022,0.002022,0.001945,0.002022,0.001984,0.002022,0.002022,0.002022,0.002022,0.002060,0.002022,0.002022,0.001984,0.001984,0.001945,0.001945,0.001945,0.001984,0.001945,0.001907,0.001984,0.001945,0.001907,0.001907,0.001984,0.002022,0.001945,0.001945,0.001984,0.001945,0.001984,0.002022,0.002022,0.001984,0.002060,0.002060,0.001984,0.002022,0.002022,0.002060,0.002060,0.002060,0.002060,0.002060,0.002136,0.002060,0.002060,0.001984,0.001984,0.002098,0.002060,0.002098,0.002136,0.002060,0.002060,0.001984,0.002098,0.002022,0.002022,0.002022,0.001984,0.001984,0.001984,0.002022,0.001984,0.002022,0.002022,0.002022,0.002022,0.002022,0.001945,0.001984,0.001945,0.001945,0.001945,0.001984,0.001984,0.001984,0.001984,0.001945,0.001907,0.001945,0.001984,0.001945,0.001869,0.001907,0.001984,0.001945,0.001945,0.001945,0.001984,0.001984,0.001984,0.002022,0.001945,0.002022,0.001984,0.001984,0.002022,0.002022,0.002022,0.002060,0.002060,0.002060,0.002022,0.002136,0.002022,0.002136,0.002098,0.002060,0.002098,0.002098,0.002060,0.002022,0.002098,0.002060,0.002060,0.002098,0.002060,0.002060,0.002022,0.002022,0.002060,0.002060,0.002022,0.002022,0.002060,0.002060,0.002060,0.002060,0.002060,0.002098,0.002098,0.002060,0.002022,0.002022,0.002060,0.002060,0.002098,0.002098,0.002098,0.002098,0.002060,0.002098,0.002098,0.002098,0.002098,0.002022,0.002060,0.002022,0.002060,0.002060,0.002060,0.002098,0.002098,0.002136,0.002136,0.002174,0.002098,0.002098,0.002174,0.002136,0.002098,0.002174,0.002136,0.002174,0.002174,0.002136,0.002136,0.002213,0.002213,0.002174,0.002213,0.002213,0.002213,0.002251,0.002251,0.002251,0.002213,0.002251,0.002213,0.002213,0.002251,0.002213,0.002213,0.002174,0.002098,0.002098,0.002098,0.002098,0.002098,0.002098,0.002060,0.002022,0.002060,0.001984,0.002022,0.001945,0.002022,0.002022,0.002022,0.002022,0.001945,0.001984,0.001945,0.002022,0.001984,0.001984,0.001984,0.001907,0.001945,0.001945,0.001945,0.001945,0.001907,0.001984,0.001945,0.001907,0.001907,0.001869,0.001869,0.001907,0.001945,0.001907,0.001869,0.001984,0.001945,0.001945,0.001907,0.001945,0.001984,0.001869,0.001907,0.001907,0.001945,0.001945,0.001984,0.001984,0.001945,0.001907,0.001945,0.001984,0.001945,0.001945,0.002022,0.001984,0.002022,0.002022,0.001984,0.001984,0.002022,0.002022,0.001984,0.001984,0.002022,0.001984,0.002022,0.002022,0.002060,0.002060,0.002022,0.002060,0.002022,0.002060,0.002098,0.002098,0.002098,0.002098,0.002098,0.002098,0.002136,0.002098,0.002136,0.002098,0.002098,0.002098,0.002136,0.002098,0.002136,0.002174,0.002174,0.002098,0.002136,0.002174,0.002174,0.002136,0.002136,0.002136,0.002136,0.002060,0.002060,0.001984,0.001984,0.001945,0.001984,0.001984,0.001907,0.001907,0.001907,0.001907,0.001907,0.001869,0.001831,0.001755,0.001793,0.001793,0.001755,0.001755,0.001755,0.001793,0.001831,0.001755,0.001869,0.001869,0.001793,0.001831,0.001869,0.001869,0.001907,0.001984,0.001869,0.001945,0.001945,0.001945,0.001984,0.001907,0.001907,0.001907,0.001907,0.001984,0.001831,0.001831,0.001793,0.001907,0.001907,0.001907,0.001907,0.001869,0.001831,0.001793,0.001831,0.001831,0.001755,0.001831,0.001755,0.001755,0.001793,0.001831,0.001793,0.001831,0.001869,0.001831,0.001831,0.001869,0.001869,0.001907,0.001907,0.001984,0.001945,0.001984,0.002060,0.001984,0.002022,0.002060,0.002060,0.002136,0.002136,0.002174,0.002136,0.002213,0.002213,0.002174,0.002251,0.002251,0.002289,0.002289,0.002289,0.002327,0.002365,0.002289,0.002327,0.002365,0.002365,0.002365,0.002441,0.002403,0.002441,0.002441,0.002441,0.002480,0.002441,0.002441,0.002480,0.002480,0.002480,0.002480,0.002480,0.002480,0.002518,0.002480,0.002441,0.002518,0.002441,0.002480,0.002480,0.002480,0.002441,0.002403,0.002403,0.002365,0.002365,0.002365,0.002365,0.002365,0.002327,0.002327,0.002289,0.002289,0.002251,0.002251,0.002174,0.002136,0.002174,0.002174,0.002174,0.002136,0.002098,0.002098,0.002098,0.002098,0.002098,0.002136,0.002098,0.002060,0.002060,0.002022,0.002098,0.002060,0.002022,0.002098,0.002022,0.002060,0.002060,0.002098,0.002060,0.002022,0.002022,0.001984,0.002022,0.002022,0.001984,0.002022,0.001945,0.002022,0.002060,0.002022,0.001907,0.001984,0.001945,0.001869,0.001984,0.001945,0.001907,0.001907,0.001831,0.001907,0.001869,0.001869,0.001869,0.001869,0.001869,0.001869,0.001869,0.001907,0.001869,0.001869,0.001869,0.001869,0.001831,0.001869,0.001907,0.001831,0.001907,0.001831,0.001907,0.001907,0.001907,0.001907,0.001869,0.001907,0.001907,0.001984,0.001984,0.001945,0.001984,0.001945,0.002022,0.002060,0.001984,0.002022,0.001945,0.002022,0.002022,0.002022,0.002022,0.001984,0.002022,0.002022,0.002022,0.002022,0.001945,0.001984,0.001945,0.001984,0.002022,0.001984,0.001984,0.002022,0.002022,0.001984,0.002022,0.002022,0.002060,0.002022,0.002022,0.002098,0.002060,0.002022,0.002098,0.002060,0.002060,0.002098,0.002098,0.002098,0.002060,0.002098,0.002098,0.002174,0.002098,0.002098,0.002098,0.002136,0.002174,0.002136,0.002098,0.002136,0.002098,0.002136,0.002136,0.002136,0.002098,0.002098,0.002098,0.002060,0.002098,0.002098,0.002174,0.002136,0.002060,0.002174,0.002136,0.002174,0.002174,0.002174,0.002174,0.002136,0.002174,0.002136,0.002174,0.002174,0.002060,0.002174,0.002136,0.002213,0.002174,0.002251,0.002174,0.002174,0.002251,0.002251,0.002251,0.002289,0.002213,0.002174,0.002136,0.002213,0.002174,0.002136,0.002174,0.002098,0.002098,0.002060,0.002136,0.002174,0.002136,0.002136,0.002098,0.002136,0.002098,0.002136,0.002174,0.002098,0.002136,0.002174,0.002213,0.002136,0.002136,0.002213,0.002136,0.002174,0.002136,0.002098,0.002174,0.002174,0.002213,0.002174,0.002136,0.002174,0.002136,0.002174,0.002098,0.002174,0.002174,0.002136,0.002174,0.002136,0.002136,0.002098,0.002174,0.002136,0.002098,0.002136,0.002098,0.002136,0.002136,0.002174,0.002174,0.002136,0.002098,0.002136,0.002174,0.002136,0.002098,0.002136,0.002174,0.002174,0.002098,0.002098,0.002098,0.002098,0.002136,0.002060,0.002060,0.002060,0.002060,0.002136,0.002136,0.002136,0.002060,0.002060,0.002098,0.002060,0.002098,0.002022,0.002098,0.002060,0.002022,0.002098,0.002060,0.002098,0.002098,0.002060,0.002098,0.002098,0.002022,0.002022,0.002022,0.001984,0.001984,0.002060,0.001984,0.001984,0.002022,0.002060,0.002060,0.002060,0.002060,0.002022,0.002098,0.002098,0.002060,0.002136,0.002136,0.002174,0.002098,0.002136,0.002174,0.002098,0.002174,0.002174,0.002136,0.002136,0.002174,0.002136,0.002098,0.002136,0.002174,0.002213,0.002213,0.002174,0.002174,0.002174,0.002174,0.002174,0.002174,0.002251,0.002174,0.002174,0.002213,0.002251,0.002213,0.002174,0.002174,0.002174,0.002174,0.002174,0.002174,0.002136,0.002174,0.002174,0.002136,0.002174,0.002098,0.002098,0.002174,0.002060,0.002098,0.002098,0.002098,0.002060,0.002060,0.002060,0.002022,0.002022,0.002022,0.002022,0.002022,0.002060,0.001945,0.001945,0.001945,0.001907,0.001907,0.001907,0.001869,0.001869,0.001907,0.001907,0.001907,0.001869,0.001907,0.001869,0.001869,0.001907,0.001831,0.001869,0.001869,0.001945,0.001907,0.001945,0.001984,0.001945,0.001984,0.001984,0.001984,0.001984,0.001984,0.001984,0.001984,0.002022,0.002022,0.002098,0.002022,0.002022,0.002174,0.002060,0.002060,0.002136,0.002136,0.002136,0.002060,0.002174,0.002136,0.002136,0.002136,0.002098,0.002098,0.001984,0.002136,0.002136,0.002022,0.002022,0.002060,0.002098,0.002060,0.002060,0.002022,0.002022,0.002060,0.002022,0.002060,0.002022,0.002022,0.002060,0.002022,0.002022,0.002022,0.002060,0.002060,0.002060,0.002136,0.002022,0.002022,0.001984,0.002022,0.001984,0.002022,0.002060,0.002060,0.002060,0.002022,0.002060,0.002022,0.001945,0.002060,0.001984,0.002022,0.001984,0.001984,0.002022,0.001945,0.001945,0.001945,0.001945,0.001945,0.001907,0.001945,0.001984,0.001907,0.001907,0.001907,0.001984,0.001984,0.001984,0.002022,0.002060,0.002098,0.001984,0.002060,0.002098,0.002098,0.002136,0.002098,0.002098,0.002098,0.002136,0.002136,0.002136,0.002174,0.002136,0.002136,0.002098,0.002136,0.002098,0.002098,0.002136,0.002098,0.002136,0.002060,0.002098,0.002136,0.002098,0.002098,0.002022,0.002136,0.002098,0.002060,0.002098,0.002060,0.002136,0.002098,0.002098,0.002098,0.002098,0.002136,0.002098,0.002098,0.002136,0.002174,0.002174,0.002136,0.002136,0.002136,0.002136,0.002098,0.002060,0.002136,0.002060,0.002098,0.002098,0.002136,0.002098,0.002022,0.002098,0.002022,0.002022,0.002060,0.001984,0.002060,0.001984,0.002022,0.002022,0.002060,0.002022,0.002060,0.002022,0.001984,0.002060,0.002022,0.001907,0.001984,0.001945,0.002022,0.001984,0.002022,0.001984,0.001945,0.001984,0.001984,0.001984,0.002022,0.001984,0.001945,0.001945,0.001984,0.002022,0.002022,0.001984,0.001945,0.001984,0.001945,0.001984,0.001984,0.001984,0.001945,0.001984,0.002022,0.001945,0.001984,0.001945,0.001984,0.002060,0.001984,0.002022,0.001945,0.002022,0.001984,0.002022,0.002060,0.001984,0.002022,0.002022,0.002022,0.002060,0.002022,0.002060,0.002022,0.002022,0.002022,0.002060,0.002060,0.002022,0.002098,0.002022,0.002022,0.002022,0.002022,0.002060,0.002060,0.001984,0.002022,0.002060,0.002022,0.002022,0.002060,0.002022,0.002060,0.002060,0.002098,0.002098,0.002022,0.002060,0.002060,0.002098,0.002136,0.002060,0.002060,0.002022,0.002022,0.002060,0.001984,0.002022,0.001984,0.001984,0.001945,0.001984,0.002060,0.001945,0.001984,0.001907,0.001945,0.001907,0.001831,0.001907,0.001907,0.001869,0.001907,0.001869,0.001907,0.001831,0.001869,0.001793,0.001831,0.001831,0.001831,0.001793,0.001831,0.001831,0.001793,0.001793,0.001831,0.001869,0.001945,0.001907,0.001945,0.001869,0.001907,0.001907,0.001945,0.002022,0.001984,0.002022,0.002060,0.002060,0.002060,0.002022,0.002060,0.002022,0.002060,0.002136,0.002136,0.002098,0.002098,0.002098,0.002022,0.002060,0.002098,0.002022,0.002098,0.002060,0.002098,0.002022,0.001984,0.002060,0.002022,0.002060,0.002022,0.001984,0.002060,0.002060,0.002060,0.002060,0.002098,0.002022,0.002022,0.002022,0.001984,0.002060,0.002060,0.002060,0.002060,0.002022,0.002060,0.002060,0.002098,0.002022,0.002098,0.002060,0.002022,0.002098,0.002060,0.002098,0.002174,0.002136,0.002136,0.002098,0.002098,0.002098,0.002136,0.002136,0.002174,0.002174,0.002174,0.002136,0.002136,0.002174,0.002136,0.002098,0.002136,0.002136,0.002136,0.002136,0.002136,0.002174,0.002136,0.002098,0.002098,0.002098,0.002098,0.002098,0.002136,0.002022,0.002022,0.002060,0.002060,0.002098,0.002060,0.002060,0.002022,0.002060,0.002022,0.002022,0.002022,0.001945,0.001984,0.001984,0.002022,0.002022,0.001945,0.001984,0.001945,0.002060,0.001984,0.001984,0.001984,0.001945,0.002022,0.001907,0.001945,0.001945,0.001984,0.001945,0.001984,0.001984,0.001984,0.001984,0.001984,0.001945,0.001984,0.001984,0.002022,0.002022,0.002022,0.001984,0.002022,0.002022,0.001984,0.002022,0.002022,0.001945,0.001984,0.001945,0.001984,0.001984,0.001945,0.001945,0.001984,0.001984,0.001984,0.002022,0.001984,0.002060,0.001984,0.001984,0.002022,0.002060,0.002060,0.002060,0.002022,0.002060,0.001984,0.002060,0.002060,0.002022,0.002060,0.002022,0.002022,0.002022,0.002136,0.002022,0.002060,0.002022,0.002022,0.002022,0.002022,0.002060,0.002060,0.001984,0.002060,0.001984,0.002022,0.002022,0.002060,0.002098,0.002060,0.002060,0.002022,0.002136,0.002136,0.002136,0.002136,0.002136,0.002174,0.002098,0.002174,0.002136,0.002174,0.002174,0.002136,0.002174,0.002213,0.002251,0.002289,0.002213,0.002213,0.002213,0.002289,0.002251,0.002289,0.002289,0.002251,0.002213,0.002213,0.002251,0.002251,0.002251,0.002251,0.002213,0.002251,0.002213,0.002251,0.002213,0.002174,0.002174,0.002136,0.002213,0.002174,0.002136,0.002174,0.002098,0.002098,0.002060,0.002098,0.002136,0.002022,0.002060,0.002060,0.001984,0.001945,0.002022,0.002022,0.001945,0.001984,0.001984,0.002098,0.002022,0.002022,0.002022,0.002022,0.002060,0.002022,0.002060,0.002098,0.002098,0.002098,0.001945,0.002022,0.001945,0.002098,0.002098,0.002060,0.002022,0.002022,0.002098,0.002060,0.002136,0.002022,0.002098,0.002098,0.002060,0.002098,0.002098,0.002098,0.002098,0.002136,0.002136,0.002098,0.002136,0.002136,0.002213,0.002213,0.002136,0.002174,0.002174,0.002136,0.002213,0.002213,0.002251,0.002213,0.002289,0.002251,0.002174,0.002213,0.002213,0.002289,0.002136,0.002174,0.002251,0.002174,0.002174,0.002136,0.002136,0.002060,0.002098,0.002060,0.002022,0.002098,0.002060,0.002098,0.002022,0.002022,0.002022,0.002022,0.001984,0.001945,0.001984,0.001984,0.001907,0.001984,0.001945,0.001984,0.001984,0.001984,0.001984,0.001907,0.001984,0.001984,0.002022,0.001984,0.002060,0.001984,0.001945,0.001984,0.001984,0.001984,0.001945,0.001945,0.001984,0.002022,0.002022,0.001984,0.002060,0.002022,0.002022,0.002060,0.002060,0.002136,0.002136,0.002174,0.002174,0.002174,0.002136,0.002136,0.002136,0.002174,0.002136,0.002174,0.002136,0.002136,0.002174,0.002174,0.002136,0.002098,0.002136,0.002098,0.002060,0.002060,0.002098,0.001984,0.002022,0.002060,0.002022,0.001984,0.002022,0.001945,0.001907,0.001907,0.001945,0.001907,0.001945,0.001984,0.001945,0.001907,0.001945,0.001984,0.001945,0.001945,0.001907,0.001945,0.001945,0.001984,0.002060,0.002022,0.002098,0.002098,0.002060,0.002098,0.002098,0.002136,0.002136,0.002213,0.002174,0.002136,0.002213,0.002251,0.002289,0.002251,0.002251,0.002289,0.002251,0.002251,0.002251,0.002213,0.002213,0.002174,0.002213,0.002213,0.002289,0.002289,0.002289,0.002251,0.002174,0.002251,0.002213,0.002174,0.002174,0.002251,0.002251,0.002213,0.002213,0.002174,0.002213,0.002213,0.002174,0.002213,0.002213,0.002289,0.002289,0.002251,0.002289,0.002251,0.002174,0.002213,0.002213,0.002251,0.002174,0.002213,0.002213,0.002289,0.002327,0.002251,0.002251,0.002251,0.002213,0.002213,0.002289,0.002213,0.002174,0.002251,0.002213,0.002213,0.002213,0.002213,0.002251,0.002251,0.002251,0.002174,0.002213,0.002251,0.002251,0.002251,0.002251,0.002289,0.002174,0.002213,0.002251,0.002213,0.002174,0.002174,0.002213,0.002213,0.002213,0.002174,0.002174,0.002174,0.002174,0.002136,0.002136,0.002213,0.002213,0.002213,0.002136,0.002174,0.002174,0.002098,0.002060,0.002136,0.002098,0.002098,0.002060,0.002060,0.002060,0.002060,0.002098,0.002098,0.002060,0.002098,0.002060,0.002022,0.002022,0.002022,0.001984,0.002022,0.001945,0.001945,0.001984,0.001984,0.001945,0.001945,0.001869,0.001869,0.001945,0.001907,0.001831,0.001831,0.001869,0.001869,0.001869,0.001869,0.001831,0.001831,0.001831,0.001831,0.001831,0.001831,0.001869,0.001831,0.001869,0.001907,0.001869,0.001907,0.001945,0.001907,0.001945,0.001984,0.001984,0.001984,0.001984,0.002022,0.002022,0.002022,0.001984,0.002060,0.001984,0.001984,0.002022,0.001984,0.002060,0.002022,0.002060,0.002098,0.002098,0.002060,0.002022,0.002060,0.002060,0.002136,0.002136,0.002098,0.002136,0.002136,0.002136,0.002098,0.002136,0.002174,0.002174,0.002174,0.002136,0.002174,0.002174,0.002174,0.002251,0.002174,0.002174,0.002136,0.002213,0.002174,0.002213,0.002213,0.002136,0.002136,0.002136,0.002136,0.002136,0.002098,0.002060,0.002060,0.002060,0.002098,0.002060,0.001984,0.001984,0.001984,0.001984,0.001984,0.002022,0.002022,0.001984,0.001945,0.001945,0.001907,0.001907,0.001945,0.001907,0.001945,0.001945,0.001945,0.001907,0.001945,0.001984,0.001945,0.001945,0.001907,0.001907,0.001869,0.001945,0.001907,0.001945,0.001945,0.001907,0.001945,0.001945,0.001945,0.001945,0.001869,0.001907,0.001907,0.001945,0.001907,0.001869,0.001945,0.001907,0.001984,0.001945,0.001984,0.001945,0.001984,0.001945,0.001945,0.002060,0.002022,0.002060,0.002060,0.002022,0.002098,0.002060,0.002060,0.002022,0.002060,0.002136,0.002136,0.002060,0.002098,0.002136,0.002136,0.002136,0.002098,0.002060,0.002098,0.002098,0.002174,0.002136,0.002098,0.002136,0.002060,0.002060,0.002136,0.002174,0.002098,0.002098,0.002136,0.002136,0.002098,0.002136,0.002136,0.002098,0.002136,0.002136,0.002098,0.002136,0.002098,0.002098,0.002136,0.002098,0.002136,0.002174,0.002136,0.002060,0.002060,0.002136,0.002060,0.002060,0.002060,0.002060,0.002098,0.002098,0.002098,0.002060,0.002060,0.002022,0.002022,0.002022,0.002022,0.002022,0.001984,0.001945,0.002022,0.001945,0.001984,0.001984,0.001984,0.001945,0.001945,0.001907,0.001869,0.001945,0.001945,0.001945,0.001945,0.001984,0.001984,0.001907,0.001907,0.001945,0.001984,0.001907,0.001907,0.001945,0.001945,0.001984,0.001907,0.001945,0.001945,0.002022,0.002060,0.002022,0.002022,0.001984
9,19:00:00.000,12/31/1903,0.000000,0.100000,UNKNOWN,1,0/0,0.000000,0.000000,0.000000,0.000000,0.000000,0.000000,0.000000,0.000000,0,0,0,0,0.002060,0.002136,0.002136,0.002098,0.002060,0.002136,0.002098,0.002136,0.002136,0.002174,0.002136,0.002174,0.002060,0.002060,0.002098,0.002136,0.002060,0.002098,0.002060,0.002098,0.002060,0.002060,0.002098,0.002098,0.002098,0.002098,0.002098,0.002060,0.002022,0.002098,0.001984,0.002060,0.002022,0.002060,0.002022,0.002060,0.002060,0.002060,0.002060,0.002098,0.002060,0.002060,0.002060,0.002098,0.002060,0.002022,0.002060,0.002022,0.002060,0.002022,0.002022,0.002022,0.002022,0.002022,0.002022,0.002022,0.002060,0.002022,0.001984,0.001984,0.001984,0.001945,0.001984,0.001945,0.002022,0.002060,0.001984,0.001984,0.001984,0.002022,0.002022,0.002022,0.001984,0.001945,0.001984,0.001945,0.001945,0.001907,0.001984,0.001984,0.001907,0.001945,0.001945,0.001945,0.001984,0.001907,0.001945,0.001984,0.002022,0.001945,0.001984,0.001945,0.001945,0.001984,0.001984,0.002022,0.001945,0.001984,0.001907,0.001945,0.001945,0.001984,0.001945,0.001945,0.001984,0.001984,0.002022,0.001984,0.001984,0.001945,0.001984,0.002022,0.002022,0.001984,0.001984,0.001984,0.002022,0.002022,0.002022,0.001945,0.002022,0.002022,0.002022,0.002022,0.002022,0.002060,0.001984,0.002022,0.002022,0.002060,0.002022,0.002022,0.002098,0.002022,0.002022,0.002060,0.002022,0.002022,0.002060,0.002022,0.002060,0.002022,0.002022,0.002022,0.001984,0.001984,0.002022,0.001984,0.001945,0.002022,0.002022,0.002060,0.002022,0.001945,0.002060,0.002022,0.002022,0.002060,0.002022,0.002060,0.002022,0.002022,0.002022,0.002060,0.002060,0.002022,0.002022,0.002098,0.002060,0.002098,0.002060,0.002136,0.002060,0.002098,0.002136,0.002136,0.002060,0.002060,0.002136,0.002136,0.002060,0.002098,0.002060,0.002136,0.002136,0.002060,0.002098,0.002060,0.002060,0.002098,0.002060,0.002060,0.002098,0.002098,0.002060,0.002098,0.002136,0.002060,0.002098,0.002098,0.002060,0.002022,0.001945,0.002060,0.002098,0.002022,0.002060,0.002060,0.002098,0.002022,0.002060,0.002060,0.002060,0.002060,0.002060,0.002060,0.002060,0.002060,0.002060,0.002022,0.002098,0.002098,0.002098,0.002098,0.002098,0.002098,0.002098,0.002060,0.002060,0.002098,0.002060,0.002098,0.002098,0.002098,0.002098,0.002174,0.002098,0.002136,0.002136,0.002098,0.002098,0.002098,0.002136,0.002174,0.002174,0.002098,0.002098,0.002136,0.002136,0.002060,0.002136,0.002098,0.002098,0.002098,0.002098,0.002098,0.002098,0.002098,0.002098,0.002098,0.002060,0.002060,0.002060,0.002060,0.002060,0.002060,0.002098,0.002060,0.002060,0.002098,0.002098,0.002060,0.002060,0.002022,0.002060,0.002060,0.002060,0.002060,0.002022,0.002022,0.002060,0.001984,0.001984,0.001984,0.002022,0.002022,0.002060,0.002022,0.002022,0.002022,0.001984,0.002022,0.002060,0.002022,0.002022,0.002022,0.002022,0.001984,0.001984,0.001984,0.001945,0.001984,0.001945,0.001984,0.001945,0.002022,0.001984,0.001984,0.001984,0.001945,0.002022,0.002060,0.001984,0.002022,0.001945,0.001984,0.001984,0.001945,0.001945,0.001945,0.001984,0.001984,0.002022,0.002022,0.002022,0.001984,0.002022,0.001984,0.002022,0.001984,0.001984,0.001984,0.002022,0.002022,0.001984,0.002022,0.002060,0.001984,0.002022,0.001984,0.001984,0.001945,0.002060,0.001945,0.001984,0.001984,0.001984,0.002022,0.001984,0.002022,0.002060,0.002022,0.001984,0.001984,0.002022,0.001984,0.002022,0.002022,0.002060,0.001984,0.002022,0.002022,0.002022,0.001945,0.001984,0.002060,0.002022,0.002060,0.001945,0.001984,0.002022,0.002022,0.001984,0.001984,0.001984,0.001984,0.002098,0.001984,0.002060,0.002022,0.001984,0.002022,0.002022,0.002022,0.002022,0.002022,0.002022,0.001984,0.001984,0.002060,0.002060,0.002022,0.002060,0.002022,0.002022,0.002060,0.002060,0.002022,0.002060,0.002060,0.002022,0.002060,0.002060,0.002060,0.002136,0.002136,0.002060,0.002098,0.002098,0.002060,0.002098,0.002098,0.002098,0.002136,0.002136,0.002136,0.002136,0.002098,0.002136,0.002136,0.002060,0.002136,0.002136,0.002098,0.002098,0.002136,0.002136,0.002098,0.002136,0.002136,0.002098,0.002136,0.002098,0.002136,0.002136,0.002136,0.002060,0.002060,0.002098,0.002060,0.002098,0.002060,0.002060,0.002136,0.002060,0.002098,0.002098,0.002060,0.002022,0.002022,0.002060,0.002060,0.002060,0.002022,0.002022,0.002022,0.002022,0.001984,0.002022,0.002022,0.002022,0.001984,0.002022,0.002022,0.002022,0.002060,0.001945,0.001984,0.001984,0.001945,0.002022,0.001945,0.001945,0.002022,0.002022,0.001984,0.001945,0.001907,0.001945,0.001984,0.002022,0.001984,0.001945,0.001907,0.001945,0.001945,0.001945,0.001945,0.001945,0.001945,0.001945,0.001907,0.001945,0.001945,0.001984,0.001907,0.001907,0.001984,0.001984,0.001984,0.001984,0.001945,0.001945,0.001945,0.001907,0.001907,0.001984,0.001984,0.001984,0.001945,0.001984,0.001945,0.001984,0.001984,0.001984,0.001945,0.001984,0.001907,0.001984,0.001984,0.001984,0.001945,0.001945,0.002022,0.002022,0.001984,0.002022,0.001984,0.002022,0.001984,0.001984,0.001945,0.001945,0.002022,0.001984,0.002022,0.002060,0.002022,0.001984,0.001984,0.001984,0.002022,0.001984,0.002022,0.002022,0.002022,0.002022,0.001984,0.002022,0.002022,0.002022,0.002060,0.002022,0.002060,0.002060,0.002060,0.002060,0.002060,0.002060,0.002060,0.002098,0.002060,0.002022,0.002060,0.002098,0.002136,0.002098,0.002098,0.002098,0.002060,0.002060,0.002098,0.002136,0.002098,0.002136,0.002136,0.002098,0.002098,0.002060,0.002060,0.002098,0.002022,0.002098,0.002098,0.002098,0.002060,0.002060,0.002060,0.002098,0.002136,0.002060,0.002022,0.002098,0.002022,0.002060,0.002060,0.002060,0.002022,0.002022,0.001984,0.002022,0.002022,0.002022,0.002022,0.001984,0.002022,0.002022,0.002022,0.001984,0.001945,0.001945,0.001984,0.002022,0.001945,0.001984,0.001984,0.002022,0.001984,0.001984,0.002022,0.001945,0.001984,0.001984,0.002022,0.001984,0.001945,0.002022,0.001984,0.001984,0.002060,0.002022,0.001984,0.001984,0.001984,0.002060,0.002022,0.001984,0.001945,0.002022,0.002060,0.002022,0.002060,0.001984,0.001984,0.001984,0.001984,0.002022,0.002060,0.002022,0.002022,0.002022,0.002022,0.001984,0.001984,0.001945,0.001984,0.001984,0.002022,0.001945,0.001984,0.001984,0.001984,0.002022,0.001984,0.001984,0.001984,0.002022,0.001945,0.001945,0.001984,0.002022,0.001945,0.001984,0.001984,0.001945,0.001984,0.001945,0.001984,0.001984,0.001984,0.002022,0.002022,0.001984,0.001984,0.001984,0.001907,0.001869,0.001945,0.001945,0.001984,0.001984,0.001869,0.001907,0.001869,0.001869,0.001869,0.001831,0.001831,0.001869,0.001831,0.001869,0.001793,0.001831,0.001793,0.001755,0.001755,0.001717,0.001755,0.001717,0.001678,0.001678,0.001640,0.001602,0.001526,0.001526,0.001526,0.001450,0.001411,0.001411,0.001411,0.001411,0.001450,0.001411,0.001488,0.001450,0.001488,0.001602,0.001640,0.001678,0.001869,0.002060,0.002174,0.002327,0.002556,0.002785,0.003052,0.003357,0.003624,0.003929,0.004272,0.004578,0.004921,0.005302,0.005608,0.005951,0.006294,0.006676,0.006943,0.007210,0.007362,0.007439,0.007477,0.007401,0.007286,0.007019,0.006638,0.006218,0.005760,0.005302,0.004730,0.004158,0.003586,0.002937,0.002403,0.001831,0.001259,0.000572,0.000000,-0.000496,-0.001106,-0.001755,-0.002403,-0.002975,-0.003586,-0.004044,-0.004501,-0.004883,-0.005226,-0.005379,-0.005455,-0.005417,-0.005302,-0.005035,-0.004654,-0.004311,-0.003891,-0.003433,-0.002899,-0.002365,-0.001907,-0.001373,-0.000839,-0.000381,0.000076,0.000381,0.000725,0.001068,0.001335,0.001564,0.001793,0.001984,0.002060,0.002213,0.002289,0.002365,0.002441,0.002556,0.002556,0.002670,0.002747,0.002823,0.002899,0.002975,0.003052,0.003014,0.003090,0.003166,0.003281,0.003319,0.003357,0.003471,0.003510,0.003700,0.003738,0.003891,0.004044,0.004120,0.004272,0.004387,0.004425,0.004539,0.004616,0.004730,0.004692,0.004654,0.004692,0.004616,0.004539,0.004578,0.004463,0.004349,0.004311,0.004196,0.004082,0.003967,0.003853,0.003738,0.003662,0.003510,0.003357,0.003242,0.003090,0.003014,0.002861,0.002747,0.002594,0.002594,0.002441,0.002403,0.002289,0.002174,0.002174,0.002060,0.002060,0.001984,0.001869,0.001869,0.001831,0.001831,0.001831,0.001793,0.001717,0.001678,0.001678,0.001717,0.001717,0.001793,0.001831,0.001831,0.001869,0.001907,0.001907,0.001945,0.002022,0.001945,0.001984,0.001984,0.001984,0.001984,0.001945,0.001907,0.001869,0.001793,0.001831,0.001793,0.001755,0.001793,0.001717,0.001755,0.001717,0.001678,0.001717,0.001678,0.001640,0.001602,0.001564,0.001564,0.001488,0.001488,0.001450,0.001373,0.001373,0.001335,0.001335,0.001335,0.001450,0.001450,0.001488,0.001564,0.001602,0.001640,0.001640,0.001717,0.001755,0.001793,0.001793,0.001831,0.001869,0.001869,0.001831,0.001869,0.001793,0.001793,0.001793,0.001717,0.001831,0.001831,0.001793,0.001831,0.001831,0.001869,0.001869,0.001907,0.001907,0.001945,0.001945,0.001869,0.001907,0.001907,0.001869,0.001907,0.001831,0.001831,0.001717,0.001793,0.001793,0.001793,0.001755,0.001831,0.001793,0.001869,0.001907,0.002022,0.002022,0.002098,0.002174,0.002289,0.002327,0.002327,0.002441,0.002480,0.002518,0.002556,0.002556,0.002518,0.002480,0.002480,0.002403,0.002365,0.002289,0.002174,0.002098,0.002060,0.001945,0.001945,0.001907,0.001869,0.001755,0.001793,0.001793,0.001793,0.001793,0.001793,0.001755,0.001831,0.001793,0.001869,0.001831,0.001869,0.001831,0.001755,0.001717,0.001717,0.001678,0.001640,0.001564,0.001564,0.001526,0.001450,0.001450,0.001411,0.001373,0.001297,0.001373,0.001335,0.001373,0.001411,0.001373,0.001335,0.001335,0.001373,0.001373,0.001335,0.001411,0.001411,0.001450,0.001450,0.001526,0.001602,0.001678,0.001717,0.001793,0.001831,0.001907,0.002022,0.002060,0.002136,0.002213,0.002327,0.002365,0.002441,0.002480,0.002556,0.002632,0.002670,0.002747,0.002747,0.002708,0.002747,0.002708,0.002747,0.002708,0.002670,0.002708,0.002708,0.002747,0.002632,0.002632,0.002594,0.002556,0.002594,0.002556,0.002556,0.002594,0.002556,0.002556,0.002518,0.002480,0.002480,0.002441,0.002441,0.002365,0.002365,0.002327,0.002289,0.002251,0.002213,0.002213,0.002136,0.002174,0.002213,0.002098,0.002136,0.002098,0.002060,0.002060,0.002098,0.002136,0.002022,0.002136,0.002174,0.002136,0.002098,0.002098,0.002136,0.002022,0.002022,0.002022,0.001984,0.002060,0.002060,0.002060,0.002060,0.002060,0.002060,0.002098,0.002136,0.002136,0.002174,0.002213,0.002213,0.002327,0.002365,0.002365,0.002403,0.002480,0.002556,0.002556,0.002556,0.002594,0.002518,0.002518,0.002518,0.002518,0.002480,0.002365,0.002365,0.002289,0.002213,0.002174,0.002098,0.002022,0.001907,0.001869,0.001869,0.001793,0.001755,0.001678,0.001640,0.001640,0.001717,0.001717,0.001678,0.001678,0.001717,0.001717,0.001793,0.001793,0.001907,0.001869,0.001907,0.001945,0.001984,0.002098,0.002098,0.002098,0.002174,0.002136,0.002174,0.002098,0.002098,0.002022,0.001945,0.001984,0.001945,0.001945,0.001907,0.001831,0.001831,0.001793,0.001831,0.001793,0.001793,0.001717,0.001640,0.001678,0.001640,0.001602,0.001602,0.001564,0.001602,0.001488,0.001488,0.001488,0.001526,0.001526,0.001450,0.001526,0.001564,0.001526,0.001640,0.001640,0.001640,0.001678,0.001717,0.001793,0.001755,0.001793,0.001869,0.001869,0.001831,0.001945,0.001984,0.001945,0.001984,0.001984,0.001984,0.002022,0.002022,0.002098,0.002098,0.002136,0.002098,0.002098,0.002060,0.002060,0.002098,0.002174,0.002136,0.002136,0.002098,0.002136,0.002174,0.002136,0.002174,0.002136,0.002174,0.002174,0.002136,0.002174,0.002098,0.002136,0.002136,0.002098,0.002098,0.002060,0.002098,0.002136,0.002136,0.002136,0.002136,0.002174,0.002174,0.002136,0.002174,0.002136,0.002136,0.002174,0.002213,0.002174,0.002136,0.002174,0.002098,0.002136,0.002136,0.002022,0.002098,0.002022,0.001984,0.001984,0.001907,0.001984,0.001945,0.001869,0.001831,0.001755,0.001831,0.001755,0.001717,0.001755,0.001717,0.001678,0.001640,0.001678,0.001602,0.001678,0.001678,0.001640,0.001640,0.001602,0.001678,0.001640,0.001602,0.001602,0.001640,0.001678,0.001717,0.001678,0.001717,0.001793,0.001869,0.001869,0.001907,0.001984,0.001945,0.002060,0.002060,0.002098,0.002213,0.002174,0.002289,0.002289,0.002289,0.002365,0.002327,0.002365,0.002327,0.002403,0.002365,0.002441,0.002441,0.002403,0.002441,0.002441,0.002403,0.002441,0.002441,0.002403,0.002441,0.002403,0.002480,0.002441,0.002441,0.002403,0.002403,0.002441,0.002365,0.002403,0.002365,0.002365,0.002289,0.002251,0.002251,0.002213,0.002251,0.002213,0.002098,0.002098,0.002022,0.001984,0.002022,0.001984,0.001984,0.001945,0.001907,0.001869,0.001907,0.001907,0.001907,0.001945,0.001907,0.001984,0.001984,0.002022,0.002022,0.002060,0.002098,0.002174,0.002174,0.002213,0.002174,0.002251,0.002251,0.002289,0.002251,0.002251,0.002289,0.002251,0.002174,0.002251,0.002213,0.002213,0.002174,0.002136,0.002174,0.002060,0.002060,0.002022,0.002022,0.001945,0.001869,0.001907,0.001907,0.001831,0.001831,0.001793,0.001793,0.001717,0.001717,0.001755,0.001678,0.001717,0.001678,0.001755,0.001640,0.001678,0.001755,0.001678,0.001678,0.001717,0.001678,0.001717,0.001678,0.001678,0.001678,0.001678,0.001717,0.001717,0.001793,0.001755,0.001717,0.001717,0.001678,0.001717,0.001717,0.001678,0.001793,0.001717,0.001755,0.001678,0.001717,0.001793,0.001793,0.001831,0.001793,0.001869,0.001869,0.001907,0.002022,0.001945,0.001984,0.002098,0.002060,0.002136,0.002136,0.002174,0.002174,0.002174,0.002213,0.002251,0.002251,0.002213,0.002213,0.002289,0.002251,0.002213,0.002174,0.002174,0.002136,0.002136,0.002174,0.002098,0.002136,0.002098,0.002098,0.002098,0.002060,0.002098,0.002060,0.001984,0.002022,0.001984,0.001984,0.002060,0.002060,0.002022,0.001984,0.002060,0.001984,0.002022,0.002060,0.001984,0.002022,0.001984,0.001984,0.002022,0.001984,0.002060,0.002022,0.002022,0.002060,0.002060,0.002060,0.001984,0.002060,0.002060,0.002060,0.002136,0.002060,0.002098,0.002022,0.002060,0.002098,0.002098,0.002136,0.002136,0.002098,0.002060,0.002136,0.002174,0.002098,0.002174,0.002098,0.002098,0.002136,0.002136,0.002098,0.002022,0.002060,0.002022,0.001984,0.001984,0.001984,0.002022,0.001984,0.001945,0.001984,0.001945,0.001907,0.001984,0.001984,0.001984,0.001984,0.001984,0.001984,0.002022,0.002022,0.001984,0.001945,0.001984,0.001984,0.002022,0.002022,0.001984,0.002022,0.002060,0.002098,0.002098,0.002136,0.002098,0.002098,0.002098,0.002098,0.002213,0.002174,0.002174,0.002174,0.002136,0.002174,0.002136,0.002136,0.002098,0.002022,0.002098,0.001945,0.001984,0.001945,0.001945,0.001984,0.001869,0.001907,0.001869,0.001831,0.001869,0.001793,0.001831,0.001831,0.001831,0.001869,0.001793,0.001869,0.001831,0.001869,0.001907,0.001831,0.001907,0.001907,0.001945,0.001984,0.001984,0.002022,0.001945,0.002022,0.001984,0.001984,0.002098,0.002060,0.002098,0.002098,0.002060,0.001984,0.001984,0.002060,0.002060,0.001984,0.002022,0.001945,0.002022,0.002022,0.001984,0.001945,0.001907,0.002022,0.001945,0.001945,0.001945,0.001907,0.001869,0.001907,0.001945,0.001869,0.001869,0.001907,0.001793,0.001907,0.001869,0.001831,0.001869,0.001869,0.001907,0.001907,0.001907,0.001907,0.001907,0.002022,0.001984,0.002022,0.002060,0.002022,0.002136,0.002098,0.002060,0.002098,0.002098,0.002213,0.002098,0.002136,0.002136,0.002136,0.002289,0.002251,0.002251,0.002251,0.002251,0.002289,0.002174,0.002213,0.002213,0.002213,0.002213,0.002174,0.002289,0.002213,0.002213,0.002174,0.002213,0.002213,0.002136,0.002174,0.002136,0.002136,0.002174,0.002098,0.002136,0.002098,0.002098,0.002098,0.002060,0.002098,0.002098,0.002098,0.002060,0.002022,0.002022,0.001945,0.001984,0.001984,0.001907,0.001945,0.001907,0.001907,0.002022,0.001984,0.001984,0.002060,0.001984,0.002060,0.002098,0.002174,0.002136,0.002174,0.002289,0.002251,0.002327,0.002365,0.002403,0.002403,0.002480,0.002556,0.002518,0.002594,0.002594,0.002632,0.002632,0.002670,0.002670,0.002708,0.002632,0.002594,0.002594,0.002594,0.002556,0.002518,0.002480,0.002480,0.002441,0.002365,0.002365,0.002365,0.002251,0.002251,0.002213,0.002174,0.002174,0.002098,0.002098,0.002022,0.001984,0.001945,0.001869,0.001793,0.001640,0.001640,0.001526,0.001411,0.001335,0.001259,0.001183,0.001030,0.000954,0.000916,0.000839,0.000839,0.000877,0.000877,0.000877,0.000839,0.000916,0.000992,0.001068,0.001106,0.001221,0.001335,0.001373,0.001526,0.001564,0.001678,0.001755,0.001831,0.001945,0.001984,0.002060,0.002174,0.002174,0.002289,0.002251,0.002327,0.002289,0.002289,0.002289,0.002327,0.002289,0.002327,0.002251,0.002251,0.002174,0.002174,0.002136,0.002136,0.002213,0.002098,0.002136,0.002136,0.002098,0.002136,0.002060,0.002174,0.002136,0.002251,0.002213,0.002213,0.002327,0.002365,0.002365,0.002403,0.002403,0.002403,0.002441,0.002441,0.002480,0.002480,0.002480,0.002441,0.002480,0.002441,0.002365,0.002365,0.002327,0.002327,0.002213,0.002174,0.002213,0.002136,0.002174,0.002098,0.002060,0.002022,0.002022,0.002022,0.001907,0.001984,0.001984,0.001831,0.001907,0.001831,0.001907,0.001869,0.001831,0.001907,0.001869,0.001907,0.001907,0.001907,0.001984,0.001907,0.001945,0.001945,0.001945,0.001945,0.001907,0.001907,0.001907,0.001907,0.001869,0.001869,0.001907,0.001907,0.001907,0.001945,0.001945,0.001907,0.001869,0.001907,0.001945,0.001907,0.001945,0.001945,0.001945,0.001907,0.001869,0.001984,0.001907,0.001945,0.001945,0.001984,0.001984,0.001907,0.002022,0.001984,0.001945,0.002022,0.001984,0.002060,0.002060,0.002022,0.002022,0.002022,0.002136,0.002136,0.002174,0.002213,0.002174,0.002289,0.002251,0.002251,0.002289,0.002327,0.002327,0.002213,0.002289,0.002289,0.002251,0.002289,0.002251,0.002289,0.002251,0.002289,0.002289,0.002213,0.002213,0.002174,0.002251,0.002251,0.002174,0.002251,0.002213,0.002098,0.002136,0.002136,0.002098,0.002022,0.002098,0.002098,0.002060,0.002060,0.001984,0.002022,0.001984,0.002022,0.002022,0.002022,0.002022,0.002022,0.002060,0.002060,0.002022,0.002098,0.002060,0.002060,0.002098,0.002098,0.002136,0.002136,0.002213,0.002213,0.002174,0.002251,0.002213,0.002289,0.002251,0.002251,0.002327,0.002251,0.002289,0.002365,0.002327,0.002327,0.002289,0.002365,0.002289,0.002327,0.002327,0.002251,0.002251,0.002174,0.002174,0.002136,0.002060,0.002022,0.001984,0.002060,0.002022,0.001907,0.001945,0.001831,0.001869,0.001869,0.001869,0.001831,0.001793,0.001755,0.001869,0.001793,0.001793,0.001831,0.001755,0.001717,0.001755,0.001755,0.001717,0.001717,0.001640,0.001717,0.001755,0.001678,0.001717,0.001717,0.001755,0.001755,0.001755,0.001793,0.001717,0.001793,0.001755,0.001793,0.001831,0.001831,0.001869,0.001869,0.001907,0.001907,0.001907,0.001945,0.001945,0.001907,0.001907,0.001907,0.001984,0.001984,0.002060,0.002098,0.002098,0.002136,0.002098,0.002098,0.002174,0.002174,0.002136,0.002136,0.002136,0.002136,0.002098,0.002136,0.002060,0.002098,0.002022,0.002060,0.002098,0.002022,0.002060,0.002022,0.002060,0.002060,0.002022,0.002060,0.002022,0.002060,0.002022,0.001984,0.002098,0.002060,0.002022,0.002060,0.002060,0.002136,0.002060,0.002060,0.002098,0.002136,0.002098,0.002098,0.002098,0.002098,0.002098,0.002060,0.002022,0.002060,0.002022,0.002022,0.001984,0.001945,0.001907,0.001869,0.001907,0.001869,0.001831,0.001869,0.001793,0.001793,0.001869,0.001831,0.001793,0.001755,0.001793,0.001793,0.001831,0.001793,0.001831,0.001869,0.001869,0.001869,0.001869,0.001945,0.001945,0.001869,0.001945,0.002022,0.002022,0.002060,0.001984,0.002060,0.002060,0.002022,0.002098,0.002022,0.002136,0.002098,0.001984,0.002060,0.001945,0.002022,0.002060,0.001984,0.002022,0.002022,0.001984,0.001945,0.001945,0.001945,0.001945,0.001945,0.001984,0.001945,0.001984,0.002022,0.002022,0.002060,0.002060,0.002060,0.002060,0.002098,0.002060,0.002098,0.002174,0.002174,0.002174,0.002136,0.002174,0.002174,0.002251,0.002251,0.002174,0.002174,0.002174,0.002174,0.002174,0.002174,0.002251,0.002213,0.002213,0.002174,0.002174,0.002136,0.002136,0.002136,0.002174,0.002098,0.002098,0.002060,0.002060,0.002060,0.002060,0.002060,0.002022,0.002022,0.001984,0.001984,0.002022,0.002022,0.002060,0.002022,0.001984,0.002022,0.002022,0.002098,0.002060,0.002136,0.002098,0.002098,0.002174,0.002060,0.002136,0.002136,0.002098,0.002174,0.002174,0.002174,0.002213,0.002174,0.002251,0.002251,0.002174,0.002251,0.002213,0.002213,0.002136,0.002213,0.002213,0.002136,0.002174,0.002136,0.002174,0.002098,0.002098,0.002098,0.002060,0.002060,0.002022,0.002060,0.002060,0.001984,0.001984,0.001907,0.001869,0.001831,0.001869,0.001831,0.001831,0.001831,0.001755,0.001831,0.001793,0.001755,0.001755,0.001640,0.001640,0.001678,0.001640,0.001640,0.001640,0.001640,0.001640,0.001602,0.001678,0.001602,0.001640,0.001678,0.001640,0.001717,0.001602,0.001640,0.001640,0.001678,0.001717,0.001640,0.001678,0.001717,0.001755,0.001755,0.001678,0.001755,0.001755,0.001678,0.001717,0.001717,0.001755,0.001755,0.001793,0.001793,0.001831,0.001907,0.001907,0.001945,0.001945,0.001984,0.002060,0.002022,0.002022,0.002060,0.002060,0.002060,0.002136,0.002136,0.002098,0.002174,0.002251,0.002213,0.002289,0.002289,0.002327,0.002327,0.002289,0.002289,0.002289,0.002289,0.002289,0.002327,0.002289,0.002289,0.002289,0.002365,0.002365,0.002289,0.002289,0.002213,0.002251,0.002251,0.002174,0.002174,0.002174,0.002174,0.002174,0.002136,0.002098,0.002174,0.002136,0.002098,0.002098,0.002060,0.002060,0.002022,0.002060,0.002022,0.002022,0.002022,0.002022,0.001984,0.001945,0.001984,0.001945,0.001907,0.001945,0.001945,0.001945,0.001984,0.001984,0.001984,0.001984,0.001984,0.001907,0.001907,0.001945,0.001945,0.001945,0.001945,0.001869,0.001945,0.001907,0.001907,0.001945,0.001869,0.001907,0.001869,0.001869,0.001907,0.001869,0.001869,0.001831,0.001907,0.001945,0.001907,0.001945,0.001945,0.001945,0.001907,0.001984,0.001984,0.001945,0.002022,0.001984,0.001984,0.001984,0.001945,0.002060,0.002060,0.002022,0.002022,0.002022,0.002098,0.002098,0.002060,0.001984,0.002022,0.002022,0.002022,0.002098,0.002060,0.002022,0.002060,0.002022,0.001984,0.002060,0.002022,0.002022,0.001945,0.002060,0.001984,0.002060,0.002060,0.002022,0.002098,0.002060,0.002060,0.002098,0.002136,0.002174,0.002098,0.002098,0.002136,0.002136,0.002174,0.002136,0.002136,0.002136,0.002098,0.002136,0.002098,0.002136,0.002174,0.002136,0.002136,0.002060,0.002060,0.002098,0.002136,0.002060,0.002022,0.002022,0.002022,0.002060,0.002060,0.002022,0.002060,0.002098,0.002098,0.002098,0.002060,0.002060,0.002060,0.002060,0.002060,0.002060,0.002098,0.002060,0.002060,0.002022,0.002022,0.002022,0.001984,0.002060,0.002060,0.002022,0.001984,0.001984,0.002022,0.001984,0.001945,0.001984,0.001945,0.001945,0.001869,0.001869,0.001945,0.001869,0.001907,0.001869,0.001869,0.001869,0.001907,0.001907,0.001869,0.001907,0.001869,0.001907,0.001869,0.001869,0.001907,0.001907,0.001907,0.001907,0.001831,0.001907,0.001869,0.001831,0.001793,0.001831,0.001869,0.001869,0.001869,0.001869,0.001831,0.001869,0.001869,0.001907,0.001945,0.001907,0.001907,0.001945,0.001945,0.001984,0.001945,0.001984,0.001984,0.002098,0.002060,0.002022,0.002022,0.002022,0.002060,0.002060,0.002098,0.002098,0.002098,0.002098,0.002098,0.002136,0.002098,0.002060,0.002136,0.002098,0.002136,0.002098,0.002174,0.002098,0.002098,0.002060,0.002060,0.002098,0.002136,0.002098,0.002136,0.002136,0.002098,0.002060,0.002022,0.002098,0.002136,0.002098,0.002136,0.002098,0.002098,0.002060,0.002060,0.002060,0.002060,0.002098,0.002060,0.002098,0.002060,0.002098,0.002136,0.002060,0.002136,0.002098,0.002098,0.002136,0.002022,0.002098,0.002136,0.002136,0.002136,0.002098,0.002174,0.002136,0.002098,0.002136,0.002136,0.002174,0.002098,0.002060,0.002098,0.002098,0.002136,0.002136,0.002098,0.002060,0.002060,0.002174,0.002098,0.002060,0.002098,0.002098,0.002060,0.002098,0.002060,0.002060,0.002060,0.002060,0.002098,0.002060,0.002098,0.002098,0.002098,0.002098,0.002022,0.002098,0.002136,0.002060,0.002022,0.002022,0.002060,0.002060,0.002060,0.002098,0.002098,0.002060,0.002060,0.002098,0.002060,0.002136,0.002022,0.002060,0.002136,0.002136,0.002136,0.002136,0.002098,0.002136,0.002136,0.002060,0.002098,0.002174,0.002136,0.002060,0.002060,0.002098,0.002098,0.002136,0.002136,0.002098,0.002060,0.002098,0.002022,0.002060,0.002060,0.001984,0.002022,0.002060,0.002060,0.002060,0.001984,0.002022,0.001984,0.001984,0.001984,0.001945,0.001945,0.001945,0.001984,0.001945,0.001984,0.001984,0.001945,0.001945,0.001984,0.001945,0.001984,0.001984,0.002022,0.002022,0.002022,0.002060,0.002060,0.002060,0.002098,0.002136,0.002136,0.002136,0.002213,0.002251,0.002174,0.002136,0.002289,0.002251,0.002213,0.002289,0.002327,0.002327,0.002403,0.002327,0.002365,0.002365,0.002365,0.002365,0.002327,0.002365,0.002289,0.002251,0.002213,0.002213,0.002174,0.002098,0.002098,0.002060,0.002022,0.001984,0.001907,0.001907,0.001907,0.001869,0.001793,0.001831,0.001869,0.001755,0.001755,0.001793,0.001717,0.001755,0.001717,0.001755,0.001831,0.001755,0.001831,0.001793,0.001831,0.001831,0.001869,0.001945,0.001907,0.001907,0.002022,0.001945,0.002060,0.002098,0.002060,0.001945,0.002022,0.002022,0.001984,0.001945,0.001945,0.001984,0.001984,0.001907,0.001907,0.001869,0.001869,0.001907,0.001869,0.001945,0.001869,0.001945,0.001907,0.001984,0.002060,0.001907,0.001984,0.001984,0.001984,0.002022,0.002060,0.002060,0.002060,0.002060,0.002098,0.002136,0.002136,0.002136,0.002136,0.002213,0.002213,0.002251,0.002213,0.002213,0.002213,0.002213,0.002174,0.002174,0.002213,0.002213,0.002174,0.002213,0.002213,0.002174,0.002136,0.002174,0.002174,0.002136,0.002213,0.002174,0.002174,0.002174,0.002174,0.002251,0.002289,0.002251,0.002251,0.002251,0.002289,0.002251,0.002251,0.002289,0.002174,0.002251,0.002213,0.002251,0.002251,0.002174,0.002174,0.002098,0.002098,0.002060,0.002060,0.002098,0.002098,0.001984,0.001945,0.001945,0.001907,0.001907,0.001869,0.001831,0.001869,0.001831,0.001793,0.001793,0.001793,0.001793,0.001831,0.001717,0.001755,0.001755,0.001717,0.001717,0.001717,0.001755,0.001678,0.001755,0.001755,0.001755,0.001755,0.001755,0.001793,0.001793,0.001831,0.001831,0.001793,0.001831,0.001907,0.001907,0.001945,0.001907,0.001945,0.001945,0.002022,0.001984,0.001984,0.002060,0.001984,0.002022,0.002060,0.002022,0.002060,0.002060,0.002022,0.002022,0.002022,0.002098,0.001984,0.002060,0.002022,0.002098,0.002060,0.002060,0.002022,0.001984,0.002022,0.002022,0.002022,0.002060,0.002022,0.002022,0.002022,0.002022,0.002098,0.002136,0.002060,0.002022,0.002022,0.002060,0.002098,0.002060,0.002060,0.002098,0.002098,0.002098,0.002098,0.002098,0.002136,0.002098,0.002136,0.002174,0.002136,0.002136,0.002136,0.002174,0.002174,0.002136,0.002136,0.002098,0.002136,0.002174,0.002174,0.002136,0.002174,0.002136,0.002174,0.002136,0.002098,0.002136,0.002098,0.002098,0.002060,0.002060,0.002022,0.002022,0.001984,0.001984,0.001984,0.001945,0.001984,0.001945,0.001945,0.001907,0.001869,0.001945,0.001984,0.001945,0.001945,0.001984,0.002022,0.002022,0.002022,0.001984,0.002022,0.002060,0.002098,0.002060,0.002098,0.002022,0.002098,0.002022,0.002022,0.002022,0.001945,0.001984,0.001984,0.001984,0.001907,0.001907,0.001907,0.001869,0.001945,0.001831,0.001831,0.001831,0.001793,0.001793,0.001831,0.001793,0.001831,0.001831,0.001831,0.001869,0.001945,0.001869,0.001869,0.001907,0.001945,0.001945,0.002022,0.001984,0.002022,0.002060,0.002136,0.002098,0.002060,0.002136,0.002098,0.002060,0.002098,0.002060,0.002060,0.002060,0.002098,0.002022,0.002060,0.002022,0.002060,0.002060,0.001984,0.001984,0.001907,0.001907,0.002022,0.001945,0.001945,0.001945,0.001907,0.001945,0.001945,0.001945,0.001907,0.001945,0.001984,0.001945,0.001945,0.001945,0.001945,0.002022,0.002022,0.002060,0.002022,0.002022,0.002022,0.002022,0.002060,0.002060,0.002098,0.002098,0.002174,0.002174,0.002098,0.002174,0.002213,0.002136,0.002213,0.002174,0.002174,0.002213,0.002213,0.002213,0.002213,0.002213,0.002213,0.002251,0.002251,0.002174,0.002251,0.002213,0.002136,0.002174,0.002136,0.002136,0.002098,0.002136,0.002098,0.002022,0.002060,0.002060,0.002098,0.002060,0.001984,0.002022,0.002022,0.002022,0.001984,0.001984,0.002022,0.001945,0.002022,0.001945,0.002022,0.001984,0.001984,0.002022,0.002022,0.002060,0.001984,0.001984,0.001984,0.001907,0.001945,0.001907,0.001907,0.001869,0.001869,0.001869,0.001869,0.001831,0.001793,0.001755,0.001793,0.001793,0.001793,0.001793,0.001717,0.001755,0.001717,0.001755,0.001755,0.001755,0.001717,0.001755,0.001755,0.001831,0.001755,0.001831,0.001831,0.001831,0.001793,0.001907,0.001869,0.001831,0.001869,0.001869,0.001869,0.001907,0.001869,0.001869,0.001945,0.001907,0.001869,0.001907,0.001869,0.001831,0.001907,0.001907,0.001907,0.001869,0.001869,0.001984,0.001869,0.001869,0.001907,0.001907,0.001907,0.001945,0.001945,0.001869,0.001907,0.001945,0.001945,0.001984,0.001945,0.001984,0.002022,0.001984,0.002060,0.001984,0.002022,0.002060,0.002060,0.002098,0.002098,0.002136,0.002174,0.002136,0.002136,0.002174,0.002136,0.002136,0.002098,0.002213,0.002174,0.002136,0.002174,0.002213,0.002213,0.002251,0.002251,0.002289,0.002289,0.002365,0.002327,0.002289,0.002289,0.002327,0.002403,0.002365,0.002327,0.002289,0.002365,0.002403,0.002365,0.002327,0.002327,0.002289,0.002289,0.002251,0.002251,0.002213,0.002136,0.002174,0.002060,0.002060,0.001984,0.001984,0.001984,0.001945,0.001869,0.001831,0.001793,0.001793,0.001793,0.001755,0.001678,0.001717,0.001717,0.001755,0.001717,0.001640,0.001755,0.001717,0.001717,0.001793,0.001755,0.001755,0.001717,0.001793,0.001831,0.001793,0.001831,0.001869,0.001831,0.001793,0.001831,0.001907,0.001907,0.001907,0.001907,0.001945,0.001945,0.001945,0.001984,0.002022,0.002022,0.002060,0.002060,0.002060,0.002098,0.002136,0.002136,0.002174,0.002174,0.002136,0.002136,0.002213,0.002213,0.002174,0.002174,0.002213,0.002251,0.002174,0.002213,0.002289,0.002213,0.002289,0.002289,0.002289,0.002289,0.002251,0.002289,0.002251,0.002289,0.002251,0.002289,0.002289,0.002213,0.002213,0.002251,0.002251,0.002213,0.002213,0.002251,0.002213,0.002213,0.002251,0.002251,0.002213,0.002174,0.002213,0.002251,0.002251,0.002213,0.002213,0.002213,0.002251,0.002213,0.002136,0.002213,0.002174,0.002136,0.002098,0.002136,0.002098,0.002060,0.002136,0.002174,0.002060,0.002098,0.002136,0.002098,0.002060,0.002060,0.002022,0.002060,0.002098,0.002022,0.002022,0.002022,0.002022,0.002022,0.002022,0.001945,0.001945,0.001984,0.001984,0.001945,0.001907,0.001907,0.001907,0.001907,0.001945,0.001831,0.001869,0.001907,0.001831,0.001793,0.001869,0.001869,0.001869,0.001869,0.001907,0.001945,0.001945,0.001907,0.001869,0.001831,0.001907,0.001907,0.001869,0.001945,0.001945,0.001945,0.001945,0.001907,0.001945,0.001945,0.001945,0.001945,0.001984,0.001984,0.001984,0.001984,0.002022,0.002060,0.002022,0.002022,0.002060,0.002060,0.002098,0.002136,0.002098,0.002098,0.002098,0.002136,0.002136,0.002174,0.002174,0.002174,0.002136,0.002174,0.002213,0.002213,0.002251,0.002213,0.002251,0.002213,0.002213,0.002174,0.002174,0.002174,0.002174,0.002174,0.002213,0.002174,0.002174,0.002213,0.002174,0.002251,0.002213,0.002174,0.002174,0.002136,0.002060,0.002060,0.002136,0.002136,0.002098,0.002060,0.002098,0.002022,0.002022,0.002022,0.002022,0.002060,0.002060,0.002022,0.001984,0.002022,0.001984,0.002022,0.002022,0.002022,0.002098,0.002060,0.002060,0.002060,0.001984,0.002060,0.001984,0.002022,0.002060,0.002022,0.001984,0.001984,0.001984,0.001945,0.001945,0.001984,0.001945,0.001945,0.001945,0.001907,0.001907,0.001869,0.001869,0.001869,0.001869,0.001831,0.001831,0.001793,0.001755,0.001755,0.001831,0.001831,0.001755,0.001717,0.001755,0.001755,0.001717,0.001755,0.001755,0.001831,0.001755,0.001755,0.001793,0.001831,0.001793,0.001793,0.001869,0.001869,0.001869,0.001907,0.001907,0.001869,0.001907,0.001907,0.001945,0.002022,0.001984,0.001945,0.001984,0.002060,0.002022,0.002022,0.002022,0.002098,0.002060,0.002022,0.002060,0.002098,0.002098,0.002174,0.002136,0.002136,0.002098,0.002174,0.002174,0.002213,0.002213,0.002289,0.002289,0.002251,0.002213,0.002251,0.002213,0.002251,0.002251,0.002251,0.002251,0.002213,0.002213,0.002174,0.002213,0.002213,0.002174,0.002136,0.002174,0.002174,0.002174,0.002136,0.002136,0.002098,0.002174,0.002136,0.002098,0.002136,0.002098,0.002060,0.002098,0.002136,0.002098,0.002136,0.002060,0.002098,0.002098,0.002098,0.002060,0.002060,0.002060,0.002098,0.002098,0.002098,0.002098,0.002060,0.002022,0.002060,0.002098,0.002098,0.002098,0.002098,0.002060,0.002098,0.002136,0.002136,0.002098,0.002174,0.002098,0.002136,0.002174,0.002098,0.002098,0.002136,0.002136,0.002136,0.002136,0.002136,0.002136,0.002098,0.002136,0.002213,0.002098,0.002174,0.002136,0.002136,0.002098,0.002098,0.002098,0.002136,0.002098,0.002098,0.002022,0.002098,0.002098,0.002136,0.002174,0.002136,0.002136,0.002136,0.002136,0.002022,0.002098,0.002098,0.002098,0.002136,0.002136,0.002098,0.002174,0.002098,0.002174,0.002174,0.002136,0.002136,0.002098,0.002098,0.002136,0.002213,0.002136,0.002136,0.002136,0.002098,0.002136,0.002174,0.002213,0.002174,0.002174,0.002098,0.002136,0.002136,0.002098,0.002022,0.002060,0.002060,0.002136,0.002060,0.001945,0.001984,0.002022,0.002022,0.001945,0.001984,0.001945,0.001907,0.001907,0.001907,0.001869,0.001831,0.001831,0.001831,0.001793,0.001793,0.001793,0.001793,0.001793,0.001755,0.001793,0.001793,0.001717,0.001755,0.001755,0.001793,0.001793,0.001793,0.001755,0.001755,0.001793,0.001793,0.001793,0.001831,0.001831,0.001831,0.001907,0.001907,0.001907,0.001907,0.002022,0.002022,0.002060,0.002060,0.002060,0.002136,0.002098,0.002174,0.002213,0.002213,0.002174,0.002136,0.002213,0.002174,0.002213,0.002174,0.002136,0.002060,0.002060,0.002174,0.002136,0.002136,0.002060,0.002098,0.002060,0.002098,0.002060,0.002060,0.002098,0.002060,0.002060,0.002060,0.002022,0.002022,0.002060,0.002022,0.002098,0.002136,0.002060,0.002136,0.002136,0.002098,0.002136,0.002136,0.002136,0.002174,0.002213,0.002174,0.002174,0.002174,0.002174,0.002174,0.002174,0.002174,0.002174,0.002098,0.002060,0.002060,0.001984,0.001984,0.001945,0.001945,0.001907,0.001869,0.001869,0.001793,0.001755,0.001755,0.001678,0.001717,0.001717,0.001678,0.001640,0.001640,0.001602,0.001678,0.001717,0.001717,0.001793,0.001755,0.001793,0.001755,0.001755,0.001831,0.001831,0.001869,0.001907,0.001869,0.001907,0.001945,0.001984,0.001945,0.001945,0.001984,0.001907,0.001984,0.001945,0.001984,0.001984,0.001945,0.001945,0.001945,0.002022,0.001984,0.001907,0.001945,0.001945,0.002022,0.002022,0.001945,0.001945,0.001984,0.002022,0.002022,0.002098,0.002098,0.002136,0.002098,0.002060,0.002098,0.002213,0.002136,0.002136,0.002174,0.002213,0.002174,0.002251,0.002251,0.002213,0.002251,0.002251,0.002213,0.002213,0.002174,0.002174,0.002136,0.002174,0.002174,0.002174,0.002136,0.002098,0.002060,0.002098,0.002060,0.002060,0.002060,0.002098,0.002098,0.002060,0.002098,0.002060,0.002060,0.002060,0.002060,0.002098,0.002098,0.002022,0.002060,0.002098,0.002098,0.002060,0.002060,0.002098,0.002060,0.002022,0.002022,0.002060,0.001984,0.001984,0.002060,0.001984,0.001984,0.001984,0.001984,0.002022,0.001984,0.001984,0.001945,0.001945,0.001984,0.001945,0.001984,0.001945,0.001945,0.001945,0.001945,0.001984,0.001907,0.001984,0.001945,0.002060,0.001984,0.002022,0.002022,0.001984,0.001984,0.001984,0.001984,0.002022,0.002022,0.002022,0.002022,0.002060,0.002022,0.001984,0.002060,0.002022,0.002098,0.002060,0.002098,0.002098,0.002098,0.002060,0.002060,0.002098,0.002060,0.002060,0.002098,0.002022,0.002060,0.002022,0.002098,0.002136,0.002098,0.002060,0.002022,0.002022,0.002098,0.002022,0.002060,0.002060,0.002060,0.002022,0.002022,0.002022,0.001984,0.002022,0.001984,0.001945,0.001984,0.001907,0.001907,0.001984,0.001945,0.001907,0.001907,0.001907,0.001945,0.001907,0.001945,0.001907,0.001869,0.001869,0.001907,0.001869,0.001907,0.001945,0.001907,0.001907,0.001945,0.001984,0.001984,0.001945,0.001984,0.001945,0.001945,0.001907,0.001907,0.001984,0.001945,0.001945,0.001945,0.001907,0.001945,0.001945,0.001945,0.001945,0.001869,0.001945,0.001945,0.001907,0.001984,0.001945,0.001984,0.001984,0.002060,0.002022,0.001984,0.002022,0.002098,0.002060,0.002060,0.002060,0.002098,0.002098,0.002060,0.002022,0.002060,0.002022,0.002022,0.001984,0.001945,0.002022,0.002060,0.002022,0.002022,0.002022,0.001984,0.001984,0.001945,0.002022,0.001945,0.001984,0.001945,0.001945,0.001984,0.001984,0.001984,0.001945,0.002022,0.002022,0.001945,0.001984,0.002060,0.002022,0.002060,0.002060,0.002060,0.002060,0.002136,0.002136,0.002213,0.002174,0.002174,0.002174,0.002174,0.002174,0.002174,0.002174,0.002213,0.002213,0.002213,0.002213,0.002174,0.002136,0.002174,0.002136,0.002098,0.002098,0.002136,0.002098,0.002136,0.002098,0.002098,0.002136,0.002060,0.002060,0.002060,0.002136,0.002136,0.002060,0.002022,0.001945,0.002060,0.002060,0.002022,0.002060,0.002022,0.002022,0.001945,0.002022,0.002022,0.001945,0.001945,0.001984,0.001945,0.001945,0.001945,0.001945,0.001945,0.001945,0.001907,0.001907,0.001907,0.001907,0.001907,0.001869,0.001907,0.001945,0.001907,0.001945,0.001907,0.001907,0.001907,0.001831,0.001869,0.001907,0.001907,0.001869,0.001869,0.001907,0.001869,0.001945,0.001869,0.001831,0.001869,0.001907,0.001984,0.001907,0.001831,0.001869,0.001907,0.001907,0.001945,0.001945,0.001945,0.001945,0.001945,0.001907,0.001984,0.001984,0.001945,0.001984,0.001945,0.002022,0.002060,0.002098,0.002098,0.002022,0.002060,0.002060,0.002098,0.002060,0.002060,0.002098,0.002098,0.002136,0.002213,0.002136,0.002174,0.002213,0.002289,0.002174,0.002213,0.002251,0.002251,0.002289,0.002213,0.002213,0.002251,0.002251,0.002289,0.002213,0.002213,0.002174,0.002213,0.002251,0.002174,0.002136,0.002136,0.002060,0.002098,0.002136,0.002136,0.002098,0.002060,0.002060,0.002098,0.002098,0.002060,0.002060,0.002136,0.002060,0.002098,0.002098,0.002136,0.002060,0.002060,0.002098,0.002060,0.002060,0.002022,0.002060,0.002060,0.002098,0.002098,0.002022,0.002098,0.002060,0.002098,0.002098,0.002136,0.002098,0.002060,0.002136,0.002098,0.002060,0.002060,0.002098,0.002098,0.002098,0.002060,0.002098,0.002060,0.002098,0.002060,0.002022,0.001984,0.001984,0.001907,0.001907,0.001831,0.001831,0.001793,0.001907,0.001831,0.001831,0.001831,0.001793,0.001793,0.001869,0.001907,0.001945,0.001869,0.001945,0.001984,0.002060,0.002098,0.002098,0.002174,0.002213,0.002289,0.002289,0.002251,0.002327,0.002251,0.002251,0.002327,0.002289,0.002289,0.002251,0.002327,0.002251,0.002174,0.002174,0.002136,0.002060,0.002022,0.001984,0.001945,0.001907,0.001945,0.001907,0.001831,0.001793,0.001793,0.001869,0.001793,0.001831,0.001907,0.001907,0.001907,0.001869,0.001945,0.001984,0.001984,0.002098,0.002022,0.002060,0.002060,0.002136,0.002136,0.002098,0.002136,0.002060,0.002098,0.002136,0.002136,0.002136,0.002098,0.002060,0.002136,0.002136,0.002098,0.002060,0.002098,0.002098,0.002098,0.002136,0.002098,0.002098,0.002098,0.002174,0.002098,0.002098,0.002174,0.002136,0.002174,0.002136,0.002098,0.002174,0.002136,0.002174,0.002136,0.002098,0.002136,0.002136,0.002174,0.002136,0.002174,0.002136,0.002136,0.002174,0.002136,0.002098,0.002136,0.002136,0.002136,0.002098,0.002098,0.002098,0.002098,0.002098,0.002098,0.002098,0.002060,0.002060,0.002060,0.002060,0.002060,0.002060,0.002098,0.002098,0.002098,0.002060,0.002060,0.002098,0.002060,0.002022,0.002022,0.002022,0.002022,0.002022,0.002022,0.001984,0.001984,0.002022,0.001945,0.001984,0.001984,0.001945,0.001945,0.001945,0.001945,0.001831,0.001907,0.001907,0.001907,0.001984,0.001984,0.001984,0.001984,0.001984,0.002022,0.001984,0.001984,0.001984,0.002060,0.002060,0.002022,0.002098,0.002060,0.002098,0.002060,0.002060,0.002060,0.002098,0.002098,0.002060,0.002060,0.002060,0.001984,0.002022,0.002022,0.001984,0.002060,0.001984,0.001984,0.002022,0.002022,0.001984,0.001984,0.002060,0.001984,0.002060,0.002060,0.001945,0.001984,0.001984,0.002022,0.001984,0.002022,0.002060,0.002060,0.002060,0.002022,0.002098,0.002022,0.002060,0.002022,0.002022,0.002022,0.002060,0.002022,0.002060,0.002022,0.002022,0.002022,0.002060,0.002060,0.001984,0.002060,0.002060,0.001984,0.002022,0.001984,0.002060,0.002098,0.002098,0.002060,0.002098,0.002098,0.002060,0.002098,0.002060,0.002136,0.002136,0.002060,0.002098,0.002098,0.002136,0.002136,0.002098,0.002136,0.002022,0.002060,0.002098,0.002060,0.002060,0.002022,0.002022,0.002022,0.002022,0.002060,0.002060,0.001984,0.001984,0.002022,0.002022,0.001984,0.001984,0.001907,0.001984,0.002022,0.001984,0.001984,0.001945,0.001945,0.001907,0.001945,0.001945,0.001945,0.001907,0.001945,0.001945,0.001945,0.001907,0.001984,0.001907,0.001945,0.001945,0.001984,0.002022,0.001984,0.001984,0.001945,0.001945,0.001945,0.001984,0.002022,0.001984,0.001945,0.001984,0.001984,0.002098,0.002060,0.001984,0.002022,0.002022,0.002098,0.001984,0.002060,0.002060,0.002060,0.002136,0.002060,0.002098,0.002098,0.002060,0.002136,0.002098,0.002136,0.002098,0.002136,0.002174,0.002174,0.002098,0.002136,0.002174,0.002136,0.002060,0.002136,0.002136,0.002136,0.002136,0.002098,0.002136,0.002098,0.002136,0.002060,0.002060,0.002060,0.002022,0.001984,0.001984,0.002022,0.002022,0.002022,0.001945,0.001945,0.001984,0.001945,0.001945,0.002022,0.001945,0.001945,0.001907,0.001907,0.001945,0.001907,0.001907,0.001907,0.001945,0.001907,0.001907,0.001869,0.001831,0.001907,0.001907,0.001869,0.001869,0.001831,0.001869,0.001907,0.001869,0.001907,0.001831,0.001869,0.001793,0.001869,0.001869,0.001907,0.001907,0.001831,0.001869,0.001945,0.001907,0.001945,0.001984,0.001984,0.001907,0.001945,0.002022,0.002022,0.002022,0.002022,0.002060,0.002060,0.002022,0.002060,0.002098,0.002136,0.002136,0.002136,0.002098,0.002060,0.002098,0.002098,0.002136,0.002174,0.002136,0.002174,0.002098,0.002098,0.002060,0.002098,0.002060,0.002060,0.002098,0.002060,0.002098,0.002022,0.001984,0.001945,0.001984,0.002022,0.001984,0.001907,0.001869,0.001869,0.001869,0.001831,0.001793,0.001831,0.001793,0.001793,0.001755,0.001717,0.001755,0.001678,0.001755,0.001717,0.001717,0.001717,0.001755,0.001793,0.001793,0.001869,0.001907,0.001869,0.001907,0.001945,0.002022,0.001984,0.002022,0.002060,0.002060,0.002136,0.002098,0.002098,0.002098,0.002136,0.002174,0.002136,0.002136,0.002174,0.002098,0.002098,0.002060,0.002098,0.002098,0.002136,0.002136,0.002098,0.002136,0.002136,0.002136,0.002136,0.002174,0.002213,0.002174,0.002136,0.002174,0.002213,0.002174,0.002098,0.002174,0.002174,0.002213,0.002213,0.002251,0.002251,0.002213,0.002213,0.002213,0.002174,0.002213,0.002136,0.002174,0.002174,0.002174,0.002136,0.002060,0.002060,0.002136,0.002022,0.002060,0.002060,0.002022,0.001945,0.002022,0.002022,0.002060,0.001984,0.001945,0.001984,0.001945,0.001945,0.001984,0.001945,0.001945,0.001984,0.001945,0.001984,0.001945,0.002060,0.001984,0.001945,0.001907,0.001907,0.001907,0.001907,0.001907,0.001869,0.001907,0.001945,0.001869,0.001984,0.001945,0.001984,0.001984,0.002022,0.002022,0.002022,0.002060,0.002022,0.002022,0.002022,0.001984,0.002022,0.001984,0.001984,0.001907,0.001869,0.001869,0.001793,0.001793,0.001755,0.001755,0.001755,0.001717,0.001678,0.001717,0.001717,0.001755,0.001678,0.001755,0.001793,0.001831,0.001831,0.001793,0.001869,0.001869,0.001869,0.001869,0.001793,0.001907,0.001907,0.001869,0.001793,0.001831,0.001793,0.001755,0.001755,0.001717,0.001755,0.001793,0.001793,0.001793,0.001755,0.001793,0.001831,0.001793,0.001869,0.001907,0.001907,0.001945,0.001984,0.001945,0.001945,0.001945,0.001907,0.001869,0.001907,0.001907,0.001945,0.001945,0.001945,0.001984,0.001984,0.001945,0.001945,0.002022,0.001984,0.001984,0.002022,0.002060,0.002060,0.002098,0.002136,0.002136,0.002136,0.002213,0.002098,0.002251,0.002327,0.002251,0.002251,0.002251,0.002289,0.002251,0.002289,0.002327,0.002251,0.002251,0.002174,0.002213,0.002213,0.002136,0.002098,0.002136,0.002098,0.002098,0.002060,0.002060,0.001907,0.002022,0.001945,0.001907,0.001945,0.001869,0.001907,0.001945,0.001945,0.001945,0.001907,0.001945,0.001945,0.001945,0.001907,0.001984,0.002022,0.002060,0.002060,0.002060,0.002136,0.002098,0.002060,0.002136,0.002174,0.002136,0.002174,0.002098,0.002174,0.002136,0.002136,0.002098,0.002098,0.002136,0.002098,0.002060,0.002022,0.002060,0.002060,0.002060,0.002098,0.002098,0.002022,0.002022,0.002022,0.002060,0.002022,0.002022,0.002022,0.002060,0.002098,0.002098,0.002098,0.002098,0.002098,0.002060,0.002022,0.002098,0.002098,0.002136,0.002098,0.002098,0.002098,0.002060,0.002098,0.002060,0.002060,0.002060,0.002022,0.002098,0.002060,0.002060,0.001984,0.002060,0.002098,0.002060,0.002022,0.001984,0.001984,0.002060,0.001984,0.002022,0.002060,0.002136,0.002098,0.002060,0.002098,0.002098,0.002098,0.002022,0.002098,0.002136,0.002060,0.002060,0.002060,0.002060,0.002098,0.002060,0.002098,0.002098,0.002022,0.002022,0.001984,0.002060,0.002022,0.002022,0.002022,0.002022,0.002022,0.001945,0.002022,0.001984,0.001984,0.002060,0.002022,0.002022,0.002060,0.002060,0.002060,0.002060,0.002136,0.002098,0.002098,0.002060,0.002060,0.002060,0.002022,0.002098,0.002098,0.002060,0.002022,0.002060,0.002098,0.002060,0.002060,0.002060,0.002098,0.002098,0.002136,0.002060,0.002022,0.002060,0.002136,0.002022,0.002060,0.002060,0.002060,0.002060,0.002022,0.002060,0.002022,0.002060,0.002022,0.001984,0.001984,0.002098,0.002060,0.002022,0.002022,0.001945,0.001945,0.002060,0.002022,0.001984,0.002022,0.002022,0.002060,0.001984,0.002022,0.002022,0.001984,0.001984,0.001945,0.001945,0.001907,0.001984,0.001945,0.001907,0.001907,0.001869,0.001945,0.001907,0.001869,0.001907,0.001869,0.001869,0.001907,0.001869,0.001869,0.001907,0.001945,0.001869,0.001945,0.002022,0.002022,0.002022,0.001984,0.002060,0.002098,0.002060,0.002098,0.002098,0.002098,0.002098,0.002098,0.002098,0.002174,0.002213,0.002174,0.002213,0.002174,0.002174,0.002251,0.002174,0.002213,0.002213,0.002251,0.002251,0.002213,0.002251,0.002251,0.002213,0.002174,0.002174,0.002136,0.002174,0.002174,0.002060,0.002136,0.002174,0.002136,0.002098,0.002098,0.002022,0.002098,0.002098,0.002060,0.002060,0.002060,0.002060,0.002060,0.002098,0.002060,0.002098,0.002098,0.002136,0.002098,0.002060,0.002098,0.002098,0.002098,0.002136,0.002136,0.002174,0.002174,0.002174,0.002174,0.002174,0.002174,0.002136,0.002174,0.002136,0.002213,0.002174,0.002213,0.002213,0.002174,0.002174,0.002213,0.002213,0.002174,0.002174,0.002136,0.002136,0.002136,0.002174,0.002098,0.002098,0.002060,0.002060,0.001984,0.002022,0.001984,0.001945,0.001945,0.001945,0.001869,0.001907,0.001831,0.001831,0.001869,0.001831,0.001869,0.001831,0.001793,0.001793,0.001755,0.001793,0.001793,0.001793,0.001793,0.001793,0.001793,0.001793,0.001793,0.001869,0.001907,0.001869,0.001945,0.001984,0.001945,0.001984,0.002022,0.002022,0.002060,0.002098,0.002136,0.002174,0.002174,0.002213,0.002213,0.002213,0.002213,0.002251,0.002174,0.002251,0.002213,0.002213,0.002251,0.002174,0.002174,0.002174,0.002174,0.002174,0.002136,0.002174,0.002136,0.002098,0.002098,0.002098,0.002060,0.002022,0.002060,0.002060,0.002022,0.002098,0.002022,0.002060,0.002060,0.002136,0.002098,0.002060,0.002136,0.002098,0.002098,0.002136,0.002136,0.002136,0.002098,0.002174,0.002136,0.002174,0.002136,0.002174,0.002174,0.002213,0.002251,0.002213,0.002174,0.002213,0.002213,0.002213,0.002213,0.002174,0.002213,0.002174,0.002136,0.002136,0.002136,0.002174,0.002174,0.002213,0.002136,0.002098,0.002098,0.002174,0.002098,0.002060,0.002060,0.002022,0.002098,0.002136,0.002136,0.002136,0.002060,0.002098,0.002136,0.002174,0.002174,0.002136,0.002174,0.002136,0.002098,0.002136,0.002060,0.002060,0.002098,0.002136,0.002136,0.002098,0.002060,0.001984,0.002098,0.002022,0.001984,0.001984,0.001984,0.001984,0.001945,0.001945,0.001945,0.001907,0.001945,0.001907,0.001945,0.001907,0.001907,0.001984,0.001945,0.001907,0.001831,0.001907,0.001945,0.001945,0.001907,0.001907,0.001984,0.001869,0.001869,0.001907,0.001945,0.001945,0.001945,0.001984,0.002022,0.001907,0.001907,0.001945,0.001945,0.001945,0.001984,0.001984,0.001984,0.002022,0.001945,0.001945,0.002022,0.001945,0.001984,0.001945,0.001984,0.001945,0.001945,0.001945,0.001907,0.001945,0.001907,0.001869,0.001907,0.001869,0.001907,0.001869,0.001907,0.001907,0.001831,0.001869,0.001945,0.001907,0.001945,0.001945,0.001945,0.001984,0.001984,0.001945,0.001945,0.002022,0.002022,0.002060,0.002060,0.001984,0.002022,0.002060,0.002022,0.002060,0.002022,0.002022,0.002022,0.002060,0.002022,0.002022,0.001984,0.001984,0.002098,0.002060,0.002022,0.001984,0.002022,0.002060,0.002022,0.001984,0.001945,0.001945,0.002022,0.001945,0.001945,0.001984,0.001945,0.001945,0.002022,0.001907,0.001907,0.001984,0.001869,0.001945,0.001907,0.001907,0.001907,0.001945,0.001945,0.001907,0.001945,0.001945,0.001945,0.001945,0.001907,0.001945,0.001945,0.001869,0.001869,0.001945,0.001907,0.001945,0.001984,0.002022,0.001945,0.001984,0.002022,0.001984,0.001984,0.001984,0.001945,0.001945,0.001984,0.001984,0.002060,0.002022,0.002022,0.002022,0.002060,0.002060,0.002060,0.001984,0.002022,0.002022,0.002022,0.002060,0.002022,0.002022,0.002060,0.002060,0.002022,0.002022,0.002060,0.001984,0.002022,0.001984,0.002022,0.001984,0.002022,0.002022,0.002022,0.002022,0.001945,0.002022,0.002022,0.002022,0.002022,0.002060,0.002098,0.002022,0.002060,0.002098,0.002060,0.002060,0.002022,0.002060,0.002060,0.002098,0.002060,0.002098,0.002098,0.002098,0.002060,0.002060,0.002060,0.002060,0.002060,0.002098,0.002136,0.002174,0.002060,0.002136,0.002136,0.002136,0.002136,0.002174,0.002174,0.002174,0.002136,0.002174,0.002174,0.002213,0.002174,0.002213,0.002213,0.002251,0.002213,0.002213,0.002174,0.002213,0.002136,0.002174,0.002174,0.002136,0.002098,0.002098,0.002098,0.002098,0.002098,0.002098,0.002060,0.001984,0.002022,0.001984,0.001945,0.001945,0.001945,0.001984,0.001984,0.001945,0.001945,0.001907,0.001945,0.001907,0.001907,0.001907,0.001907,0.001907,0.001945,0.001907,0.001831,0.001869,0.001907,0.001907,0.001907,0.001869,0.001907,0.001945,0.001907,0.001869,0.001907,0.001907,0.001945,0.001945,0.001907,0.001945,0.001869,0.001907,0.001907,0.001907,0.001907,0.001869,0.001907,0.001869,0.001945,0.002022,0.001945,0.001945,0.001945,0.002022,0.002022,0.001984,0.001945,0.001907,0.001907,0.001984,0.001984,0.001984,0.001945,0.002022,0.001984,0.001984,0.001984,0.001984,0.001984,0.001907,0.001907,0.001984,0.001945,0.002022,0.001984,0.001984,0.002022,0.002022,0.002060,0.002060,0.001984,0.002022,0.002060,0.002098,0.002098,0.002098,0.002060,0.002098,0.002098,0.002022,0.002098,0.002174,0.002060,0.002098,0.002174,0.002136,0.002174,0.002060,0.002098,0.002098,0.002098,0.002022,0.002060,0.002060,0.001984,0.001945,0.002022,0.001945,0.001945,0.001907,0.001945,0.001907,0.001869,0.001831,0.001793,0.001793,0.001755,0.001755,0.001717,0.001755,0.001755,0.001755,0.001717,0.001755,0.001793,0.001793,0.001755,0.001793,0.001831,0.001793,0.001869,0.001831,0.001793,0.001831,0.001869,0.001869,0.001831,0.001907,0.001869,0.001907,0.001945,0.001907,0.001907,0.001907,0.001869,0.001831,0.001831,0.001831,0.001831,0.001793,0.001793,0.001755,0.001793,0.001793,0.001755,0.001793,0.001755,0.001793,0.001755,0.001755,0.001793,0.001755,0.001717,0.001755,0.001793,0.001793,0.001793,0.001793,0.001793,0.001831,0.001869,0.001907,0.001907,0.001945,0.001984,0.001984,0.001945,0.001945,0.002022,0.002060,0.002098,0.002060,0.002136,0.002174,0.002098,0.002174,0.002213,0.002213,0.002136,0.002213,0.002213,0.002213,0.002251,0.002289,0.002251,0.002289,0.002289,0.002365,0.002403,0.002365,0.002403,0.002365,0.002403,0.002441,0.002441,0.002441,0.002480,0.002441,0.002441,0.002441,0.002403,0.002441,0.002480,0.002480,0.002480,0.002441,0.002441,0.002480,0.002441,0.002441,0.002365,0.002403,0.002403,0.002365,0.002403,0.002403,0.002327,0.002289,0.002327,0.002251,0.002251,0.002289,0.002213,0.002213,0.002174,0.002136,0.002174,0.002213,0.002136,0.002060,0.002060,0.002060,0.002060,0.002022,0.002098,0.002060,0.002060,0.002060,0.002022,0.002022,0.002060,0.001984,0.002022,0.002060,0.002060,0.002022,0.002060,0.002060,0.002022,0.001984,0.002022,0.001984,0.001984,0.002022,0.001984,0.002022,0.001984,0.001984,0.001984,0.001945,0.001945,0.001945,0.001945,0.001945,0.001907,0.001869,0.001831,0.001793,0.001831,0.001831,0.001831,0.001793,0.001831,0.001755,0.001793,0.001869,0.001869,0.001755,0.001793,0.001755,0.001793,0.001831,0.001793,0.001869,0.001793,0.001831,0.001869,0.001869,0.001831,0.001831,0.001793,0.001869,0.001831,0.001907,0.001907,0.001907,0.002022,0.001907,0.001984,0.001984,0.002022,0.001945,0.001945,0.002022,0.001984,0.002022,0.001984,0.001984,0.001984,0.001945,0.001984,0.001984,0.001945,0.001907,0.001869,0.001945,0.002022,0.001945,0.001945,0.002022,0.001945,0.001984,0.001984,0.001984,0.002022,0.001984,0.001984,0.002022,0.001984,0.002022,0.001984,0.002022,0.002098,0.002022,0.002022,0.002060,0.002098,0.002060,0.002060,0.002022,0.002098,0.002060,0.002022,0.002098,0.002098,0.002098,0.002136,0.002060,0.002098,0.002022,0.002098,0.002098,0.002060,0.002098,0.002060,0.002060,0.002098,0.002060,0.002022,0.002098,0.002060,0.002060,0.002022,0.002098,0.002136,0.002098,0.002136,0.002060,0.002098,0.002098,0.002060,0.002098,0.002174,0.002136,0.002174,0.002174,0.002174,0.002136,0.002136,0.002136,0.002174,0.002174,0.002174,0.002136,0.002136,0.002174,0.002136,0.002136,0.002136,0.002136,0.002136,0.002136,0.002136,0.002022,0.002060,0.002136,0.002060,0.002136,0.002098,0.002098,0.002098,0.002098,0.002098,0.002060,0.002022,0.002060,0.002098,0.002060,0.002136,0.002098,0.002136,0.002060,0.002098,0.002098,0.002136,0.002098,0.002136,0.002098,0.002098,0.002136,0.002098,0.002098,0.002098,0.002098,0.002098,0.002136,0.002060,0.002098,0.002060,0.002098,0.002098,0.002098,0.002098,0.002098,0.002060,0.002098,0.002060,0.002060,0.002098,0.002060,0.002022,0.002060,0.002060,0.002060,0.002060,0.002060,0.002060,0.002098,0.002060,0.002060,0.002060,0.002098,0.002060,0.002060,0.002098,0.002060,0.002060,0.002022,0.002022,0.002022,0.002060,0.002060,0.002022,0.002022,0.002022,0.002022,0.002022,0.002060,0.001984,0.002022,0.002022,0.001984,0.001984,0.002022,0.001984,0.001984,0.001984,0.002022,0.002060,0.001945,0.002022,0.001984,0.001984,0.001945,0.001984,0.001945,0.001984,0.001984,0.001984,0.001984,0.002022,0.001945,0.001984,0.002060,0.002022,0.002060,0.002098,0.002098,0.002022,0.002098,0.002060,0.002098,0.002136,0.002098,0.002098,0.002098,0.002174,0.002174,0.002136,0.002136,0.002136,0.002136,0.002174,0.002213,0.002213,0.002174,0.002213,0.002136,0.002174,0.002213,0.002174,0.002213,0.002213,0.002174,0.002174,0.002213,0.002136,0.002174,0.002136,0.002098,0.002136,0.002098,0.002098,0.002136,0.002098,0.002098,0.002060,0.002060,0.002060,0.002098,0.002098,0.002060,0.002022,0.002060,0.002022,0.002022,0.001945,0.001984,0.001945,0.001945,0.001907,0.001907,0.001869,0.001869,0.001831,0.001907,0.001907,0.001831,0.001869,0.001869,0.001869,0.001831,0.001831,0.001869,0.001831,0.001793,0.001793,0.001869,0.001907,0.001869,0.001907,0.001907,0.001945,0.001907,0.001945,0.001984,0.001984,0.001984,0.002022,0.002022,0.002022,0.001984,0.002022,0.002022,0.002060,0.002098,0.002098,0.002060,0.002098,0.002098,0.002060,0.002060,0.002098,0.002098,0.002098,0.002060,0.002060,0.002060,0.002060,0.002098,0.002060,0.002060,0.002060,0.002022,0.002022,0.002060,0.002098,0.002060,0.002022,0.001984,0.001984,0.001984,0.001945,0.001984,0.002022,0.001907,0.001945,0.001984,0.001984,0.002022,0.001984,0.001984,0.002022,0.002022,0.002022,0.002022,0.002060,0.001984,0.002022,0.002022,0.001984,0.002022,0.002022,0.002060,0.002022,0.001945,0.001984,0.002022,0.002022,0.001984,0.001907,0.001907,0.001945,0.002022,0.001945,0.001945,0.001984,0.001945,0.001907,0.001907,0.001945,0.001907,0.001907,0.001907,0.001945,0.001907,0.001945,0.001907,0.001945,0.002022,0.002098,0.002022,0.002022,0.001984,0.002022,0.002060,0.002060,0.002060,0.002022,0.002060,0.002060,0.002098,0.002060,0.002098,0.002098,0.002098,0.002098,0.002098,0.002060,0.002060,0.002098,0.002098,0.002098,0.002060,0.002060,0.002098,0.002098,0.002060,0.002022,0.002022,0.002098,0.002098,0.002060,0.002136,0.002098,0.002060,0.002098,0.002098,0.002098,0.002060,0.002136,0.002098,0.002098,0.002136,0.002136,0.002098,0.002136,0.002098,0.002098,0.002098,0.002060,0.002022,0.002022,0.002060,0.002060,0.002022,0.001984,0.002022,0.002060,0.001945,0.001984,0.002022,0.002022,0.002022,0.001945,0.001984,0.001945,0.001984,0.001984,0.002022,0.001984,0.001984,0.001945,0.002022,0.001945,0.001945,0.001945,0.001984,0.001945,0.001907,0.001984,0.001945,0.001945,0.001907,0.001907,0.001907,0.001907,0.001869,0.001945,0.001945,0.001907,0.001984,0.001984,0.001945,0.001945,0.001907,0.001869,0.001907,0.001945,0.001984,0.001907,0.001984,0.001907,0.001945,0.002022,0.001945,0.001945,0.001945,0.001984,0.001984,0.001945,0.002022,0.002022,0.001984,0.002022,0.001945,0.002022,0.002098,0.002022,0.001984,0.002022,0.001984,0.002060,0.001984,0.001945,0.001984,0.002022,0.002022,0.001984,0.002022,0.002022,0.001984,0.001984,0.002022,0.001984,0.001984,0.002022,0.002060,0.002060,0.002022,0.002060,0.002060,0.002022,0.002060,0.001984,0.001984,0.002022,0.002022,0.002060,0.002022,0.002098,0.002022,0.001984,0.002022,0.001984,0.002022,0.001945,0.001945,0.001945,0.001945,0.001984,0.001945,0.001907,0.001869,0.001869,0.001869,0.001869,0.001831,0.001793,0.001793,0.001831,0.001831,0.001869,0.001793,0.001755,0.001717,0.001755,0.001755,0.001755,0.001793,0.001831,0.001793,0.001717,0.001755,0.001831,0.001793,0.001869,0.001869,0.001869,0.001869,0.001907,0.001984,0.001984,0.001945,0.001984,0.002022,0.002022,0.002022,0.002022,0.002060,0.002060,0.002060,0.002022,0.002060,0.002098,0.002060,0.002098,0.002060,0.002060,0.001984,0.002060,0.002060,0.001984,0.002022,0.002022,0.002060,0.002022,0.002022,0.002022,0.002022,0.002060,0.001984,0.002060,0.002060,0.002060,0.002022,0.002022,0.002022,0.002022,0.002022,0.001984,0.001984,0.002022,0.001984,0.001984,0.002060,0.002022,0.001984,0.001984,0.001984,0.001984,0.002060,0.002022,0.002022,0.002060,0.002098,0.002060,0.002060,0.002098,0.002060,0.002022,0.002098,0.002098,0.002136,0.002136,0.002098,0.002136,0.002060,0.002136,0.002098,0.002098,0.002098,0.002098,0.002022,0.002060,0.002098,0.002136,0.002098,0.002098,0.002022,0.002060,0.002060,0.002060,0.002022,0.002022,0.002022,0.002022,0.002022,0.001984,0.002022,0.002060,0.002022,0.001945,0.001984,0.002022,0.001945,0.002060,0.001907,0.001945,0.001984,0.001984,0.001907,0.001907,0.001945,0.001907,0.001945,0.001907,0.001869,0.001907,0.001869,0.001907,0.001945,0.001945,0.001945,0.001907,0.001945,0.001907,0.001945,0.001945,0.001984,0.001907,0.001907,0.001984,0.001945,0.001984,0.001945,0.001869,0.001984,0.001907,0.001945,0.001945,0.001984,0.001984,0.001984,0.001945,0.001984,0.001984,0.001984,0.001945,0.001945,0.001945,0.001945,0.001945,0.001984,0.002022,0.001984,0.002022,0.002022,0.002022,0.001945,0.001945,0.001945,0.001984,0.002022,0.002022,0.002022,0.001984,0.001984,0.001984,0.001945,0.001984,0.001984,0.001984,0.001984,0.002022,0.002060,0.001984,0.002022,0.002060,0.002022,0.002022,0.002022,0.002060,0.002022,0.001984,0.002098,0.002022,0.002060,0.002060,0.002022,0.002022,0.002022,0.002098,0.002060,0.002174,0.002098,0.002136,0.002136,0.002174,0.002136,0.002098,0.002098,0.002136,0.002213,0.002174,0.002251,0.002213,0.002251,0.002213,0.002213,0.002289,0.002251,0.002251,0.002289,0.002213,0.002251,0.002213,0.002174,0.002174,0.002213,0.002213,0.002213,0.002213,0.002213,0.002174,0.002136,0.002174,0.002174,0.002174,0.002136,0.002136,0.002136,0.002060,0.002136,0.002022,0.002060,0.002022,0.002022,0.002022,0.001984,0.001984,0.001945,0.002060,0.001945,0.001984,0.001945,0.001945,0.001945,0.001984,0.002022,0.001945,0.001984,0.001984,0.001984,0.002060,0.002060,0.001984,0.001984,0.002060,0.002022,0.002022,0.002022,0.002022,0.002022,0.002022,0.002022,0.001984,0.001945,0.002060,0.002060,0.002098,0.002060,0.002060,0.002060,0.002060,0.002098,0.002098,0.002098,0.002136,0.002060,0.002098,0.002098,0.002098,0.002174,0.002136,0.002136,0.002174,0.002174,0.002136,0.002174,0.002213,0.002174,0.002174,0.002174,0.002213,0.002213,0.002213,0.002136,0.002136,0.002174,0.002174,0.002136,0.002136,0.002174,0.002136,0.002022,0.002098,0.002098,0.002098,0.002022,0.002022,0.002022,0.002022,0.002022,0.001945,0.002022,0.001984,0.001984,0.001984,0.001945,0.001984,0.001907,0.001869,0.001869,0.001945,0.001945,0.001907,0.001984,0.001945,0.001945,0.001945,0.001945,0.001984,0.001907,0.001907,0.001907,0.001945,0.001945,0.001907,0.001945,0.001945,0.001984,0.001984,0.001945,0.001984,0.001984,0.002022,0.001984,0.002060,0.002022,0.002060,0.002098,0.002098,0.002136,0.002098,0.002060,0.002136,0.002060,0.002060,0.002098,0.002174,0.002174,0.002174,0.002136,0.002136,0.002136,0.002098,0.002060,0.002060,0.002022,0.001984,0.002060,0.002022,0.002022,0.002022,0.001945,0.001945,0.001945,0.001984,0.001869,0.001869,0.001869,0.001945,0.001907,0.001907,0.001869,0.001907,0.001907,0.001907,0.001869,0.001907,0.001907,0.001907,0.001945,0.001907,0.001907,0.002022,0.001907,0.001945,0.002022,0.001984,0.002060,0.002022,0.002136,0.002174,0.002174,0.002136,0.002136,0.002251,0.002174,0.002174,0.002174,0.002174,0.002213,0.002174,0.002289,0.002213,0.002251,0.002213,0.002289,0.002213,0.002213,0.002251,0.002174,0.002213,0.002213,0.002251,0.002174,0.002136,0.002136,0.002136,0.002136,0.002251,0.002174,0.002174,0.002174,0.002174,0.002213,0.002251,0.002174,0.002136,0.002251,0.002213,0.002213,0.002174,0.002213,0.002251,0.002174,0.002213,0.002213,0.002174,0.002174,0.002136,0.002174,0.002174,0.002213,0.002174,0.002174,0.002174,0.002213,0.002174,0.002213,0.002174,0.002136,0.002136,0.002174,0.002174,0.002213,0.002213,0.002174,0.002213,0.002213,0.002174,0.002136,0.002213,0.002174,0.002174,0.002174,0.002174,0.002174,0.002174,0.002213,0.002136,0.002136,0.002136,0.002213,0.002174,0.002174,0.002136,0.002136,0.002174,0.002098,0.002136,0.002136,0.002060,0.002098,0.002136,0.002098,0.002136,0.002060,0.002098,0.002022,0.002098,0.002060,0.002060,0.002060,0.002022,0.002022,0.002022,0.002022,0.002022,0.002022,0.001984,0.001984,0.001945,0.001907,0.001907,0.001945,0.001907,0.001907,0.001945,0.001907,0.001869,0.001831,0.001831,0.001831,0.001831,0.001831,0.001755,0.001793,0.001755,0.001755,0.001717,0.001793,0.001755,0.001755,0.001755,0.001793,0.001831,0.001831,0.001831,0.001869,0.001869,0.001907,0.001831,0.001907,0.001907,0.001907,0.001945,0.001945,0.001945,0.001945,0.001945,0.002022,0.002022,0.001984,0.002022,0.002022,0.002060,0.001945,0.002022,0.001984,0.002022,0.001984,0.002022,0.002022,0.002022,0.002060,0.002098,0.002060,0.002022,0.002060,0.002136,0.002098,0.002136,0.002098,0.002022,0.002098,0.002136,0.002174,0.002174,0.002174,0.002213,0.002213,0.002213,0.002174,0.002213,0.002174,0.002174,0.002136,0.002213,0.002136,0.002136,0.002060,0.002098,0.002060,0.002060,0.002098,0.002060,0.002022,0.002060,0.001984,0.002060,0.001984,0.001984,0.001984,0.001945,0.001869,0.001907,0.001945,0.001869,0.001907,0.001907,0.001907,0.001869,0.001869,0.001907,0.001907,0.001869,0.001945,0.001869,0.001907,0.001907,0.001907,0.001907,0.001869,0.001907,0.001831,0.001907,0.001945,0.001907,0.001907,0.001907,0.001945,0.001907,0.001869,0.001831,0.001831,0.001869,0.001869,0.001869,0.001831,0.001907,0.001869,0.001869,0.001907,0.001907,0.001907,0.001831,0.001907,0.001907,0.001907,0.001984,0.001984,0.002022,0.001984,0.001984,0.001984,0.001984,0.002022,0.001984,0.002022,0.002022,0.002022,0.002060,0.001984,0.002060,0.002060,0.002098,0.002022,0.002060,0.002098,0.002098,0.002022,0.001984,0.002060,0.002060,0.002098,0.002060,0.002060,0.002098,0.002098,0.002136,0.002060,0.002098,0.002060,0.002060,0.002098,0.002022,0.002098,0.002098,0.002060,0.002022,0.002060,0.002098,0.002060,0.002060,0.002060,0.002098,0.002098,0.002022,0.002098,0.002060,0.002098,0.002060,0.002060,0.002060,0.002060,0.002022,0.002022,0.002022,0.001945,0.001984,0.001984,0.002022,0.001984,0.001945,0.001984,0.001984,0.001907,0.001907,0.001907,0.001907,0.001907,0.001945,0.001907,0.001907,0.001869,0.001869,0.001907,0.001869,0.001945,0.001945,0.001869,0.001945,0.001907,0.001945,0.001907,0.001945,0.001945,0.001907,0.001869,0.001869,0.001907,0.001907,0.001907,0.001945,0.001945,0.001945,0.001945,0.002022,0.001984
10,19:00:00.000,12/31/1903,0.000000,0.100000,UNKNOWN,1,0/0,0.000000,0.000000,0.000000,0.000000,0.000000,0.000000,0.000000,0.000000,0,0,0,0,0.002098,0.002136,0.002174,0.002251,0.002174,0.002213,0.002174,0.002213,0.002251,0.002136,0.002136,0.002213,0.002174,0.002098,0.002098,0.002174,0.002174,0.002136,0.002098,0.002136,0.002136,0.002136,0.002136,0.002136,0.002060,0.002136,0.002174,0.002136,0.002136,0.002136,0.002098,0.002136,0.002098,0.002060,0.002060,0.002098,0.002098,0.002098,0.002060,0.002022,0.002136,0.002060,0.002098,0.002060,0.002060,0.002060,0.002060,0.002060,0.002022,0.002136,0.002098,0.002098,0.002060,0.002060,0.002060,0.001984,0.002022,0.002060,0.002022,0.002022,0.002060,0.002022,0.002060,0.002022,0.002022,0.002060,0.002022,0.002022,0.002060,0.002022,0.002022,0.002060,0.002060,0.002022,0.001984,0.001984,0.001945,0.001984,0.002022,0.002022,0.002022,0.002060,0.002022,0.002060,0.002022,0.001984,0.002022,0.002022,0.001984,0.002060,0.002022,0.002022,0.002060,0.001984,0.002022,0.002022,0.002060,0.002022,0.002022,0.002060,0.002022,0.002060,0.002060,0.002060,0.002060,0.002060,0.001984,0.002022,0.002060,0.002022,0.002022,0.002022,0.002060,0.002022,0.002022,0.002022,0.001945,0.002022,0.002060,0.001984,0.002060,0.002098,0.002060,0.002060,0.002060,0.002098,0.002022,0.002060,0.002060,0.002098,0.002098,0.002022,0.002098,0.002098,0.002060,0.002060,0.002098,0.002098,0.002098,0.002098,0.002098,0.002098,0.002060,0.002022,0.002060,0.002098,0.002098,0.002060,0.002098,0.002098,0.002060,0.002060,0.002060,0.002098,0.002098,0.002098,0.002098,0.002136,0.002060,0.002060,0.002098,0.002098,0.002136,0.002098,0.002060,0.002098,0.002136,0.002098,0.002136,0.002098,0.002098,0.002174,0.002174,0.002136,0.002136,0.002136,0.002136,0.002136,0.002136,0.002213,0.002213,0.002098,0.002136,0.002136,0.002098,0.002136,0.002098,0.002174,0.002098,0.002174,0.002174,0.002136,0.002136,0.002174,0.002136,0.002136,0.002098,0.002098,0.002060,0.002060,0.002060,0.002098,0.002098,0.002060,0.002098,0.002098,0.002060,0.002098,0.002060,0.002060,0.002136,0.002098,0.002098,0.002136,0.002098,0.002136,0.002136,0.002174,0.002136,0.002136,0.002174,0.002136,0.002213,0.002174,0.002136,0.002098,0.002098,0.002174,0.002136,0.002174,0.002136,0.002098,0.002174,0.002174,0.002136,0.002136,0.002174,0.002174,0.002174,0.002174,0.002174,0.002136,0.002174,0.002136,0.002174,0.002174,0.002174,0.002213,0.002136,0.002174,0.002174,0.002136,0.002136,0.002174,0.002098,0.002174,0.002136,0.002174,0.002136,0.002174,0.002136,0.002098,0.002136,0.002136,0.002098,0.002098,0.002174,0.002098,0.002098,0.002098,0.002060,0.002060,0.002098,0.002136,0.002136,0.002098,0.002060,0.002098,0.002098,0.002098,0.002060,0.002136,0.002098,0.002098,0.002098,0.002060,0.002060,0.002060,0.002060,0.002022,0.002022,0.002060,0.002060,0.002136,0.002098,0.002022,0.002022,0.002060,0.002022,0.002022,0.002060,0.002098,0.002060,0.002060,0.002060,0.002098,0.002060,0.002022,0.002022,0.002022,0.002060,0.002022,0.002098,0.002060,0.002022,0.002098,0.002022,0.001984,0.002022,0.001984,0.002098,0.002098,0.002098,0.002060,0.002022,0.002060,0.002022,0.002060,0.002060,0.002098,0.002060,0.002022,0.002060,0.002022,0.001984,0.001984,0.002060,0.002098,0.002060,0.002060,0.002060,0.002060,0.002022,0.002022,0.002098,0.002060,0.002022,0.002022,0.002060,0.002060,0.002098,0.002098,0.002022,0.002060,0.002022,0.002060,0.002060,0.002098,0.002098,0.002060,0.002022,0.002060,0.002098,0.002098,0.002098,0.002174,0.002136,0.002136,0.002060,0.002060,0.002098,0.002098,0.002098,0.002098,0.002098,0.002060,0.002060,0.002098,0.002136,0.002136,0.002022,0.002060,0.002022,0.002060,0.002060,0.002098,0.002098,0.002136,0.002136,0.002098,0.002098,0.002098,0.002098,0.002098,0.002098,0.002060,0.002136,0.002136,0.002136,0.002136,0.002136,0.002098,0.002136,0.002174,0.002136,0.002136,0.002136,0.002136,0.002136,0.002136,0.002136,0.002136,0.002136,0.002174,0.002098,0.002136,0.002174,0.002136,0.002174,0.002136,0.002174,0.002174,0.002174,0.002213,0.002213,0.002174,0.002174,0.002213,0.002213,0.002174,0.002213,0.002174,0.002174,0.002213,0.002174,0.002213,0.002213,0.002174,0.002174,0.002174,0.002174,0.002174,0.002136,0.002098,0.002136,0.002098,0.002098,0.002136,0.002213,0.002174,0.002136,0.002098,0.002136,0.002136,0.002098,0.002098,0.002098,0.002098,0.002098,0.002060,0.002060,0.002060,0.002060,0.002022,0.002098,0.002060,0.002136,0.002098,0.002136,0.002060,0.002060,0.002022,0.002060,0.002060,0.002098,0.002060,0.001984,0.001984,0.002022,0.002022,0.001984,0.001984,0.002022,0.002060,0.002022,0.001984,0.002022,0.001984,0.002022,0.002022,0.001945,0.002022,0.002022,0.002022,0.002022,0.001984,0.002022,0.001984,0.001984,0.002022,0.001984,0.002022,0.002022,0.002022,0.002022,0.002060,0.001984,0.002060,0.002060,0.002060,0.002022,0.002022,0.002022,0.002022,0.002060,0.002060,0.002060,0.002060,0.002060,0.002060,0.002060,0.001984,0.002022,0.002022,0.001984,0.002022,0.002060,0.001984,0.001984,0.002022,0.002022,0.002060,0.002060,0.002022,0.002022,0.002022,0.001984,0.002022,0.002060,0.002060,0.002098,0.002098,0.002060,0.002136,0.002060,0.002098,0.002136,0.002136,0.002136,0.002022,0.002098,0.002098,0.002136,0.002136,0.002136,0.002098,0.002136,0.002136,0.002060,0.002174,0.002136,0.002098,0.002136,0.002136,0.002136,0.002174,0.002174,0.002136,0.002136,0.002136,0.002174,0.002136,0.002136,0.002174,0.002174,0.002213,0.002098,0.002136,0.002174,0.002136,0.002174,0.002060,0.002098,0.002174,0.002174,0.002136,0.002174,0.002098,0.002136,0.002136,0.002136,0.002136,0.002136,0.002136,0.002136,0.002136,0.002098,0.002136,0.002098,0.002136,0.002060,0.002060,0.002060,0.002098,0.002098,0.002060,0.002060,0.002022,0.002022,0.002098,0.002060,0.002060,0.002098,0.002060,0.002060,0.002060,0.002060,0.002022,0.002060,0.002098,0.002060,0.002098,0.002060,0.002022,0.002060,0.002060,0.002098,0.002060,0.002022,0.002136,0.002060,0.002060,0.002098,0.002060,0.002136,0.002098,0.002060,0.002060,0.002022,0.002098,0.002060,0.002060,0.002060,0.002060,0.002060,0.002060,0.002060,0.001984,0.002022,0.002022,0.002022,0.002022,0.002060,0.002060,0.002098,0.002098,0.002060,0.002022,0.001984,0.002022,0.002060,0.002022,0.001984,0.002022,0.002022,0.001984,0.002022,0.002060,0.002022,0.002060,0.002022,0.002022,0.002060,0.002060,0.001984,0.001984,0.002060,0.002098,0.002022,0.002060,0.002060,0.002060,0.002022,0.002022,0.002022,0.002022,0.002022,0.002060,0.002060,0.001984,0.001984,0.001945,0.001984,0.002022,0.001984,0.001945,0.001984,0.001945,0.001907,0.001869,0.001907,0.001831,0.001831,0.001793,0.001831,0.001793,0.001831,0.001793,0.001678,0.001640,0.001678,0.001640,0.001640,0.001640,0.001602,0.001564,0.001488,0.001488,0.001526,0.001526,0.001411,0.001411,0.001450,0.001450,0.001488,0.001526,0.001602,0.001717,0.001793,0.001945,0.002060,0.002174,0.002403,0.002632,0.002823,0.003090,0.003319,0.003662,0.003929,0.004234,0.004616,0.004959,0.005341,0.005684,0.006065,0.006371,0.006714,0.007057,0.007210,0.007401,0.007477,0.007515,0.007477,0.007286,0.007057,0.006714,0.006371,0.005913,0.005379,0.004845,0.004272,0.003700,0.003090,0.002441,0.001907,0.001335,0.000725,0.000153,-0.000420,-0.000992,-0.001678,-0.002327,-0.002937,-0.003433,-0.004005,-0.004425,-0.004807,-0.005074,-0.005302,-0.005341,-0.005379,-0.005188,-0.004921,-0.004654,-0.004311,-0.003891,-0.003395,-0.002937,-0.002327,-0.001831,-0.001373,-0.000877,-0.000420,0.000000,0.000381,0.000725,0.001106,0.001411,0.001678,0.001793,0.001984,0.002136,0.002213,0.002403,0.002403,0.002518,0.002518,0.002632,0.002747,0.002823,0.002861,0.002937,0.002975,0.003090,0.003128,0.003204,0.003242,0.003319,0.003281,0.003395,0.003586,0.003624,0.003738,0.003815,0.004005,0.004158,0.004234,0.004349,0.004425,0.004539,0.004616,0.004654,0.004730,0.004768,0.004730,0.004768,0.004654,0.004692,0.004616,0.004539,0.004501,0.004387,0.004272,0.004196,0.004082,0.003967,0.003853,0.003738,0.003548,0.003510,0.003319,0.003204,0.003014,0.002975,0.002823,0.002747,0.002670,0.002480,0.002403,0.002365,0.002289,0.002251,0.002174,0.002060,0.002022,0.002022,0.001945,0.001984,0.001907,0.001793,0.001793,0.001793,0.001793,0.001793,0.001793,0.001755,0.001755,0.001793,0.001831,0.001945,0.001945,0.001945,0.001984,0.002060,0.002022,0.002022,0.002060,0.002060,0.002022,0.002022,0.001907,0.001907,0.001831,0.001793,0.001869,0.001793,0.001831,0.001793,0.001793,0.001793,0.001793,0.001755,0.001678,0.001678,0.001678,0.001640,0.001640,0.001640,0.001526,0.001526,0.001450,0.001450,0.001450,0.001450,0.001488,0.001450,0.001488,0.001526,0.001640,0.001678,0.001755,0.001831,0.001831,0.001831,0.001907,0.001907,0.001907,0.001945,0.001907,0.001869,0.001831,0.001869,0.001869,0.001831,0.001869,0.001869,0.001869,0.001831,0.001907,0.001907,0.001945,0.001945,0.001984,0.002060,0.002022,0.001945,0.001945,0.001945,0.001945,0.001907,0.001831,0.001831,0.001869,0.001869,0.001831,0.001869,0.001869,0.001869,0.001907,0.001945,0.001984,0.002098,0.002098,0.002136,0.002213,0.002251,0.002289,0.002403,0.002480,0.002518,0.002556,0.002594,0.002632,0.002594,0.002632,0.002594,0.002556,0.002518,0.002403,0.002365,0.002289,0.002213,0.002174,0.002098,0.002022,0.001945,0.001907,0.001869,0.001869,0.001869,0.001831,0.001869,0.001869,0.001907,0.001869,0.001907,0.001907,0.001907,0.001869,0.001907,0.001831,0.001755,0.001831,0.001717,0.001640,0.001602,0.001564,0.001564,0.001488,0.001488,0.001450,0.001450,0.001373,0.001335,0.001373,0.001373,0.001335,0.001373,0.001373,0.001411,0.001411,0.001411,0.001373,0.001411,0.001526,0.001526,0.001526,0.001564,0.001640,0.001717,0.001717,0.001793,0.001907,0.001984,0.002060,0.002136,0.002213,0.002289,0.002289,0.002403,0.002480,0.002518,0.002556,0.002708,0.002747,0.002747,0.002785,0.002785,0.002823,0.002823,0.002785,0.002823,0.002785,0.002747,0.002708,0.002708,0.002670,0.002708,0.002670,0.002632,0.002670,0.002670,0.002670,0.002632,0.002632,0.002632,0.002632,0.002594,0.002594,0.002518,0.002480,0.002441,0.002441,0.002403,0.002327,0.002289,0.002289,0.002289,0.002251,0.002251,0.002213,0.002174,0.002174,0.002136,0.002098,0.002136,0.002136,0.002136,0.002174,0.002174,0.002213,0.002136,0.002060,0.002136,0.002136,0.002136,0.002098,0.002098,0.002098,0.002098,0.002098,0.002098,0.002136,0.002060,0.002136,0.002174,0.002136,0.002213,0.002251,0.002289,0.002403,0.002403,0.002403,0.002480,0.002480,0.002518,0.002518,0.002594,0.002594,0.002594,0.002594,0.002670,0.002632,0.002594,0.002518,0.002441,0.002365,0.002403,0.002289,0.002213,0.002136,0.002060,0.002060,0.001945,0.001945,0.001793,0.001831,0.001793,0.001717,0.001755,0.001717,0.001717,0.001755,0.001755,0.001755,0.001793,0.001831,0.001831,0.001869,0.001945,0.001984,0.002060,0.002060,0.002136,0.002174,0.002136,0.002213,0.002213,0.002213,0.002174,0.002060,0.002098,0.002098,0.002060,0.002098,0.002022,0.001984,0.001984,0.001945,0.001907,0.001831,0.001831,0.001755,0.001793,0.001793,0.001755,0.001678,0.001640,0.001678,0.001640,0.001640,0.001640,0.001564,0.001564,0.001564,0.001488,0.001564,0.001602,0.001640,0.001564,0.001640,0.001717,0.001717,0.001755,0.001793,0.001793,0.001831,0.001869,0.001945,0.001945,0.001945,0.002022,0.001984,0.002022,0.002022,0.002060,0.002098,0.002098,0.002136,0.002098,0.002174,0.002213,0.002251,0.002174,0.002213,0.002251,0.002213,0.002174,0.002213,0.002251,0.002251,0.002174,0.002213,0.002213,0.002213,0.002174,0.002213,0.002174,0.002213,0.002174,0.002213,0.002136,0.002174,0.002098,0.002174,0.002213,0.002174,0.002174,0.002136,0.002136,0.002174,0.002174,0.002213,0.002213,0.002213,0.002213,0.002213,0.002289,0.002174,0.002213,0.002213,0.002213,0.002251,0.002174,0.002136,0.002136,0.002098,0.002098,0.002060,0.002060,0.001984,0.001945,0.001984,0.001907,0.001869,0.001869,0.001869,0.001831,0.001793,0.001793,0.001755,0.001678,0.001717,0.001755,0.001793,0.001640,0.001717,0.001717,0.001678,0.001678,0.001640,0.001678,0.001717,0.001717,0.001755,0.001717,0.001755,0.001755,0.001793,0.001869,0.001869,0.001869,0.001984,0.002060,0.002060,0.002098,0.002136,0.002251,0.002251,0.002289,0.002365,0.002365,0.002327,0.002403,0.002403,0.002480,0.002441,0.002441,0.002518,0.002480,0.002441,0.002556,0.002480,0.002518,0.002480,0.002480,0.002594,0.002556,0.002556,0.002518,0.002556,0.002518,0.002518,0.002556,0.002518,0.002518,0.002441,0.002480,0.002480,0.002403,0.002403,0.002403,0.002365,0.002365,0.002289,0.002251,0.002251,0.002213,0.002136,0.002098,0.002098,0.002022,0.002022,0.002022,0.001945,0.001984,0.002022,0.002022,0.002060,0.001984,0.002022,0.002022,0.002060,0.002098,0.002098,0.002174,0.002174,0.002251,0.002251,0.002251,0.002365,0.002327,0.002365,0.002365,0.002327,0.002365,0.002327,0.002327,0.002289,0.002289,0.002327,0.002251,0.002213,0.002251,0.002213,0.002174,0.002098,0.002098,0.002060,0.002060,0.001984,0.001945,0.001984,0.001907,0.001945,0.001831,0.001869,0.001869,0.001755,0.001831,0.001831,0.001831,0.001755,0.001717,0.001755,0.001755,0.001755,0.001755,0.001755,0.001793,0.001755,0.001793,0.001755,0.001793,0.001793,0.001793,0.001831,0.001793,0.001793,0.001793,0.001755,0.001793,0.001831,0.001793,0.001755,0.001755,0.001755,0.001755,0.001755,0.001831,0.001869,0.001907,0.001831,0.001831,0.001907,0.001945,0.001945,0.001907,0.002022,0.002060,0.002098,0.002098,0.002060,0.002174,0.002213,0.002174,0.002289,0.002251,0.002251,0.002289,0.002289,0.002327,0.002289,0.002289,0.002289,0.002251,0.002251,0.002251,0.002251,0.002251,0.002251,0.002251,0.002174,0.002174,0.002213,0.002136,0.002098,0.002136,0.002098,0.002060,0.002060,0.002098,0.002098,0.002098,0.002098,0.002136,0.002098,0.002098,0.002098,0.002098,0.002136,0.002174,0.002098,0.002136,0.002060,0.002098,0.002136,0.002174,0.002136,0.002022,0.002136,0.002174,0.002174,0.002060,0.002060,0.002174,0.002098,0.002098,0.002098,0.002136,0.002174,0.002098,0.002174,0.002136,0.002174,0.002136,0.002174,0.002213,0.002174,0.002174,0.002174,0.002136,0.002174,0.002136,0.002136,0.002136,0.002136,0.002098,0.002060,0.002136,0.002136,0.002060,0.002060,0.002022,0.002022,0.001984,0.002022,0.002060,0.002022,0.002022,0.002060,0.001984,0.002022,0.001984,0.002022,0.001984,0.002098,0.002022,0.002022,0.002098,0.002022,0.002098,0.002136,0.002098,0.002136,0.002136,0.002098,0.002098,0.002174,0.002174,0.002136,0.002174,0.002213,0.002251,0.002289,0.002213,0.002174,0.002213,0.002136,0.002213,0.002174,0.002136,0.002136,0.002098,0.002098,0.001984,0.002022,0.001984,0.001945,0.001984,0.001907,0.001945,0.001945,0.001907,0.001869,0.001869,0.001907,0.001869,0.001869,0.001945,0.001907,0.001907,0.001907,0.001907,0.001945,0.001945,0.001984,0.001984,0.002022,0.001984,0.002060,0.002098,0.002060,0.002060,0.002060,0.002060,0.002060,0.002098,0.002174,0.002136,0.002098,0.002098,0.002060,0.002098,0.002022,0.002022,0.002060,0.002022,0.002098,0.002022,0.002060,0.002022,0.002022,0.002022,0.001984,0.002060,0.001984,0.001945,0.001984,0.001907,0.001945,0.001945,0.001907,0.001984,0.001907,0.001945,0.001945,0.001984,0.001907,0.001907,0.001984,0.001945,0.001945,0.002022,0.001984,0.002060,0.002022,0.002060,0.002060,0.002136,0.002136,0.002174,0.002136,0.002098,0.002136,0.002251,0.002213,0.002289,0.002174,0.002251,0.002327,0.002289,0.002365,0.002327,0.002327,0.002365,0.002365,0.002365,0.002327,0.002327,0.002327,0.002289,0.002289,0.002251,0.002251,0.002289,0.002251,0.002289,0.002213,0.002251,0.002213,0.002098,0.002136,0.002136,0.002174,0.002174,0.002136,0.002174,0.002098,0.002174,0.002098,0.002098,0.002098,0.002022,0.002098,0.002060,0.002022,0.002098,0.002098,0.002098,0.002022,0.002022,0.002060,0.002022,0.002098,0.002098,0.002136,0.002136,0.002174,0.002289,0.002213,0.002327,0.002327,0.002365,0.002480,0.002441,0.002556,0.002556,0.002556,0.002594,0.002594,0.002670,0.002670,0.002670,0.002708,0.002670,0.002747,0.002708,0.002747,0.002708,0.002670,0.002670,0.002518,0.002594,0.002556,0.002518,0.002480,0.002403,0.002441,0.002327,0.002327,0.002327,0.002251,0.002289,0.002098,0.002136,0.002136,0.002022,0.001984,0.001945,0.001907,0.001793,0.001602,0.001564,0.001450,0.001411,0.001297,0.001221,0.001144,0.001030,0.001030,0.000916,0.000916,0.000916,0.000877,0.000916,0.000954,0.000992,0.001068,0.001106,0.001259,0.001335,0.001373,0.001488,0.001602,0.001755,0.001755,0.001869,0.002022,0.002022,0.002136,0.002136,0.002213,0.002251,0.002289,0.002327,0.002289,0.002403,0.002403,0.002403,0.002403,0.002327,0.002365,0.002289,0.002327,0.002327,0.002251,0.002251,0.002213,0.002213,0.002213,0.002174,0.002213,0.002136,0.002213,0.002213,0.002213,0.002251,0.002213,0.002213,0.002289,0.002365,0.002403,0.002441,0.002441,0.002441,0.002403,0.002556,0.002594,0.002556,0.002518,0.002518,0.002556,0.002556,0.002556,0.002480,0.002480,0.002441,0.002365,0.002403,0.002289,0.002289,0.002213,0.002174,0.002213,0.002136,0.002098,0.002060,0.002022,0.002060,0.002022,0.001984,0.001945,0.001945,0.002022,0.001907,0.001945,0.001945,0.001945,0.001907,0.001907,0.001945,0.001907,0.001945,0.001984,0.001907,0.001945,0.001945,0.001945,0.001984,0.001984,0.002022,0.001984,0.001945,0.001945,0.001984,0.002022,0.001984,0.002022,0.002022,0.001945,0.001984,0.001907,0.001945,0.001907,0.001984,0.002022,0.001945,0.002022,0.001984,0.001984,0.002022,0.001984,0.002022,0.001984,0.002060,0.002060,0.002022,0.002098,0.002060,0.002098,0.002060,0.002098,0.002098,0.002136,0.002136,0.002174,0.002136,0.002251,0.002213,0.002289,0.002327,0.002289,0.002251,0.002327,0.002365,0.002327,0.002365,0.002441,0.002365,0.002403,0.002327,0.002365,0.002365,0.002365,0.002403,0.002365,0.002365,0.002327,0.002289,0.002365,0.002289,0.002251,0.002289,0.002213,0.002289,0.002174,0.002213,0.002174,0.002174,0.002213,0.002136,0.002174,0.002098,0.002136,0.002098,0.002022,0.002098,0.002060,0.002060,0.002060,0.002098,0.002098,0.002098,0.002174,0.002174,0.002098,0.002174,0.002174,0.002213,0.002174,0.002251,0.002289,0.002213,0.002289,0.002251,0.002289,0.002289,0.002289,0.002365,0.002289,0.002327,0.002403,0.002327,0.002365,0.002441,0.002403,0.002441,0.002403,0.002441,0.002365,0.002365,0.002327,0.002327,0.002289,0.002213,0.002213,0.002136,0.002136,0.002098,0.002022,0.002060,0.001945,0.001984,0.001984,0.001945,0.001984,0.001984,0.001945,0.001984,0.001907,0.001945,0.001907,0.001907,0.001869,0.001831,0.001869,0.001793,0.001831,0.001831,0.001793,0.001793,0.001793,0.001831,0.001755,0.001831,0.001831,0.001831,0.001831,0.001869,0.001793,0.001869,0.001831,0.001907,0.001907,0.001945,0.001945,0.001945,0.001945,0.001907,0.001945,0.001984,0.001984,0.002022,0.001984,0.002060,0.002022,0.002098,0.002136,0.002022,0.002136,0.002174,0.002174,0.002213,0.002174,0.002213,0.002213,0.002251,0.002251,0.002098,0.002251,0.002213,0.002213,0.002174,0.002136,0.002136,0.002098,0.002174,0.002174,0.002098,0.002136,0.002098,0.002136,0.002098,0.002060,0.002174,0.002098,0.002136,0.002098,0.002136,0.002174,0.002136,0.002174,0.002098,0.002174,0.002213,0.002136,0.002174,0.002174,0.002213,0.002174,0.002174,0.002213,0.002060,0.002136,0.002060,0.002060,0.002060,0.002022,0.002060,0.001984,0.001984,0.001984,0.001907,0.001907,0.001869,0.001907,0.001907,0.001831,0.001869,0.001869,0.001869,0.001869,0.001869,0.001907,0.001907,0.001907,0.001984,0.001907,0.001945,0.001907,0.001945,0.001984,0.001984,0.002022,0.001984,0.002060,0.002060,0.002022,0.002060,0.002060,0.002136,0.002098,0.002136,0.002136,0.002136,0.002098,0.002098,0.002060,0.002136,0.002022,0.002098,0.002098,0.002098,0.002060,0.002022,0.002136,0.002060,0.002022,0.002098,0.002060,0.002022,0.001984,0.002060,0.002136,0.002022,0.002060,0.002022,0.002136,0.002098,0.002174,0.002213,0.002174,0.002251,0.002251,0.002289,0.002251,0.002251,0.002327,0.002289,0.002289,0.002365,0.002289,0.002327,0.002289,0.002327,0.002327,0.002289,0.002327,0.002251,0.002251,0.002213,0.002251,0.002289,0.002136,0.002213,0.002136,0.002174,0.002136,0.002136,0.002098,0.002136,0.002060,0.002136,0.002098,0.002098,0.002022,0.002060,0.002060,0.002060,0.002136,0.002060,0.002136,0.002174,0.002136,0.002174,0.002174,0.002136,0.002136,0.002174,0.002174,0.002174,0.002289,0.002251,0.002251,0.002327,0.002327,0.002327,0.002251,0.002289,0.002327,0.002289,0.002327,0.002289,0.002327,0.002251,0.002213,0.002289,0.002251,0.002251,0.002213,0.002174,0.002251,0.002213,0.002213,0.002213,0.002136,0.002174,0.002022,0.002060,0.002098,0.002060,0.002060,0.002060,0.001945,0.001945,0.001945,0.001945,0.001869,0.001869,0.001869,0.001869,0.001793,0.001793,0.001793,0.001717,0.001755,0.001755,0.001755,0.001755,0.001640,0.001717,0.001640,0.001640,0.001755,0.001717,0.001717,0.001755,0.001755,0.001717,0.001717,0.001793,0.001717,0.001755,0.001755,0.001717,0.001755,0.001793,0.001831,0.001793,0.001793,0.001831,0.001793,0.001831,0.001869,0.001869,0.001907,0.001869,0.001907,0.001945,0.001984,0.001984,0.001945,0.001945,0.001984,0.002022,0.002098,0.002098,0.002174,0.002174,0.002174,0.002213,0.002213,0.002251,0.002174,0.002213,0.002327,0.002327,0.002403,0.002365,0.002365,0.002365,0.002403,0.002441,0.002365,0.002365,0.002365,0.002403,0.002403,0.002403,0.002403,0.002365,0.002327,0.002365,0.002289,0.002441,0.002327,0.002327,0.002289,0.002251,0.002251,0.002213,0.002174,0.002213,0.002174,0.002213,0.002174,0.002098,0.002136,0.002136,0.002136,0.002098,0.002136,0.002098,0.002022,0.002022,0.002022,0.002022,0.002022,0.002022,0.002060,0.002022,0.002022,0.002022,0.002060,0.002060,0.001984,0.002060,0.002022,0.002022,0.002060,0.002022,0.002060,0.001984,0.001984,0.001984,0.001984,0.002060,0.001984,0.001984,0.001945,0.001945,0.001907,0.001869,0.002022,0.001984,0.001945,0.002022,0.001984,0.002022,0.001984,0.001945,0.001984,0.001945,0.001984,0.001945,0.001984,0.002022,0.002022,0.002136,0.002060,0.002098,0.002060,0.002060,0.002098,0.002136,0.002098,0.002098,0.002136,0.002136,0.002098,0.002174,0.002136,0.002098,0.002098,0.002098,0.002136,0.002098,0.002136,0.002098,0.002060,0.002136,0.002136,0.002136,0.002136,0.002098,0.002136,0.002098,0.002098,0.002136,0.002136,0.002174,0.002136,0.002174,0.002174,0.002136,0.002136,0.002174,0.002251,0.002251,0.002174,0.002213,0.002174,0.002174,0.002213,0.002213,0.002213,0.002213,0.002251,0.002213,0.002174,0.002213,0.002213,0.002289,0.002136,0.002136,0.002174,0.002174,0.002213,0.002174,0.002174,0.002136,0.002136,0.002174,0.002136,0.002136,0.002098,0.002098,0.002213,0.002098,0.002174,0.002098,0.002136,0.002136,0.002136,0.002136,0.002098,0.002136,0.002136,0.002136,0.002098,0.002098,0.002098,0.002098,0.002060,0.002098,0.002022,0.002022,0.002060,0.002022,0.001984,0.001945,0.002022,0.001945,0.001984,0.001984,0.001984,0.001945,0.001907,0.001869,0.001945,0.001945,0.001984,0.001907,0.001907,0.001907,0.001907,0.001945,0.001907,0.001907,0.001945,0.001945,0.001907,0.001907,0.001907,0.001984,0.001945,0.001984,0.001907,0.001907,0.001907,0.001984,0.001984,0.001907,0.001945,0.001945,0.001984,0.002022,0.001984,0.002060,0.002060,0.002022,0.002060,0.002022,0.002136,0.002060,0.002098,0.002136,0.002136,0.002213,0.002136,0.002136,0.002136,0.002174,0.002174,0.002174,0.002213,0.002136,0.002174,0.002213,0.002213,0.002174,0.002174,0.002213,0.002213,0.002213,0.002174,0.002136,0.002136,0.002136,0.002174,0.002174,0.002098,0.002174,0.002098,0.002136,0.002174,0.002098,0.002136,0.002136,0.002136,0.002136,0.002098,0.002060,0.002136,0.002174,0.002174,0.002098,0.002136,0.002136,0.002136,0.002174,0.002174,0.002174,0.002136,0.002136,0.002174,0.002174,0.002174,0.002136,0.002136,0.002174,0.002174,0.002251,0.002174,0.002174,0.002251,0.002174,0.002174,0.002098,0.002213,0.002174,0.002136,0.002174,0.002136,0.002136,0.002174,0.002174,0.002098,0.002136,0.002213,0.002098,0.002174,0.002174,0.002098,0.002136,0.002098,0.002098,0.002174,0.002098,0.002174,0.002136,0.002136,0.002098,0.002060,0.002213,0.002136,0.002060,0.002098,0.002098,0.002098,0.002098,0.002174,0.002098,0.002136,0.002136,0.002098,0.002098,0.002098,0.002136,0.002136,0.002098,0.002174,0.002098,0.002136,0.002098,0.002136,0.002174,0.002136,0.002174,0.002136,0.002174,0.002213,0.002213,0.002136,0.002136,0.002174,0.002136,0.002136,0.002174,0.002098,0.002136,0.002136,0.002136,0.002136,0.002098,0.002098,0.002098,0.002098,0.002136,0.002060,0.002060,0.002060,0.002060,0.002098,0.002060,0.002060,0.002022,0.002060,0.002098,0.002060,0.002022,0.001984,0.002060,0.002098,0.002022,0.002098,0.002098,0.002136,0.002098,0.002098,0.002098,0.002098,0.002174,0.002174,0.002174,0.002213,0.002174,0.002251,0.002213,0.002251,0.002327,0.002289,0.002327,0.002327,0.002327,0.002403,0.002403,0.002441,0.002365,0.002441,0.002480,0.002441,0.002441,0.002441,0.002365,0.002441,0.002327,0.002289,0.002289,0.002251,0.002213,0.002174,0.002060,0.002098,0.002098,0.002060,0.002022,0.001984,0.001945,0.001907,0.001831,0.001869,0.001869,0.001793,0.001869,0.001831,0.001793,0.001831,0.001831,0.001831,0.001831,0.001869,0.001945,0.001907,0.001945,0.001907,0.001984,0.001984,0.001984,0.002022,0.002060,0.002098,0.002060,0.002060,0.002098,0.002060,0.002098,0.002060,0.002022,0.002060,0.002022,0.002022,0.001984,0.001984,0.001984,0.001945,0.001984,0.001945,0.001984,0.001984,0.001984,0.002060,0.002022,0.002060,0.002098,0.002060,0.002098,0.002060,0.002098,0.002098,0.002136,0.002136,0.002136,0.002174,0.002136,0.002174,0.002251,0.002251,0.002289,0.002213,0.002289,0.002289,0.002289,0.002251,0.002289,0.002365,0.002327,0.002327,0.002327,0.002251,0.002289,0.002289,0.002251,0.002289,0.002251,0.002251,0.002251,0.002251,0.002251,0.002213,0.002251,0.002251,0.002251,0.002327,0.002213,0.002327,0.002327,0.002327,0.002327,0.002327,0.002327,0.002251,0.002327,0.002289,0.002289,0.002289,0.002213,0.002174,0.002174,0.002174,0.002174,0.002174,0.002060,0.002098,0.002022,0.001984,0.001907,0.001984,0.001945,0.001945,0.001907,0.001869,0.001869,0.001869,0.001831,0.001831,0.001793,0.001831,0.001755,0.001793,0.001831,0.001755,0.001793,0.001755,0.001793,0.001831,0.001793,0.001793,0.001831,0.001869,0.001869,0.001831,0.001869,0.001907,0.001907,0.001945,0.001984,0.001984,0.001984,0.001984,0.001984,0.002060,0.002098,0.002098,0.002136,0.002060,0.002060,0.002060,0.002060,0.002098,0.002136,0.002060,0.002060,0.002022,0.002098,0.002098,0.002136,0.002098,0.002098,0.002136,0.002136,0.002174,0.002098,0.002136,0.002136,0.002098,0.002174,0.002136,0.002136,0.002098,0.002060,0.002136,0.002098,0.002136,0.002136,0.002136,0.002136,0.002136,0.002136,0.002060,0.002136,0.002136,0.002174,0.002251,0.002174,0.002213,0.002213,0.002174,0.002213,0.002174,0.002213,0.002251,0.002213,0.002174,0.002251,0.002251,0.002289,0.002289,0.002251,0.002289,0.002174,0.002213,0.002289,0.002289,0.002251,0.002251,0.002213,0.002213,0.002213,0.002213,0.002136,0.002136,0.002136,0.002098,0.002098,0.002060,0.002022,0.002098,0.002022,0.002022,0.002060,0.002098,0.002022,0.001984,0.001984,0.002060,0.002022,0.002022,0.002098,0.002098,0.002060,0.002098,0.002098,0.002174,0.002136,0.002136,0.002174,0.002136,0.002136,0.002136,0.002174,0.002136,0.002098,0.002060,0.002022,0.002060,0.002022,0.002022,0.002022,0.001945,0.001869,0.001907,0.001869,0.001869,0.001907,0.001907,0.001869,0.001869,0.001869,0.001945,0.001869,0.001831,0.001945,0.001945,0.001945,0.001984,0.001984,0.002098,0.002060,0.002022,0.002060,0.002098,0.002136,0.002098,0.002174,0.002174,0.002136,0.002174,0.002136,0.002174,0.002174,0.002213,0.002213,0.002174,0.002174,0.002098,0.002098,0.002098,0.002098,0.002098,0.002060,0.002060,0.002060,0.002022,0.002022,0.001984,0.002022,0.001984,0.002022,0.002022,0.002022,0.002022,0.002022,0.002022,0.002022,0.002060,0.002060,0.002022,0.002060,0.002022,0.002022,0.002098,0.002098,0.002136,0.002136,0.002136,0.002136,0.002174,0.002174,0.002213,0.002213,0.002213,0.002213,0.002289,0.002251,0.002289,0.002327,0.002289,0.002327,0.002327,0.002327,0.002289,0.002251,0.002251,0.002251,0.002289,0.002327,0.002251,0.002251,0.002251,0.002251,0.002289,0.002251,0.002174,0.002136,0.002213,0.002213,0.002174,0.002136,0.002098,0.002136,0.002098,0.002098,0.002060,0.002022,0.002022,0.002098,0.002098,0.002060,0.002060,0.002060,0.002060,0.002022,0.002060,0.002022,0.001984,0.002022,0.001984,0.002022,0.002022,0.002022,0.001984,0.002022,0.001984,0.001984,0.001984,0.001907,0.001907,0.001869,0.001869,0.001907,0.001831,0.001831,0.001793,0.001793,0.001717,0.001755,0.001831,0.001831,0.001831,0.001793,0.001831,0.001869,0.001869,0.001907,0.001869,0.001869,0.001907,0.001869,0.001869,0.001907,0.001907,0.001945,0.001907,0.001984,0.001907,0.001945,0.001907,0.001907,0.001984,0.001945,0.002022,0.001984,0.001984,0.001907,0.001945,0.001984,0.001945,0.001945,0.002022,0.001945,0.001945,0.001984,0.001945,0.001984,0.001984,0.002022,0.002022,0.002022,0.002022,0.001945,0.002022,0.002060,0.002060,0.002060,0.002060,0.002098,0.002022,0.002098,0.002098,0.002098,0.002136,0.002136,0.002174,0.002174,0.002213,0.002174,0.002174,0.002213,0.002174,0.002213,0.002251,0.002251,0.002251,0.002251,0.002251,0.002289,0.002327,0.002327,0.002327,0.002327,0.002365,0.002365,0.002403,0.002365,0.002365,0.002403,0.002327,0.002441,0.002403,0.002441,0.002518,0.002441,0.002403,0.002365,0.002327,0.002365,0.002327,0.002289,0.002251,0.002289,0.002213,0.002174,0.002136,0.002098,0.002060,0.002022,0.001984,0.002022,0.001907,0.001945,0.001831,0.001831,0.001831,0.001755,0.001831,0.001717,0.001793,0.001755,0.001755,0.001755,0.001755,0.001793,0.001755,0.001793,0.001831,0.001793,0.001831,0.001793,0.001869,0.001869,0.001869,0.001907,0.001907,0.001907,0.001907,0.001907,0.002022,0.001945,0.001945,0.001984,0.002022,0.002060,0.002022,0.002098,0.002098,0.002136,0.002136,0.002098,0.002174,0.002174,0.002213,0.002174,0.002213,0.002289,0.002213,0.002251,0.002289,0.002289,0.002289,0.002251,0.002289,0.002289,0.002365,0.002327,0.002251,0.002365,0.002327,0.002289,0.002289,0.002327,0.002289,0.002365,0.002289,0.002327,0.002289,0.002327,0.002365,0.002289,0.002327,0.002289,0.002327,0.002327,0.002289,0.002289,0.002251,0.002289,0.002289,0.002289,0.002327,0.002251,0.002327,0.002251,0.002251,0.002251,0.002251,0.002289,0.002213,0.002251,0.002213,0.002213,0.002174,0.002136,0.002213,0.002174,0.002213,0.002174,0.002174,0.002174,0.002136,0.002098,0.002174,0.002174,0.002136,0.002098,0.002060,0.002098,0.002098,0.002136,0.002022,0.002022,0.002022,0.002022,0.002022,0.001984,0.002022,0.002022,0.001984,0.001984,0.001945,0.002022,0.001945,0.001945,0.001907,0.001907,0.001945,0.001907,0.001945,0.001945,0.001907,0.001945,0.001907,0.001945,0.001945,0.001945,0.001945,0.001945,0.001984,0.001984,0.001984,0.002022,0.002060,0.002060,0.001984,0.001984,0.002022,0.002022,0.002060,0.002022,0.002060,0.002060,0.002022,0.002060,0.002022,0.002098,0.002098,0.002060,0.002098,0.002098,0.002136,0.002136,0.002136,0.002174,0.002136,0.002213,0.002174,0.002213,0.002251,0.002251,0.002251,0.002213,0.002251,0.002251,0.002251,0.002289,0.002327,0.002289,0.002251,0.002289,0.002327,0.002289,0.002251,0.002251,0.002251,0.002251,0.002289,0.002213,0.002213,0.002251,0.002213,0.002213,0.002251,0.002213,0.002174,0.002174,0.002174,0.002174,0.002174,0.002213,0.002174,0.002098,0.002098,0.002136,0.002174,0.002136,0.002136,0.002136,0.002098,0.002136,0.002060,0.002098,0.002060,0.002060,0.002136,0.002060,0.002136,0.002060,0.002098,0.002136,0.002098,0.002098,0.002060,0.002060,0.002060,0.002022,0.002060,0.002022,0.002060,0.002098,0.002060,0.002060,0.002022,0.002022,0.001984,0.001945,0.001984,0.001984,0.001907,0.001869,0.001869,0.001945,0.001907,0.001831,0.001907,0.001869,0.001869,0.001869,0.001869,0.001793,0.001793,0.001831,0.001793,0.001869,0.001869,0.001907,0.001907,0.001831,0.001869,0.001869,0.001869,0.001869,0.001907,0.001984,0.001945,0.001984,0.001907,0.001945,0.002060,0.001945,0.002060,0.002022,0.002098,0.002060,0.002022,0.002060,0.002098,0.002098,0.002136,0.002098,0.002174,0.002136,0.002136,0.002174,0.002174,0.002213,0.002289,0.002251,0.002213,0.002251,0.002289,0.002289,0.002251,0.002327,0.002289,0.002327,0.002251,0.002251,0.002251,0.002289,0.002327,0.002251,0.002327,0.002251,0.002251,0.002289,0.002251,0.002251,0.002213,0.002213,0.002213,0.002174,0.002213,0.002174,0.002174,0.002174,0.002213,0.002174,0.002174,0.002136,0.002136,0.002136,0.002136,0.002098,0.002136,0.002174,0.002174,0.002174,0.002136,0.002174,0.002136,0.002136,0.002098,0.002136,0.002098,0.002098,0.002174,0.002136,0.002136,0.002174,0.002098,0.002251,0.002174,0.002174,0.002174,0.002136,0.002213,0.002098,0.002098,0.002174,0.002174,0.002213,0.002136,0.002213,0.002213,0.002174,0.002213,0.002174,0.002174,0.002136,0.002174,0.002136,0.002174,0.002213,0.002136,0.002174,0.002136,0.002136,0.002174,0.002174,0.002213,0.002213,0.002174,0.002213,0.002136,0.002213,0.002174,0.002174,0.002213,0.002174,0.002251,0.002098,0.002136,0.002136,0.002136,0.002174,0.002098,0.002136,0.002213,0.002136,0.002136,0.002174,0.002251,0.002174,0.002136,0.002174,0.002174,0.002174,0.002174,0.002213,0.002251,0.002174,0.002251,0.002174,0.002213,0.002251,0.002213,0.002174,0.002213,0.002174,0.002174,0.002174,0.002213,0.002174,0.002174,0.002174,0.002136,0.002136,0.002060,0.002060,0.002060,0.002060,0.002022,0.001945,0.002022,0.001984,0.001945,0.001984,0.001945,0.001907,0.001907,0.001907,0.001907,0.001869,0.001869,0.001793,0.001907,0.001831,0.001831,0.001869,0.001793,0.001869,0.001793,0.001831,0.001831,0.001793,0.001869,0.001869,0.001869,0.001907,0.001907,0.001907,0.001907,0.001984,0.001984,0.001984,0.002022,0.002098,0.002098,0.002098,0.002136,0.002136,0.002174,0.002251,0.002213,0.002213,0.002251,0.002213,0.002251,0.002251,0.002251,0.002289,0.002251,0.002251,0.002251,0.002251,0.002136,0.002136,0.002174,0.002174,0.002136,0.002098,0.002136,0.002174,0.002060,0.002060,0.002136,0.002136,0.002174,0.002060,0.002098,0.002136,0.002098,0.002136,0.002136,0.002174,0.002174,0.002174,0.002213,0.002213,0.002251,0.002174,0.002251,0.002213,0.002213,0.002213,0.002213,0.002289,0.002251,0.002251,0.002251,0.002213,0.002174,0.002136,0.002098,0.002136,0.002060,0.002098,0.001984,0.001984,0.001984,0.001869,0.001869,0.001831,0.001831,0.001793,0.001755,0.001717,0.001717,0.001717,0.001755,0.001755,0.001717,0.001717,0.001793,0.001793,0.001755,0.001831,0.001831,0.001907,0.001907,0.001984,0.001945,0.001869,0.001984,0.002022,0.002060,0.002022,0.002022,0.002060,0.001984,0.002022,0.002022,0.002060,0.002060,0.002022,0.002060,0.002060,0.002022,0.001984,0.001984,0.002060,0.002022,0.002022,0.001984,0.001984,0.002098,0.002060,0.002060,0.002098,0.002098,0.002136,0.002060,0.002098,0.002174,0.002174,0.002213,0.002174,0.002251,0.002251,0.002251,0.002327,0.002251,0.002289,0.002251,0.002251,0.002289,0.002251,0.002289,0.002251,0.002289,0.002213,0.002174,0.002251,0.002174,0.002213,0.002213,0.002213,0.002251,0.002136,0.002213,0.002136,0.002213,0.002174,0.002174,0.002136,0.002136,0.002174,0.002136,0.002136,0.002136,0.002136,0.002174,0.002174,0.002136,0.002098,0.002098,0.002213,0.002136,0.002136,0.002098,0.002060,0.002136,0.002098,0.002060,0.002136,0.002136,0.002098,0.002098,0.002098,0.002060,0.001984,0.002060,0.002022,0.002022,0.002022,0.002022,0.002022,0.002022,0.002022,0.001984,0.002022,0.002022,0.002060,0.002098,0.002060,0.002098,0.002098,0.002060,0.002098,0.002060,0.002022,0.002060,0.002060,0.002098,0.002060,0.002136,0.002098,0.002136,0.002098,0.002060,0.002098,0.002098,0.002098,0.002136,0.002098,0.002136,0.002136,0.002136,0.002098,0.002136,0.002174,0.002174,0.002136,0.002213,0.002174,0.002136,0.002136,0.002213,0.002136,0.002174,0.002251,0.002136,0.002174,0.002136,0.002174,0.002098,0.002174,0.002174,0.002136,0.002098,0.002098,0.002136,0.002098,0.002060,0.002060,0.002022,0.002022,0.002022,0.001945,0.002022,0.002022,0.001945,0.001984,0.001945,0.001984,0.001907,0.001907,0.001984,0.002022,0.001984,0.001984,0.001945,0.001984,0.001984,0.002022,0.001984,0.002060,0.001945,0.001945,0.001984,0.001984,0.001984,0.001984,0.001984,0.001984,0.001984,0.001984,0.001984,0.002022,0.001984,0.002022,0.002022,0.002022,0.002022,0.002022,0.002022,0.002060,0.002060,0.002098,0.002060,0.002060,0.002098,0.002060,0.002098,0.002098,0.002136,0.002136,0.002136,0.002174,0.002136,0.002136,0.002098,0.002136,0.002136,0.002098,0.002098,0.002136,0.002098,0.002136,0.002060,0.002098,0.002060,0.002022,0.002060,0.002022,0.002060,0.002060,0.002022,0.001984,0.001945,0.001984,0.001984,0.002022,0.001984,0.001984,0.002098,0.002098,0.002136,0.002098,0.002098,0.002136,0.002213,0.002174,0.002136,0.002174,0.002136,0.002174,0.002213,0.002213,0.002213,0.002251,0.002251,0.002213,0.002213,0.002327,0.002251,0.002251,0.002327,0.002289,0.002213,0.002213,0.002251,0.002251,0.002136,0.002174,0.002213,0.002174,0.002174,0.002174,0.002174,0.002136,0.002136,0.002136,0.002136,0.002213,0.002136,0.002174,0.002098,0.002098,0.002098,0.002098,0.002136,0.002098,0.002098,0.002174,0.002060,0.002098,0.002098,0.002060,0.002098,0.002060,0.002060,0.002060,0.002060,0.002022,0.002022,0.002022,0.001984,0.001984,0.002022,0.002060,0.002022,0.001984,0.002022,0.001945,0.001984,0.001984,0.001984,0.001984,0.001984,0.002022,0.001984,0.001984,0.001945,0.001945,0.001984,0.001945,0.001984,0.002022,0.001984,0.001984,0.001945,0.001984,0.002022,0.001984,0.002022,0.001984,0.001945,0.002022,0.002022,0.002060,0.002060,0.002060,0.002060,0.002022,0.002098,0.002022,0.002098,0.002098,0.002098,0.002136,0.002136,0.002136,0.002136,0.002136,0.002174,0.002136,0.002174,0.002213,0.002213,0.002251,0.002174,0.002251,0.002174,0.002213,0.002213,0.002289,0.002289,0.002213,0.002327,0.002213,0.002289,0.002251,0.002327,0.002327,0.002327,0.002289,0.002289,0.002289,0.002289,0.002251,0.002289,0.002251,0.002289,0.002327,0.002251,0.002289,0.002251,0.002213,0.002174,0.002174,0.002136,0.002136,0.002174,0.002174,0.002060,0.002174,0.002174,0.002136,0.002174,0.002174,0.002136,0.002174,0.002174,0.002174,0.002174,0.002213,0.002174,0.002174,0.002136,0.002174,0.002174,0.002098,0.002136,0.002136,0.002136,0.002098,0.002136,0.002174,0.002136,0.002060,0.002098,0.002098,0.002136,0.002213,0.002174,0.002136,0.002174,0.002174,0.002098,0.002136,0.002098,0.002022,0.002060,0.002098,0.002060,0.001984,0.001945,0.001984,0.001984,0.001869,0.001869,0.001984,0.001945,0.001945,0.001945,0.001907,0.001984,0.001984,0.002022,0.002060,0.002060,0.002136,0.002174,0.002213,0.002213,0.002289,0.002327,0.002327,0.002403,0.002365,0.002365,0.002441,0.002403,0.002441,0.002365,0.002365,0.002365,0.002327,0.002289,0.002251,0.002174,0.002136,0.002136,0.002136,0.002022,0.001984,0.001984,0.001945,0.001984,0.001907,0.001945,0.001907,0.001869,0.001945,0.001945,0.001984,0.001945,0.002022,0.002022,0.001984,0.002060,0.002060,0.002098,0.002098,0.002174,0.002213,0.002174,0.002174,0.002213,0.002213,0.002213,0.002213,0.002251,0.002213,0.002174,0.002213,0.002174,0.002174,0.002213,0.002174,0.002174,0.002136,0.002213,0.002174,0.002174,0.002213,0.002174,0.002174,0.002213,0.002174,0.002213,0.002174,0.002213,0.002251,0.002213,0.002174,0.002251,0.002289,0.002251,0.002213,0.002213,0.002289,0.002251,0.002251,0.002251,0.002251,0.002251,0.002213,0.002174,0.002251,0.002213,0.002213,0.002213,0.002174,0.002174,0.002174,0.002174,0.002174,0.002213,0.002136,0.002136,0.002213,0.002136,0.002136,0.002098,0.002136,0.002174,0.002098,0.002174,0.002098,0.002098,0.002098,0.002136,0.002136,0.002098,0.002136,0.002060,0.002136,0.002136,0.002098,0.002098,0.002060,0.002022,0.002098,0.002022,0.002022,0.001984,0.001984,0.001984,0.001984,0.002022,0.002060,0.002060,0.002022,0.002022,0.002098,0.002060,0.002060,0.002060,0.002136,0.002098,0.002060,0.002098,0.002098,0.002098,0.002098,0.002098,0.002174,0.002136,0.002136,0.002136,0.002098,0.002136,0.002136,0.002136,0.002098,0.002098,0.002136,0.002060,0.002136,0.002098,0.002060,0.002098,0.002022,0.002098,0.002060,0.002060,0.002060,0.002098,0.002060,0.002060,0.002098,0.002060,0.002098,0.002060,0.002060,0.002098,0.002136,0.002174,0.002136,0.002060,0.002136,0.002136,0.002136,0.002136,0.002060,0.002098,0.002174,0.002136,0.002098,0.002098,0.002174,0.002136,0.002174,0.002136,0.002098,0.002136,0.002136,0.002136,0.002136,0.002136,0.002213,0.002136,0.002136,0.002213,0.002136,0.002136,0.002098,0.002174,0.002136,0.002174,0.002213,0.002213,0.002213,0.002136,0.002136,0.002136,0.002213,0.002174,0.002174,0.002213,0.002174,0.002136,0.002174,0.002098,0.002098,0.002060,0.002098,0.002060,0.002098,0.002098,0.002060,0.002060,0.002022,0.002060,0.002022,0.002022,0.002060,0.002022,0.002022,0.001984,0.001945,0.001984,0.001984,0.002022,0.002022,0.002022,0.002022,0.002022,0.002022,0.002022,0.002022,0.002022,0.001984,0.001984,0.001907,0.002060,0.002022,0.002060,0.002060,0.002022,0.001984,0.002022,0.002060,0.002098,0.002098,0.002060,0.002060,0.002098,0.002136,0.002022,0.002060,0.002098,0.002098,0.002098,0.002098,0.002098,0.002098,0.002136,0.002098,0.002174,0.002174,0.002136,0.002174,0.002213,0.002213,0.002174,0.002136,0.002174,0.002213,0.002213,0.002213,0.002213,0.002213,0.002251,0.002213,0.002213,0.002213,0.002174,0.002174,0.002136,0.002174,0.002174,0.002174,0.002213,0.002098,0.002098,0.002098,0.002098,0.002098,0.002098,0.002022,0.002060,0.002098,0.002060,0.002098,0.002060,0.002022,0.002022,0.001984,0.002060,0.002022,0.002060,0.002060,0.001984,0.002022,0.002022,0.002022,0.001945,0.001945,0.001945,0.001945,0.001984,0.001907,0.001907,0.001945,0.001984,0.001984,0.001945,0.001945,0.001945,0.001907,0.001907,0.001869,0.001869,0.001945,0.001945,0.001945,0.001945,0.001984,0.001907,0.001945,0.001984,0.002022,0.002022,0.002022,0.002060,0.002060,0.002098,0.002098,0.002060,0.002098,0.002098,0.002136,0.002136,0.002136,0.002098,0.002174,0.002251,0.002174,0.002213,0.002213,0.002213,0.002251,0.002213,0.002251,0.002251,0.002174,0.002213,0.002213,0.002213,0.002213,0.002136,0.002136,0.002174,0.002060,0.002098,0.002098,0.002098,0.002022,0.001945,0.001984,0.001945,0.001945,0.001907,0.001907,0.001869,0.001831,0.001831,0.001831,0.001717,0.001793,0.001755,0.001755,0.001793,0.001793,0.001793,0.001755,0.001793,0.001831,0.001831,0.001869,0.001907,0.001945,0.001907,0.001945,0.001945,0.001984,0.002022,0.002098,0.002136,0.002136,0.002136,0.002174,0.002213,0.002213,0.002174,0.002213,0.002251,0.002174,0.002174,0.002136,0.002174,0.002213,0.002174,0.002251,0.002174,0.002174,0.002136,0.002136,0.002136,0.002213,0.002174,0.002213,0.002251,0.002251,0.002289,0.002289,0.002251,0.002213,0.002213,0.002251,0.002251,0.002289,0.002251,0.002174,0.002251,0.002213,0.002251,0.002213,0.002251,0.002251,0.002251,0.002213,0.002174,0.002213,0.002213,0.002213,0.002174,0.002098,0.002098,0.002136,0.002098,0.002098,0.002060,0.002060,0.002060,0.002098,0.002060,0.002098,0.002098,0.002060,0.002060,0.002022,0.002022,0.002060,0.002060,0.002060,0.002060,0.002022,0.002060,0.001984,0.002022,0.002022,0.001984,0.001945,0.001984,0.002022,0.001945,0.001984,0.001984,0.001984,0.001945,0.001984,0.002022,0.002060,0.002098,0.002060,0.002098,0.002098,0.002136,0.002136,0.002060,0.002060,0.002060,0.001984,0.001984,0.002022,0.001945,0.001907,0.001869,0.001869,0.001869,0.001831,0.001831,0.001793,0.001869,0.001755,0.001793,0.001831,0.001831,0.001831,0.001831,0.001869,0.001907,0.001907,0.001984,0.001945,0.001945,0.001945,0.001945,0.001907,0.001907,0.001907,0.001869,0.001793,0.001831,0.001869,0.001869,0.001869,0.001831,0.001831,0.001869,0.001869,0.001831,0.001907,0.001907,0.001945,0.001907,0.001869,0.001945,0.001945,0.001945,0.001945,0.001945,0.001984,0.001945,0.001984,0.001984,0.001984,0.001945,0.001984,0.001945,0.002022,0.001984,0.002022,0.001984,0.002022,0.002060,0.002098,0.002136,0.002136,0.002136,0.002136,0.002136,0.002213,0.002213,0.002251,0.002289,0.002251,0.002289,0.002251,0.002365,0.002327,0.002365,0.002327,0.002327,0.002327,0.002365,0.002289,0.002327,0.002251,0.002289,0.002251,0.002251,0.002213,0.002174,0.002174,0.002098,0.002098,0.002022,0.002022,0.002022,0.002022,0.001984,0.002022,0.001984,0.001984,0.001945,0.001945,0.002060,0.002098,0.002060,0.002022,0.002060,0.002060,0.002136,0.002174,0.002136,0.002136,0.002174,0.002213,0.002213,0.002213,0.002174,0.002174,0.002174,0.002213,0.002213,0.002174,0.002213,0.002174,0.002213,0.002213,0.002174,0.002136,0.002098,0.002174,0.002174,0.002136,0.002136,0.002136,0.002098,0.002098,0.002136,0.002136,0.002174,0.002174,0.002136,0.002098,0.002098,0.002136,0.002136,0.002098,0.002136,0.002136,0.002136,0.002174,0.002098,0.002136,0.002174,0.002174,0.002136,0.002136,0.002174,0.002098,0.002098,0.002098,0.002060,0.002136,0.002136,0.002060,0.002060,0.002060,0.002022,0.002060,0.002098,0.002136,0.002136,0.002136,0.002136,0.002098,0.002098,0.002136,0.002136,0.002136,0.002136,0.002136,0.002174,0.002174,0.002174,0.002174,0.002136,0.002136,0.002136,0.002098,0.002136,0.002060,0.002098,0.002060,0.002098,0.002098,0.002098,0.002022,0.002060,0.002060,0.002022,0.002136,0.002098,0.002060,0.002060,0.002060,0.002060,0.002136,0.002098,0.002060,0.002060,0.002136,0.002136,0.002174,0.002174,0.002098,0.002174,0.002136,0.002098,0.002136,0.002136,0.002136,0.002098,0.002098,0.002136,0.002136,0.002098,0.002098,0.002098,0.002098,0.002060,0.002098,0.002136,0.002174,0.002136,0.002136,0.002098,0.002098,0.002136,0.002098,0.002136,0.002098,0.002136,0.002098,0.002060,0.002098,0.002098,0.002098,0.002136,0.002136,0.002136,0.002060,0.002060,0.002060,0.002098,0.002060,0.002060,0.002060,0.002060,0.002060,0.002060,0.002060,0.002060,0.001984,0.001945,0.002022,0.002022,0.002060,0.002022,0.002022,0.001945,0.002022,0.002022,0.001984,0.001945,0.001945,0.001984,0.001945,0.001907,0.001907,0.001907,0.001945,0.002022,0.002022,0.002060,0.002060,0.002098,0.002098,0.002136,0.002098,0.002136,0.002098,0.002098,0.002174,0.002174,0.002213,0.002174,0.002213,0.002174,0.002213,0.002251,0.002251,0.002251,0.002251,0.002251,0.002289,0.002289,0.002251,0.002251,0.002251,0.002289,0.002251,0.002289,0.002251,0.002251,0.002289,0.002289,0.002289,0.002251,0.002289,0.002251,0.002213,0.002213,0.002174,0.002174,0.002174,0.002136,0.002174,0.002136,0.002174,0.002136,0.002174,0.002174,0.002136,0.002174,0.002213,0.002174,0.002136,0.002174,0.002251,0.002213,0.002136,0.002174,0.002213,0.002213,0.002251,0.002251,0.002213,0.002213,0.002251,0.002213,0.002251,0.002251,0.002251,0.002289,0.002251,0.002289,0.002251,0.002251,0.002251,0.002251,0.002213,0.002289,0.002327,0.002251,0.002251,0.002289,0.002213,0.002174,0.002213,0.002174,0.002174,0.002098,0.002060,0.002136,0.002136,0.002098,0.002098,0.002022,0.001984,0.001945,0.001945,0.001945,0.001869,0.001945,0.001869,0.001869,0.001869,0.001869,0.001831,0.001831,0.001831,0.001907,0.001869,0.001907,0.001907,0.001869,0.001869,0.001907,0.001945,0.001907,0.001984,0.001984,0.002022,0.002060,0.002098,0.002060,0.002174,0.002174,0.002174,0.002213,0.002251,0.002213,0.002251,0.002289,0.002289,0.002289,0.002289,0.002365,0.002365,0.002289,0.002289,0.002289,0.002213,0.002251,0.002213,0.002251,0.002251,0.002251,0.002213,0.002213,0.002213,0.002136,0.002213,0.002174,0.002136,0.002098,0.002098,0.002136,0.002136,0.002136,0.002098,0.002098,0.002098,0.002098,0.002136,0.002136,0.002060,0.002136,0.002174,0.002174,0.002213,0.002213,0.002213,0.002213,0.002251,0.002251,0.002251,0.002251,0.002213,0.002251,0.002251,0.002289,0.002251,0.002213,0.002251,0.002251,0.002289,0.002251,0.002213,0.002251,0.002289,0.002213,0.002174,0.002213,0.002213,0.002213,0.002136,0.002136,0.002174,0.002174,0.002136,0.002136,0.002136,0.002174,0.002136,0.002174,0.002213,0.002174,0.002213,0.002174,0.002213,0.002136,0.002136,0.002174,0.002174,0.002174,0.002174,0.002174,0.002213,0.002174,0.002213,0.002213,0.002213,0.002136,0.002174,0.002098,0.002098,0.002098,0.002060,0.002022,0.002022,0.002098,0.002060,0.002022,0.002022,0.001984,0.001984,0.001984,0.001984,0.001984,0.001984,0.001945,0.001984,0.001984,0.001984,0.001984,0.002022,0.001945,0.001907,0.001945,0.001984,0.002022,0.001984,0.002060,0.001984,0.002022,0.002022,0.001984,0.001984,0.002022,0.002022,0.002022,0.002022,0.002060,0.002060,0.002022,0.002098,0.002060,0.002060,0.002060,0.002022,0.002022,0.002060,0.001984,0.001984,0.002022,0.002022,0.001907,0.001984,0.002022,0.001984,0.001984,0.001984,0.002022,0.001984,0.001907,0.001984,0.001984,0.001907,0.001945,0.001984,0.001907,0.001984,0.001945,0.002022,0.002022,0.002022,0.002098,0.002060,0.002060,0.002060,0.002022,0.002136,0.002060,0.002098,0.002098,0.002098,0.002174,0.002098,0.002136,0.002098,0.002098,0.002098,0.002060,0.002098,0.002060,0.002136,0.002098,0.002098,0.002098,0.002060,0.002098,0.002098,0.002060,0.002022,0.002060,0.002022,0.002022,0.002022,0.002060,0.001984,0.002022,0.001984,0.001984,0.001945,0.001984,0.001984,0.002060,0.001984,0.001984,0.002022,0.001945,0.001984,0.001984,0.001984,0.001945,0.001984,0.002060,0.002022,0.001945,0.001945,0.001984,0.002022,0.001984,0.001945,0.002022,0.002022,0.002022,0.002060,0.002098,0.002060,0.002022,0.002060,0.002060,0.002098,0.002060,0.002098,0.002098,0.002098,0.002022,0.002098,0.002098,0.002098,0.002060,0.002098,0.002136,0.002098,0.002098,0.002060,0.002098,0.002098,0.002136,0.002136,0.002060,0.002060,0.002060,0.002098,0.002136,0.002060,0.002060,0.002098,0.002098,0.002060,0.002098,0.002098,0.002060,0.002060,0.002060,0.002098,0.002136,0.002060,0.002098,0.002098,0.002098,0.002098,0.002098,0.002136,0.002136,0.002098,0.002136,0.002136,0.002136,0.002098,0.002098,0.002174,0.002174,0.002213,0.002136,0.002136,0.002136,0.002174,0.002136,0.002174,0.002174,0.002136,0.002251,0.002174,0.002174,0.002136,0.002213,0.002136,0.002174,0.002213,0.002251,0.002213,0.002213,0.002251,0.002251,0.002213,0.002289,0.002251,0.002251,0.002327,0.002213,0.002251,0.002251,0.002289,0.002289,0.002174,0.002174,0.002136,0.002136,0.002136,0.002098,0.002098,0.002098,0.002098,0.002060,0.002022,0.002022,0.002022,0.002060,0.001945,0.001945,0.001945,0.001984,0.001945,0.001945,0.001984,0.001945,0.001984,0.001984,0.001984,0.001945,0.001984,0.001984,0.001984,0.001984,0.001984,0.001945,0.001945,0.001945,0.002022,0.001945,0.001945,0.001945,0.001945,0.001945,0.001984,0.001945,0.001984,0.001945,0.002022,0.002022,0.001945,0.001984,0.001984,0.001984,0.001945,0.001984,0.002022,0.001984,0.002060,0.001984,0.002022,0.001984,0.002022,0.002060,0.002022,0.002060,0.002060,0.001984,0.002060,0.002022,0.002060,0.001984,0.002098,0.002060,0.002022,0.002060,0.002060,0.002060,0.002098,0.002022,0.002060,0.002060,0.002060,0.002060,0.002174,0.002098,0.002136,0.002136,0.002136,0.002136,0.002136,0.002213,0.002174,0.002174,0.002174,0.002174,0.002174,0.002174,0.002174,0.002174,0.002174,0.002174,0.002213,0.002174,0.002174,0.002136,0.002174,0.002136,0.002098,0.002098,0.002022,0.002060,0.002022,0.001984,0.001945,0.001984,0.001907,0.001907,0.001869,0.001869,0.001869,0.001869,0.001831,0.001831,0.001793,0.001831,0.001793,0.001793,0.001755,0.001831,0.001793,0.001793,0.001869,0.001869,0.001831,0.001907,0.001869,0.001831,0.001907,0.001869,0.001945,0.001945,0.001984,0.001945,0.001907,0.001945,0.001945,0.001945,0.001907,0.001984,0.001907,0.001945,0.001945,0.001869,0.001907,0.001869,0.001831,0.001869,0.001869,0.001793,0.001793,0.001831,0.001793,0.001793,0.001831,0.001831,0.001831,0.001869,0.001831,0.001831,0.001869,0.001907,0.001869,0.001945,0.001907,0.001945,0.001984,0.002022,0.002022,0.002022,0.002098,0.002022,0.002098,0.002098,0.002060,0.002174,0.002213,0.002213,0.002213,0.002251,0.002289,0.002289,0.002251,0.002289,0.002289,0.002327,0.002327,0.002365,0.002365,0.002327,0.002403,0.002403,0.002480,0.002441,0.002441,0.002480,0.002403,0.002480,0.002441,0.002480,0.002556,0.002518,0.002518,0.002518,0.002480,0.002480,0.002480,0.002518,0.002518,0.002556,0.002441,0.002480,0.002518,0.002480,0.002556,0.002441,0.002480,0.002480,0.002441,0.002441,0.002480,0.002441,0.002441,0.002403,0.002365,0.002365,0.002289,0.002327,0.002289,0.002213,0.002213,0.002289,0.002174,0.002174,0.002174,0.002136,0.002136,0.002174,0.002136,0.002098,0.002136,0.002098,0.002098,0.002136,0.002022,0.002098,0.002136,0.002098,0.002136,0.002098,0.002098,0.002060,0.002060,0.002060,0.002060,0.002060,0.002022,0.002060,0.002022,0.002022,0.002022,0.002022,0.002060,0.002060,0.002022,0.001945,0.001945,0.002022,0.001984,0.001907,0.001907,0.001869,0.001907,0.001907,0.001869,0.001869,0.001869,0.001869,0.001869,0.001869,0.001831,0.001869,0.001869,0.001869,0.001907,0.001831,0.001869,0.001869,0.001869,0.001907,0.001869,0.001945,0.001869,0.001869,0.001907,0.001869,0.001984,0.001907,0.001984,0.001945,0.001984,0.001945,0.001984,0.002022,0.002022,0.002022,0.002022,0.002060,0.002022,0.002022,0.001984,0.001984,0.002022,0.002022,0.002022,0.002022,0.002022,0.001984,0.001945,0.001984,0.002022,0.002022,0.002022,0.002060,0.002022,0.001984,0.002022,0.002060,0.002098,0.002060,0.002060,0.002022,0.002098,0.002060,0.002098,0.002060,0.002098,0.002136,0.002098,0.002098,0.002136,0.002136,0.002060,0.002060,0.002136,0.002136,0.002098,0.002136,0.002174,0.002174,0.002136,0.002174,0.002136,0.002213,0.002136,0.002136,0.002174,0.002174,0.002213,0.002136,0.002174,0.002136,0.002136,0.002098,0.002136,0.002098,0.002136,0.002136,0.002136,0.002136,0.002213,0.002213,0.002136,0.002174,0.002174,0.002136,0.002174,0.002174,0.002251,0.002289,0.002251,0.002251,0.002213,0.002174,0.002213,0.002213,0.002251,0.002213,0.002251,0.002251,0.002213,0.002251,0.002213,0.002174,0.002174,0.002213,0.002174,0.002174,0.002174,0.002136,0.002136,0.002213,0.002213,0.002174,0.002174,0.002136,0.002174,0.002136,0.002136,0.002136,0.002174,0.002136,0.002136,0.002136,0.002213,0.002174,0.002174,0.002098,0.002136,0.002136,0.002174,0.002213,0.002174,0.002213,0.002098,0.002174,0.002174,0.002174,0.002174,0.002136,0.002174,0.002174,0.002174,0.002213,0.002213,0.002213,0.002174,0.002174,0.002174,0.002136,0.002136,0.002136,0.002136,0.002136,0.002098,0.002174,0.002174,0.002174,0.002136,0.002136,0.002136,0.002174,0.002174,0.002174,0.002136,0.002098,0.002136,0.002136,0.002136,0.002174,0.002174,0.002174,0.002098,0.002174,0.002136,0.002098,0.002098,0.002136,0.002098,0.002060,0.002098,0.002098,0.002060,0.002136,0.002060,0.002098,0.002098,0.002060,0.002022,0.002098,0.002098,0.002060,0.002098,0.002022,0.002022,0.002060,0.002060,0.002022,0.002060,0.002060,0.002060,0.002060,0.002060,0.002060,0.002060,0.002136,0.002098,0.002098,0.002098,0.002098,0.002136,0.002136,0.002136,0.002060,0.002174,0.002174,0.002213,0.002213,0.002174,0.002251,0.002213,0.002174,0.002213,0.002213,0.002251,0.002213,0.002251,0.002251,0.002174,0.002213,0.002174,0.002213,0.002213,0.002213,0.002251,0.002251,0.002251,0.002174,0.002213,0.002251,0.002251,0.002213,0.002213,0.002174,0.002174,0.002213,0.002213,0.002136,0.002174,0.002174,0.002174,0.002174,0.002136,0.002136,0.002098,0.002136,0.002098,0.002136,0.002136,0.002060,0.002060,0.002060,0.002060,0.001984,0.002060,0.002060,0.002022,0.002022,0.001984,0.001984,0.001984,0.001907,0.001945,0.001907,0.001945,0.001945,0.001907,0.001945,0.001869,0.001907,0.001945,0.001945,0.001945,0.001984,0.001945,0.001945,0.001984,0.001984,0.002022,0.002098,0.002022,0.002060,0.002022,0.002022,0.002098,0.002060,0.002060,0.002098,0.002098,0.002098,0.002136,0.002136,0.002136,0.002098,0.002174,0.002136,0.002136,0.002136,0.002136,0.002098,0.002098,0.002098,0.002136,0.002136,0.002174,0.002213,0.002136,0.002174,0.002060,0.002136,0.002136,0.002060,0.002098,0.002060,0.002098,0.002060,0.002060,0.002060,0.002060,0.002098,0.002060,0.002098,0.002098,0.002060,0.002098,0.002098,0.002060,0.002022,0.002060,0.002022,0.002060,0.002060,0.002060,0.002098,0.002098,0.002098,0.002022,0.002022,0.002060,0.002060,0.002022,0.002022,0.002022,0.001984,0.001984,0.002022,0.002060,0.001984,0.001984,0.001984,0.001945,0.001984,0.001984,0.001945,0.001945,0.002022,0.002022,0.001984,0.002060,0.001984,0.002060,0.002060,0.001984,0.001984,0.002098,0.002136,0.002022,0.001984,0.002060,0.002098,0.002174,0.002060,0.002136,0.002174,0.002174,0.002136,0.002136,0.002136,0.002136,0.002136,0.002136,0.002098,0.002098,0.002098,0.002136,0.002098,0.002098,0.002060,0.002098,0.002098,0.002098,0.002098,0.002060,0.002098,0.002136,0.002098,0.002098,0.002136,0.002098,0.002174,0.002136,0.002136,0.002136,0.002213,0.002213,0.002174,0.002174,0.002174,0.002174,0.002098,0.002136,0.002174,0.002174,0.002136,0.002136,0.002174,0.002136,0.002174,0.002174,0.002136,0.002136,0.002098,0.002136,0.002098,0.002136,0.002060,0.002136,0.002098,0.002060,0.002060,0.002060,0.002022,0.002060,0.002060,0.002022,0.002022,0.002022,0.001984,0.001984,0.002022,0.001984,0.001984,0.002022,0.002022,0.001984,0.001945,0.002022,0.001984,0.001984,0.001984,0.001984,0.002022,0.001984,0.002022,0.001984,0.001984,0.001984,0.001945,0.001984,0.001945,0.001984,0.002060,0.002022,0.002060,0.002022,0.001984,0.001945,0.002060,0.002060,0.002022,0.002022,0.002022,0.002022,0.002022,0.002060,0.001984,0.001984,0.002060,0.002060,0.002060,0.001984,0.002098,0.002098,0.002060,0.002022,0.002098,0.002022,0.002060,0.002098,0.002098,0.002060,0.002022,0.002022,0.002060,0.002060,0.002060,0.002060,0.002060,0.002060,0.002098,0.002098,0.002022,0.002060,0.002098,0.002098,0.002060,0.002136,0.002098,0.002098,0.002060,0.002060,0.002098,0.002136,0.002136,0.002060,0.002060,0.002060,0.002060,0.002098,0.002022,0.002098,0.002060,0.002022,0.002022,0.002060,0.002022,0.001984,0.001945,0.001907,0.001945,0.001945,0.001945,0.001907,0.001869,0.001831,0.001869,0.001869,0.001945,0.001869,0.001831,0.001869,0.001831,0.001831,0.001831,0.001831,0.001869,0.001831,0.001907,0.001907,0.001869,0.001869,0.001984,0.001907,0.001907,0.001984,0.002022,0.001945,0.001907,0.001984,0.002022,0.001984,0.002022,0.002136,0.002060,0.002098,0.002098,0.002174,0.002136,0.002098,0.002098,0.002136,0.002098,0.002136,0.002136,0.002136,0.002098,0.002098,0.002098,0.002060,0.002060,0.002060,0.002022,0.002060,0.002098,0.002098,0.002098,0.002060,0.002060,0.002060,0.002098,0.002098,0.002060,0.002098,0.002098,0.002098,0.002060,0.002060,0.002098,0.002022,0.002098,0.002060,0.002098,0.002098,0.002098,0.002060,0.002022,0.002098,0.002060,0.002098,0.002098,0.002136,0.002098,0.002136,0.002174,0.002174,0.002136,0.002174,0.002174,0.002174,0.002136,0.002213,0.002174,0.002174,0.002174,0.002136,0.002136,0.002174,0.002289,0.002213,0.002136,0.002174,0.002136,0.002136,0.002136,0.002174,0.002174,0.002098,0.002098,0.002136,0.002098,0.002098,0.002060,0.002098,0.002022,0.002060,0.002060,0.002060,0.002060,0.002060,0.002022,0.002022,0.002060,0.002022,0.002060,0.002022,0.001984,0.002022,0.001984,0.002022,0.001984,0.002060,0.002022,0.001984,0.002022,0.002060,0.001984,0.001984,0.001984,0.002060,0.002060,0.001984,0.002022,0.001984,0.002098,0.002060,0.001984,0.002022,0.001984,0.002060,0.002022,0.002022,0.002060,0.002022,0.002060,0.002060,0.002060,0.002060,0.002060,0.002022,0.002060,0.001984,0.002022,0.001984,0.001984,0.002022,0.002022,0.002060,0.002060,0.002022,0.002022,0.002060,0.002098,0.002022,0.002098,0.002060,0.001984,0.002022,0.002060,0.002060,0.002060,0.002060,0.002098,0.002060,0.002098,0.002022,0.002022,0.002060,0.002060,0.002060,0.002098,0.002022,0.002060,0.002060,0.002022,0.002060,0.002060,0.002098,0.002098,0.002060,0.002060,0.002098,0.002136,0.002098,0.002060,0.002060,0.002098,0.002136,0.002098,0.002174,0.002213,0.002136,0.002213,0.002213,0.002213,0.002174,0.002213,0.002251,0.002213,0.002251,0.002251,0.002289,0.002289,0.002213,0.002251,0.002251,0.002289,0.002365,0.002327,0.002289,0.002327,0.002251,0.002327,0.002289,0.002289,0.002251,0.002289,0.002251,0.002251,0.002251,0.002251,0.002213,0.002174,0.002174,0.002213,0.002174,0.002213,0.002213,0.002174,0.002136,0.002098,0.002136,0.002098,0.002098,0.002098,0.002098,0.002022,0.002098,0.002098,0.002060,0.002022,0.002022,0.002022,0.002022,0.002022,0.001984,0.002060,0.002098,0.002098,0.002022,0.002022,0.002022,0.002098,0.002022,0.002022,0.002098,0.002060,0.002098,0.002022,0.002098,0.002022,0.002060,0.002060,0.002098,0.002136,0.002022,0.002174,0.002098,0.002060,0.002098,0.002136,0.002136,0.002136,0.002174,0.002136,0.002174,0.002174,0.002174,0.002136,0.002174,0.002251,0.002251,0.002251,0.002251,0.002213,0.002213,0.002251,0.002251,0.002289,0.002251,0.002289,0.002251,0.002213,0.002251,0.002213,0.002251,0.002213,0.002213,0.002174,0.002174,0.002213,0.002174,0.002136,0.002098,0.002174,0.002136,0.002098,0.002136,0.002060,0.002060,0.002022,0.001984,0.002060,0.002022,0.002060,0.002022,0.001984,0.001984,0.001984,0.002060,0.002022,0.002022,0.002060,0.002022,0.002022,0.001984,0.001984,0.001984,0.001984,0.001984,0.001984,0.001984,0.001984,0.002022,0.002022,0.001984,0.001984,0.001984,0.002022,0.002060,0.001984,0.002022,0.002098,0.002098,0.002098,0.002098,0.002098,0.002136,0.002174,0.002136,0.002174,0.002213,0.002174,0.002174,0.002213,0.002213,0.002251,0.002213,0.002174,0.002213,0.002213,0.002174,0.002098,0.002098,0.002136,0.002098,0.002136,0.002136,0.002060,0.002022,0.002022,0.002022,0.001984,0.001984,0.001984,0.001984,0.001984,0.001945,0.001984,0.001945,0.001945,0.001984,0.001945,0.001945,0.001945,0.001984,0.001984,0.001984,0.001984,0.001945,0.001984,0.001984,0.002060,0.002022,0.002060,0.002060,0.002060,0.002136,0.002098,0.002174,0.002136,0.002136,0.002213,0.002213,0.002213,0.002251,0.002289,0.002327,0.002289,0.002289,0.002289,0.002289,0.002289,0.002327,0.002289,0.002251,0.002289,0.002251,0.002251,0.002174,0.002251,0.002174,0.002213,0.002289,0.002251,0.002289,0.002289,0.002289,0.002213,0.002251,0.002251,0.002289,0.002289,0.002289,0.002213,0.002213,0.002251,0.002251,0.002289,0.002251,0.002251,0.002251,0.002213,0.002251,0.002289,0.002289,0.002251,0.002251,0.002213,0.002251,0.002251,0.002251,0.002251,0.002213,0.002213,0.002213,0.002213,0.002251,0.002213,0.002251,0.002251,0.002213,0.002251,0.002327,0.002251,0.002213,0.002251,0.002174,0.002289,0.002289,0.002213,0.002251,0.002289,0.002251,0.002213,0.002289,0.002251,0.002251,0.002213,0.002251,0.002251,0.002251,0.002213,0.002251,0.002251,0.002251,0.002251,0.002251,0.002213,0.002174,0.002213,0.002136,0.002098,0.002098,0.002174,0.002251,0.002136,0.002136,0.002136,0.002136,0.002174,0.002174,0.002098,0.002098,0.002098,0.002060,0.002060,0.002060,0.002060,0.002060,0.002060,0.002022,0.001945,0.002022,0.001984,0.001984,0.001984,0.001984,0.001984,0.001869,0.001907,0.001907,0.001945,0.001869,0.001793,0.001869,0.001907,0.001831,0.001831,0.001869,0.001793,0.001907,0.001869,0.001831,0.001869,0.001907,0.001907,0.001907,0.001831,0.001945,0.001869,0.001907,0.001945,0.001945,0.001984,0.001984,0.002060,0.002098,0.002098,0.002022,0.001984,0.002060,0.002098,0.002022,0.002022,0.002022,0.002060,0.002022,0.002022,0.002022,0.002060,0.002060,0.002098,0.002098,0.002174,0.002174,0.002060,0.002136,0.002098,0.002136,0.002174,0.002174,0.002213,0.002174,0.002213,0.002174,0.002213,0.002251,0.002136,0.002213,0.002213,0.002174,0.002251,0.002251,0.002174,0.002213,0.002174,0.002174,0.002213,0.002174,0.002136,0.002174,0.002174,0.002136,0.002136,0.002136,0.002136,0.002098,0.002136,0.002060,0.002060,0.002060,0.001984,0.001984,0.001984,0.002022,0.002022,0.001945,0.001945,0.001984,0.001984,0.001945,0.001945,0.001984,0.001945,0.001984,0.001945,0.001945,0.001945,0.001945,0.001945,0.001945,0.002022,0.001945,0.001984,0.001945,0.002022,0.001984,0.001984,0.001945,0.001945,0.001945,0.001907,0.001984,0.001945,0.001945,0.001945,0.001945,0.001984,0.001945,0.001907,0.001984,0.001945,0.001984,0.002022,0.001984,0.002022,0.002022,0.002060,0.002022,0.002098,0.002098,0.002022,0.002060,0.002060,0.002060,0.002098,0.002136,0.002060,0.002098,0.002098,0.002098,0.002174,0.002136,0.002136,0.002136,0.002136,0.002098,0.002174,0.002136,0.002174,0.002136,0.002136,0.002136,0.002098,0.002136,0.002136,0.002136,0.002174,0.002136,0.002136,0.002174,0.002098,0.002136,0.002136,0.002136,0.002136,0.002098,0.002136,0.002136,0.002174,0.002136,0.002136,0.002098,0.002098,0.002136,0.002136,0.002136,0.002136,0.002136,0.002136,0.002098,0.002136,0.002098,0.002098,0.002060,0.002098,0.002098,0.002060,0.002098,0.002022,0.002022,0.002060,0.002022,0.002060,0.001984,0.002022,0.002022,0.001984,0.002022,0.001984,0.002022,0.001984,0.001984,0.001945,0.001945,0.002022,0.001984,0.001945,0.002022,0.002022,0.001984,0.001907,0.001984,0.001984,0.002060,0.001945,0.002022,0.001984,0.001984,0.002022,0.001945,0.002060,0.002022,0.002022,0.002060,0.002022,0.002060
11,19:00:00.000,12/31/1903,0.000000,0.100000,UNKNOWN,1,0/0,0.000000,0.000000,0.000000,0.000000,0.000000,0.000000,0.000000,0.000000,0,0,0,0,0.002174,0.002174,0.002174,0.002213,0.002251,0.002174,0.002174,0.002174,0.002174,0.002213,0.002251,0.002174,0.002174,0.002213,0.002136,0.002136,0.002174,0.002174,0.002136,0.002136,0.002098,0.002174,0.002174,0.002136,0.002098,0.002136,0.002136,0.002098,0.002136,0.002136,0.002174,0.002136,0.002136,0.002136,0.002136,0.002136,0.002136,0.002022,0.002136,0.002174,0.002098,0.002098,0.002174,0.002060,0.002098,0.002060,0.002098,0.002098,0.002060,0.002098,0.002098,0.002060,0.002098,0.002098,0.002098,0.002136,0.002098,0.002022,0.002136,0.002098,0.002098,0.002060,0.002022,0.002022,0.002022,0.001984,0.002022,0.002060,0.002060,0.002060,0.002060,0.002022,0.002022,0.001945,0.001984,0.002022,0.002060,0.002060,0.002022,0.002022,0.001984,0.002022,0.002022,0.002022,0.002060,0.001984,0.002022,0.002022,0.002060,0.002022,0.002060,0.002060,0.002098,0.002022,0.002060,0.002022,0.002022,0.001984,0.002022,0.002022,0.002022,0.002022,0.002098,0.002022,0.002060,0.002022,0.001984,0.002060,0.002022,0.002022,0.002060,0.002098,0.002136,0.002098,0.002098,0.002060,0.002098,0.002136,0.002060,0.002060,0.002136,0.002060,0.002060,0.002098,0.002022,0.002060,0.002022,0.002060,0.002060,0.002098,0.002098,0.002022,0.002060,0.002098,0.002060,0.002136,0.002098,0.002098,0.002098,0.002098,0.002060,0.002060,0.002136,0.002060,0.002060,0.002136,0.002098,0.002098,0.002098,0.002098,0.002060,0.002060,0.002060,0.002098,0.002136,0.002098,0.002060,0.002098,0.002136,0.002136,0.002060,0.002060,0.002136,0.002098,0.002136,0.002136,0.002136,0.002098,0.002136,0.002136,0.002136,0.002136,0.002098,0.002098,0.002136,0.002136,0.002174,0.002174,0.002136,0.002174,0.002174,0.002136,0.002174,0.002174,0.002213,0.002136,0.002136,0.002136,0.002098,0.002174,0.002174,0.002136,0.002136,0.002174,0.002136,0.002174,0.002213,0.002136,0.002136,0.002136,0.002060,0.002060,0.002098,0.002098,0.002098,0.002136,0.002060,0.002060,0.002136,0.002136,0.002136,0.002136,0.002136,0.002098,0.002174,0.002174,0.002174,0.002136,0.002174,0.002098,0.002136,0.002174,0.002174,0.002174,0.002098,0.002136,0.002213,0.002174,0.002136,0.002136,0.002136,0.002136,0.002213,0.002174,0.002174,0.002213,0.002174,0.002136,0.002174,0.002136,0.002098,0.002213,0.002213,0.002213,0.002174,0.002174,0.002136,0.002136,0.002098,0.002136,0.002213,0.002136,0.002136,0.002136,0.002174,0.002136,0.002136,0.002136,0.002098,0.002136,0.002060,0.002098,0.002136,0.002136,0.002136,0.002136,0.002174,0.002136,0.002136,0.002098,0.002098,0.002174,0.002136,0.002098,0.002136,0.002136,0.002098,0.002060,0.002060,0.002060,0.002098,0.002136,0.002098,0.002098,0.002098,0.002098,0.002098,0.002098,0.002060,0.002060,0.002098,0.002060,0.002060,0.002060,0.002022,0.002022,0.002136,0.002022,0.002060,0.002022,0.002060,0.002060,0.002060,0.002060,0.002060,0.002060,0.002060,0.002098,0.002098,0.002098,0.002060,0.002060,0.002060,0.002060,0.002098,0.002022,0.002022,0.001984,0.002060,0.002022,0.002098,0.002060,0.002060,0.002022,0.002022,0.002060,0.002060,0.002022,0.002098,0.002098,0.002060,0.002060,0.002060,0.002022,0.002098,0.002022,0.002060,0.002098,0.002022,0.002022,0.002060,0.002098,0.002022,0.002022,0.002060,0.002022,0.002022,0.002022,0.002060,0.002136,0.002022,0.002022,0.002060,0.002060,0.002098,0.002060,0.002022,0.002098,0.002136,0.002060,0.002098,0.002022,0.002098,0.002098,0.002098,0.002098,0.002098,0.002098,0.002098,0.002136,0.002098,0.002060,0.002098,0.002098,0.002098,0.002060,0.002098,0.002060,0.002060,0.002098,0.002060,0.002022,0.002060,0.002098,0.002060,0.002060,0.002022,0.002098,0.002136,0.002136,0.002060,0.002098,0.002136,0.002098,0.002174,0.002136,0.002136,0.002060,0.002098,0.002136,0.002136,0.002136,0.002174,0.002136,0.002174,0.002213,0.002174,0.002098,0.002174,0.002098,0.002136,0.002174,0.002174,0.002174,0.002136,0.002136,0.002213,0.002174,0.002174,0.002174,0.002098,0.002174,0.002174,0.002174,0.002136,0.002213,0.002136,0.002213,0.002251,0.002213,0.002213,0.002213,0.002174,0.002174,0.002174,0.002174,0.002174,0.002136,0.002174,0.002174,0.002136,0.002136,0.002174,0.002098,0.002060,0.002098,0.002174,0.002136,0.002136,0.002136,0.002174,0.002098,0.002098,0.002060,0.002098,0.002136,0.002098,0.002098,0.002060,0.002098,0.002060,0.002098,0.002098,0.002098,0.002060,0.002098,0.002060,0.002060,0.002060,0.001984,0.002022,0.002098,0.002060,0.002060,0.002098,0.002060,0.002022,0.002022,0.002022,0.002060,0.002022,0.001945,0.001984,0.002022,0.002022,0.002022,0.002022,0.002022,0.001984,0.002022,0.002022,0.002060,0.002022,0.001984,0.002022,0.002060,0.002022,0.001984,0.001907,0.002022,0.001984,0.002022,0.001984,0.001945,0.001945,0.001984,0.001984,0.002022,0.002022,0.001984,0.002060,0.002022,0.001945,0.001984,0.002022,0.002022,0.002022,0.002022,0.002022,0.002022,0.002022,0.001984,0.001984,0.002060,0.002022,0.001984,0.002060,0.002022,0.002060,0.002060,0.002022,0.002060,0.002022,0.002098,0.002098,0.002060,0.002060,0.002022,0.002060,0.002098,0.002060,0.002060,0.002060,0.002098,0.002060,0.002022,0.002060,0.002060,0.002098,0.002098,0.002098,0.002136,0.002098,0.002136,0.002098,0.002136,0.002174,0.002136,0.002098,0.002136,0.002136,0.002098,0.002136,0.002136,0.002136,0.002213,0.002136,0.002213,0.002174,0.002136,0.002213,0.002213,0.002213,0.002136,0.002213,0.002213,0.002174,0.002213,0.002174,0.002136,0.002174,0.002136,0.002136,0.002136,0.002136,0.002213,0.002174,0.002174,0.002174,0.002136,0.002136,0.002098,0.002174,0.002098,0.002136,0.002098,0.002098,0.002098,0.002136,0.002136,0.002136,0.002060,0.002098,0.002136,0.002098,0.002098,0.002136,0.002060,0.002022,0.002060,0.002060,0.002060,0.002060,0.002022,0.002098,0.002098,0.002098,0.002098,0.002136,0.002098,0.002060,0.002098,0.002060,0.002022,0.002060,0.002060,0.002060,0.002060,0.002060,0.002098,0.002060,0.002098,0.002098,0.002098,0.002060,0.002022,0.002060,0.002060,0.002098,0.002022,0.002022,0.002022,0.002060,0.002098,0.002022,0.002060,0.002136,0.002136,0.002136,0.002060,0.002022,0.002060,0.002060,0.002022,0.002060,0.002098,0.002060,0.002060,0.002022,0.002060,0.002022,0.002060,0.002022,0.002060,0.002060,0.002098,0.002060,0.002022,0.002022,0.002060,0.002060,0.002098,0.002060,0.002098,0.002098,0.002060,0.002098,0.002060,0.002060,0.002060,0.002022,0.002022,0.002098,0.002060,0.002022,0.002060,0.002022,0.001984,0.002060,0.002022,0.002060,0.002022,0.001945,0.001984,0.001984,0.001945,0.001984,0.001945,0.001945,0.001907,0.001945,0.001869,0.001869,0.001793,0.001831,0.001831,0.001755,0.001793,0.001831,0.001755,0.001717,0.001678,0.001678,0.001640,0.001602,0.001602,0.001564,0.001564,0.001488,0.001526,0.001488,0.001488,0.001526,0.001564,0.001564,0.001602,0.001640,0.001717,0.001793,0.001945,0.002060,0.002213,0.002403,0.002670,0.002861,0.003090,0.003357,0.003700,0.003929,0.004349,0.004692,0.005035,0.005379,0.005684,0.006065,0.006447,0.006790,0.007095,0.007248,0.007439,0.007515,0.007553,0.007515,0.007286,0.007057,0.006714,0.006371,0.005875,0.005379,0.004807,0.004196,0.003662,0.003090,0.002480,0.001869,0.001221,0.000725,0.000114,-0.000458,-0.001068,-0.001755,-0.002327,-0.002937,-0.003471,-0.004005,-0.004501,-0.004845,-0.005074,-0.005264,-0.005417,-0.005341,-0.005226,-0.004997,-0.004654,-0.004311,-0.003891,-0.003357,-0.002823,-0.002365,-0.001831,-0.001259,-0.000763,-0.000305,0.000038,0.000420,0.000839,0.001106,0.001411,0.001640,0.001869,0.002022,0.002174,0.002251,0.002403,0.002480,0.002556,0.002594,0.002670,0.002747,0.002823,0.002861,0.002899,0.003014,0.003128,0.003128,0.003166,0.003242,0.003319,0.003433,0.003471,0.003510,0.003662,0.003777,0.003853,0.003929,0.004158,0.004234,0.004311,0.004463,0.004578,0.004654,0.004692,0.004692,0.004730,0.004768,0.004730,0.004692,0.004692,0.004578,0.004578,0.004501,0.004349,0.004311,0.004158,0.004082,0.004005,0.003815,0.003700,0.003586,0.003471,0.003319,0.003166,0.003052,0.002899,0.002785,0.002708,0.002670,0.002594,0.002441,0.002403,0.002327,0.002213,0.002174,0.002098,0.002022,0.002022,0.001945,0.001945,0.001907,0.001907,0.001793,0.001831,0.001755,0.001793,0.001793,0.001793,0.001793,0.001831,0.001907,0.001945,0.001907,0.002022,0.002060,0.002098,0.002098,0.002060,0.002098,0.002022,0.001945,0.002022,0.001945,0.001945,0.001907,0.001869,0.001831,0.001755,0.001793,0.001831,0.001831,0.001755,0.001755,0.001755,0.001755,0.001755,0.001717,0.001678,0.001640,0.001564,0.001602,0.001488,0.001411,0.001450,0.001450,0.001488,0.001526,0.001488,0.001526,0.001564,0.001640,0.001678,0.001755,0.001831,0.001831,0.001831,0.001793,0.001945,0.001907,0.001945,0.001945,0.001831,0.001869,0.001907,0.001869,0.001831,0.001831,0.001907,0.001869,0.001945,0.001869,0.001907,0.002022,0.001984,0.001945,0.001984,0.001945,0.002022,0.002022,0.001869,0.001907,0.001945,0.001945,0.001907,0.001907,0.001907,0.001869,0.001907,0.001869,0.001945,0.001945,0.001984,0.002060,0.002060,0.002136,0.002098,0.002213,0.002289,0.002365,0.002480,0.002518,0.002518,0.002594,0.002670,0.002594,0.002556,0.002670,0.002632,0.002556,0.002480,0.002441,0.002441,0.002327,0.002289,0.002174,0.002098,0.002060,0.001945,0.001945,0.001945,0.001907,0.001869,0.001945,0.001945,0.001907,0.001945,0.001945,0.001907,0.001907,0.001869,0.001869,0.001907,0.001869,0.001831,0.001793,0.001755,0.001717,0.001640,0.001640,0.001564,0.001564,0.001526,0.001450,0.001488,0.001450,0.001411,0.001450,0.001373,0.001411,0.001411,0.001411,0.001450,0.001373,0.001450,0.001373,0.001450,0.001488,0.001526,0.001602,0.001564,0.001678,0.001717,0.001793,0.001869,0.001907,0.001984,0.002060,0.002136,0.002251,0.002251,0.002403,0.002480,0.002518,0.002632,0.002670,0.002708,0.002708,0.002747,0.002747,0.002785,0.002823,0.002861,0.002861,0.002861,0.002785,0.002823,0.002708,0.002708,0.002708,0.002670,0.002708,0.002632,0.002708,0.002632,0.002632,0.002670,0.002708,0.002670,0.002632,0.002594,0.002556,0.002556,0.002480,0.002480,0.002441,0.002403,0.002327,0.002365,0.002289,0.002213,0.002213,0.002213,0.002213,0.002136,0.002174,0.002136,0.002136,0.002136,0.002136,0.002174,0.002136,0.002174,0.002136,0.002136,0.002136,0.002098,0.002136,0.002174,0.002136,0.002098,0.002098,0.002098,0.002098,0.002060,0.002174,0.002098,0.002098,0.002060,0.002213,0.002213,0.002213,0.002327,0.002365,0.002403,0.002441,0.002441,0.002518,0.002518,0.002556,0.002594,0.002594,0.002594,0.002594,0.002594,0.002594,0.002556,0.002556,0.002480,0.002441,0.002327,0.002251,0.002174,0.002098,0.002060,0.001984,0.001945,0.001945,0.001907,0.001869,0.001755,0.001717,0.001755,0.001717,0.001755,0.001717,0.001755,0.001793,0.001755,0.001831,0.001869,0.001907,0.001984,0.002022,0.002060,0.002060,0.002136,0.002174,0.002174,0.002174,0.002136,0.002174,0.002174,0.002136,0.002098,0.002060,0.002060,0.002022,0.001984,0.001984,0.001907,0.001945,0.001869,0.001869,0.001831,0.001793,0.001793,0.001755,0.001755,0.001678,0.001678,0.001755,0.001640,0.001602,0.001602,0.001564,0.001602,0.001526,0.001526,0.001564,0.001640,0.001640,0.001602,0.001678,0.001640,0.001755,0.001793,0.001717,0.001793,0.001907,0.001945,0.001945,0.001945,0.001984,0.001945,0.002060,0.001984,0.002060,0.002060,0.002022,0.002136,0.002098,0.002174,0.002174,0.002136,0.002174,0.002174,0.002136,0.002213,0.002213,0.002251,0.002213,0.002251,0.002251,0.002213,0.002251,0.002213,0.002251,0.002213,0.002136,0.002251,0.002174,0.002251,0.002174,0.002136,0.002174,0.002136,0.002136,0.002098,0.002174,0.002174,0.002174,0.002213,0.002136,0.002213,0.002213,0.002174,0.002213,0.002213,0.002213,0.002213,0.002213,0.002251,0.002213,0.002251,0.002213,0.002136,0.002136,0.002098,0.002098,0.002022,0.002022,0.002022,0.002022,0.001984,0.001945,0.001907,0.001907,0.001831,0.001831,0.001793,0.001793,0.001793,0.001793,0.001755,0.001717,0.001717,0.001717,0.001717,0.001678,0.001640,0.001640,0.001678,0.001678,0.001717,0.001678,0.001717,0.001755,0.001793,0.001793,0.001755,0.001793,0.001793,0.001907,0.001945,0.001907,0.002060,0.002060,0.002098,0.002174,0.002213,0.002327,0.002289,0.002327,0.002365,0.002327,0.002403,0.002365,0.002480,0.002480,0.002441,0.002480,0.002480,0.002518,0.002518,0.002518,0.002556,0.002480,0.002594,0.002518,0.002556,0.002594,0.002556,0.002518,0.002518,0.002480,0.002556,0.002518,0.002556,0.002480,0.002518,0.002556,0.002480,0.002441,0.002327,0.002327,0.002327,0.002289,0.002213,0.002136,0.002213,0.002098,0.002098,0.002060,0.002022,0.002022,0.002022,0.001984,0.002022,0.001945,0.001945,0.001984,0.001984,0.002060,0.002098,0.002060,0.002060,0.002136,0.002098,0.002136,0.002213,0.002251,0.002213,0.002251,0.002327,0.002365,0.002327,0.002365,0.002289,0.002327,0.002327,0.002327,0.002213,0.002251,0.002251,0.002251,0.002136,0.002136,0.002136,0.002174,0.002060,0.002098,0.002060,0.001907,0.001945,0.001945,0.001907,0.001945,0.001869,0.001793,0.001793,0.001793,0.001869,0.001755,0.001717,0.001755,0.001755,0.001755,0.001678,0.001717,0.001755,0.001755,0.001793,0.001755,0.001793,0.001755,0.001793,0.001755,0.001717,0.001793,0.001755,0.001755,0.001755,0.001831,0.001793,0.001755,0.001793,0.001755,0.001793,0.001831,0.001755,0.001793,0.001755,0.001831,0.001831,0.001793,0.001755,0.001831,0.001945,0.001984,0.001945,0.002060,0.002022,0.002098,0.002098,0.002060,0.002174,0.002213,0.002251,0.002289,0.002251,0.002289,0.002213,0.002327,0.002327,0.002327,0.002365,0.002289,0.002251,0.002289,0.002289,0.002251,0.002251,0.002251,0.002213,0.002213,0.002174,0.002136,0.002174,0.002136,0.002174,0.002136,0.002136,0.002136,0.002136,0.002098,0.002060,0.002022,0.002060,0.002060,0.002060,0.002060,0.002060,0.002136,0.002098,0.002098,0.002060,0.002136,0.002136,0.002098,0.002098,0.002136,0.002136,0.002136,0.002060,0.002098,0.002060,0.002098,0.002174,0.002136,0.002060,0.002136,0.002098,0.002174,0.002136,0.002213,0.002136,0.002213,0.002213,0.002213,0.002174,0.002136,0.002136,0.002136,0.002213,0.002213,0.002136,0.002174,0.002098,0.002098,0.002136,0.002060,0.002060,0.002060,0.002098,0.002098,0.002022,0.002022,0.002060,0.002098,0.002022,0.001984,0.002022,0.002022,0.002060,0.002060,0.002060,0.002098,0.002060,0.001984,0.001984,0.002060,0.002098,0.002022,0.002098,0.002060,0.002098,0.002136,0.002060,0.002098,0.002060,0.002136,0.002136,0.002174,0.002174,0.002136,0.002174,0.002213,0.002251,0.002213,0.002174,0.002136,0.002213,0.002174,0.002136,0.002060,0.002098,0.002098,0.002060,0.002022,0.002022,0.001984,0.001945,0.001945,0.001869,0.001869,0.001869,0.001907,0.001907,0.001869,0.001907,0.001945,0.001945,0.001984,0.001945,0.001869,0.001984,0.001984,0.002022,0.002022,0.002022,0.002022,0.002060,0.002098,0.002098,0.002098,0.002098,0.002060,0.002098,0.002060,0.002098,0.002136,0.002098,0.002136,0.002098,0.002098,0.002098,0.002022,0.002098,0.002060,0.002060,0.002060,0.002022,0.002060,0.002060,0.001984,0.002022,0.002060,0.002022,0.001984,0.001984,0.001984,0.001984,0.001945,0.001907,0.001907,0.001907,0.001945,0.001907,0.001907,0.001945,0.001945,0.001945,0.001945,0.001945,0.001984,0.001984,0.001984,0.002060,0.002060,0.002098,0.002174,0.002136,0.002136,0.002174,0.002213,0.002213,0.002213,0.002213,0.002251,0.002289,0.002327,0.002289,0.002289,0.002289,0.002289,0.002289,0.002327,0.002327,0.002289,0.002289,0.002327,0.002289,0.002289,0.002327,0.002365,0.002289,0.002327,0.002327,0.002251,0.002213,0.002251,0.002251,0.002174,0.002213,0.002213,0.002174,0.002213,0.002174,0.002136,0.002136,0.002136,0.002098,0.002136,0.002098,0.002060,0.002060,0.002060,0.002098,0.002022,0.002022,0.001984,0.002022,0.002060,0.002022,0.002098,0.002022,0.002022,0.002098,0.002136,0.002136,0.002213,0.002213,0.002251,0.002289,0.002365,0.002365,0.002365,0.002480,0.002518,0.002480,0.002594,0.002594,0.002632,0.002632,0.002670,0.002708,0.002708,0.002708,0.002708,0.002670,0.002708,0.002670,0.002632,0.002632,0.002556,0.002556,0.002518,0.002518,0.002403,0.002403,0.002403,0.002327,0.002327,0.002251,0.002251,0.002251,0.002213,0.002213,0.002060,0.002022,0.001945,0.001907,0.001831,0.001755,0.001640,0.001564,0.001488,0.001411,0.001297,0.001183,0.001144,0.001068,0.001030,0.000916,0.000916,0.000916,0.000916,0.000954,0.000954,0.000992,0.001030,0.001068,0.001221,0.001335,0.001411,0.001488,0.001526,0.001717,0.001793,0.001869,0.001907,0.002022,0.002098,0.002136,0.002174,0.002289,0.002365,0.002365,0.002327,0.002365,0.002365,0.002365,0.002327,0.002327,0.002327,0.002289,0.002327,0.002289,0.002289,0.002289,0.002251,0.002213,0.002136,0.002136,0.002213,0.002136,0.002174,0.002136,0.002174,0.002213,0.002251,0.002289,0.002289,0.002327,0.002403,0.002403,0.002441,0.002441,0.002480,0.002518,0.002518,0.002556,0.002518,0.002556,0.002556,0.002518,0.002441,0.002480,0.002441,0.002365,0.002403,0.002327,0.002289,0.002289,0.002213,0.002213,0.002098,0.002098,0.002136,0.002060,0.002060,0.002022,0.002022,0.002022,0.002022,0.001945,0.001945,0.001907,0.001907,0.001945,0.001984,0.001945,0.001984,0.002022,0.001945,0.002022,0.002022,0.001945,0.002022,0.001984,0.002022,0.001984,0.001984,0.001984,0.001945,0.002022,0.002060,0.001945,0.001984,0.001984,0.001984,0.001945,0.001984,0.001984,0.001984,0.001945,0.001945,0.002022,0.001945,0.002022,0.002022,0.001984,0.001945,0.002022,0.002022,0.002022,0.002022,0.001984,0.002060,0.002022,0.002022,0.002060,0.002060,0.002060,0.002098,0.002060,0.002098,0.002136,0.002136,0.002213,0.002213,0.002213,0.002251,0.002251,0.002289,0.002289,0.002327,0.002365,0.002327,0.002403,0.002365,0.002365,0.002365,0.002327,0.002403,0.002327,0.002365,0.002403,0.002403,0.002327,0.002289,0.002327,0.002327,0.002289,0.002251,0.002289,0.002213,0.002251,0.002174,0.002174,0.002136,0.002213,0.002136,0.002136,0.002098,0.002098,0.002060,0.002022,0.002060,0.002098,0.002098,0.002136,0.002098,0.002098,0.002136,0.002136,0.002098,0.002060,0.002136,0.002136,0.002174,0.002251,0.002174,0.002213,0.002213,0.002251,0.002251,0.002251,0.002289,0.002251,0.002327,0.002327,0.002365,0.002365,0.002365,0.002403,0.002441,0.002403,0.002441,0.002441,0.002365,0.002365,0.002365,0.002327,0.002289,0.002289,0.002327,0.002213,0.002213,0.002174,0.002098,0.002060,0.002060,0.002022,0.002022,0.001984,0.001984,0.001945,0.001907,0.001945,0.001945,0.001945,0.001945,0.001945,0.001869,0.001869,0.001907,0.001869,0.001869,0.001793,0.001793,0.001717,0.001755,0.001755,0.001793,0.001831,0.001793,0.001831,0.001755,0.001831,0.001869,0.001869,0.001793,0.001869,0.001869,0.001869,0.001869,0.001945,0.001945,0.001945,0.001945,0.001907,0.001984,0.001945,0.002060,0.002022,0.002022,0.001984,0.002060,0.002098,0.002098,0.002098,0.002136,0.002136,0.002136,0.002136,0.002174,0.002213,0.002174,0.002174,0.002136,0.002174,0.002213,0.002213,0.002213,0.002174,0.002174,0.002174,0.002136,0.002136,0.002098,0.002136,0.002136,0.002136,0.002098,0.002136,0.002174,0.002098,0.002136,0.002098,0.002098,0.002136,0.002098,0.002174,0.002174,0.002174,0.002136,0.002136,0.002136,0.002098,0.002136,0.002098,0.002174,0.002174,0.002174,0.002098,0.002136,0.002098,0.002098,0.002022,0.002060,0.002022,0.002022,0.002022,0.001984,0.001945,0.001945,0.001907,0.001869,0.001907,0.001907,0.001907,0.001831,0.001907,0.001907,0.001869,0.001907,0.001869,0.001869,0.001831,0.001831,0.001907,0.001945,0.001945,0.001945,0.001984,0.001984,0.002060,0.002022,0.001984,0.002098,0.002060,0.002098,0.002098,0.002022,0.002098,0.002098,0.002098,0.002060,0.002098,0.002098,0.002098,0.002098,0.002022,0.002136,0.002060,0.002022,0.002022,0.002022,0.002060,0.002060,0.002022,0.002022,0.002098,0.002022,0.002060,0.002098,0.002060,0.002136,0.002098,0.002136,0.002136,0.002174,0.002213,0.002136,0.002213,0.002213,0.002213,0.002251,0.002251,0.002251,0.002251,0.002327,0.002289,0.002365,0.002289,0.002289,0.002251,0.002251,0.002213,0.002213,0.002251,0.002251,0.002213,0.002174,0.002213,0.002136,0.002213,0.002136,0.002174,0.002136,0.002136,0.002174,0.002136,0.002060,0.002098,0.002060,0.002022,0.002060,0.002060,0.002098,0.002060,0.002098,0.002060,0.002098,0.002098,0.002098,0.002174,0.002136,0.002136,0.002174,0.002213,0.002251,0.002213,0.002213,0.002213,0.002289,0.002289,0.002289,0.002289,0.002327,0.002289,0.002251,0.002289,0.002289,0.002251,0.002251,0.002251,0.002251,0.002251,0.002213,0.002213,0.002213,0.002213,0.002213,0.002136,0.002174,0.002136,0.002098,0.002136,0.002060,0.002060,0.002060,0.002022,0.001945,0.001945,0.001907,0.001984,0.001907,0.001907,0.001831,0.001831,0.001793,0.001755,0.001755,0.001793,0.001755,0.001717,0.001755,0.001678,0.001678,0.001755,0.001755,0.001678,0.001640,0.001717,0.001678,0.001717,0.001717,0.001755,0.001755,0.001717,0.001640,0.001755,0.001717,0.001717,0.001755,0.001717,0.001755,0.001793,0.001755,0.001755,0.001755,0.001755,0.001717,0.001793,0.001831,0.001831,0.001869,0.001869,0.001907,0.001869,0.001907,0.001945,0.001984,0.001945,0.001945,0.002022,0.002098,0.002060,0.002136,0.002136,0.002136,0.002174,0.002174,0.002213,0.002289,0.002213,0.002289,0.002327,0.002327,0.002327,0.002365,0.002327,0.002327,0.002327,0.002403,0.002327,0.002403,0.002365,0.002365,0.002403,0.002403,0.002365,0.002327,0.002327,0.002327,0.002327,0.002327,0.002289,0.002327,0.002289,0.002251,0.002251,0.002213,0.002213,0.002174,0.002136,0.002213,0.002136,0.002136,0.002136,0.002136,0.002098,0.002098,0.002098,0.002060,0.001984,0.001984,0.002022,0.002022,0.002060,0.002060,0.002060,0.002022,0.001984,0.001945,0.002022,0.002022,0.001984,0.001984,0.002022,0.002060,0.002022,0.002022,0.002022,0.002022,0.002022,0.002022,0.001984,0.001945,0.001907,0.001907,0.001907,0.001945,0.001907,0.001907,0.001945,0.001907,0.001945,0.001984,0.001984,0.001984,0.001984,0.001945,0.001945,0.002022,0.002022,0.001945,0.002022,0.002022,0.002060,0.002060,0.002022,0.002060,0.002060,0.002098,0.002022,0.002098,0.002098,0.002098,0.002022,0.002136,0.002098,0.002136,0.002136,0.002098,0.002022,0.002098,0.002060,0.002060,0.002060,0.002098,0.002098,0.002060,0.002022,0.002060,0.002060,0.002060,0.002098,0.002060,0.002060,0.002098,0.002136,0.002098,0.002060,0.002098,0.002136,0.002098,0.002213,0.002213,0.002251,0.002174,0.002213,0.002213,0.002251,0.002289,0.002174,0.002174,0.002213,0.002174,0.002174,0.002213,0.002289,0.002174,0.002213,0.002174,0.002098,0.002136,0.002213,0.002213,0.002174,0.002174,0.002174,0.002136,0.002136,0.002174,0.002136,0.002174,0.002136,0.002098,0.002098,0.002136,0.002174,0.002136,0.002136,0.002098,0.002174,0.002136,0.002174,0.002098,0.002136,0.002060,0.002098,0.002060,0.002098,0.002060,0.002098,0.002022,0.002022,0.002060,0.001984,0.002022,0.001984,0.001945,0.001945,0.001945,0.001945,0.001945,0.001945,0.001945,0.001945,0.001907,0.001907,0.001907,0.001907,0.001907,0.001984,0.001945,0.001945,0.001945,0.001945,0.001984,0.001907,0.001945,0.001945,0.001907,0.001907,0.001907,0.001869,0.001907,0.001945,0.001945,0.001945,0.001984,0.001984,0.001945,0.001945,0.001984,0.002060,0.002060,0.002060,0.002060,0.002060,0.002098,0.002098,0.002098,0.002174,0.002136,0.002136,0.002174,0.002213,0.002174,0.002098,0.002136,0.002136,0.002174,0.002213,0.002136,0.002174,0.002174,0.002174,0.002136,0.002174,0.002213,0.002174,0.002174,0.002174,0.002213,0.002136,0.002136,0.002136,0.002136,0.002174,0.002136,0.002174,0.002136,0.002174,0.002136,0.002174,0.002136,0.002136,0.002136,0.002136,0.002136,0.002136,0.002136,0.002136,0.002098,0.002136,0.002251,0.002213,0.002136,0.002174,0.002174,0.002213,0.002213,0.002251,0.002174,0.002136,0.002174,0.002213,0.002136,0.002174,0.002174,0.002174,0.002136,0.002251,0.002174,0.002174,0.002174,0.002213,0.002174,0.002251,0.002174,0.002213,0.002213,0.002136,0.002174,0.002098,0.002136,0.002174,0.002136,0.002213,0.002213,0.002136,0.002174,0.002174,0.002174,0.002136,0.002174,0.002098,0.002098,0.002098,0.002098,0.002174,0.002136,0.002060,0.002136,0.002136,0.002174,0.002136,0.002174,0.002174,0.002174,0.002098,0.002060,0.002174,0.002098,0.002136,0.002136,0.002136,0.002098,0.002136,0.002174,0.002174,0.002136,0.002136,0.002098,0.002136,0.002213,0.002174,0.002136,0.002136,0.002213,0.002174,0.002174,0.002251,0.002174,0.002174,0.002174,0.002174,0.002136,0.002098,0.002174,0.002136,0.002174,0.002098,0.002060,0.002060,0.002060,0.002060,0.002060,0.002022,0.002022,0.002060,0.002060,0.002022,0.002022,0.002022,0.002060,0.002022,0.002060,0.002022,0.002022,0.001984,0.002060,0.002060,0.002098,0.002136,0.002098,0.002136,0.002136,0.002174,0.002174,0.002136,0.002213,0.002174,0.002251,0.002251,0.002289,0.002289,0.002289,0.002251,0.002327,0.002365,0.002403,0.002403,0.002365,0.002441,0.002441,0.002441,0.002365,0.002480,0.002441,0.002441,0.002441,0.002403,0.002403,0.002403,0.002365,0.002327,0.002289,0.002289,0.002174,0.002174,0.002098,0.002098,0.002022,0.001907,0.001984,0.001907,0.001869,0.001907,0.001793,0.001831,0.001755,0.001831,0.001793,0.001793,0.001793,0.001869,0.001869,0.001869,0.001869,0.001907,0.001945,0.001984,0.001984,0.001984,0.002022,0.002022,0.002060,0.002022,0.002060,0.002098,0.002060,0.002136,0.002136,0.002136,0.002136,0.002098,0.002098,0.002060,0.002060,0.002060,0.002022,0.002060,0.001984,0.001945,0.001984,0.001984,0.001984,0.001984,0.002060,0.002022,0.002022,0.002098,0.002098,0.002060,0.002098,0.002060,0.002136,0.002174,0.002136,0.002174,0.002213,0.002213,0.002213,0.002251,0.002213,0.002251,0.002251,0.002289,0.002327,0.002327,0.002327,0.002289,0.002251,0.002289,0.002289,0.002289,0.002365,0.002289,0.002289,0.002251,0.002289,0.002289,0.002213,0.002251,0.002289,0.002251,0.002289,0.002289,0.002289,0.002289,0.002251,0.002251,0.002327,0.002289,0.002327,0.002327,0.002365,0.002365,0.002327,0.002251,0.002289,0.002251,0.002327,0.002213,0.002251,0.002251,0.002174,0.002136,0.002136,0.002136,0.002136,0.002060,0.001945,0.002022,0.001984,0.001984,0.001907,0.001907,0.001907,0.001907,0.001869,0.001869,0.001831,0.001869,0.001831,0.001793,0.001831,0.001831,0.001831,0.001755,0.001793,0.001793,0.001793,0.001755,0.001755,0.001831,0.001831,0.001831,0.001907,0.001984,0.001945,0.001945,0.001984,0.001984,0.001945,0.001984,0.001984,0.002060,0.002022,0.002060,0.002060,0.002060,0.002060,0.002022,0.002098,0.002136,0.002098,0.002136,0.002060,0.002060,0.002098,0.002136,0.002136,0.002136,0.002136,0.002136,0.002136,0.002136,0.002136,0.002098,0.002136,0.002174,0.002136,0.002136,0.002136,0.002136,0.002136,0.002136,0.002136,0.002098,0.002098,0.002136,0.002136,0.002174,0.002136,0.002136,0.002213,0.002136,0.002174,0.002174,0.002174,0.002174,0.002174,0.002213,0.002174,0.002213,0.002289,0.002251,0.002251,0.002213,0.002213,0.002251,0.002251,0.002251,0.002213,0.002251,0.002251,0.002213,0.002251,0.002289,0.002251,0.002213,0.002213,0.002213,0.002136,0.002213,0.002174,0.002174,0.002136,0.002098,0.002060,0.002060,0.002022,0.002060,0.001984,0.002098,0.002060,0.001945,0.001984,0.002022,0.001984,0.002022,0.002022,0.002022,0.002060,0.002060,0.002098,0.002060,0.002060,0.002098,0.002174,0.002098,0.002136,0.002136,0.002136,0.002136,0.002174,0.002174,0.002060,0.002060,0.002060,0.002060,0.002060,0.002022,0.001984,0.001984,0.001945,0.001984,0.001907,0.001945,0.001907,0.001907,0.001907,0.001869,0.001907,0.001907,0.001907,0.001869,0.001907,0.001984,0.001945,0.001945,0.001984,0.002022,0.002022,0.002060,0.002060,0.002098,0.002098,0.002174,0.002098,0.002174,0.002136,0.002174,0.002251,0.002174,0.002136,0.002060,0.002060,0.002136,0.002098,0.002174,0.002213,0.002098,0.002098,0.002060,0.002098,0.002060,0.002060,0.002098,0.002022,0.002022,0.001984,0.001945,0.001984,0.002022,0.002022,0.002022,0.002060,0.002060,0.002022,0.002022,0.002060,0.002098,0.002060,0.002098,0.002136,0.002098,0.002098,0.002174,0.002213,0.002174,0.002174,0.002213,0.002213,0.002213,0.002174,0.002289,0.002289,0.002251,0.002251,0.002251,0.002289,0.002327,0.002289,0.002327,0.002289,0.002289,0.002365,0.002365,0.002365,0.002289,0.002289,0.002289,0.002251,0.002327,0.002289,0.002251,0.002174,0.002174,0.002213,0.002174,0.002174,0.002136,0.002136,0.002136,0.002136,0.002136,0.002098,0.002098,0.002098,0.002098,0.002060,0.002022,0.002060,0.002136,0.002060,0.002060,0.002060,0.002022,0.002098,0.002060,0.002060,0.002022,0.002060,0.002022,0.002060,0.002060,0.002022,0.001984,0.001984,0.001907,0.001945,0.001945,0.001945,0.001907,0.001831,0.001831,0.001831,0.001831,0.001869,0.001831,0.001831,0.001831,0.001831,0.001831,0.001869,0.001831,0.001831,0.001869,0.001831,0.001831,0.001831,0.001907,0.001945,0.001869,0.001869,0.001907,0.001984,0.001945,0.001907,0.001984,0.001945,0.001945,0.001984,0.001945,0.002022,0.001984,0.001945,0.001984,0.001984,0.001945,0.001984,0.001984,0.001945,0.001984,0.001945,0.001984,0.002022,0.001984,0.002022,0.002022,0.001945,0.001945,0.002022,0.002060,0.002022,0.001984,0.001984,0.001984,0.001984,0.002098,0.002060,0.002098,0.002098,0.002022,0.002098,0.002174,0.002098,0.002136,0.002174,0.002174,0.002136,0.002174,0.002213,0.002251,0.002174,0.002251,0.002213,0.002174,0.002251,0.002213,0.002251,0.002251,0.002251,0.002327,0.002327,0.002365,0.002365,0.002365,0.002403,0.002403,0.002403,0.002365,0.002441,0.002403,0.002365,0.002441,0.002403,0.002403,0.002480,0.002403,0.002327,0.002365,0.002327,0.002289,0.002327,0.002289,0.002213,0.002174,0.002174,0.002136,0.002060,0.002022,0.002022,0.002022,0.001869,0.001869,0.001869,0.001831,0.001793,0.001793,0.001831,0.001793,0.001755,0.001793,0.001755,0.001793,0.001755,0.001793,0.001793,0.001793,0.001869,0.001831,0.001869,0.001907,0.001907,0.001869,0.001945,0.001907,0.001945,0.001984,0.001945,0.001984,0.002022,0.001984,0.002060,0.002022,0.002060,0.002060,0.002060,0.002098,0.002136,0.002098,0.002098,0.002098,0.002136,0.002098,0.002213,0.002251,0.002213,0.002289,0.002174,0.002213,0.002289,0.002251,0.002251,0.002289,0.002251,0.002289,0.002327,0.002327,0.002289,0.002289,0.002289,0.002327,0.002327,0.002327,0.002327,0.002289,0.002289,0.002289,0.002327,0.002327,0.002289,0.002327,0.002289,0.002289,0.002251,0.002289,0.002289,0.002251,0.002251,0.002251,0.002289,0.002327,0.002251,0.002251,0.002327,0.002251,0.002251,0.002213,0.002213,0.002251,0.002213,0.002174,0.002136,0.002174,0.002174,0.002213,0.002136,0.002136,0.002174,0.002174,0.002098,0.002136,0.002174,0.002136,0.002098,0.002098,0.002136,0.002174,0.002136,0.002098,0.002060,0.002098,0.002136,0.002098,0.002060,0.002060,0.002022,0.001984,0.002022,0.002060,0.002022,0.001945,0.001907,0.001945,0.001907,0.001945,0.001945,0.001945,0.001907,0.001907,0.001945,0.001907,0.001907,0.001945,0.001907,0.001945,0.001945,0.001945,0.001945,0.001945,0.001984,0.001984,0.001984,0.001984,0.002022,0.002022,0.002022,0.001984,0.002022,0.002060,0.002022,0.001984,0.002022,0.002022,0.002060,0.001984,0.002098,0.002098,0.002098,0.002136,0.002060,0.002098,0.002136,0.002174,0.002174,0.002136,0.002213,0.002174,0.002213,0.002251,0.002213,0.002213,0.002251,0.002213,0.002251,0.002251,0.002327,0.002365,0.002327,0.002327,0.002251,0.002289,0.002289,0.002327,0.002289,0.002251,0.002327,0.002289,0.002251,0.002289,0.002251,0.002251,0.002213,0.002174,0.002213,0.002174,0.002213,0.002213,0.002213,0.002213,0.002174,0.002174,0.002174,0.002174,0.002136,0.002060,0.002136,0.002136,0.002136,0.002098,0.002136,0.002136,0.002098,0.002136,0.002098,0.002098,0.002098,0.002098,0.002136,0.002136,0.002098,0.002060,0.002098,0.002098,0.002098,0.002098,0.002060,0.002060,0.002098,0.002022,0.002022,0.002022,0.002022,0.001984,0.002022,0.001984,0.001945,0.001907,0.001907,0.001907,0.001907,0.001907,0.001907,0.001869,0.001831,0.001793,0.001793,0.001869,0.001793,0.001869,0.001869,0.001831,0.001831,0.001869,0.001831,0.001869,0.001869,0.001793,0.001831,0.001831,0.001869,0.001907,0.001907,0.001831,0.001945,0.001945,0.001907,0.001984,0.001984,0.001984,0.001984,0.001984,0.002022,0.002098,0.002098,0.002022,0.002098,0.002136,0.002098,0.002098,0.002098,0.002098,0.002136,0.002174,0.002174,0.002174,0.002213,0.002174,0.002213,0.002213,0.002213,0.002213,0.002289,0.002289,0.002327,0.002327,0.002327,0.002251,0.002289,0.002327,0.002289,0.002289,0.002289,0.002327,0.002289,0.002213,0.002289,0.002251,0.002251,0.002251,0.002213,0.002251,0.002174,0.002174,0.002213,0.002213,0.002174,0.002174,0.002213,0.002174,0.002174,0.002136,0.002136,0.002213,0.002098,0.002136,0.002136,0.002136,0.002060,0.002098,0.002136,0.002136,0.002136,0.002136,0.002098,0.002098,0.002136,0.002136,0.002213,0.002136,0.002136,0.002098,0.002098,0.002136,0.002136,0.002136,0.002136,0.002136,0.002136,0.002136,0.002098,0.002136,0.002136,0.002174,0.002213,0.002136,0.002174,0.002174,0.002136,0.002213,0.002136,0.002136,0.002251,0.002213,0.002174,0.002213,0.002174,0.002136,0.002174,0.002174,0.002136,0.002174,0.002174,0.002136,0.002174,0.002174,0.002136,0.002174,0.002136,0.002174,0.002174,0.002136,0.002136,0.002174,0.002136,0.002136,0.002174,0.002174,0.002174,0.002136,0.002136,0.002136,0.002213,0.002174,0.002213,0.002174,0.002174,0.002136,0.002136,0.002213,0.002174,0.002213,0.002174,0.002213,0.002213,0.002174,0.002174,0.002213,0.002174,0.002174,0.002136,0.002174,0.002136,0.002098,0.002136,0.002136,0.002136,0.002098,0.002136,0.002098,0.002060,0.002022,0.002060,0.002022,0.002022,0.002022,0.001984,0.001907,0.001945,0.001869,0.001907,0.001907,0.001831,0.001869,0.001869,0.001869,0.001831,0.001907,0.001869,0.001869,0.001869,0.001869,0.001831,0.001831,0.001793,0.001869,0.001793,0.001831,0.001907,0.001869,0.001869,0.001907,0.001907,0.001869,0.001945,0.001945,0.001984,0.001984,0.002060,0.002060,0.002098,0.002098,0.002174,0.002136,0.002174,0.002213,0.002213,0.002213,0.002213,0.002251,0.002289,0.002289,0.002289,0.002213,0.002251,0.002251,0.002213,0.002213,0.002174,0.002174,0.002174,0.002174,0.002098,0.002136,0.002174,0.002098,0.002098,0.002136,0.002060,0.002136,0.002136,0.002136,0.002136,0.002136,0.002098,0.002136,0.002174,0.002213,0.002213,0.002213,0.002213,0.002251,0.002251,0.002251,0.002251,0.002251,0.002213,0.002251,0.002289,0.002213,0.002213,0.002213,0.002174,0.002213,0.002136,0.002136,0.002136,0.002098,0.002060,0.002098,0.002022,0.001945,0.001907,0.001945,0.001869,0.001793,0.001793,0.001755,0.001755,0.001717,0.001755,0.001717,0.001678,0.001717,0.001717,0.001717,0.001755,0.001755,0.001831,0.001831,0.001869,0.001907,0.001907,0.001945,0.001907,0.001984,0.002022,0.002022,0.001945,0.002022,0.002022,0.001984,0.002060,0.002022,0.002060,0.002098,0.002022,0.002060,0.002022,0.002022,0.002022,0.002022,0.002022,0.002022,0.002060,0.002022,0.001984,0.001945,0.002022,0.002136,0.002060,0.002098,0.002136,0.002098,0.002136,0.002098,0.002174,0.002251,0.002213,0.002251,0.002251,0.002213,0.002213,0.002327,0.002327,0.002327,0.002289,0.002327,0.002251,0.002289,0.002289,0.002251,0.002251,0.002251,0.002251,0.002213,0.002251,0.002174,0.002174,0.002213,0.002251,0.002213,0.002136,0.002213,0.002213,0.002174,0.002174,0.002174,0.002213,0.002213,0.002136,0.002098,0.002136,0.002174,0.002174,0.002174,0.002174,0.002136,0.002174,0.002098,0.002174,0.002136,0.002136,0.002136,0.002098,0.002136,0.002060,0.002060,0.002098,0.002098,0.002098,0.002136,0.002022,0.002060,0.002060,0.002022,0.002022,0.002022,0.002022,0.001945,0.001984,0.002022,0.002060,0.002022,0.001984,0.001984,0.001984,0.002022,0.001984,0.002022,0.002060,0.002060,0.002060,0.002060,0.002022,0.002060,0.002098,0.002098,0.002060,0.002098,0.002098,0.002098,0.002098,0.002136,0.002174,0.002136,0.002098,0.002136,0.002136,0.002136,0.002174,0.002098,0.002136,0.002098,0.002174,0.002136,0.002098,0.002174,0.002174,0.002098,0.002174,0.002174,0.002174,0.002136,0.002174,0.002098,0.002174,0.002136,0.002098,0.002060,0.002098,0.002098,0.002136,0.002060,0.002136,0.002060,0.002098,0.002060,0.002022,0.002022,0.002060,0.002060,0.001984,0.001984,0.001984,0.001984,0.001984,0.001984,0.001984,0.001945,0.001984,0.001984,0.001945,0.001945,0.002022,0.001945,0.001945,0.002022,0.002022,0.002098,0.002060,0.001984,0.001945,0.001984,0.002022,0.001984,0.001984,0.002060,0.002022,0.001984,0.002022,0.001984,0.002022,0.002060,0.001984,0.002022,0.002022,0.002098,0.002060,0.002022,0.002060,0.002060,0.002098,0.002136,0.002060,0.002174,0.002098,0.002136,0.002098,0.002136,0.002136,0.002174,0.002174,0.002060,0.002098,0.002136,0.002136,0.002098,0.002136,0.002098,0.002060,0.002098,0.002136,0.002098,0.002022,0.002022,0.001984,0.002060,0.002060,0.002022,0.002060,0.002022,0.002022,0.002022,0.002022,0.002060,0.001984,0.002022,0.002022,0.002022,0.002060,0.002136,0.002213,0.002136,0.002136,0.002174,0.002174,0.002174,0.002136,0.002213,0.002174,0.002213,0.002213,0.002251,0.002251,0.002213,0.002213,0.002251,0.002289,0.002251,0.002251,0.002213,0.002174,0.002213,0.002251,0.002174,0.002174,0.002136,0.002174,0.002213,0.002174,0.002174,0.002174,0.002136,0.002136,0.002098,0.002136,0.002174,0.002136,0.002098,0.002098,0.002098,0.002060,0.002098,0.002060,0.002136,0.002060,0.002060,0.002098,0.002060,0.002098,0.002098,0.002060,0.002098,0.002022,0.002060,0.002060,0.001984,0.001984,0.002022,0.002060,0.002060,0.002022,0.002022,0.002022,0.002022,0.002022,0.002060,0.002060,0.002022,0.001984,0.001945,0.001984,0.001945,0.001984,0.002022,0.001945,0.001984,0.001984,0.001984,0.001984,0.001907,0.001984,0.001984,0.001984,0.001945,0.001984,0.002022,0.001984,0.001984,0.001945,0.002022,0.002022,0.001945,0.001984,0.001984,0.002022,0.002060,0.002060,0.002060,0.002060,0.002060,0.002136,0.002060,0.002098,0.002022,0.002098,0.002098,0.002174,0.002174,0.002098,0.002174,0.002213,0.002213,0.002213,0.002213,0.002251,0.002251,0.002251,0.002289,0.002213,0.002289,0.002289,0.002289,0.002327,0.002289,0.002289,0.002251,0.002251,0.002289,0.002289,0.002251,0.002289,0.002327,0.002251,0.002289,0.002251,0.002213,0.002251,0.002251,0.002213,0.002174,0.002213,0.002174,0.002136,0.002136,0.002098,0.002174,0.002174,0.002174,0.002174,0.002174,0.002174,0.002136,0.002098,0.002174,0.002136,0.002136,0.002174,0.002136,0.002136,0.002098,0.002136,0.002174,0.002136,0.002098,0.002098,0.002174,0.002213,0.002136,0.002174,0.002136,0.002136,0.002174,0.002174,0.002174,0.002136,0.002174,0.002098,0.002136,0.002174,0.002136,0.002136,0.002060,0.002098,0.002098,0.002022,0.001984,0.001984,0.001984,0.001984,0.001945,0.001945,0.001907,0.001907,0.001907,0.001907,0.001907,0.001869,0.001945,0.001907,0.001945,0.001984,0.002060,0.002098,0.002098,0.002136,0.002174,0.002251,0.002289,0.002289,0.002365,0.002365,0.002403,0.002441,0.002403,0.002441,0.002403,0.002441,0.002365,0.002289,0.002327,0.002289,0.002251,0.002251,0.002251,0.002136,0.002060,0.002098,0.002060,0.001984,0.001984,0.001907,0.001945,0.001945,0.001945,0.001907,0.001869,0.001869,0.001945,0.002022,0.002060,0.002022,0.002060,0.002098,0.002136,0.002174,0.002213,0.002136,0.002174,0.002213,0.002213,0.002213,0.002213,0.002174,0.002213,0.002251,0.002213,0.002213,0.002213,0.002213,0.002174,0.002174,0.002213,0.002174,0.002174,0.002136,0.002136,0.002174,0.002213,0.002213,0.002174,0.002174,0.002136,0.002174,0.002174,0.002213,0.002213,0.002174,0.002213,0.002289,0.002251,0.002251,0.002251,0.002251,0.002251,0.002289,0.002289,0.002213,0.002213,0.002251,0.002251,0.002213,0.002251,0.002213,0.002136,0.002251,0.002213,0.002174,0.002174,0.002213,0.002213,0.002174,0.002174,0.002174,0.002098,0.002136,0.002136,0.002213,0.002174,0.002174,0.002098,0.002098,0.002174,0.002174,0.002098,0.002136,0.002136,0.002174,0.002136,0.002136,0.002136,0.002098,0.002098,0.002098,0.002060,0.002098,0.001984,0.001984,0.001984,0.002022,0.002022,0.002060,0.002022,0.002022,0.002022,0.002022,0.002022,0.002022,0.002060,0.002060,0.002060,0.002098,0.002098,0.002098,0.002060,0.002098,0.002136,0.002136,0.002136,0.002174,0.002174,0.002174,0.002174,0.002136,0.002098,0.002098,0.002136,0.002174,0.002136,0.002098,0.002136,0.002098,0.002136,0.002136,0.002136,0.002060,0.002098,0.002022,0.002098,0.002060,0.002022,0.002098,0.002022,0.002060,0.002060,0.002098,0.002098,0.002098,0.002136,0.002136,0.002098,0.002136,0.002098,0.002136,0.002098,0.002174,0.002174,0.002136,0.002136,0.002098,0.002098,0.002136,0.002136,0.002136,0.002098,0.002098,0.002136,0.002174,0.002213,0.002136,0.002136,0.002136,0.002136,0.002174,0.002174,0.002136,0.002136,0.002060,0.002174,0.002174,0.002174,0.002174,0.002213,0.002174,0.002251,0.002174,0.002136,0.002213,0.002174,0.002174,0.002136,0.002213,0.002174,0.002136,0.002136,0.002174,0.002136,0.002136,0.002060,0.002098,0.002136,0.002136,0.002098,0.002022,0.002098,0.002060,0.002022,0.002060,0.001984,0.002098,0.002098,0.002098,0.002060,0.002060,0.002060,0.002060,0.002022,0.002022,0.001984,0.002022,0.002022,0.001984,0.001984,0.001984,0.002022,0.002060,0.002022,0.001984,0.002022,0.002022,0.002022,0.002098,0.002060,0.002060,0.002098,0.002022,0.002060,0.002098,0.002060,0.002060,0.002060,0.002098,0.002060,0.002098,0.002136,0.002136,0.002136,0.002136,0.002174,0.002136,0.002213,0.002174,0.002136,0.002174,0.002213,0.002174,0.002213,0.002174,0.002251,0.002174,0.002213,0.002174,0.002251,0.002251,0.002251,0.002213,0.002213,0.002213,0.002174,0.002213,0.002213,0.002213,0.002251,0.002136,0.002174,0.002251,0.002174,0.002213,0.002174,0.002136,0.002136,0.002098,0.002060,0.002060,0.002136,0.002098,0.002098,0.002098,0.002022,0.002098,0.002060,0.002060,0.002060,0.002060,0.001984,0.002060,0.002022,0.002022,0.002060,0.002060,0.001984,0.001984,0.002022,0.001945,0.001984,0.001945,0.001945,0.001907,0.001984,0.001945,0.001907,0.001945,0.001907,0.001984,0.001984,0.001907,0.001945,0.001984,0.001907,0.001907,0.001945,0.001945,0.002022,0.001984,0.002022,0.001984,0.001984,0.002022,0.002022,0.002022,0.002098,0.002060,0.002136,0.002098,0.002098,0.002174,0.002174,0.002213,0.002174,0.002174,0.002174,0.002251,0.002289,0.002251,0.002213,0.002251,0.002251,0.002251,0.002213,0.002251,0.002213,0.002174,0.002174,0.002213,0.002174,0.002174,0.002136,0.002098,0.002136,0.002136,0.002060,0.002022,0.001984,0.002022,0.002022,0.001984,0.001984,0.001984,0.001907,0.001907,0.001869,0.001831,0.001831,0.001793,0.001793,0.001831,0.001831,0.001793,0.001831,0.001793,0.001793,0.001793,0.001869,0.001869,0.001869,0.001907,0.001907,0.001945,0.001984,0.002022,0.002022,0.002098,0.002136,0.002136,0.002136,0.002136,0.002213,0.002213,0.002289,0.002289,0.002213,0.002174,0.002213,0.002213,0.002213,0.002213,0.002289,0.002174,0.002213,0.002251,0.002289,0.002213,0.002174,0.002213,0.002213,0.002251,0.002213,0.002289,0.002213,0.002251,0.002251,0.002289,0.002251,0.002289,0.002213,0.002213,0.002251,0.002251,0.002251,0.002251,0.002289,0.002289,0.002289,0.002251,0.002251,0.002213,0.002289,0.002251,0.002213,0.002136,0.002251,0.002213,0.002174,0.002136,0.002098,0.002136,0.002098,0.002098,0.002098,0.002060,0.002060,0.002060,0.002060,0.002098,0.002060,0.002060,0.002060,0.002060,0.002060,0.002060,0.002098,0.002060,0.002060,0.002060,0.002060,0.002060,0.002022,0.002022,0.001984,0.001984,0.001984,0.001945,0.001984,0.001984,0.002022,0.002022,0.002060,0.002022,0.002060,0.002060,0.002136,0.002174,0.002136,0.002136,0.002098,0.002098,0.002136,0.002098,0.002098,0.002022,0.001984,0.001945,0.001945,0.001945,0.001793,0.001831,0.001831,0.001793,0.001755,0.001755,0.001755,0.001793,0.001831,0.001907,0.001869,0.001907,0.001869,0.001945,0.001945,0.001984,0.001945,0.001945,0.001945,0.001907,0.001907,0.001869,0.001831,0.001869,0.001793,0.001831,0.001869,0.001831,0.001831,0.001831,0.001831,0.001831,0.001869,0.001869,0.001869,0.001907,0.001945,0.001945,0.002022,0.001945,0.001945,0.001984,0.001984,0.001984,0.002022,0.002022,0.002022,0.001945,0.001984,0.001984,0.002022,0.001984,0.001984,0.001984,0.002022,0.002060,0.002060,0.002098,0.002098,0.002098,0.002098,0.002136,0.002174,0.002174,0.002174,0.002251,0.002251,0.002289,0.002327,0.002327,0.002365,0.002365,0.002441,0.002365,0.002327,0.002365,0.002327,0.002403,0.002403,0.002289,0.002327,0.002289,0.002251,0.002174,0.002174,0.002136,0.002136,0.002098,0.002060,0.002022,0.002060,0.002060,0.002060,0.001984,0.002022,0.001984,0.001984,0.002022,0.002060,0.002022,0.002022,0.002060,0.002098,0.002060,0.002060,0.002098,0.002136,0.002060,0.002136,0.002174,0.002251,0.002213,0.002213,0.002327,0.002213,0.002251,0.002213,0.002174,0.002174,0.002251,0.002213,0.002174,0.002213,0.002174,0.002213,0.002136,0.002136,0.002136,0.002174,0.002136,0.002136,0.002136,0.002174,0.002136,0.002136,0.002174,0.002136,0.002136,0.002136,0.002174,0.002136,0.002136,0.002136,0.002136,0.002174,0.002213,0.002213,0.002174,0.002174,0.002213,0.002136,0.002098,0.002136,0.002213,0.002136,0.002060,0.002174,0.002136,0.002022,0.002098,0.002098,0.002098,0.002098,0.002098,0.002022,0.002060,0.002060,0.002136,0.002098,0.002098,0.002060,0.002098,0.002060,0.002098,0.002098,0.002136,0.002098,0.002098,0.002136,0.002136,0.002174,0.002136,0.002174,0.002136,0.002136,0.002098,0.002098,0.002136,0.002136,0.002136,0.002060,0.002136,0.002136,0.002060,0.002098,0.002098,0.002060,0.002098,0.002098,0.002060,0.002098,0.002098,0.002060,0.002098,0.002098,0.002098,0.002136,0.002174,0.002098,0.002136,0.002174,0.002136,0.002174,0.002136,0.002136,0.002174,0.002136,0.002136,0.002174,0.002098,0.002098,0.002136,0.002098,0.002174,0.002136,0.002136,0.002136,0.002098,0.002136,0.002098,0.002136,0.002136,0.002098,0.002098,0.002098,0.002136,0.002060,0.002098,0.002136,0.002098,0.002098,0.002098,0.002098,0.002060,0.002098,0.002022,0.002098,0.002098,0.002098,0.002136,0.002060,0.002098,0.002060,0.002060,0.002098,0.002060,0.002022,0.002060,0.001984,0.002022,0.002060,0.002098,0.002022,0.001945,0.001984,0.001945,0.001945,0.001984,0.001907,0.001984,0.001945,0.001945,0.001984,0.001984,0.001984,0.001945,0.002022,0.002022,0.002022,0.002022,0.002060,0.002060,0.002060,0.002174,0.002136,0.002136,0.002136,0.002136,0.002136,0.002213,0.002174,0.002213,0.002174,0.002213,0.002174,0.002289,0.002251,0.002213,0.002213,0.002251,0.002251,0.002327,0.002289,0.002251,0.002289,0.002289,0.002251,0.002251,0.002289,0.002289,0.002327,0.002289,0.002251,0.002289,0.002213,0.002213,0.002174,0.002251,0.002213,0.002174,0.002174,0.002174,0.002136,0.002098,0.002136,0.002136,0.002098,0.002136,0.002060,0.002174,0.002174,0.002174,0.002174,0.002136,0.002174,0.002174,0.002174,0.002136,0.002136,0.002213,0.002174,0.002213,0.002213,0.002213,0.002213,0.002289,0.002289,0.002213,0.002251,0.002251,0.002213,0.002251,0.002251,0.002213,0.002251,0.002251,0.002289,0.002251,0.002213,0.002251,0.002289,0.002174,0.002174,0.002251,0.002213,0.002136,0.002136,0.002098,0.002098,0.002022,0.002060,0.002060,0.002060,0.002022,0.001907,0.001984,0.001945,0.001907,0.001907,0.001907,0.001869,0.001907,0.001907,0.001907,0.001869,0.001831,0.001831,0.001793,0.001869,0.001869,0.001907,0.001907,0.001907,0.001831,0.001907,0.001945,0.001984,0.001907,0.001984,0.002060,0.002136,0.002060,0.002136,0.002213,0.002213,0.002174,0.002251,0.002289,0.002289,0.002251,0.002289,0.002327,0.002251,0.002327,0.002327,0.002327,0.002327,0.002289,0.002327,0.002327,0.002251,0.002251,0.002251,0.002251,0.002174,0.002174,0.002213,0.002213,0.002213,0.002136,0.002136,0.002136,0.002098,0.002098,0.002174,0.002136,0.002098,0.002136,0.002174,0.002174,0.002174,0.002213,0.002136,0.002174,0.002213,0.002251,0.002251,0.002174,0.002251,0.002213,0.002289,0.002213,0.002251,0.002251,0.002251,0.002251,0.002251,0.002251,0.002251,0.002213,0.002251,0.002251,0.002251,0.002213,0.002251,0.002251,0.002213,0.002289,0.002174,0.002213,0.002251,0.002174,0.002136,0.002136,0.002098,0.002136,0.002136,0.002136,0.002174,0.002174,0.002136,0.002174,0.002174,0.002213,0.002213,0.002136,0.002174,0.002174,0.002174,0.002213,0.002136,0.002136,0.002251,0.002213,0.002136,0.002136,0.002174,0.002136,0.002136,0.002136,0.002098,0.002136,0.002098,0.002098,0.002098,0.002098,0.002022,0.002022,0.002098,0.002022,0.002060,0.002022,0.001984,0.001984,0.001984,0.001984,0.001945,0.002022,0.001945,0.001984,0.001984,0.001984,0.001984,0.002060,0.001984,0.002022,0.002022,0.002022,0.002022,0.002022,0.001984,0.001945,0.001984,0.002022,0.001984,0.002098,0.002060,0.002136,0.002098,0.002060,0.002022,0.002060,0.002098,0.002022,0.002060,0.002060,0.002060,0.002098,0.002022,0.002022,0.002022,0.001984,0.002022,0.001984,0.001984,0.001945,0.001945,0.001984,0.001945,0.001984,0.001945,0.001945,0.001984,0.001945,0.001984,0.001945,0.001945,0.002022,0.002022,0.002060,0.002022,0.002022,0.002060,0.002098,0.002098,0.002060,0.002098,0.002060,0.002136,0.002098,0.002098,0.002098,0.002098,0.002136,0.002136,0.002136,0.002136,0.002136,0.002136,0.002136,0.002098,0.002060,0.002098,0.002098,0.002060,0.002098,0.002098,0.002098,0.002022,0.002022,0.002022,0.002022,0.002022,0.002098,0.001984,0.002022,0.002022,0.001984,0.002060,0.002022,0.001984,0.002022,0.002022,0.001984,0.002060,0.001984,0.002022,0.002022,0.001945,0.001945,0.001984,0.001984,0.001984,0.001984,0.001984,0.001984,0.001984,0.001984,0.002022,0.002060,0.001984,0.002022,0.002060,0.002022,0.002060,0.002060,0.002098,0.002022,0.002022,0.002098,0.002060,0.002136,0.002060,0.002098,0.002136,0.002136,0.002098,0.002136,0.002098,0.002098,0.002060,0.002098,0.002136,0.002136,0.002060,0.002060,0.002136,0.002098,0.002098,0.002060,0.002136,0.002098,0.002098,0.002098,0.002060,0.002060,0.002060,0.002098,0.002060,0.002022,0.002098,0.002098,0.002174,0.002136,0.002098,0.002136,0.002098,0.002136,0.002136,0.002136,0.002174,0.002136,0.002136,0.002136,0.002174,0.002098,0.002098,0.002136,0.002136,0.002213,0.002174,0.002213,0.002213,0.002136,0.002213,0.002174,0.002174,0.002213,0.002213,0.002251,0.002289,0.002251,0.002213,0.002213,0.002251,0.002213,0.002213,0.002289,0.002327,0.002289,0.002327,0.002251,0.002174,0.002327,0.002289,0.002251,0.002251,0.002289,0.002251,0.002251,0.002251,0.002213,0.002251,0.002213,0.002213,0.002174,0.002136,0.002136,0.002136,0.002174,0.002174,0.002060,0.002060,0.002060,0.002060,0.002098,0.002022,0.002022,0.002022,0.002022,0.002022,0.001984,0.002022,0.002022,0.002022,0.001984,0.001945,0.001984,0.001907,0.002022,0.002060,0.001984,0.001984,0.001984,0.001984,0.001984,0.001984,0.001945,0.001907,0.001984,0.001945,0.001984,0.001984,0.001984,0.001945,0.001945,0.001945,0.001945,0.001945,0.001984,0.001984,0.001945,0.001984,0.001984,0.001945,0.002022,0.001984,0.002022,0.002060,0.002060,0.001984,0.002060,0.002022,0.002022,0.002060,0.002060,0.002060,0.002022,0.002060,0.002022,0.002060,0.002060,0.002060,0.002098,0.002022,0.002098,0.002098,0.002060,0.002098,0.002022,0.002098,0.002098,0.002098,0.002098,0.002098,0.002136,0.002098,0.002213,0.002136,0.002174,0.002251,0.002174,0.002174,0.002136,0.002251,0.002251,0.002213,0.002174,0.002174,0.002174,0.002098,0.002213,0.002213,0.002213,0.002213,0.002213,0.002136,0.002136,0.002136,0.002136,0.002098,0.002060,0.002022,0.002022,0.002022,0.001945,0.001945,0.001907,0.001907,0.001869,0.001869,0.001869,0.001793,0.001793,0.001793,0.001793,0.001793,0.001831,0.001793,0.001793,0.001869,0.001869,0.001869,0.001869,0.001831,0.001869,0.001869,0.001945,0.001945,0.001907,0.001984,0.001984,0.001945,0.001984,0.001945,0.001945,0.001945,0.001984,0.001945,0.001907,0.001984,0.001945,0.001907,0.001907,0.001869,0.001907,0.001831,0.001869,0.001831,0.001831,0.001831,0.001831,0.001831,0.001831,0.001869,0.001831,0.001793,0.001869,0.001869,0.001907,0.001869,0.001869,0.001945,0.001945,0.001945,0.001945,0.001984,0.001984,0.002060,0.002098,0.002022,0.002098,0.002060,0.002136,0.002098,0.002136,0.002174,0.002174,0.002251,0.002213,0.002251,0.002251,0.002289,0.002327,0.002251,0.002289,0.002327,0.002289,0.002327,0.002327,0.002365,0.002403,0.002403,0.002480,0.002441,0.002480,0.002480,0.002518,0.002556,0.002480,0.002480,0.002441,0.002518,0.002556,0.002518,0.002556,0.002480,0.002518,0.002518,0.002518,0.002556,0.002518,0.002518,0.002518,0.002518,0.002518,0.002480,0.002480,0.002480,0.002480,0.002441,0.002403,0.002403,0.002403,0.002403,0.002365,0.002327,0.002289,0.002251,0.002251,0.002213,0.002251,0.002174,0.002174,0.002213,0.002136,0.002136,0.002136,0.002174,0.002136,0.002098,0.002136,0.002098,0.002098,0.002136,0.002098,0.002098,0.002098,0.002098,0.002098,0.002098,0.002136,0.002136,0.002136,0.002098,0.002136,0.002136,0.002098,0.002060,0.001984,0.002060,0.002060,0.002060,0.002060,0.002022,0.002060,0.002060,0.001984,0.001945,0.001984,0.001945,0.001984,0.001984,0.001869,0.001869,0.001907,0.001907,0.001907,0.001907,0.001907,0.001907,0.001831,0.001869,0.001831,0.001831,0.001831,0.001869,0.001907,0.001831,0.001869,0.001907,0.001907,0.001945,0.001945,0.001907,0.001945,0.001945,0.001945,0.002022,0.002022,0.001945,0.001945,0.002022,0.002098,0.002022,0.002022,0.002022,0.002060,0.002098,0.002060,0.002098,0.002098,0.002022,0.002060,0.002060,0.002098,0.001984,0.002022,0.002060,0.001984,0.002022,0.002022,0.002098,0.002060,0.002022,0.002060,0.002098,0.002098,0.002098,0.002098,0.002022,0.002060,0.002098,0.002098,0.002098,0.002098,0.002098,0.002098,0.002136,0.002136,0.002098,0.002136,0.002136,0.002136,0.002136,0.002098,0.002136,0.002174,0.002174,0.002174,0.002098,0.002174,0.002174,0.002136,0.002136,0.002174,0.002174,0.002136,0.002136,0.002098,0.002136,0.002174,0.002136,0.002136,0.002136,0.002136,0.002174,0.002136,0.002136,0.002213,0.002213,0.002174,0.002174,0.002136,0.002136,0.002174,0.002251,0.002251,0.002213,0.002213,0.002251,0.002213,0.002251,0.002289,0.002289,0.002251,0.002213,0.002174,0.002213,0.002213,0.002213,0.002213,0.002251,0.002213,0.002251,0.002174,0.002136,0.002174,0.002174,0.002213,0.002213,0.002213,0.002213,0.002136,0.002174,0.002136,0.002136,0.002136,0.002174,0.002213,0.002136,0.002174,0.002174,0.002174,0.002213,0.002213,0.002213,0.002174,0.002174,0.002174,0.002174,0.002213,0.002213,0.002136,0.002174,0.002213,0.002136,0.002174,0.002174,0.002213,0.002213,0.002213,0.002174,0.002174,0.002136,0.002136,0.002174,0.002213,0.002136,0.002174,0.002213,0.002174,0.002174,0.002136,0.002213,0.002174,0.002174,0.002174,0.002136,0.002136,0.002174,0.002098,0.002136,0.002098,0.002136,0.002213,0.002174,0.002174,0.002098,0.002174,0.002136,0.002174,0.002136,0.002136,0.002174,0.002098,0.002136,0.002136,0.002136,0.002174,0.002098,0.002098,0.002060,0.002098,0.002136,0.002060,0.002060,0.002060,0.002098,0.002060,0.002098,0.002098,0.002022,0.002060,0.002060,0.002060,0.002060,0.002060,0.002060,0.002098,0.002098,0.002060,0.002022,0.002060,0.002022,0.002060,0.002098,0.002098,0.002060,0.002098,0.002174,0.002136,0.002136,0.002213,0.002174,0.002213,0.002174,0.002213,0.002213,0.002174,0.002174,0.002213,0.002251,0.002213,0.002213,0.002251,0.002251,0.002289,0.002251,0.002251,0.002251,0.002174,0.002251,0.002213,0.002251,0.002213,0.002251,0.002251,0.002251,0.002251,0.002213,0.002213,0.002213,0.002213,0.002174,0.002213,0.002213,0.002251,0.002213,0.002136,0.002174,0.002213,0.002136,0.002213,0.002136,0.002098,0.002098,0.002098,0.002136,0.002098,0.002060,0.002060,0.002098,0.002098,0.002098,0.002022,0.001984,0.001984,0.001984,0.002022,0.001984,0.001945,0.001945,0.001869,0.001984,0.001945,0.001945,0.001869,0.001907,0.001945,0.001945,0.001945,0.001945,0.001984,0.001984,0.001984,0.001984,0.002022,0.001984,0.002022,0.002022,0.002060,0.002022,0.002136,0.002136,0.002098,0.002174,0.002136,0.002136,0.002136,0.002136,0.002136,0.002136,0.002213,0.002213,0.002213,0.002174,0.002289,0.002213,0.002174,0.002174,0.002174,0.002174,0.002174,0.002136,0.002098,0.002136,0.002174,0.002098,0.002098,0.002136,0.002022,0.002098,0.002136,0.002098,0.002098,0.002022,0.002098,0.002060,0.002098,0.002060,0.002060,0.002174,0.002098,0.002098,0.002098,0.002098,0.002060,0.002098,0.002136,0.002060,0.002098,0.002098,0.002136,0.002098,0.002136,0.002136,0.002098,0.002098,0.002060,0.002060,0.002060,0.002022,0.002060,0.002098,0.002060,0.002022,0.002022,0.002060,0.002060,0.002022,0.002060,0.001984,0.002022,0.002022,0.001984,0.001984,0.002022,0.001984,0.002022,0.002060,0.002060,0.002060,0.002060,0.002060,0.002060,0.002098,0.002174,0.002174,0.002136,0.002098,0.002136,0.002213,0.002136,0.002136,0.002174,0.002174,0.002098,0.002098,0.002136,0.002174,0.002213,0.002174,0.002174,0.002098,0.002060,0.002136,0.002174,0.002136,0.002136,0.002098,0.002098,0.002098,0.002136,0.002136,0.002174,0.002174,0.002136,0.002213,0.002174,0.002174,0.002174,0.002174,0.002174,0.002251,0.002213,0.002213,0.002213,0.002213,0.002213,0.002174,0.002174,0.002213,0.002251,0.002174,0.002174,0.002098,0.002136,0.002136,0.002136,0.002098,0.002060,0.002136,0.002098,0.002098,0.002136,0.002060,0.002060,0.002098,0.002098,0.002098,0.002060,0.002060,0.002060,0.002060,0.002060,0.002060,0.002022,0.002022,0.002060,0.002022,0.002022,0.002022,0.002022,0.001984,0.001984,0.002022,0.002022,0.002022,0.002060,0.002022,0.002022,0.001984,0.002060,0.001984,0.001984,0.001984,0.002022,0.001984,0.002022,0.002022,0.002060,0.001984,0.002060,0.002060,0.002022,0.002022,0.002060,0.002060,0.002022,0.002022,0.002060,0.002022,0.002060,0.002022,0.002098,0.002098,0.002098,0.002098,0.002098,0.002098,0.002098,0.002098,0.002060,0.002136,0.002136,0.002098,0.002060,0.002060,0.002098,0.002098,0.002060,0.002098,0.002060,0.002060,0.002098,0.002098,0.002098,0.002136,0.002136,0.002098,0.002098,0.002136,0.002098,0.002136,0.002098,0.002098,0.002098,0.002136,0.002098,0.002098,0.002098,0.002136,0.002136,0.002136,0.002060,0.002136,0.002136,0.002136,0.002098,0.002060,0.002060,0.002098,0.002098,0.002022,0.002022,0.002022,0.002022,0.001984,0.001945,0.001945,0.001945,0.001907,0.001945,0.001945,0.001907,0.001869,0.001869,0.001831,0.001907,0.001831,0.001869,0.001831,0.001831,0.001869,0.001907,0.001907,0.001869,0.001869,0.001907,0.001907,0.001984,0.001907,0.001907,0.001984,0.002022,0.001984,0.002022,0.002022,0.002022,0.002098,0.002098,0.002098,0.002098,0.002098,0.002136,0.002136,0.002136,0.002174,0.002136,0.002136,0.002174,0.002174,0.002174,0.002136,0.002136,0.002136,0.002136,0.002136,0.002136,0.002136,0.002136,0.002136,0.002060,0.002060,0.002060,0.002060,0.002098,0.002098,0.002098,0.002098,0.002060,0.002098,0.002098,0.002060,0.002098,0.002098,0.002098,0.002136,0.002136,0.002098,0.002098,0.002098,0.002136,0.002136,0.002098,0.002098,0.002098,0.002098,0.002136,0.002136,0.002136,0.002174,0.002174,0.002213,0.002251,0.002213,0.002213,0.002136,0.002213,0.002136,0.002213,0.002213,0.002174,0.002213,0.002213,0.002174,0.002213,0.002213,0.002213,0.002136,0.002136,0.002136,0.002174,0.002136,0.002174,0.002136,0.002174,0.002098,0.002136,0.002174,0.002136,0.002174,0.002098,0.002136,0.002136,0.002136,0.002136,0.002136,0.002060,0.002060,0.001984,0.002060,0.002060,0.002060,0.002060,0.002022,0.002022,0.002022,0.001984,0.001984,0.001984,0.002022,0.002060,0.002060,0.002022,0.002022,0.002022,0.002022,0.001984,0.001984,0.001984,0.002022,0.002022,0.001984,0.001984,0.002022,0.002022,0.002098,0.002022,0.001945,0.002022,0.002060,0.002060,0.002022,0.002022,0.001984,0.002060,0.001984,0.002060,0.002098,0.002098,0.002022,0.002022,0.002060,0.002060,0.002098,0.002060,0.002060,0.002022,0.002022,0.002022,0.002060,0.002060,0.002060,0.002098,0.002060,0.002060,0.002098,0.002098,0.002098,0.002060,0.002098,0.002060,0.002060,0.002060,0.002098,0.002098,0.002022,0.002060,0.002098,0.002098,0.002098,0.002060,0.002098,0.002098,0.002060,0.002060,0.002098,0.002098,0.002136,0.002098,0.002098,0.002136,0.002022,0.002098,0.002136,0.002136,0.002136,0.002098,0.002174,0.002136,0.002174,0.002289,0.002174,0.002174,0.002213,0.002251,0.002289,0.002289,0.002251,0.002289,0.002289,0.002289,0.002327,0.002327,0.002251,0.002289,0.002289,0.002327,0.002327,0.002327,0.002327,0.002289,0.002251,0.002251,0.002289,0.002289,0.002289,0.002289,0.002213,0.002251,0.002327,0.002251,0.002289,0.002213,0.002213,0.002136,0.002174,0.002098,0.002098,0.002136,0.002098,0.002136,0.002060,0.002022,0.002022,0.002022,0.002060,0.002022,0.002022,0.002022,0.002022,0.002060,0.002022,0.002060,0.002098,0.002098,0.002022,0.002098,0.002098,0.002098,0.002098,0.002098,0.002060,0.002098,0.002098,0.002098,0.002136,0.002098,0.002098,0.002098,0.002098,0.002098,0.002098,0.002136,0.002098,0.002174,0.002174,0.002060,0.002098,0.002136,0.002174,0.002213,0.002174,0.002174,0.002251,0.002213,0.002251,0.002251,0.002251,0.002251,0.002213,0.002251,0.002251,0.002289,0.002251,0.002251,0.002213,0.002213,0.002251,0.002251,0.002251,0.002251,0.002213,0.002213,0.002251,0.002327,0.002213,0.002213,0.002174,0.002213,0.002213,0.002174,0.002098,0.002136,0.002098,0.002098,0.002022,0.002136,0.002022,0.002022,0.001984,0.002022,0.001984,0.001984,0.002022,0.002060,0.002022,0.002022,0.002022,0.001984,0.001984,0.001945,0.002022,0.002022,0.001945,0.001945,0.001984,0.002060,0.002022,0.002022,0.002022,0.002022,0.001984,0.001984,0.002060,0.002060,0.002060,0.002060,0.002060,0.002060,0.002098,0.002060,0.002098,0.002098,0.002174,0.002213,0.002174,0.002136,0.002174,0.002174,0.002213,0.002213,0.002213,0.002213,0.002213,0.002213,0.002174,0.002213,0.002213,0.002174,0.002174,0.002174,0.002098,0.002098,0.002098,0.002098,0.002060,0.002022,0.002022,0.002098,0.002022,0.001984,0.001984,0.001945,0.001984,0.002022,0.001984,0.001984,0.002022,0.001984,0.001945,0.001945,0.001984,0.001945,0.001984,0.001984,0.002022,0.002022,0.002022,0.002022,0.002098,0.002098,0.002098,0.002098,0.002174,0.002174,0.002174,0.002174,0.002213,0.002213,0.002251,0.002251,0.002327,0.002251,0.002251,0.002289,0.002327,0.002289,0.002327,0.002365,0.002289,0.002327,0.002327,0.002327,0.002289,0.002327,0.002365,0.002251,0.002289,0.002289,0.002289,0.002289,0.002289,0.002327,0.002327,0.002327,0.002289,0.002251,0.002251,0.002251,0.002251,0.002327,0.002289,0.002289,0.002251,0.002213,0.002251,0.002327,0.002289,0.002289,0.002289,0.002251,0.002289,0.002327,0.002251,0.002289,0.002289,0.002251,0.002251,0.002251,0.002174,0.002213,0.002289,0.002251,0.002213,0.002251,0.002251,0.002289,0.002251,0.002251,0.002289,0.002251,0.002213,0.002289,0.002251,0.002289,0.002251,0.002289,0.002213,0.002251,0.002289,0.002289,0.002251,0.002289,0.002289,0.002251,0.002251,0.002213,0.002289,0.002251,0.002213,0.002174,0.002251,0.002251,0.002213,0.002174,0.002174,0.002213,0.002174,0.002174,0.002213,0.002213,0.002136,0.002136,0.002136,0.002060,0.002136,0.002174,0.002098,0.002098,0.002060,0.002098,0.002060,0.002060,0.002060,0.002060,0.002098,0.002136,0.002060,0.002022,0.002022,0.001984,0.001984,0.001984,0.001984,0.001907,0.001945,0.001907,0.001869,0.001869,0.001907,0.001869,0.001907,0.001869,0.001907,0.001907,0.001831,0.001869,0.001869,0.001907,0.001869,0.001907,0.001945,0.001907,0.001945,0.001945,0.001984,0.001984,0.001907,0.001984,0.002022,0.002022,0.001984,0.002022,0.002022,0.002098,0.002136,0.002098,0.002098,0.002060,0.002060,0.002098,0.002060,0.002098,0.002098,0.002060,0.002098,0.002136,0.002098,0.002098,0.002060,0.002136,0.002136,0.002213,0.002136,0.002174,0.002136,0.002136,0.002213,0.002174,0.002213,0.002251,0.002174,0.002136,0.002213,0.002251,0.002251,0.002251,0.002251,0.002251,0.002213,0.002213,0.002213,0.002213,0.002213,0.002213,0.002213,0.002136,0.002174,0.002136,0.002098,0.002174,0.002213,0.002174,0.002136,0.002136,0.002098,0.002060,0.002060,0.002022,0.002060,0.002022,0.002022,0.002022,0.002022,0.002060,0.001984,0.002022,0.001984,0.001984,0.001945,0.001945,0.001945,0.001984,0.001984,0.001984,0.001907,0.002022,0.001984,0.001984,0.001984,0.001945,0.002022,0.001945,0.002022,0.001945,0.001984,0.001945,0.001907,0.001984,0.001984,0.001945,0.001907,0.001984,0.001984,0.001907,0.001984,0.001945,0.001945,0.001945,0.001984,0.001984,0.001984,0.002022,0.002060,0.002022,0.002022,0.002060,0.002060,0.002060,0.002060,0.002098,0.002136,0.002098,0.002098,0.002136,0.002136,0.002136,0.002136,0.002174,0.002136,0.002174,0.002174,0.002098,0.002098,0.002136,0.002136,0.002136,0.002098,0.002174,0.002136,0.002136,0.002174,0.002098,0.002136,0.002136,0.002136,0.002174,0.002098,0.002136,0.002098,0.002098,0.002098,0.002136,0.002136,0.002174,0.002213,0.002098,0.002174,0.002174,0.002136,0.002098,0.002136,0.002136,0.002098,0.002174,0.002136,0.002136,0.002174,0.002174,0.002174,0.002098,0.002136,0.002098,0.002098,0.002060,0.002060,0.002098,0.002060,0.002060,0.002060,0.002022,0.002060,0.002022,0.002060,0.002022,0.002022,0.001984,0.001984,0.001984,0.001984,0.001984,0.002022,0.001984,0.001984,0.001945,0.001945,0.001984,0.002060,0.002022,0.002022,0.001984,0.001945,0.002022,0.002022,0.002022,0.002022,0.001984,0.001984,0.002022,0.002022,0.002022,0.002060,0.002022,0.002022
12,19:00:00.000,12/31/1903,0.000000,0.100000,UNKNOWN,1,0/0,0.000000,0.000000,0.000000,0.000000,0.000000,0.000000,0.000000,0.000000,0,0,0,0,0.002174,0.002136,0.002136,0.002060,0.002060,0.002136,0.002136,0.002136,0.002136,0.002136,0.002136,0.002136,0.002136,0.002098,0.002098,0.002098,0.002098,0.002174,0.002098,0.002060,0.002098,0.002098,0.002136,0.002098,0.002136,0.002098,0.002060,0.002060,0.002022,0.002136,0.002098,0.002060,0.002022,0.002022,0.002060,0.002022,0.002060,0.002060,0.002098,0.002098,0.001984,0.002060,0.002060,0.002098,0.002022,0.002022,0.002022,0.002022,0.001984,0.002022,0.002022,0.002022,0.002022,0.001984,0.001984,0.001945,0.002022,0.002022,0.001984,0.001984,0.001907,0.001984,0.001907,0.001984,0.001945,0.001945,0.001907,0.001945,0.001984,0.001984,0.001984,0.002022,0.001984,0.001945,0.001945,0.001984,0.001945,0.001907,0.001984,0.001984,0.001945,0.002022,0.001984,0.001945,0.001984,0.001984,0.001907,0.001945,0.001984,0.001907,0.001907,0.001945,0.001945,0.001907,0.001907,0.001945,0.001945,0.001984,0.001945,0.002022,0.002022,0.002022,0.001945,0.001945,0.001945,0.001984,0.001984,0.001945,0.001984,0.001984,0.001984,0.001984,0.002022,0.002060,0.001984,0.002022,0.002022,0.002060,0.002022,0.001984,0.001984,0.001984,0.001984,0.002022,0.002022,0.002022,0.002022,0.002060,0.002060,0.002022,0.002022,0.001984,0.002022,0.002022,0.001945,0.001984,0.001945,0.001984,0.002022,0.002060,0.002060,0.002022,0.001984,0.002060,0.002060,0.002022,0.002060,0.002060,0.002060,0.002022,0.002060,0.002022,0.002022,0.002022,0.002060,0.002060,0.002098,0.002060,0.002060,0.002060,0.002060,0.002098,0.002098,0.002060,0.002060,0.002060,0.002136,0.002098,0.002098,0.002098,0.002098,0.002098,0.002098,0.002060,0.002098,0.002098,0.002060,0.002136,0.002060,0.002098,0.002098,0.002060,0.002060,0.002098,0.002098,0.002060,0.002098,0.002174,0.002060,0.002060,0.002022,0.002022,0.002098,0.002098,0.002098,0.002098,0.002022,0.002060,0.002060,0.002098,0.002060,0.002060,0.002022,0.002022,0.002060,0.002060,0.002022,0.002060,0.002060,0.002022,0.002098,0.002098,0.002136,0.002060,0.002060,0.002098,0.002098,0.002060,0.002060,0.002098,0.002098,0.002098,0.002098,0.002136,0.002060,0.002098,0.002136,0.002136,0.002060,0.002098,0.002136,0.002060,0.002098,0.002098,0.002136,0.002136,0.002136,0.002136,0.002060,0.002098,0.002098,0.002098,0.002098,0.002098,0.002060,0.002098,0.002098,0.002136,0.002060,0.002098,0.002136,0.002098,0.002098,0.002098,0.002098,0.002174,0.002136,0.002098,0.002060,0.002136,0.002098,0.002098,0.002098,0.002060,0.002098,0.002098,0.002060,0.002022,0.002098,0.002060,0.002060,0.002098,0.002060,0.002060,0.002022,0.002060,0.002060,0.002022,0.002022,0.002060,0.002060,0.002060,0.002060,0.002022,0.002022,0.002060,0.002022,0.002022,0.002060,0.002022,0.001984,0.002022,0.001984,0.002022,0.002022,0.002022,0.001984,0.002060,0.002022,0.001984,0.002022,0.002022,0.001984,0.002022,0.001984,0.001984,0.001984,0.002022,0.002022,0.001984,0.002022,0.002060,0.001984,0.001945,0.001907,0.001984,0.002022,0.002022,0.001984,0.002022,0.002022,0.002022,0.002022,0.001984,0.002022,0.002060,0.002022,0.002022,0.002022,0.001984,0.002022,0.001984,0.001984,0.001984,0.001945,0.002022,0.001984,0.002022,0.001984,0.002022,0.001984,0.001945,0.001984,0.001984,0.001945,0.002022,0.001984,0.002022,0.002060,0.002060,0.001984,0.002022,0.002022,0.001984,0.002022,0.002022,0.002022,0.002060,0.001984,0.002060,0.002022,0.002022,0.001984,0.001945,0.001984,0.002022,0.001984,0.002060,0.001984,0.002022,0.002022,0.002060,0.002060,0.001984,0.001984,0.002060,0.001945,0.001984,0.001984,0.001945,0.001984,0.002022,0.002022,0.001945,0.001984,0.002022,0.001984,0.002022,0.002022,0.002098,0.002060,0.002098,0.002060,0.002022,0.002098,0.002098,0.002098,0.002136,0.002098,0.002060,0.002060,0.002060,0.002060,0.002060,0.002098,0.002060,0.002098,0.002098,0.002098,0.002098,0.002098,0.002098,0.002098,0.002136,0.002098,0.002136,0.002136,0.002136,0.002098,0.002098,0.002060,0.002098,0.002136,0.002098,0.002098,0.002136,0.002136,0.002022,0.002098,0.002098,0.002136,0.002098,0.002136,0.002098,0.002060,0.002136,0.002098,0.002098,0.002136,0.002098,0.002136,0.002136,0.002060,0.002060,0.002060,0.002060,0.002022,0.002098,0.002098,0.002060,0.002060,0.002022,0.002022,0.002136,0.002022,0.002022,0.002060,0.001984,0.001984,0.002022,0.002022,0.001945,0.002022,0.001945,0.002022,0.001984,0.002060,0.002022,0.001984,0.002060,0.002022,0.001984,0.001984,0.001945,0.001945,0.002022,0.001945,0.001945,0.001945,0.001984,0.001945,0.001907,0.001945,0.001984,0.001945,0.001945,0.001907,0.001984,0.001984,0.001984,0.001907,0.001984,0.001945,0.001907,0.001907,0.001945,0.001945,0.001907,0.001945,0.001907,0.001907,0.001945,0.001945,0.001984,0.001945,0.001907,0.001945,0.001984,0.001984,0.001945,0.001984,0.001945,0.001984,0.002022,0.002022,0.001984,0.001945,0.001984,0.001984,0.001984,0.001945,0.001984,0.001907,0.002022,0.001984,0.001984,0.001984,0.001945,0.002060,0.002022,0.001984,0.001984,0.001984,0.002022,0.001945,0.001984,0.002022,0.001984,0.001984,0.002022,0.001984,0.001984,0.001984,0.002022,0.001945,0.001984,0.002022,0.002060,0.001945,0.001984,0.002022,0.002022,0.002060,0.002060,0.002060,0.002022,0.002022,0.002022,0.002098,0.002060,0.002098,0.002060,0.002060,0.002060,0.002060,0.002060,0.002098,0.002098,0.002136,0.002136,0.002136,0.002098,0.002060,0.002098,0.002098,0.002098,0.002060,0.002060,0.002098,0.002098,0.002022,0.002098,0.002136,0.002060,0.002098,0.002098,0.002098,0.002060,0.002060,0.002060,0.002060,0.002060,0.002022,0.001984,0.002060,0.002098,0.002060,0.002022,0.002022,0.002022,0.001984,0.001984,0.002060,0.001984,0.002022,0.001984,0.002022,0.001984,0.002022,0.001984,0.001945,0.001945,0.001984,0.001984,0.001945,0.002022,0.001984,0.001984,0.001984,0.001984,0.001907,0.001984,0.001984,0.002022,0.001984,0.001984,0.001984,0.001984,0.001984,0.001984,0.001945,0.001984,0.001984,0.001984,0.001984,0.002022,0.001984,0.001945,0.001984,0.001984,0.002022,0.001945,0.001907,0.002022,0.002022,0.002022,0.002022,0.002022,0.002022,0.002022,0.001984,0.001984,0.001984,0.001984,0.001984,0.001984,0.002022,0.001984,0.002022,0.001945,0.001945,0.002022,0.002022,0.001984,0.001984,0.002022,0.002022,0.001984,0.001984,0.001984,0.001945,0.001984,0.002022,0.002022,0.001984,0.001984,0.001984,0.002022,0.002022,0.001984,0.001984,0.002022,0.002022,0.002022,0.001945,0.001945,0.001984,0.001945,0.001907,0.001907,0.001907,0.001869,0.001945,0.001945,0.001907,0.001907,0.001831,0.001831,0.001869,0.001907,0.001793,0.001793,0.001755,0.001755,0.001755,0.001717,0.001678,0.001678,0.001678,0.001678,0.001640,0.001640,0.001640,0.001526,0.001488,0.001526,0.001526,0.001450,0.001411,0.001411,0.001450,0.001450,0.001411,0.001411,0.001526,0.001526,0.001564,0.001640,0.001678,0.001869,0.001984,0.002174,0.002327,0.002556,0.002708,0.002975,0.003357,0.003586,0.003929,0.004234,0.004501,0.004921,0.005264,0.005569,0.005989,0.006371,0.006676,0.006905,0.007172,0.007401,0.007477,0.007439,0.007439,0.007248,0.007019,0.006676,0.006332,0.005836,0.005341,0.004768,0.004196,0.003662,0.003014,0.002480,0.001869,0.001297,0.000648,0.000076,-0.000496,-0.001106,-0.001717,-0.002327,-0.002937,-0.003548,-0.004082,-0.004539,-0.004921,-0.005188,-0.005379,-0.005455,-0.005455,-0.005302,-0.004997,-0.004730,-0.004387,-0.003929,-0.003471,-0.002899,-0.002441,-0.001869,-0.001411,-0.000916,-0.000381,-0.000038,0.000343,0.000687,0.001106,0.001335,0.001526,0.001755,0.001907,0.002060,0.002251,0.002289,0.002403,0.002441,0.002556,0.002670,0.002594,0.002747,0.002823,0.002899,0.002937,0.002975,0.003090,0.003128,0.003166,0.003281,0.003281,0.003357,0.003471,0.003510,0.003662,0.003853,0.004005,0.004044,0.004158,0.004272,0.004349,0.004501,0.004616,0.004616,0.004616,0.004654,0.004692,0.004654,0.004730,0.004692,0.004578,0.004539,0.004425,0.004311,0.004234,0.004082,0.004005,0.003891,0.003777,0.003662,0.003510,0.003357,0.003281,0.003128,0.003014,0.002899,0.002823,0.002670,0.002594,0.002518,0.002403,0.002327,0.002213,0.002136,0.002060,0.002060,0.001945,0.001907,0.001869,0.001831,0.001793,0.001755,0.001755,0.001717,0.001755,0.001755,0.001717,0.001717,0.001717,0.001755,0.001831,0.001869,0.001945,0.001945,0.001984,0.001945,0.001984,0.001945,0.001984,0.001945,0.001984,0.001945,0.001869,0.001831,0.001831,0.001755,0.001755,0.001793,0.001793,0.001755,0.001755,0.001717,0.001678,0.001678,0.001678,0.001640,0.001640,0.001602,0.001564,0.001488,0.001450,0.001450,0.001411,0.001373,0.001411,0.001411,0.001373,0.001411,0.001450,0.001526,0.001488,0.001640,0.001678,0.001678,0.001755,0.001793,0.001869,0.001793,0.001831,0.001869,0.001831,0.001831,0.001793,0.001793,0.001793,0.001793,0.001755,0.001831,0.001869,0.001869,0.001907,0.001869,0.001907,0.001984,0.001907,0.001907,0.001945,0.001945,0.001945,0.001907,0.001869,0.001907,0.001831,0.001831,0.001831,0.001793,0.001755,0.001793,0.001831,0.001869,0.001869,0.001907,0.001945,0.001984,0.002022,0.002098,0.002174,0.002289,0.002251,0.002327,0.002403,0.002480,0.002480,0.002556,0.002594,0.002594,0.002556,0.002518,0.002518,0.002480,0.002441,0.002251,0.002213,0.002136,0.002060,0.001984,0.001984,0.001907,0.001869,0.001793,0.001793,0.001793,0.001793,0.001793,0.001793,0.001793,0.001869,0.001831,0.001793,0.001831,0.001831,0.001793,0.001793,0.001755,0.001717,0.001640,0.001564,0.001526,0.001488,0.001450,0.001450,0.001373,0.001450,0.001373,0.001411,0.001373,0.001373,0.001335,0.001297,0.001297,0.001297,0.001297,0.001335,0.001411,0.001411,0.001373,0.001411,0.001488,0.001488,0.001526,0.001602,0.001602,0.001717,0.001755,0.001831,0.001907,0.002022,0.002022,0.002098,0.002213,0.002213,0.002365,0.002403,0.002556,0.002594,0.002632,0.002632,0.002670,0.002785,0.002785,0.002708,0.002708,0.002747,0.002747,0.002708,0.002708,0.002670,0.002632,0.002594,0.002556,0.002594,0.002594,0.002556,0.002594,0.002556,0.002556,0.002632,0.002518,0.002518,0.002518,0.002518,0.002518,0.002480,0.002365,0.002327,0.002365,0.002289,0.002251,0.002213,0.002213,0.002136,0.002098,0.002060,0.002060,0.002060,0.002022,0.002060,0.002098,0.002098,0.002098,0.002060,0.002022,0.002060,0.002060,0.002060,0.002060,0.002060,0.002060,0.002022,0.002022,0.002098,0.002022,0.002022,0.002060,0.002060,0.002060,0.002022,0.002022,0.002136,0.002098,0.002213,0.002251,0.002251,0.002289,0.002365,0.002403,0.002441,0.002518,0.002480,0.002594,0.002556,0.002556,0.002594,0.002594,0.002518,0.002518,0.002403,0.002403,0.002327,0.002289,0.002213,0.002174,0.002098,0.001945,0.001907,0.001907,0.001831,0.001755,0.001793,0.001755,0.001678,0.001640,0.001640,0.001640,0.001678,0.001678,0.001717,0.001755,0.001793,0.001793,0.001869,0.001907,0.001945,0.002022,0.002022,0.002060,0.002060,0.002174,0.002136,0.002098,0.002098,0.002060,0.002098,0.002022,0.001984,0.002022,0.002022,0.001984,0.001907,0.001945,0.001869,0.001793,0.001793,0.001755,0.001755,0.001793,0.001717,0.001640,0.001640,0.001602,0.001602,0.001564,0.001564,0.001564,0.001564,0.001488,0.001488,0.001526,0.001526,0.001526,0.001564,0.001564,0.001602,0.001640,0.001640,0.001755,0.001755,0.001793,0.001831,0.001831,0.001869,0.001907,0.001945,0.001945,0.001945,0.002022,0.002022,0.002022,0.002022,0.002060,0.002098,0.002098,0.002098,0.002136,0.002098,0.002174,0.002098,0.002136,0.002213,0.002251,0.002136,0.002213,0.002174,0.002136,0.002174,0.002174,0.002136,0.002136,0.002136,0.002098,0.002174,0.002098,0.002136,0.002098,0.002098,0.002098,0.002022,0.002060,0.002060,0.002136,0.002098,0.002098,0.002136,0.002098,0.002136,0.002098,0.002098,0.002060,0.002136,0.002136,0.002136,0.002136,0.002098,0.002136,0.002136,0.002174,0.002136,0.002098,0.002060,0.002060,0.001984,0.001945,0.001945,0.001907,0.001831,0.001907,0.001831,0.001793,0.001755,0.001755,0.001717,0.001717,0.001717,0.001678,0.001640,0.001678,0.001602,0.001640,0.001602,0.001640,0.001678,0.001602,0.001564,0.001602,0.001640,0.001678,0.001640,0.001678,0.001717,0.001717,0.001793,0.001755,0.001831,0.001869,0.001907,0.001945,0.001984,0.002022,0.002060,0.002136,0.002213,0.002251,0.002213,0.002289,0.002289,0.002327,0.002289,0.002327,0.002327,0.002365,0.002403,0.002365,0.002403,0.002441,0.002441,0.002441,0.002403,0.002480,0.002480,0.002480,0.002441,0.002480,0.002441,0.002480,0.002441,0.002403,0.002403,0.002441,0.002403,0.002403,0.002403,0.002403,0.002289,0.002327,0.002327,0.002251,0.002213,0.002174,0.002136,0.002136,0.002098,0.002060,0.002022,0.001984,0.001984,0.001984,0.001984,0.001907,0.001945,0.001907,0.001907,0.001945,0.001945,0.001945,0.001984,0.002060,0.002022,0.002098,0.002136,0.002136,0.002136,0.002136,0.002251,0.002213,0.002251,0.002289,0.002289,0.002289,0.002327,0.002251,0.002251,0.002289,0.002213,0.002136,0.002213,0.002098,0.002098,0.002136,0.002098,0.002022,0.002022,0.001984,0.001945,0.001869,0.001831,0.001869,0.001831,0.001793,0.001755,0.001755,0.001755,0.001717,0.001717,0.001717,0.001717,0.001717,0.001678,0.001640,0.001678,0.001717,0.001678,0.001717,0.001755,0.001755,0.001717,0.001717,0.001755,0.001717,0.001678,0.001717,0.001717,0.001717,0.001793,0.001717,0.001717,0.001717,0.001717,0.001717,0.001717,0.001755,0.001755,0.001717,0.001755,0.001755,0.001869,0.001793,0.001831,0.001869,0.001869,0.001907,0.001945,0.001984,0.002060,0.002098,0.002098,0.002174,0.002174,0.002136,0.002174,0.002213,0.002213,0.002251,0.002213,0.002251,0.002251,0.002213,0.002213,0.002213,0.002213,0.002174,0.002136,0.002136,0.002098,0.002098,0.002136,0.002098,0.002060,0.002060,0.002098,0.002060,0.002060,0.002098,0.002060,0.002022,0.001984,0.001984,0.001984,0.001984,0.002022,0.002022,0.002060,0.002060,0.002022,0.002022,0.001984,0.001984,0.002060,0.002022,0.002098,0.002060,0.002022,0.002060,0.002060,0.002022,0.002060,0.002060,0.002060,0.002022,0.002022,0.002060,0.002136,0.002060,0.002060,0.002098,0.002098,0.002060,0.002098,0.002174,0.002098,0.002136,0.002136,0.002136,0.002098,0.002098,0.002136,0.002174,0.002098,0.002098,0.002098,0.002022,0.002022,0.002060,0.001984,0.001984,0.001945,0.001945,0.001984,0.001907,0.001907,0.001945,0.001945,0.001984,0.002022,0.001945,0.001984,0.001984,0.001945,0.001945,0.001984,0.001984,0.001984,0.001984,0.002022,0.002022,0.001984,0.001984,0.002022,0.002022,0.002060,0.002060,0.002098,0.002098,0.002098,0.002098,0.002136,0.002136,0.002136,0.002136,0.002136,0.002136,0.002136,0.002136,0.002098,0.002060,0.002060,0.002060,0.001984,0.002022,0.001945,0.001907,0.001907,0.001869,0.001793,0.001831,0.001831,0.001793,0.001831,0.001831,0.001755,0.001793,0.001793,0.001793,0.001831,0.001869,0.001869,0.001869,0.001869,0.001907,0.001869,0.001907,0.001907,0.001945,0.002022,0.002022,0.001945,0.001984,0.002060,0.002060,0.002098,0.002022,0.001984,0.002060,0.001984,0.002060,0.001984,0.002060,0.002022,0.002022,0.002060,0.002022,0.002022,0.001984,0.001984,0.001984,0.001984,0.001945,0.001945,0.001945,0.001907,0.001869,0.001869,0.001869,0.001831,0.001869,0.001869,0.001831,0.001831,0.001869,0.001869,0.001869,0.001907,0.001869,0.001869,0.001907,0.001869,0.001945,0.001984,0.001984,0.002022,0.002060,0.002060,0.002060,0.002060,0.002060,0.002098,0.002136,0.002098,0.002098,0.002136,0.002136,0.002136,0.002174,0.002213,0.002213,0.002174,0.002213,0.002213,0.002174,0.002213,0.002251,0.002251,0.002213,0.002213,0.002213,0.002213,0.002174,0.002213,0.002174,0.002174,0.002136,0.002174,0.002174,0.002098,0.002136,0.002098,0.002136,0.002098,0.002098,0.002098,0.002098,0.002022,0.002060,0.002060,0.002022,0.001984,0.001984,0.001984,0.002022,0.002022,0.001984,0.001984,0.001984,0.001984,0.002022,0.001945,0.001945,0.002022,0.002060,0.002060,0.002060,0.002136,0.002213,0.002213,0.002213,0.002327,0.002365,0.002327,0.002403,0.002403,0.002441,0.002518,0.002518,0.002556,0.002594,0.002632,0.002632,0.002708,0.002632,0.002670,0.002632,0.002632,0.002594,0.002632,0.002594,0.002556,0.002556,0.002518,0.002403,0.002403,0.002365,0.002327,0.002289,0.002251,0.002213,0.002174,0.002174,0.002136,0.002098,0.002022,0.002022,0.001907,0.001831,0.001755,0.001678,0.001564,0.001488,0.001450,0.001335,0.001297,0.001068,0.001030,0.000992,0.000916,0.000877,0.000839,0.000839,0.000839,0.000877,0.000916,0.000916,0.000954,0.001068,0.001144,0.001221,0.001297,0.001411,0.001526,0.001602,0.001678,0.001793,0.001907,0.001907,0.001984,0.002098,0.002136,0.002174,0.002213,0.002251,0.002327,0.002289,0.002289,0.002327,0.002251,0.002289,0.002289,0.002251,0.002213,0.002289,0.002213,0.002136,0.002174,0.002136,0.002098,0.002060,0.002136,0.002174,0.002022,0.002098,0.002213,0.002213,0.002174,0.002213,0.002289,0.002251,0.002365,0.002403,0.002403,0.002441,0.002480,0.002441,0.002441,0.002480,0.002556,0.002480,0.002441,0.002480,0.002403,0.002403,0.002365,0.002327,0.002251,0.002251,0.002251,0.002174,0.002136,0.002098,0.002060,0.002060,0.001984,0.001984,0.001907,0.001945,0.001907,0.001907,0.001907,0.001907,0.001869,0.001907,0.001831,0.001869,0.001831,0.001869,0.001869,0.001907,0.001869,0.001907,0.001907,0.001907,0.001945,0.001945,0.001907,0.001945,0.001984,0.001984,0.001945,0.001945,0.001907,0.001984,0.001907,0.001907,0.001945,0.001869,0.001907,0.001907,0.001907,0.001907,0.001907,0.001907,0.001907,0.001907,0.001907,0.001945,0.001907,0.001945,0.001945,0.001945,0.001945,0.001984,0.001984,0.001945,0.001984,0.001984,0.001984,0.001984,0.002060,0.002022,0.002060,0.002022,0.002060,0.002098,0.002174,0.002136,0.002136,0.002136,0.002251,0.002327,0.002251,0.002251,0.002327,0.002327,0.002327,0.002289,0.002327,0.002365,0.002327,0.002289,0.002289,0.002289,0.002289,0.002365,0.002327,0.002213,0.002213,0.002213,0.002213,0.002174,0.002174,0.002174,0.002098,0.002060,0.002022,0.002060,0.002098,0.002060,0.002022,0.002060,0.002060,0.001984,0.002022,0.001945,0.001984,0.002060,0.002060,0.001984,0.002022,0.002022,0.002060,0.002060,0.002022,0.002060,0.002098,0.002098,0.002136,0.002136,0.002098,0.002136,0.002174,0.002174,0.002289,0.002251,0.002251,0.002251,0.002289,0.002251,0.002327,0.002289,0.002327,0.002365,0.002327,0.002327,0.002365,0.002327,0.002289,0.002289,0.002213,0.002174,0.002213,0.002213,0.002174,0.002060,0.002060,0.001984,0.001984,0.001984,0.001945,0.001907,0.001907,0.001869,0.001907,0.001831,0.001869,0.001869,0.001869,0.001831,0.001793,0.001793,0.001755,0.001793,0.001717,0.001717,0.001717,0.001678,0.001717,0.001678,0.001717,0.001717,0.001755,0.001755,0.001755,0.001755,0.001755,0.001755,0.001717,0.001717,0.001755,0.001755,0.001869,0.001831,0.001907,0.001793,0.001831,0.001793,0.001907,0.001907,0.001869,0.001907,0.001945,0.001984,0.001945,0.001984,0.001984,0.002022,0.002060,0.002060,0.002060,0.002060,0.002136,0.002098,0.002174,0.002136,0.002136,0.002098,0.002098,0.002136,0.002136,0.002060,0.002098,0.002060,0.002060,0.002060,0.002098,0.002098,0.002022,0.002060,0.002060,0.002060,0.002022,0.002022,0.002022,0.001984,0.001984,0.002022,0.002022,0.002022,0.002060,0.002098,0.002136,0.002098,0.002098,0.002098,0.002098,0.002098,0.002060,0.002060,0.002060,0.002022,0.002022,0.002022,0.001984,0.002022,0.001984,0.001945,0.001907,0.001907,0.001869,0.001831,0.001869,0.001831,0.001869,0.001793,0.001755,0.001831,0.001831,0.001793,0.001793,0.001755,0.001793,0.001755,0.001793,0.001831,0.001831,0.001793,0.001869,0.001907,0.001945,0.001869,0.001907,0.001945,0.001945,0.001907,0.001984,0.002022,0.002022,0.002022,0.002060,0.002060,0.002098,0.002060,0.002060,0.002060,0.002022,0.001984,0.001984,0.002022,0.001984,0.001984,0.001945,0.001984,0.001984,0.001984,0.001984,0.001945,0.001945,0.001945,0.001945,0.001984,0.001945,0.001984,0.002022,0.002060,0.002022,0.002098,0.002098,0.002098,0.002136,0.002136,0.002136,0.002174,0.002174,0.002136,0.002213,0.002213,0.002213,0.002251,0.002289,0.002213,0.002136,0.002213,0.002174,0.002174,0.002174,0.002174,0.002136,0.002174,0.002136,0.002174,0.002098,0.002098,0.002060,0.002098,0.002060,0.002022,0.002060,0.002022,0.001984,0.001945,0.001945,0.002022,0.002022,0.002022,0.002022,0.001984,0.001984,0.002022,0.002060,0.002022,0.002022,0.002060,0.002060,0.002060,0.002060,0.002098,0.002098,0.002098,0.002098,0.002136,0.002174,0.002174,0.002136,0.002174,0.002251,0.002213,0.002213,0.002251,0.002213,0.002213,0.002174,0.002174,0.002136,0.002174,0.002213,0.002136,0.002174,0.002098,0.002098,0.002098,0.002060,0.002060,0.002098,0.002060,0.001984,0.001945,0.001945,0.001945,0.001907,0.001907,0.001907,0.001907,0.001869,0.001831,0.001793,0.001793,0.001755,0.001755,0.001717,0.001717,0.001678,0.001717,0.001640,0.001678,0.001602,0.001602,0.001640,0.001602,0.001602,0.001640,0.001640,0.001564,0.001640,0.001602,0.001678,0.001640,0.001602,0.001640,0.001640,0.001678,0.001678,0.001640,0.001640,0.001717,0.001755,0.001755,0.001717,0.001678,0.001678,0.001717,0.001678,0.001717,0.001755,0.001793,0.001793,0.001831,0.001869,0.001869,0.001831,0.001907,0.001869,0.001945,0.001945,0.002022,0.002060,0.002060,0.002098,0.002060,0.002136,0.002174,0.002174,0.002213,0.002251,0.002251,0.002251,0.002251,0.002251,0.002251,0.002327,0.002289,0.002327,0.002289,0.002289,0.002251,0.002327,0.002289,0.002289,0.002251,0.002289,0.002251,0.002251,0.002251,0.002251,0.002213,0.002174,0.002213,0.002174,0.002136,0.002174,0.002136,0.002098,0.002098,0.002060,0.002098,0.002060,0.002022,0.002060,0.001945,0.001984,0.001984,0.001984,0.001984,0.001984,0.001984,0.001907,0.001945,0.001984,0.001907,0.001907,0.001945,0.001945,0.001984,0.001945,0.001945,0.001907,0.001907,0.001907,0.001907,0.001907,0.001945,0.001945,0.001907,0.001907,0.001869,0.001869,0.001869,0.001869,0.001869,0.001831,0.001831,0.001869,0.001831,0.001869,0.001869,0.001869,0.001831,0.001869,0.001869,0.001907,0.001907,0.001907,0.001907,0.001907,0.001984,0.001984,0.001945,0.002022,0.002022,0.001984,0.002060,0.002022,0.002022,0.002022,0.001984,0.002060,0.002022,0.002060,0.002022,0.002060,0.002098,0.002060,0.002136,0.002022,0.001984,0.002022,0.002060,0.001984,0.002022,0.001984,0.001984,0.002022,0.001984,0.002022,0.002060,0.002098,0.002098,0.002098,0.002060,0.002060,0.002060,0.002098,0.002098,0.002098,0.002098,0.002098,0.002174,0.002098,0.002136,0.002136,0.002098,0.002136,0.002136,0.002098,0.002098,0.002098,0.002136,0.002174,0.002136,0.002022,0.002060,0.002136,0.002136,0.002136,0.002060,0.002136,0.002060,0.002136,0.002098,0.002060,0.002060,0.002022,0.002060,0.002060,0.002098,0.002060,0.002060,0.002060,0.002098,0.002060,0.002022,0.001984,0.002060,0.002060,0.001984,0.002022,0.002022,0.002022,0.001984,0.002022,0.002022,0.002022,0.001984,0.002022,0.001945,0.001907,0.001907,0.001831,0.001945,0.001945,0.001945,0.001907,0.001869,0.001831,0.001907,0.001869,0.001907,0.001907,0.001869,0.001831,0.001831,0.001831,0.001831,0.001831,0.001831,0.001831,0.001831,0.001869,0.001869,0.001831,0.001869,0.001831,0.001831,0.001869,0.001831,0.001831,0.001869,0.001831,0.001869,0.001869,0.001907,0.001869,0.001907,0.001869,0.001907,0.001984,0.001984,0.001945,0.001945,0.001984,0.002022,0.001984,0.002022,0.001984,0.001984,0.002060,0.002060,0.002098,0.002136,0.002098,0.002060,0.002098,0.002136,0.002060,0.002174,0.002136,0.002136,0.002136,0.002136,0.002136,0.002174,0.002174,0.002136,0.002098,0.002098,0.002136,0.002098,0.002098,0.002060,0.002098,0.002098,0.002060,0.002060,0.002060,0.002098,0.002098,0.002060,0.002022,0.002022,0.002060,0.002136,0.002098,0.002022,0.002022,0.002136,0.002098,0.002060,0.002098,0.002136,0.002098,0.002098,0.002060,0.002060,0.002136,0.002136,0.002098,0.002098,0.002098,0.002136,0.002136,0.002098,0.002022,0.002098,0.002098,0.002060,0.002098,0.002060,0.002060,0.002098,0.002060,0.002098,0.002136,0.002098,0.002060,0.002098,0.002098,0.002098,0.002060,0.002098,0.002060,0.002136,0.002098,0.002098,0.002098,0.002136,0.002060,0.002022,0.002022,0.002098,0.002060,0.002060,0.002022,0.002060,0.002098,0.002060,0.002098,0.002098,0.002022,0.002022,0.002136,0.002098,0.002098,0.002060,0.002060,0.002098,0.002098,0.002060,0.002022,0.002136,0.002022,0.002136,0.002136,0.002098,0.002098,0.002098,0.002098,0.002060,0.002060,0.002098,0.002060,0.002060,0.002060,0.002098,0.002098,0.002136,0.002098,0.002098,0.002060,0.002022,0.002098,0.002098,0.002060,0.002022,0.001984,0.002022,0.001984,0.001984,0.001984,0.002022,0.001945,0.002022,0.001984,0.001984,0.002022,0.001945,0.001945,0.001984,0.001945,0.001945,0.001945,0.002022,0.002022,0.002022,0.002022,0.001984,0.002060,0.002098,0.002098,0.002060,0.002060,0.002060,0.002022,0.002136,0.002136,0.002136,0.002136,0.002136,0.002213,0.002213,0.002289,0.002289,0.002327,0.002327,0.002327,0.002327,0.002327,0.002289,0.002289,0.002365,0.002365,0.002365,0.002403,0.002327,0.002289,0.002289,0.002251,0.002251,0.002174,0.002174,0.002098,0.002098,0.001945,0.001945,0.001945,0.001945,0.001869,0.001793,0.001793,0.001793,0.001831,0.001793,0.001755,0.001793,0.001793,0.001755,0.001755,0.001755,0.001793,0.001793,0.001831,0.001831,0.001869,0.001831,0.001831,0.001869,0.001945,0.001984,0.001984,0.002022,0.002098,0.002022,0.002060,0.002022,0.001984,0.001984,0.001984,0.001984,0.001945,0.001984,0.001984,0.001945,0.002022,0.001945,0.001907,0.001907,0.001907,0.001869,0.001907,0.001984,0.001945,0.001945,0.001984,0.001945,0.001984,0.002022,0.002060,0.002060,0.002022,0.002060,0.002098,0.002098,0.002098,0.002174,0.002136,0.002174,0.002174,0.002174,0.002213,0.002213,0.002213,0.002251,0.002213,0.002289,0.002251,0.002213,0.002213,0.002251,0.002174,0.002251,0.002213,0.002213,0.002213,0.002174,0.002174,0.002213,0.002136,0.002174,0.002213,0.002213,0.002213,0.002174,0.002213,0.002251,0.002213,0.002251,0.002213,0.002251,0.002174,0.002251,0.002251,0.002251,0.002213,0.002213,0.002213,0.002174,0.002098,0.002098,0.002136,0.002060,0.002022,0.002022,0.002022,0.002022,0.001984,0.001907,0.001907,0.001869,0.001831,0.001831,0.001793,0.001869,0.001793,0.001793,0.001755,0.001755,0.001717,0.001717,0.001717,0.001717,0.001717,0.001717,0.001678,0.001678,0.001717,0.001717,0.001755,0.001831,0.001755,0.001793,0.001793,0.001755,0.001793,0.001831,0.001793,0.001831,0.001907,0.001869,0.001907,0.001984,0.001945,0.001984,0.001984,0.002022,0.002022,0.001945,0.001984,0.002022,0.001984,0.002022,0.002022,0.002060,0.002098,0.002022,0.002060,0.002060,0.002060,0.002060,0.002060,0.002022,0.002060,0.002022,0.002022,0.002098,0.002060,0.001984,0.002098,0.002022,0.001984,0.002022,0.002022,0.002060,0.002060,0.002022,0.002060,0.002060,0.002022,0.002022,0.002060,0.002060,0.002060,0.002098,0.002098,0.002136,0.002136,0.002136,0.002098,0.002136,0.002174,0.002136,0.002136,0.002174,0.002136,0.002136,0.002174,0.002136,0.002174,0.002098,0.002136,0.002136,0.002174,0.002136,0.002174,0.002136,0.002174,0.002098,0.002136,0.002136,0.002136,0.002060,0.002060,0.002060,0.002022,0.002060,0.002022,0.001907,0.001945,0.001907,0.001945,0.001984,0.001945,0.001945,0.001945,0.001945,0.001907,0.002022,0.001984,0.002022,0.001984,0.001984,0.002022,0.002060,0.002098,0.002060,0.002060,0.002098,0.002060,0.002060,0.002022,0.002098,0.002098,0.002022,0.002022,0.001984,0.001984,0.001907,0.001945,0.001945,0.001907,0.001831,0.001793,0.001793,0.001831,0.001869,0.001869,0.001831,0.001793,0.001793,0.001793,0.001831,0.001831,0.001831,0.001869,0.001907,0.001945,0.001945,0.002022,0.001984,0.001984,0.002022,0.002022,0.002022,0.002060,0.002136,0.002098,0.002098,0.002136,0.002098,0.002098,0.002060,0.002022,0.002060,0.002060,0.002022,0.002022,0.002060,0.001984,0.001984,0.001984,0.001984,0.001984,0.001945,0.001984,0.001945,0.001907,0.001945,0.001907,0.001907,0.001945,0.001907,0.001907,0.001907,0.001869,0.001907,0.001945,0.001945,0.001945,0.001984,0.002022,0.002022,0.002060,0.002060,0.002022,0.002022,0.002098,0.002136,0.002136,0.002098,0.002174,0.002136,0.002174,0.002174,0.002174,0.002213,0.002136,0.002213,0.002213,0.002213,0.002251,0.002289,0.002289,0.002251,0.002251,0.002213,0.002213,0.002251,0.002174,0.002251,0.002213,0.002174,0.002174,0.002136,0.002136,0.002098,0.002098,0.002060,0.002060,0.002098,0.002060,0.002060,0.002022,0.001984,0.001945,0.002022,0.001984,0.002022,0.001945,0.001984,0.001984,0.002022,0.002022,0.001984,0.001945,0.001945,0.001945,0.001869,0.001945,0.001907,0.001984,0.001945,0.001945,0.001869,0.001907,0.001907,0.001907,0.001907,0.001831,0.001793,0.001831,0.001793,0.001831,0.001717,0.001755,0.001717,0.001793,0.001755,0.001755,0.001717,0.001755,0.001717,0.001793,0.001755,0.001831,0.001793,0.001755,0.001831,0.001869,0.001793,0.001831,0.001831,0.001869,0.001869,0.001869,0.001831,0.001907,0.001945,0.001831,0.001907,0.001945,0.001945,0.001869,0.001907,0.001907,0.001831,0.001869,0.001869,0.001945,0.001907,0.001945,0.001907,0.001869,0.001869,0.001907,0.001869,0.001869,0.001945,0.001907,0.001984,0.001907,0.001907,0.001907,0.001984,0.001984,0.001984,0.001984,0.002022,0.002060,0.001984,0.002022,0.002060,0.002098,0.002098,0.002098,0.002060,0.002136,0.002098,0.002098,0.002098,0.002174,0.002174,0.002174,0.002213,0.002174,0.002213,0.002213,0.002174,0.002213,0.002251,0.002327,0.002327,0.002289,0.002327,0.002289,0.002327,0.002327,0.002365,0.002365,0.002327,0.002327,0.002327,0.002365,0.002365,0.002365,0.002403,0.002289,0.002289,0.002251,0.002251,0.002213,0.002174,0.002136,0.002136,0.002136,0.001984,0.001984,0.001945,0.001945,0.001907,0.001869,0.001869,0.001869,0.001831,0.001717,0.001755,0.001755,0.001717,0.001717,0.001793,0.001755,0.001717,0.001678,0.001717,0.001717,0.001755,0.001793,0.001755,0.001793,0.001831,0.001793,0.001831,0.001831,0.001831,0.001869,0.001831,0.001831,0.001945,0.001907,0.001907,0.001907,0.001984,0.002022,0.002022,0.002022,0.001984,0.002022,0.002098,0.002098,0.002098,0.002136,0.002136,0.002136,0.002136,0.002098,0.002136,0.002174,0.002174,0.002174,0.002213,0.002174,0.002213,0.002213,0.002251,0.002213,0.002251,0.002251,0.002251,0.002251,0.002289,0.002251,0.002251,0.002251,0.002289,0.002213,0.002289,0.002289,0.002289,0.002213,0.002251,0.002289,0.002213,0.002251,0.002251,0.002213,0.002213,0.002213,0.002174,0.002213,0.002213,0.002213,0.002251,0.002174,0.002174,0.002213,0.002174,0.002174,0.002213,0.002174,0.002136,0.002136,0.002098,0.002060,0.002022,0.002060,0.002098,0.002060,0.002098,0.002136,0.002098,0.002098,0.002022,0.002060,0.002098,0.002022,0.002098,0.002060,0.002060,0.002022,0.001945,0.002022,0.001984,0.001984,0.002022,0.001984,0.001945,0.001945,0.001945,0.001907,0.001869,0.001869,0.001869,0.001869,0.001869,0.001869,0.001945,0.001869,0.001869,0.001831,0.001869,0.001869,0.001831,0.001907,0.001869,0.001869,0.001831,0.001869,0.001907,0.001907,0.001907,0.001869,0.001945,0.001945,0.001945,0.001984,0.001984,0.001984,0.001984,0.001984,0.001984,0.001984,0.001984,0.002022,0.001945,0.001984,0.002022,0.001984,0.002022,0.002098,0.002060,0.002022,0.002060,0.002060,0.002022,0.002136,0.002136,0.002098,0.002174,0.002174,0.002213,0.002174,0.002213,0.002136,0.002213,0.002213,0.002213,0.002251,0.002213,0.002174,0.002136,0.002174,0.002174,0.002251,0.002213,0.002174,0.002174,0.002098,0.002174,0.002213,0.002174,0.002136,0.002136,0.002213,0.002136,0.002136,0.002098,0.002060,0.002136,0.002098,0.002022,0.002098,0.002022,0.002022,0.002022,0.002060,0.002098,0.002022,0.001984,0.002060,0.002060,0.002060,0.002060,0.002022,0.002022,0.002022,0.002022,0.002022,0.002022,0.002022,0.002060,0.002060,0.002022,0.002060,0.002022,0.001984,0.001945,0.002022,0.001984,0.001984,0.001984,0.001984,0.001945,0.001907,0.001869,0.001831,0.001945,0.001869,0.001831,0.001831,0.001831,0.001831,0.001869,0.001793,0.001793,0.001831,0.001793,0.001793,0.001755,0.001755,0.001793,0.001755,0.001793,0.001755,0.001678,0.001755,0.001831,0.001831,0.001755,0.001793,0.001869,0.001831,0.001869,0.001869,0.001869,0.001831,0.001869,0.001869,0.001907,0.001907,0.001945,0.001869,0.001907,0.001907,0.001945,0.001945,0.001945,0.002022,0.002060,0.001984,0.002060,0.002060,0.002060,0.002098,0.002136,0.002136,0.002136,0.002098,0.002136,0.002174,0.002174,0.002136,0.002174,0.002213,0.002213,0.002251,0.002251,0.002213,0.002251,0.002251,0.002289,0.002213,0.002174,0.002213,0.002251,0.002174,0.002174,0.002213,0.002136,0.002174,0.002136,0.002136,0.002174,0.002136,0.002098,0.002174,0.002136,0.002136,0.002098,0.002060,0.002060,0.002098,0.002098,0.002136,0.002098,0.002098,0.002098,0.002098,0.002098,0.002060,0.002060,0.002098,0.002060,0.002060,0.002060,0.002098,0.002060,0.002060,0.002060,0.002098,0.002098,0.002098,0.002060,0.002022,0.002060,0.002136,0.002098,0.002060,0.002060,0.002098,0.002136,0.002098,0.002136,0.002098,0.002136,0.002174,0.002098,0.002098,0.002136,0.002136,0.002136,0.002136,0.002136,0.002136,0.002098,0.002098,0.002098,0.002060,0.002098,0.002136,0.002136,0.002060,0.002060,0.002060,0.002098,0.002098,0.002060,0.002136,0.002136,0.002022,0.002022,0.002098,0.002060,0.002060,0.002060,0.002098,0.002098,0.002098,0.002136,0.002136,0.002060,0.002098,0.002098,0.002174,0.002136,0.002098,0.002098,0.002136,0.002136,0.002136,0.002136,0.002213,0.002213,0.002174,0.002213,0.002136,0.002136,0.002098,0.002098,0.002174,0.002174,0.002136,0.002136,0.002098,0.002060,0.002060,0.002060,0.002060,0.002098,0.002060,0.002022,0.002022,0.001984,0.001907,0.001907,0.001945,0.001869,0.001869,0.001869,0.001869,0.001869,0.001793,0.001831,0.001793,0.001755,0.001755,0.001717,0.001755,0.001717,0.001755,0.001793,0.001793,0.001793,0.001717,0.001755,0.001793,0.001793,0.001793,0.001831,0.001793,0.001869,0.001831,0.001831,0.001907,0.001984,0.001945,0.001984,0.002022,0.002060,0.001984,0.001984,0.002060,0.002022,0.002060,0.002136,0.002174,0.002136,0.002136,0.002136,0.002136,0.002174,0.002174,0.002213,0.002136,0.002174,0.002174,0.002213,0.002136,0.002098,0.002098,0.002098,0.002060,0.002060,0.002060,0.002060,0.002060,0.002022,0.002060,0.002060,0.002060,0.002022,0.002136,0.002098,0.002098,0.002098,0.002098,0.002098,0.002136,0.002098,0.002136,0.002174,0.002174,0.002213,0.002136,0.002213,0.002136,0.002213,0.002213,0.002213,0.002136,0.002174,0.002174,0.002136,0.002098,0.002060,0.002098,0.002060,0.001945,0.001984,0.001945,0.001869,0.001831,0.001869,0.001793,0.001793,0.001678,0.001755,0.001678,0.001678,0.001640,0.001717,0.001640,0.001678,0.001717,0.001755,0.001717,0.001717,0.001717,0.001755,0.001793,0.001793,0.001831,0.001869,0.001869,0.001869,0.001869,0.001945,0.001945,0.001984,0.001945,0.001945,0.001945,0.002022,0.001945,0.001907,0.001945,0.002022,0.001984,0.001945,0.001869,0.001945,0.001984,0.001945,0.001945,0.001984,0.001945,0.001945,0.001984,0.001945,0.001984,0.002022,0.001984,0.002022,0.002022,0.002022,0.002098,0.002098,0.002098,0.002136,0.002136,0.002174,0.002174,0.002213,0.002213,0.002213,0.002174,0.002251,0.002213,0.002213,0.002213,0.002213,0.002174,0.002174,0.002213,0.002213,0.002213,0.002174,0.002174,0.002174,0.002136,0.002098,0.002098,0.002136,0.002098,0.002060,0.002098,0.002060,0.002098,0.002136,0.002098,0.002098,0.002098,0.002098,0.002060,0.002060,0.002098,0.002098,0.002098,0.002060,0.002060,0.002060,0.002022,0.002060,0.002098,0.002060,0.002022,0.001984,0.002022,0.002022,0.001984,0.002022,0.001945,0.001984,0.001945,0.001945,0.002022,0.001984,0.001945,0.001984,0.001984,0.001907,0.001945,0.001945,0.001907,0.001945,0.001945,0.001984,0.001984,0.001984,0.001984,0.001945,0.002060,0.002060,0.001984,0.002022,0.002022,0.002022,0.002022,0.001945,0.002022,0.002022,0.002022,0.002022,0.002022,0.002098,0.002060,0.002098,0.002060,0.002060,0.002060,0.002060,0.002060,0.001984,0.002060,0.002022,0.002060,0.002060,0.002022,0.002098,0.002098,0.002098,0.002098,0.002060,0.002060,0.002060,0.002098,0.002098,0.002098,0.002060,0.002060,0.002022,0.002022,0.002022,0.002022,0.002022,0.001945,0.001945,0.001907,0.001945,0.001907,0.001945,0.001869,0.001907,0.001869,0.001869,0.001869,0.001793,0.001869,0.001907,0.001869,0.001907,0.001907,0.001945,0.001869,0.001831,0.001945,0.001907,0.001945,0.001907,0.001945,0.001945,0.001869,0.001945,0.001945,0.001907,0.001907,0.001907,0.001945,0.001945,0.001945,0.001869,0.001907,0.001907,0.001907,0.001907,0.001984,0.001907,0.001945,0.001984,0.001984,0.001984,0.002022,0.002022,0.002060,0.002022,0.002022,0.002060,0.002060,0.002098,0.002022,0.002060,0.002060,0.002098,0.002060,0.002060,0.001984,0.002060,0.002060,0.001984,0.002022,0.002022,0.001945,0.001945,0.001907,0.001984,0.001984,0.002022,0.001984,0.001945,0.001907,0.001869,0.001907,0.001984,0.001984,0.001907,0.001945,0.001907,0.001945,0.002022,0.001984,0.001984,0.002022,0.002022,0.002060,0.002098,0.002098,0.002060,0.002136,0.002136,0.002136,0.002136,0.002098,0.002174,0.002213,0.002213,0.002174,0.002174,0.002174,0.002174,0.002098,0.002098,0.002136,0.002174,0.002136,0.002136,0.002098,0.002136,0.002060,0.002136,0.002136,0.002136,0.002060,0.002060,0.002098,0.002060,0.002060,0.002060,0.002098,0.002098,0.002098,0.002060,0.002022,0.001984,0.002060,0.001984,0.002060,0.002022,0.001945,0.002022,0.001984,0.002022,0.001945,0.001945,0.001984,0.001907,0.002022,0.001945,0.001945,0.001945,0.001907,0.001869,0.001907,0.001907,0.001907,0.001907,0.001869,0.001907,0.001869,0.001869,0.001907,0.001869,0.001869,0.001945,0.001907,0.001945,0.001945,0.001945,0.001907,0.001869,0.001831,0.001907,0.001869,0.001869,0.001869,0.001907,0.001907,0.001945,0.001869,0.001907,0.001869,0.001945,0.001984,0.001945,0.001945,0.001984,0.001945,0.002022,0.001984,0.001984,0.002022,0.002060,0.002022,0.001984,0.002060,0.002060,0.001984,0.002060,0.002098,0.002136,0.002136,0.002060,0.002136,0.002098,0.002136,0.002098,0.002174,0.002174,0.002174,0.002174,0.002174,0.002213,0.002251,0.002213,0.002213,0.002174,0.002213,0.002213,0.002174,0.002174,0.002174,0.002213,0.002174,0.002213,0.002174,0.002174,0.002174,0.002213,0.002174,0.002136,0.002136,0.002136,0.002098,0.002098,0.002060,0.002136,0.002098,0.002060,0.002098,0.002060,0.002022,0.002060,0.002060,0.002098,0.002060,0.002060,0.002098,0.002098,0.002098,0.002098,0.002060,0.002098,0.002060,0.002060,0.002098,0.002098,0.002022,0.002022,0.002098,0.002060,0.002098,0.002060,0.002060,0.002060,0.002060,0.001984,0.002060,0.002022,0.001984,0.002022,0.002060,0.001984,0.001984,0.002022,0.001984,0.001984,0.001907,0.001945,0.001907,0.001831,0.001907,0.001907,0.001831,0.001793,0.001831,0.001831,0.001831,0.001831,0.001869,0.001869,0.001869,0.001907,0.001945,0.001907,0.001984,0.002022,0.002060,0.002098,0.002136,0.002136,0.002251,0.002251,0.002251,0.002289,0.002327,0.002289,0.002289,0.002365,0.002327,0.002327,0.002251,0.002213,0.002174,0.002213,0.002098,0.002060,0.002060,0.002022,0.001984,0.001945,0.001907,0.001907,0.001907,0.001907,0.001869,0.001831,0.001869,0.001831,0.001831,0.001907,0.001869,0.001907,0.001945,0.001945,0.001984,0.002022,0.002060,0.002060,0.002136,0.002098,0.002136,0.002136,0.002136,0.002098,0.002098,0.002174,0.002136,0.002174,0.002060,0.002136,0.002174,0.002060,0.002060,0.002098,0.002098,0.002136,0.002098,0.002098,0.002098,0.002098,0.002098,0.002060,0.002098,0.002098,0.002136,0.002098,0.002136,0.002136,0.002060,0.002174,0.002098,0.002174,0.002136,0.002098,0.002213,0.002213,0.002213,0.002174,0.002174,0.002174,0.002174,0.002174,0.002174,0.002136,0.002136,0.002174,0.002136,0.002136,0.002136,0.002136,0.002060,0.002098,0.002098,0.002136,0.002098,0.002060,0.002098,0.002060,0.002098,0.002060,0.002022,0.002098,0.002060,0.002060,0.002022,0.002060,0.002060,0.002022,0.002060,0.002022,0.001984,0.002022,0.002060,0.002022,0.001984,0.001984,0.001945,0.001945,0.001945,0.001907,0.001907,0.001945,0.001907,0.001945,0.001907,0.001945,0.001945,0.001945,0.001945,0.001945,0.001945,0.001907,0.002022,0.002060,0.002060,0.002060,0.001984,0.002060,0.002098,0.002098,0.002136,0.002060,0.002098,0.002098,0.002098,0.002060,0.002022,0.002060,0.002060,0.002060,0.002060,0.002060,0.002060,0.002098,0.002022,0.002022,0.002060,0.002060,0.001945,0.001984,0.002022,0.001984,0.002060,0.001984,0.002022,0.002022,0.002022,0.001984,0.002022,0.002022,0.002060,0.001984,0.001984,0.002022,0.002022,0.002060,0.002060,0.001984,0.002060,0.002060,0.002060,0.002098,0.002022,0.002060,0.002098,0.002022,0.002060,0.002060,0.002060,0.002022,0.001984,0.002022,0.002022,0.001984,0.002060,0.002098,0.002098,0.002136,0.002098,0.002098,0.002060,0.002098,0.002098,0.002098,0.002060,0.002098,0.002060,0.002060,0.002098,0.002098,0.002060,0.002098,0.002098,0.002174,0.002060,0.002060,0.002022,0.002098,0.002022,0.002060,0.002136,0.002098,0.002098,0.002060,0.002060,0.002060,0.002022,0.001945,0.001984,0.001984,0.002022,0.001984,0.001984,0.001945,0.001945,0.001984,0.001869,0.001907,0.001907,0.001945,0.001984,0.001907,0.001945,0.001984,0.001907,0.001907,0.001907,0.001984,0.001984,0.001984,0.001945,0.001945,0.001984,0.001945,0.001945,0.001945,0.002022,0.002022,0.001945,0.002022,0.001984,0.001945,0.002060,0.002022,0.002060,0.002022,0.002060,0.002022,0.001945,0.002060,0.002022,0.001984,0.002060,0.002098,0.002098,0.002098,0.002098,0.002098,0.002098,0.002098,0.002136,0.002136,0.002136,0.002098,0.002136,0.002098,0.002174,0.002174,0.002098,0.002098,0.002136,0.002098,0.002098,0.002174,0.002098,0.002174,0.002060,0.002098,0.002060,0.002060,0.002060,0.002022,0.001984,0.001984,0.001945,0.002022,0.001984,0.002022,0.001945,0.001984,0.002060,0.001984,0.001945,0.001984,0.001945,0.001945,0.001907,0.001945,0.001945,0.001945,0.001869,0.001907,0.001907,0.001907,0.001869,0.001869,0.001831,0.001869,0.001869,0.001907,0.001869,0.001793,0.001831,0.001793,0.001831,0.001793,0.001831,0.001831,0.001793,0.001831,0.001869,0.001869,0.001869,0.001869,0.001907,0.001907,0.001869,0.001907,0.001907,0.001984,0.001984,0.001945,0.001945,0.002022,0.002022,0.002060,0.002022,0.002060,0.002060,0.002060,0.002022,0.002136,0.002098,0.002136,0.002098,0.002060,0.002098,0.002098,0.002136,0.002136,0.002136,0.002174,0.002136,0.002098,0.002098,0.002098,0.002060,0.002022,0.002022,0.001984,0.002022,0.002022,0.002022,0.001945,0.001907,0.001907,0.001869,0.001869,0.001869,0.001793,0.001793,0.001755,0.001755,0.001755,0.001717,0.001717,0.001755,0.001793,0.001755,0.001717,0.001678,0.001717,0.001755,0.001755,0.001793,0.001831,0.001793,0.001869,0.001869,0.001907,0.001984,0.001984,0.001945,0.002022,0.002022,0.002022,0.002022,0.002098,0.002098,0.002136,0.002098,0.002174,0.002136,0.002098,0.002136,0.002060,0.002136,0.002098,0.002022,0.002060,0.002136,0.002098,0.002098,0.002136,0.002098,0.002098,0.002174,0.002098,0.002136,0.002174,0.002174,0.002213,0.002174,0.002136,0.002136,0.002136,0.002098,0.002098,0.002136,0.002174,0.002174,0.002136,0.002098,0.002174,0.002174,0.002174,0.002174,0.002136,0.002136,0.002136,0.002060,0.002098,0.002098,0.002098,0.002022,0.002022,0.002022,0.001984,0.001984,0.001945,0.001984,0.001984,0.001984,0.001945,0.001945,0.001984,0.001984,0.001984,0.001907,0.001945,0.001984,0.001984,0.001984,0.001907,0.001907,0.001907,0.001907,0.001984,0.001945,0.001907,0.001945,0.001907,0.001907,0.001831,0.001907,0.001945,0.001907,0.001945,0.001984,0.002022,0.001984,0.002060,0.002060,0.001984,0.002022,0.002060,0.002022,0.002022,0.001984,0.001984,0.001945,0.001907,0.001869,0.001831,0.001793,0.001755,0.001831,0.001793,0.001755,0.001678,0.001717,0.001717,0.001717,0.001717,0.001755,0.001755,0.001793,0.001831,0.001831,0.001717,0.001831,0.001869,0.001869,0.001907,0.001831,0.001831,0.001793,0.001831,0.001831,0.001793,0.001831,0.001793,0.001755,0.001755,0.001755,0.001793,0.001755,0.001793,0.001793,0.001793,0.001831,0.001869,0.001907,0.001907,0.001907,0.001945,0.001945,0.001907,0.001907,0.001945,0.001945,0.001945,0.001907,0.001869,0.001869,0.001869,0.001907,0.001945,0.001907,0.001945,0.001945,0.001984,0.001984,0.001984,0.002022,0.002022,0.002022,0.002060,0.002098,0.002174,0.002174,0.002174,0.002174,0.002174,0.002251,0.002251,0.002289,0.002327,0.002327,0.002327,0.002327,0.002289,0.002289,0.002289,0.002251,0.002251,0.002289,0.002098,0.002136,0.002136,0.002060,0.002060,0.002022,0.001984,0.001984,0.001869,0.001945,0.001945,0.001869,0.001869,0.001907,0.001869,0.001907,0.001945,0.001907,0.001984,0.001984,0.001984,0.002022,0.001945,0.002060,0.002022,0.002060,0.002098,0.002098,0.002136,0.002174,0.002136,0.002060,0.002136,0.002174,0.002136,0.002136,0.002136,0.002098,0.002136,0.002174,0.002136,0.002174,0.002098,0.002098,0.002060,0.002060,0.002022,0.002022,0.002060,0.002060,0.002060,0.002022,0.002060,0.002060,0.002060,0.002098,0.002060,0.002098,0.002060,0.002060,0.002098,0.002060,0.002098,0.002060,0.002022,0.002098,0.002136,0.002098,0.002060,0.002098,0.002098,0.002060,0.002098,0.002022,0.002060,0.002098,0.002022,0.002022,0.002060,0.002098,0.002060,0.002022,0.002022,0.001945,0.001984,0.002022,0.002060,0.002022,0.002022,0.002060,0.002022,0.002022,0.002098,0.002098,0.002098,0.002060,0.002098,0.002098,0.002098,0.002098,0.002060,0.002098,0.001984,0.002098,0.002060,0.002022,0.002136,0.002022,0.002022,0.002060,0.002098,0.001984,0.002022,0.002022,0.001984,0.001984,0.002022,0.002022,0.002060,0.002022,0.002022,0.002098,0.002022,0.002098,0.002060,0.002098,0.002060,0.002098,0.002098,0.002060,0.002060,0.002022,0.002098,0.002060,0.002060,0.002060,0.002060,0.002098,0.001984,0.002098,0.002060,0.002098,0.002060,0.002060,0.002060,0.002136,0.002060,0.002060,0.002022,0.002060,0.002060,0.002060,0.002098,0.002098,0.002060,0.002098,0.002022,0.002022,0.002022,0.002022,0.002022,0.002060,0.002022,0.001984,0.002022,0.001984,0.002022,0.001945,0.001945,0.002022,0.001984,0.001984,0.002022,0.002022,0.001945,0.001984,0.001984,0.001945,0.001945,0.001945,0.001907,0.001907,0.001907,0.001907,0.001831,0.001907,0.001869,0.001869,0.001945,0.001869,0.001869,0.001831,0.001869,0.001945,0.001907,0.001907,0.001907,0.001945,0.001984,0.001907,0.002022,0.001984,0.002060,0.002022,0.001984,0.002060,0.002060,0.002098,0.002098,0.002136,0.002136,0.002136,0.002136,0.002174,0.002174,0.002213,0.002174,0.002213,0.002174,0.002174,0.002213,0.002174,0.002213,0.002174,0.002213,0.002174,0.002136,0.002213,0.002174,0.002213,0.002213,0.002174,0.002213,0.002174,0.002136,0.002136,0.002098,0.002060,0.002098,0.002060,0.002060,0.002060,0.001984,0.002098,0.002022,0.001984,0.001984,0.002060,0.002060,0.002022,0.002060,0.002136,0.002098,0.002060,0.002060,0.002136,0.002098,0.002098,0.002136,0.002098,0.002060,0.002098,0.002136,0.002174,0.002174,0.002213,0.002174,0.002213,0.002213,0.002174,0.002174,0.002213,0.002174,0.002136,0.002174,0.002213,0.002213,0.002174,0.002174,0.002136,0.002136,0.002136,0.002098,0.002098,0.002060,0.002136,0.002060,0.002022,0.002022,0.002022,0.001945,0.001945,0.001907,0.001869,0.001907,0.001907,0.001831,0.001831,0.001831,0.001831,0.001793,0.001755,0.001793,0.001755,0.001793,0.001755,0.001755,0.001831,0.001793,0.001793,0.001793,0.001831,0.001907,0.001831,0.001869,0.001869,0.001907,0.001984,0.001984,0.002022,0.002060,0.002098,0.002060,0.002136,0.002174,0.002136,0.002213,0.002174,0.002213,0.002213,0.002213,0.002174,0.002251,0.002251,0.002251,0.002213,0.002251,0.002174,0.002213,0.002136,0.002213,0.002213,0.002136,0.002174,0.002098,0.002098,0.002098,0.002060,0.002022,0.002060,0.002060,0.002022,0.002060,0.002060,0.002060,0.002098,0.002060,0.002098,0.002060,0.002060,0.002136,0.002098,0.002098,0.002136,0.002098,0.002098,0.002136,0.002136,0.002174,0.002136,0.002136,0.002174,0.002213,0.002136,0.002174,0.002213,0.002213,0.002174,0.002213,0.002174,0.002174,0.002174,0.002174,0.002174,0.002174,0.002136,0.002136,0.002098,0.002136,0.002213,0.002060,0.002213,0.002098,0.002174,0.002136,0.002136,0.002022,0.002022,0.002060,0.002098,0.002136,0.002136,0.002060,0.002098,0.002060,0.002136,0.002098,0.002060,0.002136,0.002136,0.002136,0.002174,0.002174,0.002136,0.002098,0.002136,0.002060,0.002060,0.002098,0.002060,0.002022,0.002022,0.001984,0.001945,0.001945,0.001945,0.001945,0.001984,0.001945,0.001907,0.001945,0.001907,0.001907,0.001907,0.001869,0.001907,0.001869,0.001907,0.001907,0.001945,0.001945,0.001945,0.001869,0.001907,0.001907,0.001945,0.001907,0.001869,0.001907,0.001907,0.001907,0.001907,0.001945,0.001907,0.001984,0.001907,0.001945,0.002022,0.001984,0.001984,0.001945,0.002022,0.001984,0.002022,0.002022,0.002022,0.001984,0.001945,0.001907,0.001869,0.001907,0.001869,0.001907,0.001907,0.001907,0.001945,0.001907,0.001945,0.001984,0.001907,0.001869,0.001869,0.001831,0.001907,0.001907,0.001984,0.001945,0.001945,0.001907,0.001984,0.002060,0.001984,0.002022,0.002022,0.002060,0.001984,0.001945,0.001984,0.002022,0.002060,0.002022,0.001984,0.001984,0.002022,0.002098,0.002022,0.002022,0.002022,0.002022,0.002022,0.002060,0.001945,0.002022,0.001984,0.002022,0.001984,0.001984,0.001945,0.001984,0.001945,0.001907,0.001984,0.001984,0.001984,0.001945,0.001945,0.001945,0.001907,0.001907,0.001869,0.001907,0.001984,0.001945,0.001945,0.001907,0.001869,0.001869,0.001831,0.001869,0.001907,0.001945,0.001907,0.001869,0.001907,0.001945,0.001945,0.001945,0.001907,0.001945,0.001907,0.002022,0.001907,0.001907,0.001945,0.001945,0.001984,0.001984,0.002022,0.002060,0.002022,0.002022,0.002022,0.002060,0.002060,0.001984,0.002022,0.001984,0.002060,0.002022,0.002022,0.002022,0.002022,0.002022,0.002022,0.002022,0.002060,0.002022,0.002022,0.002060,0.002060,0.002022,0.002022,0.002022,0.001984,0.002022,0.002022,0.002022,0.002022,0.002060,0.002060,0.001984,0.002022,0.002022,0.001984,0.002060,0.001984,0.002060,0.001984,0.002060,0.002060,0.002022,0.002022,0.002022,0.002022,0.002060,0.002060,0.002136,0.002060,0.002098,0.002098,0.002098,0.002060,0.002022,0.002136,0.002060,0.002098,0.002098,0.002098,0.002136,0.002098,0.002174,0.002098,0.002136,0.002136,0.002098,0.002174,0.002136,0.002251,0.002213,0.002136,0.002174,0.002136,0.002174,0.002174,0.002136,0.002174,0.002174,0.002174,0.002136,0.002136,0.002213,0.002174,0.002174,0.002136,0.002136,0.002098,0.002098,0.002022,0.002022,0.001984,0.002022,0.001984,0.001945,0.001984,0.002022,0.001984,0.001984,0.001945,0.001907,0.001869,0.001907,0.001945,0.001907,0.001907,0.001945,0.001907,0.001907,0.001869,0.001907,0.001907,0.001869,0.001907,0.001907,0.001907,0.001907,0.001907,0.001831,0.001831,0.001869,0.001869,0.001869,0.001869,0.001869,0.001907,0.001907,0.001869,0.001945,0.001907,0.001907,0.001945,0.001907,0.001869,0.001945,0.001945,0.001945,0.001907,0.001907,0.001945,0.001945,0.001907,0.001945,0.001984,0.001945,0.001984,0.001945,0.002060,0.001945,0.001945,0.001945,0.001984,0.002022,0.001945,0.001984,0.001945,0.001945,0.002022,0.002022,0.001945,0.001945,0.001984,0.002060,0.002060,0.002022,0.002022,0.001984,0.002060,0.002060,0.002022,0.002060,0.002098,0.002136,0.002136,0.002060,0.002098,0.002060,0.002098,0.002098,0.002098,0.002098,0.002136,0.002098,0.002098,0.002136,0.002136,0.002022,0.002060,0.002060,0.002060,0.002022,0.001984,0.001984,0.001945,0.001907,0.001907,0.001831,0.001869,0.001831,0.001831,0.001755,0.001717,0.001793,0.001755,0.001755,0.001755,0.001678,0.001717,0.001717,0.001717,0.001793,0.001793,0.001755,0.001717,0.001831,0.001831,0.001831,0.001831,0.001831,0.001869,0.001831,0.001831,0.001831,0.001831,0.001869,0.001869,0.001907,0.001907,0.001907,0.001831,0.001831,0.001793,0.001793,0.001793,0.001831,0.001793,0.001793,0.001755,0.001793,0.001717,0.001755,0.001793,0.001717,0.001755,0.001755,0.001793,0.001755,0.001755,0.001755,0.001717,0.001793,0.001755,0.001831,0.001869,0.001831,0.001869,0.001869,0.001869,0.001907,0.001984,0.001984,0.001984,0.002022,0.002022,0.002098,0.002174,0.002136,0.002136,0.002098,0.002213,0.002213,0.002213,0.002213,0.002174,0.002213,0.002289,0.002251,0.002289,0.002289,0.002327,0.002251,0.002327,0.002365,0.002403,0.002403,0.002365,0.002403,0.002365,0.002365,0.002441,0.002403,0.002441,0.002403,0.002441,0.002403,0.002441,0.002441,0.002441,0.002480,0.002441,0.002518,0.002441,0.002441,0.002403,0.002441,0.002441,0.002403,0.002403,0.002403,0.002365,0.002365,0.002289,0.002289,0.002289,0.002251,0.002213,0.002213,0.002213,0.002251,0.002213,0.002213,0.002136,0.002136,0.002136,0.002098,0.002022,0.002098,0.002098,0.002060,0.002022,0.002060,0.002060,0.002022,0.002022,0.002060,0.002022,0.001984,0.002060,0.002022,0.002022,0.001945,0.002022,0.002022,0.001945,0.002022,0.001984,0.002060,0.001984,0.001984,0.001945,0.001945,0.001945,0.001945,0.001945,0.001907,0.001869,0.001831,0.001831,0.001907,0.001831,0.001869,0.001793,0.001831,0.001831,0.001793,0.001831,0.001755,0.001831,0.001831,0.001755,0.001831,0.001793,0.001831,0.001793,0.001793,0.001793,0.001793,0.001793,0.001831,0.001831,0.001831,0.001755,0.001831,0.001831,0.001831,0.001869,0.001869,0.001831,0.001869,0.001869,0.001869,0.001907,0.001945,0.001945,0.001945,0.001869,0.001984,0.001984,0.001945,0.001945,0.001945,0.001907,0.001945,0.001984,0.001945,0.001869,0.001907,0.001907,0.001984,0.001984,0.001907,0.001945,0.001907,0.001945,0.001945,0.001945,0.001945,0.001945,0.002022,0.001984,0.001945,0.002022,0.001984,0.002022,0.002022,0.002060,0.002022,0.002022,0.002060,0.002060,0.002060,0.002060,0.002098,0.002022,0.002060,0.002098,0.002060,0.002098,0.002060,0.002060,0.002060,0.002060,0.002098,0.002060,0.002060,0.002098,0.002060,0.002060,0.002060,0.002098,0.002098,0.002098,0.002060,0.002022,0.002098,0.002060,0.002098,0.002098,0.002098,0.002098,0.002060,0.002136,0.002136,0.002098,0.002136,0.002060,0.002136,0.002136,0.002136,0.002174,0.002174,0.002174,0.002098,0.002136,0.002213,0.002136,0.002213,0.002213,0.002174,0.002136,0.002174,0.002174,0.002098,0.002136,0.002060,0.002136,0.002098,0.002098,0.002136,0.002060,0.002060,0.002060,0.002060,0.002098,0.002098,0.002060,0.002022,0.001984,0.002060,0.002060,0.002060,0.002136,0.002098,0.002060,0.002136,0.002060,0.002022,0.002098,0.002022,0.002098,0.002098,0.002060,0.002098,0.002060,0.002098,0.002098,0.002098,0.002098,0.002098,0.002098,0.002098,0.002098,0.002060,0.002098,0.002136,0.002098,0.002060,0.002098,0.002136,0.002060,0.002022,0.002098,0.002060,0.002022,0.002098,0.002060,0.002060,0.002060,0.002098,0.002060,0.002136,0.002098,0.002060,0.002060,0.001984,0.002060,0.002098,0.002060,0.002060,0.002022,0.002098,0.002022,0.002060,0.002060,0.002022,0.002022,0.002022,0.002060,0.002022,0.002060,0.002060,0.002022,0.002060,0.002022,0.001984,0.002022,0.002060,0.002060,0.001984,0.001984,0.002022,0.002022,0.001984,0.001984,0.002060,0.002022,0.001984,0.001945,0.001984,0.001984,0.001984,0.002022,0.001984,0.001984,0.001984,0.001984,0.001984,0.001984,0.002022,0.002060,0.002022,0.002060,0.002060,0.002060,0.002022,0.002098,0.002136,0.002060,0.002136,0.002136,0.002098,0.002098,0.002098,0.002136,0.002060,0.002174,0.002136,0.002136,0.002136,0.002136,0.002136,0.002098,0.002098,0.002136,0.002174,0.002174,0.002136,0.002174,0.002174,0.002136,0.002136,0.002174,0.002136,0.002136,0.002098,0.002098,0.002060,0.002098,0.002098,0.002136,0.002060,0.002022,0.002060,0.002060,0.002060,0.002022,0.001984,0.002022,0.002022,0.001984,0.001984,0.001945,0.001945,0.001945,0.001945,0.001984,0.001984,0.001945,0.001945,0.001945,0.001831,0.001869,0.001831,0.001793,0.001869,0.001831,0.001831,0.001793,0.001793,0.001831,0.001907,0.001869,0.001945,0.001907,0.001831,0.001869,0.001907,0.001984,0.001945,0.001984,0.001945,0.001907,0.001945,0.001984,0.002022,0.002022,0.002022,0.002060,0.002060,0.002022,0.002098,0.001984,0.002060,0.002022,0.002136,0.002098,0.002136,0.002060,0.002060,0.002098,0.002060,0.002060,0.002098,0.002098,0.002060,0.001984,0.002022,0.001945,0.002022,0.001984,0.001984,0.001984,0.001984,0.001945,0.001945,0.001984,0.002060,0.001945,0.001945,0.002022,0.001945,0.002022,0.001984,0.001984,0.001984,0.002022,0.001984,0.001984,0.001984,0.002022,0.002060,0.002022,0.002022,0.002060,0.002022,0.002022,0.002022,0.002060,0.002022,0.001984,0.002022,0.001945,0.002022,0.001945,0.001945,0.001984,0.001945,0.001984,0.001945,0.001907,0.001869,0.001907,0.001907,0.001907,0.001907,0.001869,0.001869,0.001907,0.001945,0.001907,0.001907,0.001907,0.001945,0.001945,0.001984,0.002022,0.002060,0.001984,0.002060,0.002060,0.002098,0.002098,0.002098,0.002098,0.002060,0.002098,0.002060,0.002060,0.002060,0.002060,0.002060,0.002060,0.002136,0.002098,0.001984,0.002022,0.002060,0.002098,0.002060,0.002022,0.002022,0.002022,0.002060,0.002060,0.002022,0.002060,0.002098,0.002098,0.002022,0.002098,0.002098,0.002136,0.002098,0.002060,0.002098,0.002060,0.002136,0.002136,0.002098,0.002098,0.002060,0.002098,0.002098,0.002060,0.002098,0.002098,0.002098,0.002060,0.002060,0.001984,0.002022,0.002060,0.002022,0.002022,0.001984,0.002022,0.002022,0.001984,0.001984,0.001984,0.002022,0.002022,0.001945,0.001984,0.001984,0.002022,0.002022,0.001984,0.002022,0.001984,0.001945,0.001945,0.001945,0.001907,0.001984,0.001907,0.001907,0.001945,0.001945,0.001984,0.001945,0.001945,0.001945,0.001869,0.001945,0.001907,0.001984,0.001907,0.001907,0.001984,0.001945,0.001984,0.001907,0.001945,0.001945,0.001907,0.001984,0.001907,0.001984,0.001945,0.001907,0.001945,0.001945,0.002022,0.001984,0.001945,0.001984,0.002022,0.002022,0.001984,0.002060,0.001984,0.002022,0.002022,0.001945,0.002022,0.001984,0.001984,0.002022,0.002022,0.002022,0.001984,0.001984,0.002022,0.001984,0.002022,0.001984,0.002022,0.002022,0.002060,0.002060,0.002022,0.002022,0.002060,0.002060,0.002060,0.001984,0.001984,0.001984,0.002022,0.002022,0.002060,0.002098,0.002022,0.002060,0.002022,0.002022,0.001984,0.002022,0.002022,0.001945,0.002022,0.001984,0.001984,0.001984,0.001907,0.001945,0.001907,0.001869,0.001907,0.001869,0.001869,0.001793,0.001831,0.001755,0.001831,0.001831,0.001831,0.001831,0.001793,0.001831,0.001755,0.001755,0.001831,0.001793,0.001755,0.001793,0.001793,0.001793,0.001793,0.001831,0.001793,0.001869,0.001907,0.001831,0.001907,0.001945,0.001945,0.001907,0.001984,0.001984,0.001984,0.002022,0.001984,0.002060,0.002022,0.002022,0.002022,0.002022,0.002060,0.002022,0.002060,0.002022,0.002098,0.002136,0.002060,0.002060,0.002022,0.002022,0.001984,0.002060,0.001984,0.001945,0.002060,0.002022,0.002022,0.001984,0.001984,0.001984,0.001984,0.002022,0.002022,0.001984,0.002022,0.002022,0.002060,0.001984,0.001984,0.002022,0.001984,0.002022,0.002022,0.002022,0.002022,0.002060,0.002060,0.002060,0.002060,0.002060,0.002098,0.002060,0.002060,0.002136,0.002060,0.002098,0.002098,0.002098,0.002060,0.002098,0.002136,0.002098,0.002136,0.002060,0.002098,0.002098,0.002060,0.002060,0.002136,0.002136,0.002022,0.002098,0.002098,0.002098,0.002098,0.002060,0.002098,0.002060,0.002022,0.002060,0.002060,0.002060,0.002022,0.002060,0.002060,0.001984,0.002060,0.001984,0.002060,0.002022,0.001984,0.001984,0.001945,0.002022,0.001984,0.001984,0.001984,0.001945,0.001984,0.001869,0.001869,0.001907,0.001945,0.001984,0.001945,0.001945,0.001945,0.001945,0.001945,0.001945,0.001984,0.001945,0.001945,0.001869,0.001907,0.001907,0.001945,0.001945,0.001945,0.001984,0.001984,0.001945,0.001984,0.001907,0.001907,0.001945,0.001945,0.001984,0.001945,0.001984,0.001945,0.001984,0.001984,0.001984,0.001984,0.001984,0.001984,0.001984,0.001984,0.001945,0.002022,0.002022,0.001945,0.001984,0.001984,0.001984,0.001984,0.001984,0.002022,0.001984,0.002022,0.002022,0.002022,0.002022,0.002022,0.001984,0.001984,0.001984,0.001984,0.001945,0.001984,0.001945,0.002022,0.001984,0.002022,0.001984,0.001984,0.001984,0.001945,0.002022,0.001984,0.002022,0.002022,0.001984,0.002022,0.002022,0.002098,0.002098,0.002136,0.002136,0.002098,0.002136,0.002098,0.002098,0.002136,0.002098,0.002136,0.002174,0.002136,0.002213,0.002174,0.002174,0.002174,0.002213,0.002213,0.002174,0.002251,0.002213,0.002251,0.002174,0.002251,0.002174,0.002251,0.002251,0.002213,0.002251,0.002174,0.002213,0.002213,0.002251,0.002174,0.002136,0.002174,0.002136,0.002136,0.002136,0.002098,0.002174,0.002060,0.002060,0.002022,0.002060,0.002022,0.001984,0.002022,0.001984,0.002022,0.002022,0.002022,0.001984,0.001984,0.001984,0.001945,0.002022,0.001984,0.001984,0.002022,0.002022,0.001984,0.001945,0.001984,0.001984,0.002022,0.002060,0.001984,0.002022,0.002022,0.002022,0.002022,0.002060,0.002022,0.001984,0.002022,0.002022,0.001984,0.002022,0.001984,0.002060,0.002022,0.002060,0.002098,0.002098,0.002098,0.002136,0.002098,0.002098,0.002098,0.002136,0.002098,0.002098,0.002060,0.002098,0.002136,0.002174,0.002213,0.002136,0.002251,0.002174,0.002213,0.002174,0.002136,0.002174,0.002213,0.002213,0.002136,0.002174,0.002213,0.002174,0.002136,0.002098,0.002136,0.002136,0.002060,0.002060,0.002060,0.002060,0.002022,0.001984,0.002022,0.001984,0.001984,0.001984,0.002022,0.001945,0.001984,0.001984,0.001984,0.001945,0.001907,0.001945,0.001945,0.001945,0.001945,0.001907,0.001907,0.001907,0.001945,0.001907,0.001945,0.001984,0.001907,0.001945,0.001984,0.001945,0.001945,0.001984,0.001984,0.001907,0.001945,0.001907,0.001945,0.002022,0.001984,0.001984,0.002022,0.002022,0.002060,0.002022,0.002136,0.002098,0.002136,0.002098,0.002098,0.002174,0.002136,0.002098,0.002136,0.002174,0.002136,0.002136,0.002136,0.002098,0.002098,0.002060,0.002060,0.002060,0.002060,0.002060,0.002022,0.002022,0.001945,0.001945,0.001984,0.001945,0.001945,0.001945,0.001907,0.001869,0.001793,0.001831,0.001831,0.001869,0.001831,0.001831,0.001831,0.001907,0.001907,0.001907,0.001907,0.001907,0.001945,0.001984,0.002022,0.002060,0.002060,0.002060,0.002098,0.002098,0.002022,0.002098,0.002098,0.002098,0.002174,0.002213,0.002213,0.002213,0.002174,0.002213,0.002213,0.002174,0.002174,0.002213,0.002213,0.002174,0.002213,0.002213,0.002251,0.002251,0.002213,0.002213,0.002174,0.002174,0.002213,0.002174,0.002213,0.002174,0.002213,0.002174,0.002174,0.002098,0.002136,0.002174,0.002213,0.002174,0.002174,0.002213,0.002213,0.002174,0.002213,0.002174,0.002213,0.002174,0.002213,0.002213,0.002213,0.002289,0.002213,0.002174,0.002174,0.002174,0.002136,0.002174,0.002174,0.002136,0.002098,0.002174,0.002174,0.002174,0.002174,0.002251,0.002213,0.002174,0.002213,0.002174,0.002213,0.002213,0.002174,0.002174,0.002174,0.002213,0.002213,0.002213,0.002174,0.002136,0.002174,0.002213,0.002251,0.002174,0.002213,0.002136,0.002136,0.002098,0.002136,0.002136,0.002098,0.002136,0.002174,0.002098,0.002098,0.002060,0.002098,0.002098,0.002098,0.002022,0.002136,0.002098,0.002022,0.002060,0.002060,0.002060,0.002060,0.002098,0.002022,0.002022,0.001984,0.001984,0.001984,0.001984,0.001945,0.001984,0.001984,0.001945,0.001907,0.001945,0.001945,0.001869,0.001907,0.001869,0.001869,0.001869,0.001869,0.001869,0.001831,0.001869,0.001831,0.001831,0.001793,0.001793,0.001831,0.001755,0.001793,0.001831,0.001831,0.001831,0.001793,0.001793,0.001869,0.001869,0.001869,0.001869,0.001907,0.001907,0.001907,0.001907,0.001945,0.001945,0.001907,0.001984,0.001984,0.002022,0.001984,0.002022,0.001945,0.001984,0.002022,0.001984,0.001945,0.001984,0.001984,0.002022,0.002022,0.002022,0.001984,0.002022,0.001945,0.002022,0.002098,0.002022,0.002060,0.002060,0.002136,0.002098,0.002136,0.002136,0.002098,0.002136,0.002174,0.002136,0.002136,0.002174,0.002213,0.002136,0.002136,0.002213,0.002136,0.002136,0.002136,0.002174,0.002136,0.002098,0.002098,0.002022,0.002098,0.002060,0.002098,0.002060,0.002060,0.002060,0.002022,0.002022,0.001945,0.001945,0.001984,0.001945,0.001945,0.001945,0.001984,0.001907,0.001907,0.001907,0.001869,0.001869,0.001907,0.001907,0.001869,0.001869,0.001869,0.001907,0.001907,0.001869,0.001945,0.001907,0.001907,0.001945,0.001869,0.001907,0.001945,0.001945,0.001907,0.001869,0.001831,0.001869,0.001907,0.001869,0.001869,0.001869,0.001869,0.001831,0.001831,0.001907,0.001869,0.001869,0.001869,0.001907,0.001869,0.001945,0.001907,0.001831,0.001945,0.001984,0.001984,0.001945,0.001984,0.002022,0.001984,0.001984,0.002022,0.001984,0.002060,0.002060,0.002060,0.002098,0.002098,0.002060,0.002098,0.002098,0.002022,0.002098,0.002022,0.002098,0.002022,0.002060,0.002098,0.002022,0.001984,0.002060,0.002098,0.002098,0.002098,0.002022,0.002060,0.002022,0.002060,0.002060,0.002060,0.002060,0.002098,0.002060,0.002098,0.002022,0.002060,0.002022,0.002060,0.002060,0.002060,0.002098,0.002060,0.002022,0.002060,0.002060,0.002060,0.002022,0.002022,0.002022,0.002022,0.002022,0.002022,0.002022,0.002022,0.001945,0.001984,0.001984,0.001984,0.001907,0.001945,0.001945,0.001984,0.001945,0.001945,0.001984,0.001869,0.001907,0.001907,0.001869,0.001945,0.001907,0.001945,0.001869,0.001907,0.001907,0.001907,0.001945,0.001945,0.001945,0.001869,0.001907,0.001945,0.001907,0.001907,0.001869,0.001907,0.001945,0.001945,0.001984,0.001984,0.002060,0.001945,0.002022
13,19:00:00.000,12/31/1903,0.000000,0.100000,UNKNOWN,1,0/0,0.000000,0.000000,0.000000,0.000000,0.000000,0.000000,0.000000,0.000000,0,0,0,0,0.002213,0.002174,0.002213,0.002136,0.002174,0.002174,0.002174,0.002213,0.002136,0.002213,0.002174,0.002174,0.002136,0.002136,0.002174,0.002136,0.002174,0.002213,0.002098,0.002174,0.002136,0.002136,0.002174,0.002174,0.002174,0.002136,0.002136,0.002098,0.002136,0.002136,0.002098,0.002098,0.002060,0.002136,0.002136,0.002060,0.002174,0.002136,0.002098,0.002174,0.002060,0.002098,0.002060,0.002098,0.002060,0.002060,0.002098,0.002060,0.002098,0.002060,0.002022,0.002060,0.002060,0.002060,0.002060,0.002098,0.002098,0.002136,0.002060,0.002022,0.002022,0.002022,0.002022,0.002022,0.001984,0.001945,0.001984,0.002022,0.002022,0.001984,0.001984,0.001945,0.002022,0.002022,0.001945,0.002022,0.002022,0.002060,0.002060,0.001984,0.002060,0.001984,0.002060,0.002022,0.001945,0.001984,0.001984,0.001984,0.001984,0.001984,0.001984,0.001984,0.001984,0.002022,0.002022,0.002022,0.001984,0.001984,0.002022,0.002022,0.002022,0.002022,0.002098,0.001984,0.001984,0.001984,0.002022,0.002098,0.002022,0.002060,0.002022,0.001984,0.002060,0.002022,0.002098,0.002022,0.002060,0.002060,0.002060,0.002060,0.002060,0.002098,0.002098,0.002060,0.002060,0.002022,0.002060,0.002060,0.002060,0.002098,0.002022,0.002060,0.002098,0.002060,0.002022,0.002060,0.002060,0.002098,0.002060,0.002060,0.002022,0.002060,0.002022,0.002060,0.002098,0.002060,0.002060,0.002060,0.002022,0.002136,0.002060,0.002060,0.002060,0.002136,0.002060,0.002060,0.002060,0.002098,0.002136,0.002098,0.002136,0.002098,0.002060,0.002060,0.002098,0.002174,0.002098,0.002136,0.002136,0.002136,0.002136,0.002136,0.002098,0.002174,0.002098,0.002136,0.002136,0.002213,0.002174,0.002136,0.002136,0.002174,0.002136,0.002136,0.002098,0.002136,0.002136,0.002098,0.002136,0.002136,0.002136,0.002136,0.002098,0.002060,0.002060,0.002136,0.002098,0.002098,0.002136,0.002098,0.002136,0.002098,0.002098,0.002060,0.002098,0.002098,0.002136,0.002098,0.002060,0.002098,0.002098,0.002098,0.002174,0.002136,0.002060,0.002098,0.002060,0.002098,0.002098,0.002174,0.002098,0.002098,0.002098,0.002136,0.002136,0.002136,0.002136,0.002251,0.002136,0.002136,0.002136,0.002098,0.002136,0.002136,0.002174,0.002098,0.002136,0.002136,0.002136,0.002174,0.002136,0.002174,0.002213,0.002174,0.002174,0.002136,0.002136,0.002174,0.002136,0.002174,0.002060,0.002098,0.002098,0.002136,0.002136,0.002136,0.002174,0.002136,0.002174,0.002098,0.002136,0.002136,0.002098,0.002136,0.002174,0.002098,0.002136,0.002136,0.002136,0.002098,0.002098,0.002098,0.002060,0.002136,0.002060,0.002098,0.002098,0.002060,0.002098,0.002098,0.002060,0.002060,0.002098,0.002098,0.002060,0.002022,0.002060,0.002060,0.002060,0.002022,0.002022,0.002098,0.002098,0.002098,0.002022,0.002060,0.002022,0.001984,0.002022,0.002022,0.002022,0.002098,0.002022,0.001984,0.001984,0.001984,0.001984,0.002022,0.002022,0.002022,0.002022,0.001984,0.002060,0.002022,0.002022,0.002060,0.002060,0.002060,0.002060,0.002022,0.002060,0.002060,0.002098,0.002060,0.002060,0.002060,0.002060,0.002060,0.002060,0.002060,0.002060,0.002022,0.002060,0.002060,0.002060,0.001984,0.002060,0.002060,0.002060,0.002060,0.002022,0.002022,0.002022,0.002060,0.002098,0.001984,0.002022,0.002060,0.002060,0.002098,0.002098,0.002022,0.002022,0.002022,0.002098,0.002060,0.002060,0.002060,0.002060,0.002022,0.002022,0.002098,0.002060,0.002022,0.002022,0.002022,0.002098,0.002022,0.002022,0.002022,0.001984,0.002060,0.002060,0.002022,0.002060,0.002060,0.002098,0.002022,0.002098,0.002060,0.002022,0.002022,0.002060,0.002060,0.002022,0.002136,0.002098,0.002098,0.002098,0.002098,0.002098,0.002098,0.002022,0.002060,0.002098,0.002136,0.002060,0.002060,0.002098,0.002098,0.002098,0.002098,0.002098,0.002098,0.002060,0.002136,0.002060,0.002060,0.002098,0.002136,0.002136,0.002098,0.002098,0.002136,0.002136,0.002098,0.002098,0.002174,0.002098,0.002136,0.002098,0.002136,0.002098,0.002136,0.002174,0.002213,0.002174,0.002136,0.002136,0.002174,0.002174,0.002174,0.002136,0.002251,0.002213,0.002136,0.002174,0.002136,0.002136,0.002174,0.002098,0.002136,0.002136,0.002136,0.002136,0.002098,0.002136,0.002136,0.002136,0.002174,0.002136,0.002060,0.002098,0.002060,0.002136,0.002060,0.002060,0.002060,0.002060,0.002022,0.002022,0.002022,0.002060,0.002060,0.002098,0.002060,0.002060,0.002022,0.002060,0.002022,0.002060,0.002060,0.002022,0.002060,0.002060,0.001945,0.001984,0.001907,0.001945,0.001984,0.001945,0.001907,0.001945,0.001984,0.001984,0.002022,0.001945,0.001984,0.001984,0.001984,0.001984,0.001984,0.001984,0.002022,0.002022,0.001984,0.001984,0.001945,0.001945,0.001945,0.001984,0.001945,0.002022,0.002022,0.002022,0.002022,0.001945,0.002022,0.001984,0.001984,0.001984,0.001984,0.001984,0.002022,0.001984,0.001945,0.002022,0.002022,0.002022,0.002022,0.002060,0.001945,0.001984,0.001945,0.001907,0.001984,0.001984,0.001984,0.001984,0.002022,0.002022,0.002022,0.002022,0.001984,0.002022,0.002136,0.002060,0.001984,0.001984,0.002022,0.001984,0.002022,0.002022,0.002022,0.002022,0.002022,0.002060,0.002098,0.002022,0.002098,0.002098,0.002098,0.002098,0.002060,0.002098,0.002060,0.002060,0.002060,0.002060,0.002022,0.002060,0.002098,0.002136,0.002136,0.002098,0.002136,0.002136,0.002098,0.002098,0.002098,0.002136,0.002136,0.002098,0.002136,0.002136,0.002136,0.002136,0.002098,0.002174,0.002136,0.002174,0.002174,0.002251,0.002174,0.002098,0.002098,0.002098,0.002098,0.002098,0.002098,0.002136,0.002136,0.002136,0.002136,0.002098,0.002098,0.002098,0.002060,0.002098,0.002136,0.002136,0.002060,0.002098,0.002098,0.002060,0.002022,0.001984,0.002022,0.002060,0.002022,0.002022,0.002022,0.002060,0.002098,0.002022,0.002022,0.002098,0.002060,0.002060,0.001984,0.002022,0.002060,0.002022,0.001984,0.002060,0.002022,0.002060,0.002022,0.002022,0.002060,0.002022,0.002060,0.002060,0.002022,0.002060,0.002060,0.002060,0.001984,0.002022,0.002022,0.002060,0.002022,0.002022,0.002098,0.002022,0.002022,0.002060,0.002060,0.002022,0.002022,0.002098,0.002098,0.001984,0.002022,0.002022,0.001984,0.002060,0.002022,0.002060,0.002022,0.002022,0.002022,0.001984,0.001984,0.002060,0.002022,0.002022,0.002060,0.002022,0.002022,0.002022,0.002060,0.002136,0.002022,0.002022,0.002060,0.002022,0.002022,0.002022,0.002060,0.002060,0.002022,0.002022,0.002022,0.002022,0.001984,0.002022,0.001984,0.001984,0.001945,0.001945,0.001984,0.001984,0.001945,0.001945,0.001907,0.001907,0.001945,0.001907,0.001869,0.001831,0.001869,0.001869,0.001793,0.001793,0.001793,0.001755,0.001717,0.001717,0.001678,0.001640,0.001640,0.001602,0.001526,0.001564,0.001564,0.001564,0.001526,0.001488,0.001450,0.001488,0.001450,0.001488,0.001450,0.001488,0.001564,0.001526,0.001640,0.001755,0.001907,0.002022,0.002136,0.002365,0.002556,0.002823,0.003128,0.003357,0.003624,0.003929,0.004272,0.004616,0.004959,0.005379,0.005646,0.006065,0.006447,0.006676,0.007019,0.007248,0.007362,0.007515,0.007477,0.007477,0.007324,0.007095,0.006714,0.006332,0.005836,0.005302,0.004807,0.004234,0.003700,0.003090,0.002480,0.001869,0.001259,0.000687,0.000076,-0.000458,-0.001106,-0.001717,-0.002365,-0.002899,-0.003510,-0.004005,-0.004425,-0.004807,-0.005112,-0.005341,-0.005417,-0.005341,-0.005226,-0.004959,-0.004692,-0.004311,-0.003853,-0.003357,-0.002899,-0.002365,-0.001869,-0.001297,-0.000801,-0.000381,0.000000,0.000458,0.000839,0.001106,0.001373,0.001678,0.001869,0.002022,0.002174,0.002213,0.002365,0.002441,0.002518,0.002556,0.002632,0.002747,0.002785,0.002899,0.003014,0.003014,0.003014,0.003128,0.003204,0.003166,0.003281,0.003395,0.003433,0.003548,0.003624,0.003700,0.003815,0.003929,0.004082,0.004234,0.004311,0.004387,0.004501,0.004578,0.004654,0.004654,0.004692,0.004768,0.004692,0.004654,0.004654,0.004654,0.004463,0.004425,0.004349,0.004272,0.004120,0.004005,0.003891,0.003853,0.003662,0.003510,0.003433,0.003319,0.003166,0.003052,0.002899,0.002823,0.002708,0.002556,0.002480,0.002403,0.002327,0.002251,0.002174,0.002174,0.002060,0.001984,0.002022,0.001984,0.001907,0.001907,0.001869,0.001755,0.001717,0.001755,0.001755,0.001831,0.001831,0.001793,0.001793,0.001831,0.001945,0.001945,0.002022,0.002022,0.002022,0.002022,0.002060,0.001984,0.002022,0.001984,0.001984,0.001869,0.001945,0.001869,0.001869,0.001869,0.001793,0.001717,0.001755,0.001793,0.001793,0.001717,0.001717,0.001717,0.001717,0.001678,0.001602,0.001602,0.001488,0.001564,0.001450,0.001450,0.001450,0.001411,0.001411,0.001450,0.001450,0.001526,0.001564,0.001678,0.001678,0.001717,0.001793,0.001793,0.001869,0.001907,0.001869,0.001907,0.001907,0.001869,0.001831,0.001907,0.001831,0.001831,0.001793,0.001793,0.001869,0.001831,0.001869,0.001907,0.001869,0.001945,0.002022,0.001984,0.002022,0.001945,0.001984,0.001984,0.001907,0.001907,0.001907,0.001907,0.001907,0.001831,0.001831,0.001831,0.001831,0.001831,0.001869,0.001907,0.001869,0.001945,0.001945,0.001984,0.002136,0.002213,0.002251,0.002289,0.002403,0.002441,0.002480,0.002556,0.002518,0.002632,0.002594,0.002556,0.002556,0.002480,0.002480,0.002441,0.002403,0.002289,0.002174,0.002060,0.001984,0.001984,0.001907,0.001869,0.001907,0.001907,0.001831,0.001831,0.001793,0.001907,0.001831,0.001831,0.001869,0.001869,0.001869,0.001869,0.001831,0.001793,0.001793,0.001793,0.001678,0.001678,0.001602,0.001602,0.001488,0.001488,0.001526,0.001411,0.001450,0.001411,0.001373,0.001450,0.001373,0.001335,0.001411,0.001373,0.001335,0.001335,0.001411,0.001488,0.001450,0.001488,0.001488,0.001488,0.001564,0.001602,0.001717,0.001755,0.001869,0.001869,0.001984,0.002060,0.002136,0.002213,0.002251,0.002365,0.002441,0.002480,0.002556,0.002632,0.002632,0.002708,0.002747,0.002785,0.002785,0.002785,0.002861,0.002785,0.002785,0.002785,0.002747,0.002708,0.002708,0.002670,0.002632,0.002670,0.002632,0.002632,0.002632,0.002594,0.002670,0.002594,0.002556,0.002556,0.002556,0.002556,0.002480,0.002518,0.002441,0.002403,0.002403,0.002327,0.002365,0.002289,0.002251,0.002213,0.002174,0.002213,0.002136,0.002098,0.002136,0.002174,0.002174,0.002098,0.002174,0.002136,0.002136,0.002136,0.002098,0.002098,0.002136,0.002136,0.002136,0.002098,0.002098,0.002098,0.002136,0.002174,0.002060,0.002098,0.002098,0.002098,0.002213,0.002136,0.002213,0.002213,0.002251,0.002327,0.002365,0.002403,0.002403,0.002441,0.002480,0.002594,0.002594,0.002670,0.002670,0.002632,0.002632,0.002594,0.002556,0.002518,0.002403,0.002327,0.002289,0.002251,0.002213,0.002098,0.002022,0.001984,0.001945,0.001907,0.001793,0.001793,0.001793,0.001755,0.001678,0.001678,0.001717,0.001755,0.001717,0.001793,0.001831,0.001869,0.001831,0.001907,0.001945,0.001984,0.002098,0.002060,0.002098,0.002174,0.002136,0.002174,0.002136,0.002098,0.002174,0.002136,0.002098,0.002098,0.002022,0.001984,0.001984,0.002022,0.001945,0.001907,0.001831,0.001831,0.001831,0.001831,0.001793,0.001717,0.001755,0.001717,0.001564,0.001602,0.001640,0.001602,0.001602,0.001602,0.001526,0.001564,0.001526,0.001526,0.001526,0.001526,0.001602,0.001717,0.001717,0.001717,0.001793,0.001793,0.001755,0.001869,0.001907,0.001945,0.001907,0.001907,0.001984,0.001945,0.001984,0.002022,0.002060,0.002022,0.002098,0.002098,0.002136,0.002174,0.002213,0.002174,0.002174,0.002136,0.002213,0.002136,0.002213,0.002174,0.002174,0.002213,0.002251,0.002174,0.002213,0.002213,0.002251,0.002213,0.002251,0.002213,0.002251,0.002213,0.002213,0.002213,0.002060,0.002136,0.002098,0.002136,0.002136,0.002098,0.002098,0.002174,0.002213,0.002213,0.002136,0.002136,0.002174,0.002213,0.002213,0.002213,0.002213,0.002136,0.002136,0.002174,0.002136,0.002136,0.002174,0.002136,0.002136,0.002022,0.002060,0.002022,0.001984,0.001945,0.001869,0.001907,0.001869,0.001793,0.001793,0.001755,0.001755,0.001755,0.001831,0.001717,0.001678,0.001717,0.001717,0.001678,0.001640,0.001640,0.001717,0.001678,0.001678,0.001717,0.001717,0.001755,0.001717,0.001755,0.001755,0.001755,0.001907,0.001907,0.001945,0.001945,0.001984,0.002060,0.002060,0.002213,0.002213,0.002289,0.002213,0.002251,0.002365,0.002365,0.002403,0.002441,0.002441,0.002480,0.002441,0.002441,0.002441,0.002441,0.002518,0.002441,0.002441,0.002480,0.002518,0.002518,0.002518,0.002556,0.002518,0.002518,0.002556,0.002518,0.002556,0.002518,0.002556,0.002518,0.002441,0.002403,0.002403,0.002365,0.002327,0.002251,0.002289,0.002251,0.002251,0.002213,0.002174,0.002136,0.002022,0.002022,0.001984,0.001984,0.001945,0.001984,0.001984,0.001907,0.001945,0.001945,0.001945,0.001907,0.001984,0.002022,0.002060,0.002098,0.002136,0.002174,0.002251,0.002251,0.002289,0.002289,0.002251,0.002365,0.002327,0.002327,0.002365,0.002327,0.002289,0.002251,0.002251,0.002289,0.002213,0.002213,0.002136,0.002174,0.002174,0.002060,0.002098,0.002022,0.001984,0.001984,0.001907,0.001907,0.001831,0.001945,0.001907,0.001793,0.001869,0.001793,0.001717,0.001793,0.001755,0.001755,0.001755,0.001755,0.001755,0.001755,0.001755,0.001717,0.001755,0.001678,0.001755,0.001793,0.001755,0.001793,0.001755,0.001793,0.001793,0.001793,0.001831,0.001755,0.001717,0.001755,0.001793,0.001831,0.001755,0.001755,0.001717,0.001755,0.001755,0.001717,0.001831,0.001869,0.001869,0.001907,0.001869,0.001945,0.001984,0.002022,0.002060,0.002060,0.002136,0.002136,0.002136,0.002174,0.002213,0.002251,0.002251,0.002251,0.002327,0.002289,0.002327,0.002327,0.002289,0.002251,0.002251,0.002251,0.002251,0.002251,0.002251,0.002213,0.002213,0.002174,0.002213,0.002136,0.002098,0.002098,0.002098,0.002098,0.002098,0.002060,0.002060,0.002022,0.002060,0.002060,0.002098,0.002136,0.002060,0.001984,0.002060,0.002060,0.002060,0.002060,0.002098,0.002060,0.002098,0.002098,0.002060,0.002098,0.002022,0.002060,0.002060,0.002136,0.002136,0.002098,0.002060,0.002098,0.002098,0.002098,0.002098,0.002136,0.002136,0.002174,0.002174,0.002136,0.002174,0.002098,0.002174,0.002213,0.002174,0.002174,0.002174,0.002174,0.002136,0.002098,0.002098,0.002060,0.002136,0.002098,0.002060,0.002060,0.002022,0.002022,0.002060,0.002060,0.002060,0.002022,0.002022,0.002060,0.002022,0.001984,0.002022,0.002060,0.002022,0.002060,0.002022,0.002022,0.002060,0.002022,0.002022,0.002060,0.002098,0.002098,0.002022,0.002098,0.002098,0.002098,0.002098,0.002098,0.002213,0.002136,0.002136,0.002174,0.002136,0.002174,0.002213,0.002213,0.002213,0.002174,0.002136,0.002098,0.002136,0.002136,0.002136,0.002060,0.002022,0.001984,0.001984,0.001945,0.001945,0.001945,0.002022,0.001907,0.001869,0.001907,0.001869,0.001907,0.001869,0.001869,0.001907,0.001869,0.001907,0.001907,0.001869,0.001945,0.001945,0.001984,0.002022,0.002060,0.002022,0.002022,0.002098,0.002098,0.002098,0.002022,0.002098,0.002136,0.002060,0.002098,0.002098,0.002098,0.001984,0.002060,0.002098,0.002060,0.002098,0.001984,0.002022,0.002022,0.001984,0.002022,0.002060,0.002022,0.002022,0.001984,0.002022,0.001984,0.001945,0.001945,0.001945,0.001907,0.001945,0.001907,0.001907,0.001907,0.001907,0.001945,0.001945,0.001945,0.001945,0.001945,0.001945,0.001945,0.001984,0.001984,0.002060,0.001984,0.002060,0.002136,0.002098,0.002136,0.002098,0.002213,0.002213,0.002213,0.002213,0.002213,0.002213,0.002213,0.002289,0.002327,0.002289,0.002289,0.002251,0.002289,0.002327,0.002327,0.002327,0.002289,0.002327,0.002327,0.002251,0.002289,0.002251,0.002251,0.002251,0.002327,0.002289,0.002213,0.002251,0.002213,0.002213,0.002213,0.002136,0.002174,0.002174,0.002174,0.002098,0.002098,0.002098,0.002098,0.002098,0.002060,0.002098,0.002098,0.002022,0.002060,0.002060,0.002022,0.002060,0.001984,0.002060,0.002136,0.002060,0.002098,0.002060,0.002136,0.002174,0.002251,0.002251,0.002213,0.002327,0.002327,0.002365,0.002480,0.002441,0.002480,0.002518,0.002556,0.002594,0.002632,0.002670,0.002594,0.002670,0.002708,0.002708,0.002747,0.002708,0.002708,0.002632,0.002594,0.002632,0.002556,0.002556,0.002518,0.002480,0.002441,0.002365,0.002403,0.002327,0.002327,0.002327,0.002213,0.002213,0.002136,0.002136,0.002022,0.001945,0.001984,0.001869,0.001831,0.001755,0.001602,0.001564,0.001450,0.001373,0.001259,0.001183,0.001106,0.000954,0.000992,0.000916,0.000877,0.000916,0.000877,0.000954,0.000916,0.000954,0.001030,0.001106,0.001183,0.001221,0.001411,0.001488,0.001526,0.001678,0.001755,0.001907,0.001945,0.001984,0.002060,0.002136,0.002213,0.002289,0.002251,0.002251,0.002289,0.002365,0.002365,0.002365,0.002365,0.002327,0.002289,0.002327,0.002289,0.002289,0.002213,0.002213,0.002174,0.002174,0.002136,0.002174,0.002174,0.002136,0.002174,0.002174,0.002174,0.002213,0.002174,0.002289,0.002213,0.002327,0.002441,0.002365,0.002441,0.002441,0.002441,0.002518,0.002518,0.002518,0.002518,0.002556,0.002556,0.002518,0.002480,0.002441,0.002403,0.002365,0.002327,0.002365,0.002327,0.002251,0.002174,0.002136,0.002174,0.002022,0.002098,0.002022,0.002022,0.001984,0.001907,0.001945,0.001984,0.001945,0.001945,0.001907,0.002022,0.001945,0.001984,0.001945,0.001945,0.001984,0.001945,0.001945,0.001984,0.002022,0.002022,0.001984,0.002022,0.001945,0.001945,0.001984,0.001907,0.001984,0.001984,0.001984,0.002022,0.001984,0.002022,0.001984,0.001984,0.002022,0.001945,0.001945,0.001984,0.001984,0.001984,0.001984,0.001984,0.001945,0.002022,0.001984,0.001945,0.001984,0.002022,0.002060,0.002022,0.001984,0.002098,0.002060,0.002022,0.002022,0.002060,0.002136,0.002098,0.002098,0.002174,0.002174,0.002251,0.002213,0.002251,0.002289,0.002365,0.002327,0.002289,0.002365,0.002365,0.002365,0.002403,0.002365,0.002403,0.002327,0.002403,0.002441,0.002327,0.002365,0.002365,0.002365,0.002289,0.002289,0.002289,0.002251,0.002251,0.002213,0.002213,0.002251,0.002174,0.002213,0.002174,0.002136,0.002136,0.002136,0.002174,0.002098,0.002060,0.002098,0.002060,0.002098,0.002060,0.002098,0.002098,0.002022,0.002136,0.002098,0.002174,0.002136,0.002174,0.002174,0.002136,0.002213,0.002213,0.002174,0.002174,0.002213,0.002289,0.002251,0.002289,0.002327,0.002327,0.002365,0.002365,0.002403,0.002365,0.002327,0.002403,0.002403,0.002441,0.002365,0.002327,0.002327,0.002403,0.002365,0.002365,0.002327,0.002289,0.002251,0.002251,0.002174,0.002136,0.002098,0.002098,0.002098,0.001984,0.002022,0.001945,0.001907,0.001984,0.001945,0.001907,0.001907,0.001869,0.001869,0.001907,0.001945,0.001869,0.001831,0.001793,0.001793,0.001793,0.001755,0.001793,0.001793,0.001793,0.001793,0.001755,0.001793,0.001831,0.001831,0.001869,0.001869,0.001755,0.001831,0.001869,0.001869,0.001869,0.001907,0.001869,0.001907,0.001945,0.001945,0.001984,0.001984,0.001984,0.002022,0.001984,0.002098,0.002098,0.002022,0.002098,0.002022,0.002136,0.002136,0.002174,0.002098,0.002098,0.002213,0.002174,0.002174,0.002213,0.002213,0.002213,0.002213,0.002213,0.002174,0.002098,0.002174,0.002098,0.002174,0.002174,0.002098,0.002174,0.002060,0.002098,0.002098,0.002098,0.002136,0.002060,0.002136,0.002098,0.002136,0.002174,0.002136,0.002174,0.002098,0.002136,0.002213,0.002136,0.002213,0.002174,0.002213,0.002174,0.002136,0.002174,0.002098,0.002174,0.002136,0.002060,0.002098,0.001984,0.002060,0.002022,0.002060,0.002022,0.001869,0.001984,0.001945,0.001907,0.001869,0.001831,0.001907,0.001831,0.001869,0.001831,0.001793,0.001907,0.001869,0.001907,0.001907,0.001869,0.001869,0.001831,0.001945,0.001945,0.001945,0.001984,0.002022,0.002060,0.002022,0.002022,0.002060,0.002060,0.002060,0.002060,0.002098,0.002136,0.002098,0.002098,0.002060,0.002060,0.002098,0.002022,0.002060,0.001984,0.002060,0.001984,0.001984,0.002022,0.001984,0.002022,0.002022,0.002022,0.002060,0.002022,0.002098,0.001984,0.002022,0.002098,0.002098,0.002098,0.002136,0.002136,0.002174,0.002136,0.002213,0.002213,0.002213,0.002213,0.002251,0.002251,0.002213,0.002289,0.002251,0.002213,0.002289,0.002251,0.002289,0.002289,0.002251,0.002213,0.002174,0.002213,0.002174,0.002213,0.002213,0.002136,0.002213,0.002136,0.002136,0.002098,0.002098,0.002136,0.002098,0.002098,0.002098,0.002060,0.002060,0.002060,0.002060,0.002060,0.002060,0.002098,0.002060,0.002098,0.002136,0.002022,0.002098,0.002098,0.002136,0.002174,0.002174,0.002174,0.002174,0.002213,0.002251,0.002289,0.002251,0.002213,0.002327,0.002251,0.002289,0.002289,0.002251,0.002289,0.002251,0.002251,0.002289,0.002213,0.002251,0.002213,0.002251,0.002213,0.002174,0.002213,0.002174,0.002174,0.002098,0.002060,0.002098,0.002060,0.002060,0.002022,0.002022,0.001984,0.001907,0.001984,0.001945,0.001907,0.001907,0.001907,0.001907,0.001793,0.001831,0.001755,0.001678,0.001678,0.001640,0.001678,0.001678,0.001717,0.001717,0.001678,0.001678,0.001678,0.001640,0.001640,0.001640,0.001678,0.001678,0.001678,0.001717,0.001717,0.001755,0.001717,0.001678,0.001678,0.001755,0.001793,0.001678,0.001717,0.001755,0.001717,0.001793,0.001793,0.001755,0.001717,0.001831,0.001831,0.001793,0.001907,0.001869,0.001907,0.001945,0.001907,0.001984,0.001984,0.002022,0.002060,0.002060,0.002136,0.002098,0.002136,0.002174,0.002174,0.002251,0.002213,0.002251,0.002251,0.002251,0.002327,0.002327,0.002365,0.002365,0.002365,0.002403,0.002365,0.002365,0.002403,0.002365,0.002365,0.002365,0.002327,0.002289,0.002327,0.002327,0.002289,0.002251,0.002251,0.002289,0.002251,0.002213,0.002289,0.002213,0.002213,0.002136,0.002136,0.002174,0.002098,0.002136,0.002098,0.002060,0.002136,0.002098,0.002060,0.002022,0.001984,0.002060,0.002022,0.002022,0.001945,0.002022,0.002060,0.002022,0.002060,0.002022,0.002022,0.002022,0.002022,0.002060,0.001945,0.001984,0.001945,0.001945,0.002022,0.001984,0.001984,0.001945,0.001907,0.001984,0.001945,0.001984,0.001907,0.001907,0.001907,0.001907,0.001945,0.001945,0.001945,0.001945,0.001984,0.001984,0.001907,0.002022,0.001984,0.001907,0.001984,0.001945,0.001984,0.001984,0.001984,0.002060,0.002022,0.002022,0.002022,0.002022,0.002098,0.002136,0.002136,0.002098,0.002098,0.002136,0.002098,0.002098,0.002098,0.002060,0.002060,0.002060,0.002098,0.002060,0.002136,0.002060,0.002060,0.002060,0.002098,0.002060,0.002136,0.002060,0.002098,0.002022,0.002174,0.002136,0.002136,0.002098,0.002060,0.002136,0.002136,0.002174,0.002174,0.002098,0.002174,0.002213,0.002213,0.002174,0.002136,0.002174,0.002174,0.002213,0.002251,0.002174,0.002174,0.002098,0.002136,0.002174,0.002174,0.002174,0.002136,0.002174,0.002136,0.002136,0.002098,0.002060,0.002136,0.002098,0.002098,0.002174,0.002136,0.002136,0.002174,0.002136,0.002136,0.002136,0.002174,0.002098,0.002136,0.002174,0.002098,0.002136,0.002136,0.002136,0.002136,0.002136,0.002098,0.002098,0.002098,0.002098,0.002060,0.002098,0.002022,0.002022,0.001984,0.001984,0.001984,0.001907,0.001984,0.001945,0.001984,0.001945,0.001945,0.001907,0.001945,0.001907,0.001869,0.001869,0.001907,0.001907,0.001945,0.001907,0.001869,0.001945,0.001869,0.001907,0.001907,0.001869,0.001907,0.001907,0.001869,0.001831,0.001907,0.001945,0.001869,0.001907,0.001907,0.001907,0.001984,0.001869,0.001945,0.001907,0.001945,0.002022,0.002022,0.002022,0.001984,0.002060,0.002098,0.001984,0.002060,0.002060,0.002098,0.002098,0.002098,0.002174,0.002098,0.002136,0.002136,0.002136,0.002174,0.002098,0.002174,0.002174,0.002174,0.002174,0.002174,0.002213,0.002213,0.002174,0.002174,0.002174,0.002251,0.002174,0.002174,0.002136,0.002098,0.002213,0.002136,0.002174,0.002098,0.002136,0.002174,0.002098,0.002174,0.002136,0.002098,0.002136,0.002060,0.002136,0.002136,0.002136,0.002136,0.002098,0.002136,0.002136,0.002136,0.002174,0.002174,0.002213,0.002174,0.002174,0.002213,0.002174,0.002174,0.002174,0.002213,0.002174,0.002213,0.002174,0.002174,0.002213,0.002136,0.002174,0.002174,0.002136,0.002136,0.002174,0.002213,0.002174,0.002136,0.002136,0.002098,0.002136,0.002098,0.002098,0.002136,0.002098,0.002136,0.002174,0.002060,0.002098,0.002098,0.002136,0.002136,0.002098,0.002098,0.002098,0.002098,0.002098,0.002098,0.002136,0.002098,0.002174,0.002098,0.002098,0.002098,0.002098,0.002060,0.002060,0.002098,0.002136,0.002136,0.002136,0.002098,0.002136,0.002098,0.002136,0.002136,0.002136,0.002136,0.002136,0.002136,0.002174,0.002213,0.002251,0.002136,0.002136,0.002174,0.002174,0.002213,0.002174,0.002136,0.002174,0.002174,0.002174,0.002136,0.002136,0.002136,0.002098,0.002098,0.002098,0.002098,0.002060,0.002098,0.002098,0.002060,0.002098,0.002060,0.002060,0.002060,0.002022,0.002060,0.002022,0.002022,0.002022,0.001984,0.002022,0.001984,0.002022,0.002022,0.002060,0.002022,0.002022,0.002098,0.002136,0.002098,0.002098,0.002098,0.002174,0.002136,0.002174,0.002251,0.002136,0.002251,0.002251,0.002251,0.002251,0.002289,0.002365,0.002327,0.002403,0.002403,0.002441,0.002480,0.002441,0.002441,0.002403,0.002441,0.002480,0.002327,0.002441,0.002327,0.002327,0.002327,0.002213,0.002289,0.002213,0.002174,0.002098,0.002098,0.002022,0.001945,0.001945,0.001945,0.001945,0.001907,0.001831,0.001869,0.001831,0.001831,0.001793,0.001755,0.001793,0.001793,0.001831,0.001869,0.001831,0.001869,0.001869,0.001907,0.001907,0.001945,0.001984,0.002022,0.001984,0.002022,0.001984,0.002060,0.002022,0.002022,0.002098,0.002098,0.002098,0.002022,0.002022,0.002060,0.002022,0.002022,0.001945,0.001945,0.001945,0.002022,0.001945,0.001945,0.001907,0.001984,0.001984,0.001984,0.001984,0.002022,0.002022,0.002022,0.002060,0.002060,0.002060,0.002098,0.002136,0.002136,0.002174,0.002174,0.002213,0.002213,0.002213,0.002213,0.002289,0.002251,0.002289,0.002213,0.002251,0.002327,0.002289,0.002327,0.002289,0.002327,0.002327,0.002251,0.002327,0.002289,0.002289,0.002289,0.002213,0.002251,0.002251,0.002251,0.002251,0.002251,0.002174,0.002213,0.002289,0.002251,0.002289,0.002289,0.002327,0.002289,0.002251,0.002251,0.002365,0.002289,0.002289,0.002289,0.002289,0.002289,0.002213,0.002213,0.002213,0.002174,0.002174,0.002136,0.002098,0.002060,0.002060,0.002022,0.001984,0.001945,0.001945,0.001984,0.001945,0.001907,0.001869,0.001831,0.001907,0.001869,0.001831,0.001755,0.001717,0.001831,0.001755,0.001793,0.001793,0.001831,0.001793,0.001793,0.001831,0.001831,0.001755,0.001793,0.001831,0.001831,0.001831,0.001869,0.001869,0.001831,0.001907,0.001945,0.001945,0.001945,0.001984,0.001907,0.001984,0.002060,0.001984,0.002022,0.002098,0.002022,0.002060,0.002060,0.002098,0.002098,0.002060,0.002060,0.002174,0.002098,0.002136,0.002136,0.002098,0.002098,0.002098,0.002060,0.002060,0.002060,0.002136,0.002098,0.002098,0.002060,0.002060,0.002098,0.002098,0.002060,0.002098,0.002136,0.002098,0.002098,0.002136,0.002136,0.002136,0.002136,0.002136,0.002136,0.002136,0.002174,0.002213,0.002174,0.002136,0.002136,0.002213,0.002213,0.002174,0.002174,0.002213,0.002251,0.002213,0.002213,0.002213,0.002213,0.002213,0.002174,0.002289,0.002174,0.002251,0.002213,0.002136,0.002213,0.002213,0.002136,0.002213,0.002136,0.002136,0.002098,0.002136,0.002098,0.002136,0.002060,0.002022,0.001984,0.001945,0.002022,0.002022,0.001945,0.001984,0.001984,0.001984,0.002022,0.002060,0.002022,0.002022,0.002060,0.002060,0.002098,0.002136,0.002136,0.002136,0.002098,0.002098,0.002098,0.002136,0.002098,0.002098,0.002060,0.002098,0.002022,0.002060,0.001984,0.001984,0.001984,0.001945,0.001945,0.001907,0.001907,0.001907,0.001869,0.001869,0.001869,0.001869,0.001907,0.001869,0.001869,0.001907,0.001907,0.001869,0.001869,0.001945,0.001984,0.001984,0.001984,0.001984,0.002060,0.002060,0.002060,0.002136,0.002098,0.002098,0.002136,0.002174,0.002174,0.002174,0.002174,0.002136,0.002136,0.002098,0.002098,0.002098,0.002136,0.002098,0.002098,0.002136,0.002060,0.002022,0.002060,0.002022,0.002022,0.002022,0.002022,0.001984,0.001984,0.002060,0.001945,0.001945,0.001984,0.002022,0.002022,0.001945,0.002060,0.002022,0.002022,0.002022,0.002022,0.002098,0.002098,0.002060,0.002098,0.002136,0.002098,0.002136,0.002174,0.002174,0.002213,0.002251,0.002174,0.002213,0.002251,0.002174,0.002213,0.002251,0.002289,0.002289,0.002327,0.002289,0.002251,0.002327,0.002289,0.002251,0.002289,0.002251,0.002251,0.002251,0.002251,0.002251,0.002213,0.002174,0.002136,0.002136,0.002136,0.002060,0.002098,0.002098,0.002022,0.002060,0.002060,0.002060,0.002098,0.002098,0.002022,0.002022,0.002022,0.002022,0.002060,0.002022,0.002060,0.002022,0.001945,0.002060,0.002022,0.001945,0.002022,0.001945,0.002022,0.002022,0.001984,0.001945,0.001945,0.001945,0.001907,0.001907,0.001869,0.001869,0.001907,0.001869,0.001869,0.001831,0.001831,0.001755,0.001831,0.001793,0.001793,0.001755,0.001793,0.001793,0.001755,0.001755,0.001793,0.001869,0.001869,0.001869,0.001869,0.001907,0.001869,0.001869,0.001907,0.001907,0.001907,0.001945,0.001945,0.001945,0.001907,0.001945,0.001945,0.001984,0.001945,0.001907,0.001984,0.001945,0.001945,0.001984,0.001907,0.001945,0.001945,0.001945,0.001984,0.001945,0.001945,0.001945,0.001907,0.001945,0.001984,0.001945,0.001945,0.001984,0.001984,0.002022,0.002060,0.002022,0.002060,0.002060,0.002060,0.002098,0.002098,0.002098,0.002098,0.002098,0.002098,0.002098,0.002136,0.002136,0.002174,0.002174,0.002174,0.002213,0.002213,0.002251,0.002289,0.002213,0.002289,0.002251,0.002251,0.002327,0.002327,0.002327,0.002365,0.002365,0.002365,0.002327,0.002327,0.002327,0.002441,0.002441,0.002403,0.002403,0.002403,0.002365,0.002289,0.002327,0.002327,0.002327,0.002327,0.002289,0.002327,0.002251,0.002213,0.002213,0.002136,0.002098,0.002060,0.002060,0.002022,0.001945,0.001945,0.001907,0.001831,0.001869,0.001869,0.001793,0.001793,0.001755,0.001755,0.001717,0.001755,0.001793,0.001793,0.001678,0.001755,0.001793,0.001793,0.001831,0.001831,0.001793,0.001869,0.001907,0.001869,0.001869,0.001907,0.001907,0.001984,0.001945,0.001907,0.001984,0.001984,0.001984,0.002060,0.002060,0.002022,0.002022,0.002098,0.002060,0.002136,0.002098,0.002098,0.002136,0.002136,0.002213,0.002213,0.002251,0.002251,0.002251,0.002251,0.002327,0.002251,0.002289,0.002327,0.002251,0.002289,0.002327,0.002327,0.002289,0.002327,0.002289,0.002327,0.002327,0.002289,0.002251,0.002365,0.002365,0.002289,0.002289,0.002327,0.002289,0.002251,0.002251,0.002289,0.002289,0.002327,0.002289,0.002289,0.002251,0.002251,0.002289,0.002289,0.002251,0.002289,0.002251,0.002251,0.002213,0.002251,0.002213,0.002213,0.002174,0.002174,0.002136,0.002174,0.002136,0.002174,0.002174,0.002136,0.002174,0.002136,0.002098,0.002136,0.002136,0.002098,0.002136,0.002098,0.002098,0.002060,0.002174,0.002136,0.002098,0.002098,0.002060,0.002022,0.002060,0.002060,0.002022,0.001984,0.002022,0.001984,0.001945,0.001945,0.001945,0.001945,0.001945,0.001907,0.001945,0.001907,0.001945,0.001907,0.001945,0.001945,0.001945,0.001945,0.001945,0.001945,0.001984,0.001945,0.001945,0.001984,0.001945,0.001945,0.002022,0.002022,0.001984,0.001984,0.001984,0.002022,0.002022,0.001984,0.002022,0.002022,0.002022,0.002060,0.002022,0.001945,0.001984,0.002022,0.002060,0.002098,0.002098,0.002060,0.002136,0.002098,0.002136,0.002136,0.002136,0.002136,0.002213,0.002213,0.002213,0.002174,0.002213,0.002251,0.002251,0.002289,0.002289,0.002289,0.002251,0.002251,0.002289,0.002251,0.002251,0.002289,0.002213,0.002251,0.002289,0.002251,0.002251,0.002289,0.002213,0.002174,0.002213,0.002174,0.002136,0.002136,0.002174,0.002213,0.002136,0.002136,0.002174,0.002174,0.002136,0.002136,0.002136,0.002098,0.002098,0.002098,0.002098,0.002098,0.002098,0.002060,0.002060,0.002060,0.002098,0.002098,0.002060,0.002060,0.002060,0.002098,0.002098,0.002098,0.002022,0.002060,0.002022,0.002022,0.002060,0.002060,0.002022,0.002022,0.002022,0.001984,0.001945,0.001984,0.001945,0.001907,0.001945,0.001907,0.001945,0.001907,0.001907,0.001907,0.001869,0.001907,0.001869,0.001869,0.001831,0.001831,0.001869,0.001831,0.001831,0.001755,0.001831,0.001831,0.001831,0.001869,0.001831,0.001831,0.001831,0.001907,0.001869,0.001831,0.001907,0.001831,0.001907,0.001945,0.001945,0.001984,0.001945,0.001984,0.001984,0.001984,0.002022,0.002022,0.002022,0.002022,0.002060,0.002098,0.002060,0.002060,0.002098,0.002136,0.002098,0.002136,0.002174,0.002174,0.002213,0.002251,0.002251,0.002251,0.002289,0.002213,0.002251,0.002289,0.002327,0.002327,0.002289,0.002289,0.002327,0.002289,0.002327,0.002251,0.002251,0.002289,0.002289,0.002174,0.002251,0.002289,0.002251,0.002251,0.002136,0.002174,0.002213,0.002174,0.002136,0.002174,0.002251,0.002213,0.002213,0.002174,0.002174,0.002136,0.002136,0.002174,0.002213,0.002098,0.002060,0.002098,0.002136,0.002136,0.002060,0.002136,0.002174,0.002213,0.002136,0.002098,0.002098,0.002136,0.002098,0.002136,0.002136,0.002098,0.002136,0.002174,0.002174,0.002174,0.002174,0.002098,0.002136,0.002213,0.002174,0.002213,0.002213,0.002136,0.002213,0.002136,0.002174,0.002174,0.002213,0.002213,0.002174,0.002213,0.002174,0.002136,0.002136,0.002174,0.002174,0.002136,0.002136,0.002136,0.002213,0.002136,0.002174,0.002174,0.002136,0.002174,0.002098,0.002098,0.002174,0.002213,0.002136,0.002098,0.002174,0.002174,0.002174,0.002213,0.002136,0.002098,0.002136,0.002136,0.002136,0.002136,0.002174,0.002213,0.002136,0.002174,0.002174,0.002136,0.002174,0.002174,0.002174,0.002213,0.002174,0.002213,0.002136,0.002174,0.002251,0.002251,0.002136,0.002213,0.002213,0.002213,0.002174,0.002098,0.002098,0.002098,0.002098,0.002098,0.002060,0.002060,0.002060,0.002060,0.001984,0.001984,0.001945,0.001945,0.001907,0.001945,0.001945,0.001907,0.001869,0.001869,0.001869,0.001869,0.001907,0.001831,0.001869,0.001793,0.001831,0.001869,0.001831,0.001793,0.001793,0.001793,0.001869,0.001831,0.001869,0.001831,0.001869,0.001831,0.001869,0.001869,0.001869,0.001945,0.001945,0.001945,0.001984,0.001945,0.002060,0.002060,0.002098,0.002136,0.002136,0.002136,0.002174,0.002174,0.002174,0.002213,0.002213,0.002213,0.002289,0.002213,0.002213,0.002251,0.002251,0.002251,0.002213,0.002213,0.002136,0.002136,0.002136,0.002136,0.002136,0.002136,0.002098,0.002098,0.002098,0.002136,0.002098,0.002060,0.002174,0.002098,0.002098,0.002098,0.002060,0.002098,0.002098,0.002136,0.002213,0.002174,0.002213,0.002213,0.002174,0.002213,0.002213,0.002251,0.002213,0.002213,0.002213,0.002174,0.002174,0.002174,0.002289,0.002174,0.002098,0.002060,0.002060,0.002022,0.002060,0.001984,0.001945,0.001945,0.001907,0.001831,0.001831,0.001755,0.001755,0.001717,0.001793,0.001793,0.001717,0.001717,0.001717,0.001717,0.001678,0.001755,0.001755,0.001831,0.001793,0.001831,0.001831,0.001907,0.001869,0.001907,0.001945,0.001907,0.001945,0.001945,0.002022,0.001984,0.002022,0.002022,0.001984,0.002022,0.002022,0.002060,0.002022,0.002022,0.002022,0.001984,0.001984,0.001945,0.001984,0.001984,0.002022,0.001984,0.001984,0.001984,0.002022,0.002060,0.002060,0.002060,0.002098,0.002098,0.002136,0.002060,0.002174,0.002136,0.002174,0.002174,0.002213,0.002213,0.002213,0.002251,0.002289,0.002289,0.002251,0.002251,0.002213,0.002251,0.002213,0.002213,0.002251,0.002213,0.002251,0.002251,0.002213,0.002251,0.002213,0.002213,0.002136,0.002136,0.002136,0.002174,0.002174,0.002098,0.002136,0.002174,0.002098,0.002136,0.002098,0.002174,0.002174,0.002136,0.002136,0.002136,0.002174,0.002213,0.002098,0.002060,0.002060,0.002174,0.002098,0.002098,0.002098,0.002022,0.002060,0.002060,0.002022,0.002060,0.002060,0.002060,0.001984,0.002022,0.002022,0.001945,0.001984,0.001945,0.001984,0.002022,0.001945,0.001984,0.001945,0.001984,0.002022,0.001984,0.001984,0.001984,0.002022,0.002060,0.002022,0.002060,0.002060,0.002022,0.002022,0.002060,0.002098,0.002060,0.002098,0.002060,0.002136,0.002136,0.002060,0.002136,0.002098,0.002136,0.002060,0.002098,0.002098,0.002060,0.002136,0.002136,0.002136,0.002136,0.002136,0.002098,0.002136,0.002213,0.002136,0.002136,0.002098,0.002136,0.002136,0.002174,0.002136,0.002136,0.002060,0.002098,0.002136,0.002174,0.002098,0.002060,0.002098,0.002060,0.002136,0.002060,0.002022,0.002022,0.002022,0.001984,0.001984,0.002022,0.001945,0.001945,0.001984,0.001945,0.001869,0.001907,0.001945,0.002022,0.001945,0.001984,0.001945,0.001907,0.001945,0.001945,0.002022,0.002022,0.001984,0.002022,0.002022,0.001984,0.001984,0.001984,0.001945,0.001984,0.002022,0.001984,0.001945,0.001984,0.001945,0.001984,0.001945,0.001945,0.001984,0.002022,0.001984,0.001984,0.002022,0.002022,0.002022,0.002060,0.002022,0.002098,0.002060,0.002136,0.002098,0.002060,0.002136,0.002098,0.002136,0.002098,0.002136,0.002136,0.002174,0.002136,0.002098,0.002022,0.002060,0.002060,0.002136,0.002098,0.002060,0.002060,0.002022,0.002060,0.002060,0.002098,0.001984,0.002060,0.002060,0.002060,0.002060,0.002022,0.002022,0.002022,0.002022,0.002060,0.002060,0.002098,0.002060,0.002098,0.002136,0.002098,0.002136,0.002174,0.002174,0.002213,0.002213,0.002174,0.002213,0.002251,0.002213,0.002213,0.002251,0.002251,0.002251,0.002251,0.002213,0.002327,0.002251,0.002174,0.002251,0.002213,0.002174,0.002136,0.002213,0.002136,0.002213,0.002213,0.002174,0.002174,0.002136,0.002136,0.002136,0.002174,0.002174,0.002136,0.002098,0.002098,0.001984,0.002060,0.002098,0.002060,0.002098,0.002022,0.002022,0.002060,0.002098,0.002060,0.002022,0.002022,0.002022,0.002022,0.002060,0.002022,0.002022,0.002022,0.002022,0.001984,0.001945,0.001984,0.001945,0.001984,0.001984,0.001984,0.001984,0.001945,0.001907,0.001984,0.001984,0.001945,0.001984,0.001984,0.001945,0.001984,0.001945,0.001907,0.001945,0.001945,0.001984,0.001945,0.001907,0.001945,0.001984,0.001945,0.001945,0.001984,0.001945,0.001907,0.001945,0.001945,0.001984,0.002022,0.001945,0.001945,0.001945,0.002022,0.002060,0.002022,0.002060,0.002060,0.002136,0.002098,0.002136,0.002136,0.002060,0.002098,0.002213,0.002174,0.002174,0.002174,0.002174,0.002174,0.002213,0.002251,0.002251,0.002251,0.002251,0.002289,0.002251,0.002251,0.002251,0.002251,0.002289,0.002289,0.002289,0.002327,0.002289,0.002289,0.002251,0.002251,0.002251,0.002213,0.002251,0.002251,0.002251,0.002251,0.002213,0.002174,0.002213,0.002174,0.002174,0.002136,0.002174,0.002098,0.002136,0.002136,0.002136,0.002098,0.002098,0.002174,0.002136,0.002213,0.002174,0.002136,0.002136,0.002060,0.002174,0.002213,0.002174,0.002136,0.002098,0.002174,0.002098,0.002136,0.002060,0.002136,0.002174,0.002136,0.002174,0.002136,0.002098,0.002174,0.002174,0.002098,0.002098,0.002136,0.002213,0.002136,0.002098,0.002098,0.002098,0.002098,0.002060,0.002060,0.001984,0.001984,0.001945,0.001984,0.001984,0.001945,0.001945,0.001907,0.001907,0.001907,0.001869,0.001945,0.001945,0.001907,0.002022,0.001945,0.002060,0.002060,0.002136,0.002136,0.002174,0.002251,0.002251,0.002289,0.002365,0.002365,0.002365,0.002365,0.002365,0.002403,0.002403,0.002365,0.002327,0.002365,0.002289,0.002289,0.002213,0.002136,0.002174,0.002098,0.002098,0.002022,0.001945,0.001945,0.001945,0.001945,0.001945,0.001945,0.001907,0.001869,0.001984,0.001984,0.001945,0.001945,0.001945,0.002060,0.002098,0.002060,0.002098,0.002136,0.002060,0.002098,0.002174,0.002213,0.002136,0.002174,0.002174,0.002174,0.002174,0.002174,0.002213,0.002213,0.002251,0.002174,0.002213,0.002174,0.002174,0.002174,0.002136,0.002174,0.002136,0.002136,0.002136,0.002174,0.002213,0.002213,0.002136,0.002213,0.002174,0.002213,0.002213,0.002213,0.002174,0.002174,0.002289,0.002251,0.002213,0.002213,0.002213,0.002213,0.002136,0.002213,0.002174,0.002136,0.002251,0.002213,0.002213,0.002213,0.002174,0.002174,0.002136,0.002136,0.002174,0.002213,0.002136,0.002136,0.002174,0.002174,0.002174,0.002136,0.002136,0.002174,0.002174,0.002174,0.002136,0.002136,0.002174,0.002174,0.002136,0.002098,0.002060,0.002136,0.002098,0.002098,0.002022,0.002060,0.002098,0.002060,0.002098,0.001984,0.002022,0.002022,0.001984,0.002022,0.001945,0.001984,0.002022,0.002060,0.002022,0.001984,0.001984,0.001984,0.001984,0.002060,0.001984,0.001984,0.002022,0.002060,0.002060,0.002098,0.002136,0.002136,0.002136,0.002136,0.002098,0.002136,0.002136,0.002098,0.002060,0.002098,0.002136,0.002136,0.002098,0.002136,0.002098,0.002098,0.002098,0.002098,0.002098,0.002136,0.002022,0.002098,0.002098,0.002060,0.002022,0.002060,0.002136,0.002022,0.002060,0.002098,0.002022,0.002098,0.002098,0.002060,0.002098,0.002098,0.002098,0.002098,0.002098,0.002098,0.002060,0.002098,0.002098,0.002098,0.002098,0.002060,0.002098,0.002098,0.002174,0.002098,0.002060,0.002098,0.002098,0.002098,0.002136,0.002098,0.002098,0.002060,0.002098,0.002060,0.002174,0.002174,0.002098,0.002098,0.002174,0.002136,0.002174,0.002136,0.002136,0.002174,0.002213,0.002136,0.002174,0.002174,0.002174,0.002174,0.002136,0.002174,0.002136,0.002136,0.002098,0.002060,0.002174,0.002098,0.002060,0.002060,0.002060,0.002022,0.001984,0.002060,0.002098,0.002022,0.002022,0.002060,0.001984,0.002060,0.001984,0.001984,0.001945,0.002022,0.002060,0.002022,0.002022,0.001945,0.002022,0.001984,0.002060,0.001984,0.001984,0.002060,0.002060,0.002098,0.002060,0.002022,0.002060,0.002022,0.002022,0.002060,0.002022,0.002022,0.002060,0.002060,0.002060,0.002098,0.002136,0.002060,0.002098,0.002060,0.002098,0.002060,0.002060,0.002060,0.002060,0.002136,0.002136,0.002136,0.002174,0.002174,0.002098,0.002174,0.002213,0.002213,0.002136,0.002136,0.002251,0.002251,0.002251,0.002213,0.002213,0.002213,0.002213,0.002213,0.002251,0.002251,0.002251,0.002213,0.002174,0.002174,0.002174,0.002136,0.002213,0.002136,0.002136,0.002174,0.002098,0.002060,0.002060,0.002098,0.002060,0.002098,0.002060,0.002022,0.002022,0.002022,0.002060,0.002022,0.002022,0.001984,0.001945,0.001984,0.001984,0.002022,0.002022,0.001945,0.001945,0.001945,0.001907,0.001984,0.001984,0.001907,0.001907,0.001907,0.001869,0.001869,0.001945,0.001945,0.001907,0.001831,0.001869,0.001945,0.001907,0.001945,0.001984,0.001907,0.001945,0.001945,0.001984,0.001907,0.001945,0.001984,0.001984,0.001984,0.001984,0.002060,0.002098,0.002060,0.002098,0.002022,0.002098,0.002136,0.002136,0.002174,0.002174,0.002174,0.002174,0.002136,0.002213,0.002174,0.002213,0.002174,0.002174,0.002136,0.002136,0.002174,0.002174,0.002174,0.002174,0.002174,0.002174,0.002174,0.002098,0.002098,0.002098,0.002098,0.002098,0.002060,0.001984,0.001984,0.001984,0.002022,0.001984,0.001869,0.001869,0.001907,0.001907,0.001869,0.001793,0.001831,0.001793,0.001793,0.001831,0.001755,0.001793,0.001793,0.001831,0.001869,0.001869,0.001869,0.001869,0.001907,0.001869,0.001907,0.001945,0.001945,0.002022,0.002060,0.002022,0.002060,0.002098,0.002136,0.002136,0.002136,0.002174,0.002174,0.002174,0.002174,0.002251,0.002213,0.002251,0.002213,0.002136,0.002174,0.002213,0.002174,0.002213,0.002174,0.002174,0.002174,0.002213,0.002213,0.002136,0.002251,0.002213,0.002213,0.002174,0.002213,0.002213,0.002213,0.002251,0.002213,0.002289,0.002289,0.002213,0.002251,0.002251,0.002251,0.002174,0.002174,0.002213,0.002174,0.002136,0.002213,0.002213,0.002098,0.002136,0.002174,0.002136,0.002098,0.002098,0.002060,0.002060,0.002022,0.002022,0.002022,0.001984,0.002060,0.002022,0.002060,0.002098,0.002060,0.002022,0.002060,0.002022,0.001984,0.002060,0.002060,0.002022,0.002022,0.002022,0.002022,0.001984,0.001945,0.001945,0.001945,0.001984,0.001945,0.001907,0.001907,0.001907,0.002060,0.002022,0.002022,0.002060,0.002060,0.002098,0.002022,0.002060,0.002060,0.001984,0.002022,0.002060,0.002098,0.002060,0.001945,0.001945,0.001869,0.001869,0.001831,0.001793,0.001831,0.001831,0.001831,0.001755,0.001755,0.001755,0.001793,0.001831,0.001755,0.001831,0.001793,0.001755,0.001869,0.001869,0.001907,0.001907,0.001907,0.001907,0.001907,0.001907,0.001831,0.001869,0.001869,0.001831,0.001869,0.001831,0.001831,0.001831,0.001793,0.001831,0.001793,0.001831,0.001831,0.001869,0.001869,0.001869,0.001907,0.001907,0.001984,0.001984,0.001945,0.002022,0.001945,0.001984,0.001945,0.001945,0.001945,0.001945,0.002022,0.001945,0.001984,0.001945,0.001945,0.001984,0.001984,0.002022,0.002098,0.002136,0.002098,0.002060,0.002136,0.002213,0.002136,0.002174,0.002174,0.002174,0.002213,0.002289,0.002327,0.002289,0.002365,0.002327,0.002365,0.002365,0.002327,0.002365,0.002365,0.002327,0.002327,0.002327,0.002289,0.002174,0.002251,0.002174,0.002136,0.002098,0.002060,0.002098,0.002098,0.002098,0.002022,0.001984,0.001945,0.001945,0.002022,0.001984,0.001984,0.002022,0.002022,0.002022,0.001984,0.002060,0.002098,0.002136,0.002098,0.002060,0.002174,0.002098,0.002098,0.002213,0.002174,0.002213,0.002213,0.002174,0.002251,0.002251,0.002213,0.002136,0.002136,0.002174,0.002136,0.002174,0.002098,0.002136,0.002098,0.002098,0.002136,0.002136,0.002098,0.002060,0.002098,0.002098,0.002098,0.002098,0.002098,0.002098,0.002174,0.002174,0.002136,0.002060,0.002098,0.002136,0.002136,0.002136,0.002136,0.002098,0.002098,0.002136,0.002136,0.002098,0.002174,0.002098,0.002174,0.002136,0.002098,0.002098,0.002098,0.002136,0.002060,0.002060,0.002098,0.002098,0.002060,0.002060,0.002060,0.002098,0.002060,0.002098,0.002060,0.002060,0.002060,0.002060,0.002098,0.002098,0.002098,0.002060,0.002136,0.002136,0.002098,0.002136,0.002098,0.002136,0.002136,0.002136,0.002136,0.002136,0.002098,0.002060,0.002098,0.002098,0.002022,0.002060,0.002098,0.002098,0.002060,0.002060,0.002060,0.002060,0.002060,0.002022,0.002060,0.002098,0.002098,0.002060,0.002060,0.002174,0.002136,0.002098,0.002136,0.002098,0.002136,0.002098,0.002136,0.002098,0.002136,0.002174,0.002098,0.002136,0.002136,0.002060,0.002136,0.002136,0.002098,0.002022,0.002022,0.002098,0.002060,0.002136,0.002136,0.002136,0.002174,0.002098,0.002098,0.002098,0.002060,0.002098,0.002098,0.002136,0.002098,0.002022,0.002098,0.002022,0.002060,0.002098,0.002098,0.002060,0.002060,0.002060,0.002022,0.002060,0.002060,0.002060,0.002060,0.002060,0.002060,0.001984,0.002022,0.001984,0.001984,0.001984,0.002022,0.001984,0.001945,0.001984,0.001945,0.001869,0.001984,0.001907,0.001907,0.001945,0.001907,0.001945,0.001907,0.001984,0.001945,0.001945,0.001984,0.001984,0.002022,0.002022,0.002060,0.002060,0.002060,0.002098,0.002098,0.002136,0.002136,0.002098,0.002136,0.002136,0.002098,0.002174,0.002136,0.002136,0.002174,0.002174,0.002136,0.002174,0.002213,0.002251,0.002213,0.002213,0.002174,0.002213,0.002251,0.002251,0.002251,0.002213,0.002289,0.002251,0.002251,0.002251,0.002251,0.002213,0.002174,0.002213,0.002174,0.002174,0.002098,0.002098,0.002136,0.002136,0.002098,0.002098,0.002098,0.002136,0.002060,0.002060,0.002060,0.002098,0.002060,0.002098,0.002136,0.002136,0.002174,0.002136,0.002174,0.002174,0.002174,0.002174,0.002136,0.002174,0.002174,0.002251,0.002251,0.002213,0.002136,0.002213,0.002174,0.002213,0.002251,0.002289,0.002213,0.002251,0.002289,0.002213,0.002289,0.002213,0.002174,0.002213,0.002213,0.002174,0.002098,0.002060,0.002098,0.002098,0.002136,0.002174,0.002098,0.002060,0.002098,0.002060,0.002022,0.002022,0.001945,0.001945,0.001869,0.001907,0.001869,0.001869,0.001869,0.001869,0.001831,0.001831,0.001869,0.001831,0.001831,0.001831,0.001831,0.001831,0.001869,0.001793,0.001869,0.001945,0.001907,0.001945,0.001984,0.002022,0.002060,0.002060,0.002060,0.002060,0.002098,0.002174,0.002213,0.002174,0.002213,0.002213,0.002289,0.002289,0.002327,0.002289,0.002289,0.002289,0.002327,0.002213,0.002251,0.002251,0.002251,0.002213,0.002174,0.002174,0.002213,0.002213,0.002213,0.002136,0.002136,0.002136,0.002136,0.002098,0.002098,0.002098,0.002098,0.002022,0.002060,0.002060,0.002060,0.002098,0.002098,0.002060,0.002098,0.002136,0.002174,0.002174,0.002136,0.002174,0.002136,0.002174,0.002213,0.002251,0.002251,0.002213,0.002213,0.002251,0.002251,0.002289,0.002289,0.002251,0.002213,0.002251,0.002213,0.002251,0.002289,0.002213,0.002213,0.002213,0.002213,0.002251,0.002174,0.002174,0.002136,0.002213,0.002213,0.002174,0.002174,0.002174,0.002174,0.002098,0.002098,0.002174,0.002174,0.002098,0.002098,0.002174,0.002213,0.002174,0.002174,0.002174,0.002174,0.002174,0.002174,0.002213,0.002174,0.002213,0.002213,0.002136,0.002174,0.002136,0.002136,0.002136,0.002136,0.002098,0.002060,0.002136,0.002136,0.002060,0.002022,0.001984,0.002022,0.001945,0.001984,0.001945,0.001984,0.001984,0.001945,0.001945,0.001945,0.001984,0.001984,0.001984,0.001945,0.001907,0.001945,0.001984,0.001945,0.001984,0.001984,0.002022,0.002022,0.002022,0.002022,0.001945,0.001984,0.001984,0.001984,0.001945,0.001984,0.002022,0.002022,0.002022,0.001984,0.001984,0.002022,0.001984,0.002098,0.001984,0.002022,0.002022,0.001984,0.001984,0.001945,0.001984,0.001984,0.001984,0.001945,0.001945,0.001984,0.001945,0.001907,0.001907,0.001945,0.001945,0.001984,0.001945,0.001945,0.001945,0.001945,0.001984,0.002022,0.002022,0.002022,0.001984,0.002022,0.002060,0.002022,0.002060,0.002022,0.002098,0.002098,0.002060,0.002060,0.002098,0.002098,0.002098,0.002060,0.002060,0.002060,0.002098,0.002098,0.002098,0.002136,0.002022,0.002060,0.002098,0.002022,0.002022,0.002060,0.002060,0.001984,0.001984,0.002022,0.002022,0.002022,0.002060,0.002060,0.001984,0.002022,0.002022,0.002022,0.001984,0.002022,0.001984,0.001945,0.001945,0.001984,0.001945,0.001945,0.001984,0.001945,0.001945,0.001907,0.001945,0.002022,0.002022,0.001984,0.001869,0.001945,0.001945,0.002022,0.001945,0.001984,0.002022,0.001984,0.002022,0.002022,0.002022,0.001984,0.002060,0.002060,0.002060,0.002022,0.002022,0.002060,0.002060,0.002060,0.002098,0.002060,0.002098,0.002098,0.002098,0.002022,0.002098,0.002060,0.002098,0.002098,0.002060,0.002060,0.002098,0.002060,0.002060,0.002060,0.002022,0.002022,0.002022,0.002060,0.002022,0.002060,0.002098,0.002060,0.002136,0.002098,0.002060,0.002060,0.002060,0.002060,0.002060,0.002022,0.002098,0.002098,0.002060,0.002136,0.002136,0.002136,0.002098,0.002098,0.002060,0.002136,0.002136,0.002098,0.002136,0.002060,0.002098,0.002136,0.002136,0.002136,0.002136,0.002174,0.002174,0.002174,0.002136,0.002174,0.002174,0.002174,0.002213,0.002174,0.002251,0.002213,0.002289,0.002289,0.002213,0.002289,0.002289,0.002289,0.002251,0.002289,0.002251,0.002251,0.002327,0.002251,0.002289,0.002289,0.002213,0.002251,0.002213,0.002213,0.002136,0.002098,0.002060,0.002060,0.002136,0.002022,0.002060,0.002098,0.002022,0.002060,0.002060,0.002022,0.002022,0.002022,0.001984,0.001945,0.001984,0.002022,0.002022,0.001984,0.001945,0.001945,0.001945,0.001945,0.001984,0.001945,0.001945,0.001984,0.001907,0.001945,0.001907,0.001945,0.001907,0.001907,0.001945,0.001907,0.001984,0.001945,0.001984,0.001945,0.001945,0.001907,0.001945,0.002022,0.001945,0.001945,0.001984,0.001945,0.002022,0.001984,0.001984,0.001945,0.001984,0.002060,0.002022,0.002022,0.001984,0.001984,0.002060,0.002060,0.002022,0.002022,0.002022,0.002022,0.002060,0.002060,0.002022,0.002022,0.002022,0.002022,0.002022,0.002022,0.002098,0.002060,0.002060,0.002098,0.002098,0.002098,0.002098,0.002060,0.002060,0.002098,0.002060,0.002136,0.002136,0.002098,0.002136,0.002174,0.002136,0.002174,0.002174,0.002213,0.002174,0.002174,0.002213,0.002213,0.002174,0.002136,0.002174,0.002174,0.002136,0.002174,0.002136,0.002098,0.002098,0.002060,0.002022,0.001984,0.002022,0.001907,0.001907,0.001907,0.001869,0.001869,0.001869,0.001831,0.001831,0.001831,0.001793,0.001793,0.001831,0.001793,0.001793,0.001793,0.001793,0.001831,0.001831,0.001907,0.001869,0.001831,0.001869,0.001869,0.001907,0.001945,0.001945,0.001869,0.001984,0.001945,0.001984,0.001984,0.001984,0.001907,0.001907,0.001945,0.001907,0.001907,0.001869,0.001869,0.001831,0.001945,0.001907,0.001869,0.001869,0.001831,0.001831,0.001869,0.001869,0.001831,0.001793,0.001831,0.001831,0.001831,0.001831,0.001869,0.001869,0.001907,0.001869,0.001907,0.001907,0.001869,0.001984,0.001945,0.001984,0.002060,0.002022,0.002022,0.002022,0.002060,0.002136,0.002136,0.002174,0.002174,0.002213,0.002213,0.002213,0.002251,0.002251,0.002289,0.002289,0.002327,0.002365,0.002365,0.002403,0.002403,0.002365,0.002403,0.002403,0.002441,0.002441,0.002441,0.002441,0.002441,0.002518,0.002480,0.002518,0.002518,0.002518,0.002518,0.002518,0.002441,0.002441,0.002441,0.002480,0.002480,0.002441,0.002441,0.002480,0.002480,0.002480,0.002518,0.002480,0.002480,0.002403,0.002403,0.002403,0.002403,0.002327,0.002289,0.002327,0.002251,0.002289,0.002251,0.002174,0.002251,0.002213,0.002174,0.002136,0.002174,0.002136,0.002098,0.002136,0.002136,0.002098,0.002098,0.002098,0.002098,0.002098,0.002136,0.002098,0.002060,0.002098,0.002060,0.002098,0.002060,0.002022,0.002060,0.002060,0.002136,0.002060,0.002098,0.002098,0.002060,0.002060,0.002060,0.002060,0.002022,0.001984,0.001984,0.001945,0.001984,0.002022,0.002022,0.001984,0.001945,0.001907,0.001869,0.001907,0.001869,0.001907,0.001907,0.001907,0.001831,0.001793,0.001869,0.001869,0.001869,0.001831,0.001831,0.001831,0.001793,0.001869,0.001869,0.001831,0.001831,0.001869,0.001907,0.001869,0.001869,0.001869,0.001907,0.001869,0.001869,0.001907,0.001945,0.001984,0.001984,0.001984,0.002022,0.002022,0.002022,0.002060,0.001984,0.002022,0.002060,0.001984,0.002060,0.002060,0.002098,0.002060,0.002022,0.002022,0.001984,0.002022,0.001984,0.002060,0.002060,0.001984,0.001945,0.002022,0.002060,0.002022,0.002060,0.002060,0.002060,0.002098,0.002060,0.002060,0.002060,0.002060,0.002098,0.002136,0.002098,0.002098,0.002174,0.002098,0.002136,0.002136,0.002136,0.002136,0.002098,0.002136,0.002136,0.002098,0.002098,0.002136,0.002174,0.002174,0.002174,0.002174,0.002174,0.002174,0.002136,0.002098,0.002136,0.002098,0.002174,0.002136,0.002174,0.002060,0.002136,0.002136,0.002098,0.002136,0.002136,0.002213,0.002136,0.002136,0.002174,0.002136,0.002213,0.002174,0.002174,0.002174,0.002213,0.002251,0.002174,0.002213,0.002251,0.002174,0.002174,0.002213,0.002213,0.002174,0.002213,0.002213,0.002213,0.002213,0.002174,0.002174,0.002136,0.002174,0.002136,0.002098,0.002136,0.002098,0.002136,0.002136,0.002136,0.002136,0.002174,0.002136,0.002136,0.002136,0.002136,0.002136,0.002174,0.002136,0.002136,0.002098,0.002136,0.002213,0.002174,0.002174,0.002136,0.002136,0.002136,0.002098,0.002174,0.002136,0.002136,0.002174,0.002174,0.002174,0.002098,0.002174,0.002136,0.002174,0.002174,0.002136,0.002174,0.002136,0.002136,0.002098,0.002136,0.002136,0.002098,0.002174,0.002174,0.002136,0.002136,0.002136,0.002136,0.002098,0.002174,0.002136,0.002136,0.002136,0.002174,0.002213,0.002136,0.002136,0.002098,0.002136,0.002098,0.002136,0.002098,0.002098,0.002060,0.002136,0.002098,0.002098,0.002136,0.002022,0.002098,0.002098,0.002136,0.002022,0.002060,0.002060,0.002022,0.002022,0.002060,0.002060,0.002022,0.002060,0.002022,0.002022,0.002022,0.001984,0.001984,0.002022,0.001984,0.001984,0.001984,0.002060,0.002022,0.002060,0.002022,0.002098,0.002098,0.002060,0.002098,0.002136,0.002060,0.002098,0.002098,0.002060,0.002136,0.002136,0.002174,0.002174,0.002174,0.002174,0.002213,0.002136,0.002136,0.002213,0.002136,0.002174,0.002174,0.002136,0.002213,0.002251,0.002213,0.002213,0.002251,0.002213,0.002174,0.002251,0.002213,0.002251,0.002213,0.002251,0.002213,0.002174,0.002251,0.002213,0.002289,0.002251,0.002174,0.002213,0.002174,0.002213,0.002213,0.002174,0.002213,0.002098,0.002136,0.002060,0.002098,0.002060,0.002098,0.002098,0.002060,0.002022,0.002060,0.002060,0.002022,0.001984,0.002060,0.002022,0.002060,0.001984,0.001945,0.001907,0.001831,0.001907,0.001869,0.001869,0.001869,0.001869,0.001907,0.001945,0.001945,0.001907,0.001907,0.001945,0.001907,0.001907,0.001907,0.001945,0.001907,0.001984,0.002022,0.002022,0.002060,0.002022,0.001984,0.002060,0.002060,0.002098,0.002022,0.002060,0.002060,0.002136,0.002098,0.002098,0.002136,0.002060,0.002136,0.002174,0.002098,0.002174,0.002098,0.002174,0.002136,0.002060,0.002098,0.002098,0.002098,0.002098,0.002136,0.002098,0.002022,0.002098,0.002060,0.002060,0.002060,0.002060,0.002022,0.002060,0.002060,0.002060,0.002098,0.002098,0.002098,0.002098,0.002022,0.002022,0.002060,0.002060,0.002060,0.001984,0.002136,0.002022,0.002098,0.002060,0.002060,0.002060,0.001984,0.002060,0.002060,0.002060,0.002022,0.002060,0.002060,0.002098,0.002060,0.002022,0.002022,0.001984,0.001945,0.002022,0.001984,0.001945,0.001984,0.001907,0.001945,0.001945,0.001984,0.001945,0.001945,0.001907,0.001907,0.001984,0.001945,0.001984,0.002060,0.002022,0.002060,0.002060,0.002022,0.002022,0.002098,0.002060,0.002136,0.002174,0.002136,0.002174,0.002098,0.002174,0.002174,0.002136,0.002136,0.002098,0.002136,0.002098,0.002098,0.002136,0.002136,0.002136,0.002098,0.002098,0.002060,0.002098,0.002098,0.002060,0.002098,0.002098,0.002060,0.002136,0.002136,0.002098,0.002098,0.002060,0.002174,0.002136,0.002136,0.002213,0.002174,0.002136,0.002136,0.002213,0.002174,0.002213,0.002136,0.002174,0.002174,0.002098,0.002098,0.002098,0.002098,0.002060,0.002098,0.002136,0.002060,0.002060,0.002060,0.002060,0.002060,0.002022,0.002060,0.002060,0.002060,0.001984,0.002022,0.002060,0.001984,0.002022,0.001984,0.002060,0.002022,0.002022,0.002060,0.001984,0.001984,0.001945,0.001984,0.001984,0.001984,0.002060,0.001945,0.002022,0.001984,0.001945,0.001984,0.001945,0.001984,0.001984,0.002022,0.002022,0.001945,0.002022,0.002022,0.002060,0.002022,0.001984,0.002022,0.002022,0.002022,0.001984,0.001984,0.002022,0.002060,0.002098,0.002022,0.002060,0.002022,0.002022,0.002060,0.002060,0.002060,0.002060,0.002098,0.002098,0.002060,0.002136,0.002098,0.002060,0.002022,0.002098,0.002098,0.002022,0.002060,0.001984,0.002060,0.002060,0.002060,0.002060,0.002060,0.002098,0.002022,0.002060,0.002060,0.002060,0.002098,0.002060,0.002098,0.002060,0.002098,0.002060,0.002060,0.002136,0.002060,0.002136,0.002060,0.002098,0.002136,0.002098,0.002174,0.002098,0.002098,0.002060,0.001984,0.002022,0.002022,0.002060,0.002022,0.001984,0.002022,0.001945,0.001984,0.001945,0.001945,0.001907,0.001907,0.001945,0.001869,0.001907,0.001869,0.001907,0.001907,0.001869,0.001907,0.001831,0.001869,0.001869,0.001869,0.001907,0.001869,0.001869,0.001907,0.001945,0.001907,0.001831,0.001945,0.001907,0.001907,0.001945,0.001984,0.001984,0.002022,0.002060,0.002022,0.002022,0.002022,0.002098,0.002098,0.002098,0.002136,0.002098,0.002136,0.002174,0.002136,0.002098,0.002136,0.002174,0.002174,0.002098,0.002098,0.002098,0.002098,0.002060,0.002136,0.002098,0.002022,0.002060,0.002098,0.002098,0.002060,0.002060,0.002060,0.002098,0.002098,0.001984,0.002022,0.002022,0.002022,0.002060,0.001984,0.002060,0.002060,0.002098,0.002098,0.002022,0.002060,0.002098,0.002136,0.002060,0.002060,0.002060,0.002098,0.002060,0.002098,0.002136,0.002136,0.002098,0.002098,0.002174,0.002174,0.002098,0.002174,0.002174,0.002174,0.002136,0.002174,0.002136,0.002174,0.002174,0.002213,0.002174,0.002174,0.002136,0.002174,0.002174,0.002098,0.002136,0.002098,0.002174,0.002098,0.002060,0.002136,0.002060,0.002098,0.002060,0.002136,0.002060,0.002060,0.002060,0.002060,0.002098,0.002060,0.002060,0.002022,0.002098,0.002022,0.002022,0.001984,0.001945,0.002022,0.002022,0.001984,0.001984,0.002022,0.002060,0.002022,0.002022,0.002022,0.001984,0.002022,0.001984,0.002022,0.001984,0.001984,0.002060,0.001984,0.002060,0.001984,0.002022,0.001984,0.001984,0.002060,0.001984,0.001984,0.002022,0.002022,0.002060,0.001984,0.002060,0.001984,0.001984,0.002022,0.001984,0.002098,0.002022,0.002022,0.001984,0.001984,0.002060,0.002060,0.002022,0.001984,0.001984,0.002022,0.002022,0.002022,0.001984,0.002022,0.002098,0.002022,0.002022,0.001984,0.002060,0.002060,0.002098,0.002022,0.002022,0.002022,0.002022,0.002060,0.002022,0.002060,0.002060,0.002022,0.002060,0.002060,0.002060,0.001984,0.002022,0.002022,0.002022,0.001984,0.002022,0.002060,0.002060,0.002060,0.002060,0.002022,0.002136,0.002060,0.002098,0.002098,0.002098,0.002213,0.002174,0.002174,0.002174,0.002174,0.002174,0.002213,0.002213,0.002174,0.002251,0.002174,0.002251,0.002251,0.002251,0.002289,0.002327,0.002251,0.002289,0.002251,0.002289,0.002289,0.002289,0.002289,0.002289,0.002289,0.002327,0.002251,0.002213,0.002251,0.002251,0.002251,0.002213,0.002174,0.002251,0.002174,0.002174,0.002174,0.002213,0.002251,0.002098,0.002136,0.002060,0.002060,0.002098,0.002060,0.002060,0.002022,0.002060,0.002098,0.002060,0.002022,0.001984,0.002022,0.002022,0.002060,0.002098,0.002022,0.002022,0.002098,0.002060,0.002098,0.002060,0.002098,0.002098,0.002098,0.002060,0.002098,0.002060,0.002098,0.002098,0.002060,0.002060,0.002022,0.002060,0.002098,0.002098,0.002136,0.002060,0.002136,0.002098,0.002098,0.002098,0.002098,0.002174,0.002098,0.002174,0.002174,0.002174,0.002174,0.002174,0.002251,0.002174,0.002174,0.002174,0.002213,0.002251,0.002251,0.002213,0.002213,0.002289,0.002251,0.002213,0.002251,0.002213,0.002213,0.002213,0.002251,0.002213,0.002174,0.002213,0.002213,0.002174,0.002213,0.002174,0.002098,0.002098,0.002136,0.002060,0.002060,0.002098,0.002060,0.002022,0.002022,0.002060,0.002022,0.002022,0.002060,0.002022,0.001984,0.001945,0.001984,0.002022,0.001945,0.002022,0.002022,0.002022,0.002022,0.002022,0.002022,0.001984,0.002022,0.001984,0.001984,0.001945,0.001984,0.002060,0.002022,0.002022,0.002022,0.002098,0.002060,0.002022,0.002060,0.002022,0.002060,0.002098,0.002136,0.002136,0.002098,0.002098,0.002136,0.002136,0.002136,0.002136,0.002289,0.002213,0.002213,0.002174,0.002213,0.002213,0.002174,0.002213,0.002136,0.002136,0.002136,0.002136,0.002136,0.002060,0.002098,0.002060,0.002022,0.002022,0.001945,0.001984,0.001945,0.001984,0.001945,0.001945,0.001907,0.001984,0.001945,0.001907,0.001945,0.001907,0.001984,0.001984,0.002022,0.001984,0.001945,0.001984,0.001984,0.002022,0.002060,0.002060,0.002060,0.002060,0.002098,0.002098,0.002136,0.002136,0.002174,0.002213,0.002174,0.002251,0.002251,0.002289,0.002251,0.002251,0.002251,0.002289,0.002289,0.002289,0.002213,0.002289,0.002251,0.002289,0.002251,0.002251,0.002251,0.002251,0.002289,0.002213,0.002289,0.002251,0.002289,0.002251,0.002213,0.002213,0.002213,0.002213,0.002213,0.002213,0.002289,0.002213,0.002289,0.002213,0.002251,0.002289,0.002289,0.002289,0.002213,0.002251,0.002289,0.002251,0.002251,0.002251,0.002289,0.002213,0.002251,0.002251,0.002213,0.002251,0.002251,0.002213,0.002213,0.002289,0.002251,0.002174,0.002213,0.002251,0.002213,0.002213,0.002251,0.002213,0.002213,0.002251,0.002251,0.002289,0.002289,0.002251,0.002251,0.002174,0.002251,0.002213,0.002213,0.002251,0.002251,0.002213,0.002213,0.002251,0.002213,0.002174,0.002251,0.002213,0.002174,0.002251,0.002251,0.002213,0.002174,0.002136,0.002098,0.002136,0.002136,0.002098,0.002136,0.002098,0.002213,0.002174,0.002136,0.002098,0.002060,0.002060,0.002098,0.002060,0.002060,0.002022,0.002060,0.002060,0.002098,0.002022,0.002022,0.002022,0.001984,0.001984,0.001984,0.001945,0.001907,0.001869,0.001869,0.001907,0.001907,0.001907,0.001869,0.001831,0.001869,0.001831,0.001869,0.001869,0.001831,0.001869,0.001831,0.001869,0.001869,0.001869,0.001869,0.001869,0.001945,0.001907,0.001945,0.001907,0.001945,0.001945,0.001984,0.001945,0.001984,0.002022,0.002022,0.001984,0.002022,0.002060,0.002022,0.002022,0.002060,0.002022,0.002022,0.002022,0.002060,0.002060,0.002098,0.002098,0.002060,0.002060,0.002022,0.002060,0.002098,0.002098,0.002098,0.002136,0.002136,0.002174,0.002098,0.002174,0.002213,0.002213,0.002213,0.002213,0.002289,0.002213,0.002213,0.002289,0.002174,0.002251,0.002213,0.002213,0.002174,0.002174,0.002213,0.002213,0.002174,0.002174,0.002213,0.002174,0.002136,0.002136,0.002174,0.002098,0.002098,0.002098,0.002098,0.002098,0.002060,0.002022,0.002022,0.001945,0.001984,0.001984,0.002022,0.001984,0.001984,0.001945,0.001907,0.001945,0.001945,0.001945,0.001907,0.001907,0.001945,0.001945,0.001945,0.001907,0.001984,0.001984,0.001984,0.001945,0.001945,0.002022,0.001984,0.001945,0.001984,0.001945,0.001945,0.001984,0.001945,0.001907,0.001945,0.001869,0.001945,0.001945,0.001907,0.001907,0.001945,0.001945,0.001945,0.001907,0.001945,0.001907,0.001945,0.002022,0.001984,0.001984,0.001945,0.002060,0.002098,0.002022,0.002098,0.002060,0.002022,0.002060,0.002098,0.002098,0.002136,0.002136,0.002060,0.002060,0.002136,0.002098,0.002060,0.002098,0.002136,0.002136,0.002136,0.002136,0.002098,0.002098,0.002098,0.002136,0.002136,0.002098,0.002136,0.002136,0.002098,0.002098,0.002060,0.002098,0.002098,0.002136,0.002174,0.002136,0.002136,0.002174,0.002136,0.002098,0.002174,0.002136,0.002136,0.002174,0.002136,0.002098,0.002136,0.002098,0.002098,0.002098,0.002060,0.002098,0.002098,0.002098,0.002060,0.002060,0.002060,0.002022,0.002022,0.002060,0.002060,0.002022,0.002060,0.002022,0.001945,0.001945,0.001907,0.001984,0.001984,0.001945,0.001945,0.001984,0.001945,0.002022,0.001984,0.001984,0.001945,0.001869,0.001984,0.001984,0.001945,0.001945,0.001984,0.001945,0.002022,0.001984,0.002060,0.001984,0.002022,0.001984,0.002022,0.002060,0.002060,0.001984,0.002022,0.002022
14,19:00:00.000,12/31/1903,0.000000,0.100000,UNKNOWN,1,0/0,0.000000,0.000000,0.000000,0.000000,0.000000,0.000000,0.000000,0.000000,0,0,0,0,0.002327,0.002251,0.002289,0.002251,0.002251,0.002251,0.002251,0.002251,0.002251,0.002289,0.002251,0.002251,0.002251,0.002251,0.002213,0.002174,0.002213,0.002213,0.002213,0.002251,0.002174,0.002213,0.002174,0.002251,0.002213,0.002213,0.002213,0.002213,0.002213,0.002213,0.002174,0.002174,0.002174,0.002251,0.002251,0.002174,0.002174,0.002174,0.002251,0.002174,0.002136,0.002213,0.002174,0.002136,0.002174,0.002136,0.002213,0.002136,0.002213,0.002174,0.002213,0.002174,0.002136,0.002136,0.002136,0.002136,0.002136,0.002098,0.002136,0.002136,0.002136,0.002136,0.002136,0.002136,0.002098,0.002136,0.002098,0.002098,0.002060,0.002060,0.002098,0.002022,0.002098,0.002098,0.002060,0.002136,0.002136,0.002098,0.002060,0.002098,0.002060,0.002098,0.002098,0.002098,0.002098,0.002136,0.002060,0.002098,0.002098,0.002136,0.002098,0.002022,0.002098,0.002060,0.002098,0.002022,0.002060,0.002098,0.002022,0.002136,0.002060,0.002098,0.002098,0.002060,0.002136,0.002136,0.002098,0.002136,0.002098,0.002136,0.002136,0.002098,0.002136,0.002136,0.002174,0.002136,0.002136,0.002136,0.002136,0.002174,0.002098,0.002174,0.002174,0.002136,0.002174,0.002174,0.002174,0.002136,0.002136,0.002136,0.002136,0.002136,0.002136,0.002174,0.002213,0.002213,0.002136,0.002098,0.002174,0.002174,0.002098,0.002098,0.002136,0.002136,0.002098,0.002098,0.002174,0.002136,0.002136,0.002174,0.002174,0.002174,0.002213,0.002213,0.002136,0.002136,0.002174,0.002136,0.002174,0.002213,0.002174,0.002174,0.002251,0.002213,0.002174,0.002213,0.002213,0.002213,0.002213,0.002174,0.002213,0.002251,0.002174,0.002251,0.002251,0.002213,0.002213,0.002251,0.002213,0.002174,0.002213,0.002213,0.002213,0.002251,0.002213,0.002289,0.002213,0.002289,0.002289,0.002251,0.002289,0.002213,0.002251,0.002251,0.002213,0.002136,0.002174,0.002213,0.002174,0.002213,0.002136,0.002174,0.002213,0.002213,0.002213,0.002213,0.002213,0.002251,0.002213,0.002251,0.002213,0.002289,0.002251,0.002174,0.002213,0.002213,0.002136,0.002174,0.002251,0.002213,0.002213,0.002213,0.002213,0.002213,0.002289,0.002213,0.002289,0.002289,0.002174,0.002213,0.002251,0.002213,0.002213,0.002174,0.002251,0.002174,0.002289,0.002213,0.002213,0.002289,0.002213,0.002213,0.002213,0.002213,0.002251,0.002213,0.002251,0.002213,0.002213,0.002251,0.002213,0.002251,0.002251,0.002251,0.002174,0.002174,0.002174,0.002174,0.002213,0.002174,0.002251,0.002251,0.002213,0.002213,0.002174,0.002213,0.002251,0.002213,0.002251,0.002213,0.002174,0.002213,0.002213,0.002174,0.002136,0.002174,0.002136,0.002136,0.002136,0.002174,0.002213,0.002136,0.002098,0.002174,0.002136,0.002174,0.002136,0.002174,0.002136,0.002136,0.002174,0.002098,0.002136,0.002136,0.002098,0.002136,0.002174,0.002136,0.002136,0.002098,0.002174,0.002060,0.002136,0.002098,0.002098,0.002174,0.002098,0.002098,0.002098,0.002174,0.002136,0.002136,0.002098,0.002098,0.002174,0.002136,0.002136,0.002174,0.002136,0.002174,0.002136,0.002136,0.002136,0.002136,0.002174,0.002098,0.002098,0.002174,0.002136,0.002136,0.002098,0.002136,0.002136,0.002098,0.002098,0.002098,0.002136,0.002098,0.002060,0.002136,0.002136,0.002213,0.002174,0.002174,0.002174,0.002136,0.002136,0.002060,0.002136,0.002136,0.002174,0.002213,0.002136,0.002136,0.002136,0.002136,0.002136,0.002136,0.002136,0.002213,0.002136,0.002136,0.002136,0.002174,0.002174,0.002174,0.002213,0.002136,0.002174,0.002174,0.002136,0.002136,0.002098,0.002174,0.002174,0.002174,0.002174,0.002174,0.002174,0.002136,0.002174,0.002174,0.002136,0.002174,0.002136,0.002174,0.002174,0.002136,0.002174,0.002098,0.002174,0.002174,0.002213,0.002174,0.002136,0.002213,0.002213,0.002213,0.002136,0.002136,0.002213,0.002174,0.002174,0.002213,0.002213,0.002174,0.002174,0.002251,0.002251,0.002213,0.002213,0.002251,0.002251,0.002174,0.002213,0.002213,0.002251,0.002289,0.002289,0.002289,0.002251,0.002213,0.002251,0.002251,0.002251,0.002251,0.002289,0.002289,0.002251,0.002251,0.002251,0.002289,0.002289,0.002251,0.002251,0.002213,0.002251,0.002213,0.002213,0.002251,0.002174,0.002251,0.002213,0.002136,0.002174,0.002213,0.002213,0.002213,0.002213,0.002174,0.002098,0.002213,0.002213,0.002213,0.002174,0.002174,0.002174,0.002136,0.002174,0.002174,0.002136,0.002136,0.002136,0.002174,0.002098,0.002136,0.002174,0.002136,0.002174,0.002136,0.002098,0.002098,0.002060,0.002060,0.002098,0.002136,0.002136,0.002022,0.002060,0.002060,0.002098,0.002098,0.002060,0.002098,0.002060,0.002060,0.002022,0.002022,0.002060,0.002022,0.002098,0.002060,0.002022,0.002060,0.002022,0.002022,0.002060,0.002060,0.002060,0.002022,0.002098,0.002060,0.002060,0.002098,0.002022,0.002098,0.002060,0.002060,0.002098,0.002060,0.002060,0.002060,0.002098,0.002060,0.002098,0.002136,0.002098,0.002098,0.002098,0.002098,0.002098,0.002060,0.002098,0.002098,0.002098,0.002098,0.002098,0.002098,0.002136,0.002136,0.002098,0.002060,0.002136,0.002098,0.002174,0.002136,0.002136,0.002174,0.002098,0.002136,0.002136,0.002174,0.002174,0.002174,0.002136,0.002136,0.002136,0.002136,0.002174,0.002213,0.002174,0.002174,0.002174,0.002213,0.002251,0.002213,0.002251,0.002174,0.002213,0.002289,0.002174,0.002213,0.002213,0.002174,0.002251,0.002174,0.002289,0.002251,0.002213,0.002213,0.002213,0.002213,0.002213,0.002251,0.002289,0.002213,0.002213,0.002251,0.002213,0.002213,0.002251,0.002251,0.002213,0.002213,0.002174,0.002251,0.002213,0.002174,0.002213,0.002136,0.002174,0.002251,0.002213,0.002174,0.002136,0.002213,0.002174,0.002136,0.002136,0.002098,0.002174,0.002174,0.002136,0.002174,0.002136,0.002136,0.002136,0.002098,0.002174,0.002098,0.002060,0.002098,0.002136,0.002098,0.002060,0.002174,0.002098,0.002174,0.002136,0.002098,0.002136,0.002060,0.002136,0.002136,0.002098,0.002136,0.002098,0.002136,0.002098,0.002098,0.002098,0.002060,0.002136,0.002174,0.002098,0.002136,0.002174,0.002098,0.002098,0.002098,0.002136,0.002136,0.002098,0.002174,0.002136,0.002098,0.002136,0.002136,0.002098,0.002136,0.002136,0.002136,0.002136,0.002098,0.002136,0.002136,0.002098,0.002098,0.002060,0.002136,0.002060,0.002098,0.002060,0.002098,0.002136,0.002136,0.002136,0.002098,0.002060,0.002136,0.002174,0.002174,0.002060,0.002098,0.002136,0.002136,0.002136,0.002136,0.002136,0.002098,0.002098,0.002136,0.002136,0.002174,0.002174,0.002136,0.002098,0.002060,0.002098,0.002098,0.002060,0.002098,0.002022,0.002060,0.002022,0.002060,0.002022,0.001984,0.001984,0.001984,0.001945,0.001945,0.001907,0.001945,0.001831,0.001831,0.001793,0.001793,0.001831,0.001793,0.001717,0.001755,0.001717,0.001678,0.001678,0.001640,0.001640,0.001602,0.001602,0.001526,0.001564,0.001526,0.001450,0.001526,0.001526,0.001640,0.001678,0.001755,0.001831,0.001945,0.002136,0.002289,0.002365,0.002632,0.002899,0.003128,0.003433,0.003738,0.004044,0.004349,0.004692,0.005035,0.005455,0.005760,0.006142,0.006485,0.006752,0.007095,0.007324,0.007477,0.007553,0.007629,0.007515,0.007324,0.007133,0.006752,0.006409,0.005913,0.005455,0.004921,0.004311,0.003738,0.003166,0.002556,0.001984,0.001411,0.000763,0.000153,-0.000381,-0.000992,-0.001602,-0.002213,-0.002785,-0.003395,-0.003929,-0.004387,-0.004807,-0.005074,-0.005264,-0.005302,-0.005302,-0.005150,-0.004959,-0.004654,-0.004234,-0.003853,-0.003319,-0.002823,-0.002289,-0.001717,-0.001297,-0.000763,-0.000267,0.000076,0.000496,0.000763,0.001183,0.001526,0.001717,0.001945,0.002098,0.002251,0.002289,0.002403,0.002480,0.002594,0.002670,0.002747,0.002785,0.002861,0.002937,0.003090,0.003090,0.003090,0.003128,0.003204,0.003242,0.003281,0.003357,0.003510,0.003624,0.003738,0.003853,0.003929,0.004044,0.004158,0.004311,0.004387,0.004501,0.004616,0.004692,0.004807,0.004807,0.004807,0.004807,0.004845,0.004768,0.004730,0.004654,0.004616,0.004539,0.004463,0.004349,0.004349,0.004158,0.004005,0.003891,0.003777,0.003662,0.003471,0.003395,0.003281,0.003090,0.002975,0.002899,0.002785,0.002670,0.002632,0.002518,0.002441,0.002327,0.002289,0.002251,0.002174,0.002098,0.002060,0.001984,0.001984,0.001945,0.001869,0.001869,0.001869,0.001869,0.001831,0.001831,0.001869,0.001907,0.001984,0.001945,0.001984,0.002098,0.002022,0.002098,0.002136,0.002098,0.002098,0.002098,0.002098,0.002060,0.002060,0.002060,0.002022,0.002022,0.001945,0.001907,0.001907,0.001907,0.001907,0.001869,0.001907,0.001793,0.001831,0.001793,0.001755,0.001717,0.001678,0.001678,0.001640,0.001564,0.001602,0.001564,0.001526,0.001526,0.001488,0.001488,0.001526,0.001564,0.001602,0.001678,0.001717,0.001793,0.001831,0.001907,0.001907,0.001945,0.001945,0.002060,0.001984,0.001984,0.001945,0.001945,0.001945,0.001907,0.001869,0.001945,0.001945,0.001984,0.001984,0.001984,0.001984,0.002060,0.002060,0.002060,0.002060,0.002098,0.002098,0.002060,0.002022,0.002022,0.002022,0.002022,0.001945,0.001945,0.001984,0.001831,0.001907,0.001907,0.001984,0.001945,0.001984,0.002060,0.002022,0.002136,0.002213,0.002289,0.002327,0.002441,0.002441,0.002518,0.002556,0.002632,0.002670,0.002708,0.002670,0.002670,0.002708,0.002632,0.002632,0.002518,0.002441,0.002403,0.002251,0.002213,0.002136,0.002022,0.001984,0.001984,0.001984,0.001907,0.001907,0.001907,0.001907,0.001984,0.001984,0.001945,0.001984,0.001945,0.001984,0.001984,0.001945,0.001907,0.001907,0.001831,0.001793,0.001717,0.001678,0.001678,0.001602,0.001564,0.001640,0.001602,0.001526,0.001564,0.001526,0.001564,0.001526,0.001564,0.001450,0.001488,0.001526,0.001488,0.001526,0.001526,0.001564,0.001564,0.001602,0.001640,0.001640,0.001793,0.001831,0.001869,0.001907,0.001984,0.002060,0.002098,0.002174,0.002289,0.002365,0.002441,0.002518,0.002594,0.002632,0.002670,0.002785,0.002861,0.002899,0.002899,0.002899,0.002975,0.002937,0.002861,0.002823,0.002785,0.002823,0.002861,0.002823,0.002747,0.002747,0.002747,0.002747,0.002708,0.002708,0.002708,0.002747,0.002670,0.002708,0.002670,0.002632,0.002670,0.002594,0.002594,0.002556,0.002518,0.002556,0.002441,0.002403,0.002403,0.002365,0.002327,0.002289,0.002251,0.002251,0.002251,0.002213,0.002213,0.002213,0.002251,0.002251,0.002251,0.002251,0.002213,0.002251,0.002289,0.002213,0.002174,0.002213,0.002251,0.002251,0.002213,0.002174,0.002174,0.002213,0.002174,0.002251,0.002174,0.002213,0.002251,0.002289,0.002289,0.002365,0.002441,0.002441,0.002518,0.002556,0.002632,0.002594,0.002670,0.002708,0.002708,0.002670,0.002670,0.002708,0.002632,0.002632,0.002594,0.002594,0.002556,0.002480,0.002403,0.002403,0.002251,0.002174,0.002136,0.002022,0.001984,0.001907,0.001907,0.001869,0.001793,0.001793,0.001793,0.001793,0.001869,0.001831,0.001869,0.001907,0.001907,0.001945,0.001984,0.002060,0.002098,0.002136,0.002136,0.002174,0.002213,0.002251,0.002289,0.002289,0.002251,0.002251,0.002213,0.002174,0.002213,0.002136,0.002098,0.002098,0.002098,0.002022,0.001984,0.001984,0.001945,0.001907,0.001869,0.001869,0.001869,0.001831,0.001793,0.001755,0.001717,0.001755,0.001678,0.001640,0.001640,0.001717,0.001717,0.001717,0.001640,0.001678,0.001717,0.001717,0.001717,0.001755,0.001793,0.001869,0.001869,0.001869,0.001945,0.001907,0.002022,0.002022,0.002022,0.002098,0.002060,0.002060,0.002136,0.002174,0.002136,0.002174,0.002213,0.002213,0.002213,0.002251,0.002213,0.002289,0.002251,0.002289,0.002251,0.002327,0.002327,0.002289,0.002327,0.002289,0.002251,0.002289,0.002251,0.002251,0.002251,0.002289,0.002327,0.002327,0.002251,0.002213,0.002213,0.002213,0.002251,0.002251,0.002251,0.002251,0.002213,0.002213,0.002251,0.002251,0.002251,0.002251,0.002289,0.002289,0.002289,0.002327,0.002251,0.002251,0.002251,0.002251,0.002251,0.002251,0.002251,0.002174,0.002174,0.002174,0.002136,0.002098,0.002060,0.002060,0.002060,0.002060,0.002022,0.001907,0.001907,0.001907,0.001869,0.001831,0.001831,0.001793,0.001755,0.001793,0.001869,0.001755,0.001793,0.001755,0.001755,0.001755,0.001755,0.001717,0.001793,0.001831,0.001793,0.001755,0.001831,0.001869,0.001907,0.001984,0.001945,0.001984,0.001984,0.002098,0.002098,0.002098,0.002251,0.002251,0.002289,0.002327,0.002441,0.002365,0.002403,0.002480,0.002480,0.002518,0.002480,0.002518,0.002518,0.002480,0.002480,0.002594,0.002518,0.002556,0.002518,0.002556,0.002632,0.002594,0.002594,0.002556,0.002632,0.002594,0.002594,0.002632,0.002556,0.002556,0.002556,0.002594,0.002594,0.002480,0.002480,0.002441,0.002403,0.002403,0.002365,0.002289,0.002251,0.002251,0.002251,0.002174,0.002136,0.002174,0.002136,0.002098,0.002022,0.002060,0.002060,0.002098,0.002098,0.002060,0.002060,0.002060,0.002136,0.002213,0.002213,0.002213,0.002213,0.002289,0.002289,0.002289,0.002403,0.002365,0.002403,0.002403,0.002403,0.002441,0.002403,0.002441,0.002403,0.002403,0.002365,0.002327,0.002327,0.002327,0.002251,0.002213,0.002174,0.002136,0.002098,0.002098,0.002098,0.002022,0.001984,0.001945,0.001945,0.001945,0.001945,0.001945,0.001869,0.001831,0.001945,0.001869,0.001831,0.001831,0.001831,0.001831,0.001831,0.001831,0.001869,0.001869,0.001831,0.001831,0.001831,0.001793,0.001831,0.001793,0.001869,0.001869,0.001907,0.001869,0.001831,0.001869,0.001831,0.001831,0.001831,0.001831,0.001831,0.001869,0.001907,0.001907,0.001869,0.001869,0.001869,0.001984,0.001984,0.002022,0.001984,0.002060,0.002098,0.002136,0.002136,0.002213,0.002213,0.002251,0.002251,0.002327,0.002365,0.002327,0.002365,0.002365,0.002403,0.002365,0.002327,0.002365,0.002365,0.002403,0.002365,0.002289,0.002365,0.002327,0.002327,0.002289,0.002251,0.002289,0.002213,0.002213,0.002213,0.002213,0.002174,0.002136,0.002136,0.002251,0.002251,0.002213,0.002136,0.002136,0.002136,0.002136,0.002174,0.002136,0.002136,0.002251,0.002213,0.002174,0.002174,0.002174,0.002174,0.002174,0.002213,0.002213,0.002251,0.002174,0.002251,0.002213,0.002213,0.002174,0.002213,0.002213,0.002213,0.002174,0.002251,0.002213,0.002251,0.002251,0.002251,0.002289,0.002213,0.002289,0.002289,0.002365,0.002251,0.002365,0.002327,0.002213,0.002289,0.002251,0.002213,0.002174,0.002174,0.002213,0.002213,0.002174,0.002136,0.002136,0.002136,0.002174,0.002098,0.002136,0.002136,0.002136,0.002098,0.002136,0.002136,0.002060,0.002098,0.002060,0.002136,0.002098,0.002098,0.002174,0.002098,0.002136,0.002174,0.002174,0.002174,0.002174,0.002213,0.002174,0.002289,0.002251,0.002174,0.002251,0.002289,0.002327,0.002327,0.002289,0.002327,0.002327,0.002289,0.002327,0.002251,0.002251,0.002174,0.002174,0.002136,0.002136,0.002060,0.002098,0.002060,0.002022,0.002060,0.002022,0.002022,0.002022,0.002022,0.001984,0.001945,0.001945,0.001945,0.001945,0.001984,0.001984,0.001984,0.002022,0.002060,0.002060,0.002098,0.002060,0.002098,0.002098,0.002098,0.002174,0.002136,0.002098,0.002136,0.002136,0.002136,0.002174,0.002213,0.002174,0.002136,0.002174,0.002136,0.002174,0.002136,0.002136,0.002174,0.002136,0.002136,0.002136,0.002174,0.002098,0.002136,0.002098,0.002022,0.002098,0.001984,0.001984,0.002098,0.002022,0.002022,0.002022,0.002022,0.002022,0.001984,0.001984,0.001945,0.001984,0.001984,0.001984,0.001984,0.002060,0.002098,0.002098,0.002098,0.002060,0.002098,0.002136,0.002174,0.002213,0.002213,0.002213,0.002251,0.002251,0.002251,0.002327,0.002327,0.002403,0.002327,0.002327,0.002365,0.002403,0.002365,0.002365,0.002403,0.002365,0.002327,0.002365,0.002365,0.002365,0.002365,0.002441,0.002403,0.002365,0.002327,0.002289,0.002289,0.002365,0.002327,0.002327,0.002213,0.002289,0.002365,0.002289,0.002251,0.002213,0.002213,0.002174,0.002213,0.002213,0.002136,0.002174,0.002174,0.002174,0.002136,0.002098,0.002174,0.002136,0.002098,0.002136,0.002098,0.002098,0.002098,0.002213,0.002174,0.002136,0.002174,0.002213,0.002213,0.002327,0.002289,0.002327,0.002403,0.002403,0.002480,0.002480,0.002556,0.002594,0.002632,0.002594,0.002670,0.002747,0.002785,0.002708,0.002785,0.002823,0.002747,0.002785,0.002785,0.002785,0.002747,0.002670,0.002670,0.002632,0.002556,0.002518,0.002518,0.002518,0.002518,0.002441,0.002403,0.002327,0.002327,0.002251,0.002213,0.002251,0.002174,0.002136,0.002098,0.001984,0.001869,0.001831,0.001755,0.001640,0.001526,0.001488,0.001335,0.001221,0.001183,0.001106,0.001106,0.001030,0.001030,0.000992,0.000954,0.000954,0.000992,0.001030,0.001144,0.001259,0.001335,0.001335,0.001450,0.001564,0.001678,0.001717,0.001831,0.001945,0.001984,0.002060,0.002174,0.002213,0.002327,0.002327,0.002365,0.002403,0.002441,0.002441,0.002441,0.002441,0.002441,0.002441,0.002441,0.002403,0.002365,0.002327,0.002289,0.002251,0.002213,0.002213,0.002251,0.002251,0.002251,0.002213,0.002174,0.002213,0.002289,0.002289,0.002327,0.002365,0.002289,0.002403,0.002441,0.002441,0.002518,0.002518,0.002556,0.002594,0.002594,0.002594,0.002594,0.002632,0.002556,0.002594,0.002556,0.002480,0.002480,0.002480,0.002441,0.002365,0.002289,0.002365,0.002327,0.002251,0.002251,0.002174,0.002136,0.002098,0.002098,0.002060,0.002060,0.002022,0.002022,0.002022,0.002022,0.002022,0.001984,0.002022,0.002022,0.002022,0.002022,0.002022,0.002022,0.002022,0.002060,0.002060,0.002060,0.002022,0.002098,0.002060,0.002060,0.002060,0.002060,0.002098,0.002060,0.002060,0.002060,0.002022,0.002060,0.002060,0.002136,0.001984,0.002022,0.002060,0.001984,0.001984,0.002022,0.002022,0.002060,0.002060,0.002022,0.002060,0.002060,0.002022,0.002098,0.002060,0.002098,0.002136,0.002098,0.002098,0.002136,0.002136,0.002213,0.002213,0.002174,0.002136,0.002174,0.002251,0.002289,0.002327,0.002327,0.002289,0.002327,0.002403,0.002403,0.002441,0.002480,0.002480,0.002480,0.002441,0.002480,0.002441,0.002441,0.002441,0.002480,0.002480,0.002403,0.002403,0.002365,0.002365,0.002365,0.002403,0.002365,0.002289,0.002327,0.002289,0.002327,0.002289,0.002213,0.002251,0.002251,0.002251,0.002136,0.002174,0.002174,0.002136,0.002174,0.002136,0.002136,0.002136,0.002174,0.002251,0.002213,0.002213,0.002174,0.002174,0.002174,0.002213,0.002213,0.002251,0.002251,0.002327,0.002327,0.002365,0.002403,0.002403,0.002365,0.002403,0.002365,0.002365,0.002441,0.002441,0.002480,0.002480,0.002480,0.002480,0.002480,0.002480,0.002480,0.002441,0.002480,0.002441,0.002403,0.002403,0.002327,0.002289,0.002327,0.002251,0.002213,0.002174,0.002174,0.002098,0.002136,0.002060,0.002022,0.002060,0.001984,0.001984,0.001984,0.001907,0.001984,0.001945,0.001984,0.001984,0.001907,0.001945,0.001907,0.001945,0.001907,0.001869,0.001831,0.001831,0.001907,0.001869,0.001907,0.001907,0.001869,0.001907,0.001945,0.001907,0.001907,0.001907,0.001945,0.001984,0.001984,0.001984,0.002022,0.002022,0.002022,0.001984,0.002060,0.002022,0.002060,0.002060,0.002060,0.002098,0.002136,0.002174,0.002174,0.002174,0.002174,0.002213,0.002213,0.002251,0.002251,0.002289,0.002251,0.002251,0.002251,0.002251,0.002174,0.002213,0.002289,0.002289,0.002251,0.002213,0.002251,0.002136,0.002174,0.002251,0.002174,0.002174,0.002174,0.002136,0.002174,0.002136,0.002174,0.002136,0.002174,0.002136,0.002213,0.002213,0.002136,0.002174,0.002174,0.002174,0.002213,0.002213,0.002289,0.002251,0.002213,0.002213,0.002136,0.002174,0.002174,0.002136,0.002213,0.002136,0.002098,0.002022,0.002098,0.002098,0.002022,0.002022,0.002022,0.001984,0.002022,0.001984,0.001984,0.001945,0.001907,0.001945,0.001869,0.001907,0.001945,0.001945,0.001984,0.001984,0.002022,0.001984,0.001984,0.001984,0.001984,0.002060,0.002098,0.002098,0.002098,0.002136,0.002098,0.002136,0.002174,0.002174,0.002136,0.002174,0.002136,0.002174,0.002174,0.002174,0.002174,0.002174,0.002174,0.002174,0.002136,0.002098,0.002098,0.002174,0.002098,0.002098,0.002098,0.002060,0.002060,0.002136,0.002136,0.002136,0.002060,0.002136,0.002098,0.002174,0.002251,0.002213,0.002251,0.002213,0.002251,0.002251,0.002251,0.002289,0.002289,0.002327,0.002289,0.002327,0.002327,0.002365,0.002327,0.002289,0.002403,0.002403,0.002365,0.002327,0.002327,0.002289,0.002327,0.002289,0.002327,0.002251,0.002289,0.002251,0.002213,0.002213,0.002213,0.002213,0.002174,0.002213,0.002213,0.002174,0.002174,0.002136,0.002174,0.002098,0.002060,0.002136,0.002136,0.002136,0.002213,0.002174,0.002251,0.002213,0.002213,0.002174,0.002213,0.002251,0.002213,0.002289,0.002251,0.002327,0.002289,0.002327,0.002327,0.002365,0.002365,0.002365,0.002365,0.002251,0.002327,0.002327,0.002251,0.002327,0.002403,0.002327,0.002327,0.002327,0.002289,0.002327,0.002251,0.002251,0.002174,0.002213,0.002136,0.002136,0.002213,0.002098,0.002098,0.002060,0.002060,0.002060,0.002060,0.001984,0.001984,0.001984,0.001945,0.001907,0.001907,0.001907,0.001831,0.001869,0.001831,0.001831,0.001831,0.001755,0.001831,0.001755,0.001717,0.001755,0.001755,0.001755,0.001755,0.001831,0.001793,0.001793,0.001831,0.001793,0.001831,0.001831,0.001793,0.001831,0.001793,0.001907,0.001831,0.001831,0.001793,0.001831,0.001869,0.001869,0.001869,0.001907,0.001869,0.001907,0.001907,0.001945,0.001984,0.001984,0.001984,0.002022,0.002098,0.002022,0.002022,0.002060,0.002174,0.002251,0.002213,0.002251,0.002251,0.002289,0.002289,0.002213,0.002365,0.002403,0.002365,0.002365,0.002441,0.002403,0.002365,0.002441,0.002480,0.002441,0.002518,0.002518,0.002441,0.002441,0.002518,0.002480,0.002441,0.002403,0.002403,0.002403,0.002365,0.002327,0.002403,0.002327,0.002365,0.002403,0.002327,0.002327,0.002289,0.002251,0.002289,0.002213,0.002213,0.002213,0.002213,0.002174,0.002136,0.002213,0.002136,0.002136,0.002174,0.002136,0.002174,0.002136,0.002136,0.002060,0.002060,0.002098,0.002098,0.002136,0.002098,0.002060,0.002136,0.002060,0.002136,0.002060,0.002098,0.002098,0.002060,0.002098,0.002060,0.002098,0.002098,0.002060,0.001984,0.002060,0.002022,0.002022,0.001984,0.001945,0.001984,0.001984,0.001945,0.001945,0.002022,0.001945,0.002022,0.001984,0.001984,0.002022,0.002098,0.002022,0.002022,0.002136,0.002136,0.002098,0.002136,0.002174,0.002174,0.002174,0.002136,0.002213,0.002174,0.002213,0.002213,0.002213,0.002174,0.002213,0.002174,0.002213,0.002213,0.002174,0.002174,0.002213,0.002213,0.002098,0.002136,0.002136,0.002136,0.002136,0.002098,0.002174,0.002174,0.002213,0.002174,0.002174,0.002174,0.002213,0.002213,0.002174,0.002213,0.002174,0.002251,0.002289,0.002251,0.002289,0.002251,0.002213,0.002289,0.002289,0.002289,0.002251,0.002251,0.002251,0.002327,0.002289,0.002289,0.002251,0.002289,0.002251,0.002251,0.002174,0.002213,0.002174,0.002251,0.002251,0.002174,0.002213,0.002174,0.002174,0.002213,0.002174,0.002174,0.002174,0.002213,0.002174,0.002136,0.002213,0.002174,0.002174,0.002251,0.002251,0.002174,0.002174,0.002136,0.002174,0.002174,0.002213,0.002098,0.002136,0.002136,0.002098,0.002098,0.002136,0.002098,0.002022,0.002060,0.002098,0.002060,0.002060,0.002060,0.002022,0.002060,0.001984,0.002022,0.001984,0.002022,0.001984,0.001984,0.001984,0.002060,0.001945,0.001984,0.001984,0.002022,0.002060,0.001984,0.001984,0.001945,0.001945,0.001984,0.001984,0.002022,0.001984,0.002022,0.001984,0.001945,0.001984,0.002060,0.002060,0.001984,0.002060,0.002060,0.002060,0.002060,0.002098,0.002098,0.002060,0.002174,0.002213,0.002174,0.002174,0.002098,0.002174,0.002174,0.002174,0.002174,0.002213,0.002174,0.002213,0.002289,0.002289,0.002251,0.002289,0.002289,0.002289,0.002289,0.002251,0.002289,0.002289,0.002251,0.002213,0.002251,0.002251,0.002251,0.002213,0.002213,0.002251,0.002251,0.002213,0.002251,0.002289,0.002213,0.002213,0.002213,0.002251,0.002213,0.002251,0.002251,0.002213,0.002251,0.002251,0.002251,0.002251,0.002213,0.002213,0.002213,0.002251,0.002289,0.002251,0.002289,0.002213,0.002289,0.002289,0.002251,0.002289,0.002213,0.002251,0.002213,0.002289,0.002251,0.002213,0.002289,0.002251,0.002251,0.002327,0.002251,0.002213,0.002251,0.002251,0.002213,0.002251,0.002251,0.002213,0.002213,0.002251,0.002174,0.002213,0.002213,0.002174,0.002174,0.002174,0.002213,0.002213,0.002136,0.002174,0.002174,0.002213,0.002213,0.002213,0.002174,0.002174,0.002213,0.002136,0.002174,0.002174,0.002174,0.002213,0.002213,0.002213,0.002174,0.002174,0.002213,0.002213,0.002213,0.002213,0.002174,0.002251,0.002251,0.002251,0.002213,0.002213,0.002213,0.002251,0.002251,0.002213,0.002213,0.002251,0.002213,0.002213,0.002251,0.002289,0.002174,0.002213,0.002251,0.002174,0.002251,0.002136,0.002213,0.002213,0.002136,0.002174,0.002174,0.002174,0.002174,0.002136,0.002098,0.002098,0.002136,0.002060,0.002098,0.002098,0.002136,0.002098,0.002098,0.002060,0.002098,0.002098,0.002098,0.002098,0.002060,0.002174,0.002136,0.002136,0.002136,0.002174,0.002136,0.002174,0.002213,0.002174,0.002213,0.002251,0.002251,0.002289,0.002289,0.002327,0.002365,0.002365,0.002365,0.002403,0.002403,0.002365,0.002403,0.002441,0.002480,0.002556,0.002480,0.002518,0.002480,0.002480,0.002480,0.002480,0.002441,0.002403,0.002365,0.002403,0.002327,0.002289,0.002213,0.002174,0.002174,0.002098,0.002060,0.002022,0.001984,0.001984,0.001984,0.001984,0.001984,0.001945,0.001869,0.001831,0.001907,0.001869,0.001907,0.001907,0.001907,0.001907,0.001945,0.002022,0.002022,0.002022,0.002060,0.002060,0.002098,0.002022,0.002060,0.002098,0.002098,0.002174,0.002136,0.002174,0.002174,0.002098,0.002174,0.002098,0.002136,0.002098,0.002060,0.002060,0.002060,0.002098,0.002060,0.001984,0.002060,0.002022,0.002022,0.002022,0.002060,0.002136,0.002098,0.002174,0.002136,0.002174,0.002174,0.002136,0.002174,0.002136,0.002251,0.002213,0.002289,0.002289,0.002289,0.002289,0.002365,0.002327,0.002365,0.002327,0.002403,0.002327,0.002365,0.002365,0.002365,0.002403,0.002365,0.002403,0.002403,0.002327,0.002327,0.002289,0.002327,0.002327,0.002327,0.002327,0.002327,0.002289,0.002289,0.002289,0.002365,0.002327,0.002365,0.002365,0.002403,0.002365,0.002365,0.002403,0.002327,0.002327,0.002403,0.002403,0.002365,0.002327,0.002289,0.002365,0.002327,0.002289,0.002213,0.002213,0.002251,0.002174,0.002136,0.002060,0.002098,0.002060,0.002022,0.002022,0.001907,0.001945,0.001907,0.001907,0.001907,0.001984,0.001945,0.001907,0.001831,0.001831,0.001869,0.001869,0.001869,0.001907,0.001907,0.001869,0.001869,0.001831,0.001907,0.001907,0.001907,0.001907,0.001907,0.001907,0.001907,0.002022,0.001984,0.001984,0.002022,0.002022,0.002022,0.002098,0.002098,0.002060,0.002136,0.002136,0.002098,0.002098,0.002136,0.002174,0.002136,0.002136,0.002174,0.002213,0.002174,0.002213,0.002174,0.002174,0.002136,0.002136,0.002174,0.002174,0.002136,0.002174,0.002174,0.002136,0.002136,0.002174,0.002174,0.002174,0.002213,0.002174,0.002174,0.002174,0.002174,0.002251,0.002098,0.002136,0.002213,0.002289,0.002213,0.002174,0.002289,0.002213,0.002251,0.002251,0.002289,0.002289,0.002251,0.002289,0.002289,0.002251,0.002289,0.002289,0.002365,0.002403,0.002289,0.002289,0.002327,0.002327,0.002327,0.002289,0.002327,0.002289,0.002327,0.002251,0.002289,0.002289,0.002213,0.002289,0.002251,0.002213,0.002213,0.002136,0.002136,0.002098,0.002174,0.002136,0.002060,0.002098,0.002060,0.002060,0.002098,0.002060,0.002136,0.002060,0.002136,0.002098,0.002136,0.002213,0.002174,0.002174,0.002174,0.002174,0.002251,0.002251,0.002251,0.002213,0.002174,0.002213,0.002174,0.002136,0.002098,0.002174,0.002136,0.002060,0.002136,0.002060,0.002060,0.002060,0.001984,0.001984,0.002022,0.002022,0.001945,0.001945,0.001984,0.001907,0.002022,0.001945,0.001984,0.001945,0.001945,0.001984,0.002060,0.002098,0.002060,0.002098,0.002098,0.002098,0.002174,0.002174,0.002174,0.002174,0.002213,0.002213,0.002213,0.002251,0.002213,0.002213,0.002213,0.002213,0.002213,0.002174,0.002174,0.002174,0.002174,0.002174,0.002136,0.002174,0.002213,0.002136,0.002098,0.002136,0.002098,0.002098,0.002060,0.002060,0.002022,0.002136,0.002098,0.002060,0.002136,0.002136,0.002098,0.002098,0.002060,0.002098,0.002098,0.002174,0.002136,0.002174,0.002174,0.002174,0.002213,0.002174,0.002174,0.002251,0.002213,0.002289,0.002251,0.002213,0.002327,0.002327,0.002365,0.002327,0.002327,0.002365,0.002365,0.002365,0.002327,0.002403,0.002403,0.002403,0.002403,0.002327,0.002403,0.002403,0.002365,0.002327,0.002327,0.002289,0.002289,0.002289,0.002327,0.002251,0.002174,0.002213,0.002213,0.002213,0.002136,0.002213,0.002098,0.002136,0.002174,0.002136,0.002136,0.002098,0.002136,0.002136,0.002136,0.002136,0.002136,0.002136,0.002136,0.002136,0.002098,0.002060,0.002136,0.002098,0.002098,0.002098,0.002098,0.002060,0.002022,0.001984,0.002022,0.001984,0.002022,0.001945,0.001945,0.001945,0.001869,0.001945,0.001869,0.001907,0.001869,0.001869,0.001907,0.001945,0.001907,0.001869,0.001869,0.001907,0.001907,0.001907,0.001907,0.001984,0.001984,0.001984,0.002022,0.002022,0.002022,0.002022,0.001984,0.001984,0.002060,0.002060,0.002060,0.001984,0.002060,0.002022,0.002060,0.002060,0.002022,0.002060,0.002022,0.002060,0.002060,0.002060,0.001984,0.001984,0.002098,0.002060,0.002098,0.002098,0.002022,0.002060,0.001984,0.002060,0.002060,0.002060,0.002174,0.002136,0.002136,0.002060,0.002136,0.002174,0.002136,0.002251,0.002174,0.002174,0.002174,0.002213,0.002251,0.002289,0.002251,0.002289,0.002251,0.002289,0.002251,0.002251,0.002327,0.002327,0.002327,0.002289,0.002365,0.002365,0.002327,0.002403,0.002403,0.002441,0.002403,0.002441,0.002518,0.002480,0.002480,0.002480,0.002518,0.002556,0.002480,0.002518,0.002480,0.002556,0.002518,0.002480,0.002480,0.002403,0.002403,0.002403,0.002327,0.002365,0.002251,0.002251,0.002213,0.002136,0.002136,0.002098,0.002098,0.002060,0.001984,0.001984,0.001869,0.001945,0.001907,0.001907,0.001869,0.001831,0.001869,0.001793,0.001831,0.001907,0.001831,0.001831,0.001831,0.001869,0.001907,0.001869,0.001907,0.001869,0.001945,0.001945,0.001984,0.001984,0.001984,0.001984,0.001945,0.002022,0.002022,0.002022,0.002098,0.002060,0.002136,0.002098,0.002098,0.002136,0.002213,0.002213,0.002213,0.002251,0.002251,0.002213,0.002251,0.002327,0.002289,0.002289,0.002289,0.002365,0.002327,0.002365,0.002403,0.002365,0.002365,0.002327,0.002403,0.002441,0.002441,0.002403,0.002365,0.002441,0.002403,0.002365,0.002365,0.002365,0.002441,0.002403,0.002403,0.002403,0.002403,0.002365,0.002403,0.002403,0.002441,0.002403,0.002403,0.002365,0.002365,0.002365,0.002365,0.002403,0.002289,0.002327,0.002327,0.002327,0.002327,0.002289,0.002365,0.002251,0.002327,0.002327,0.002251,0.002251,0.002289,0.002289,0.002289,0.002174,0.002213,0.002251,0.002251,0.002251,0.002213,0.002251,0.002213,0.002213,0.002213,0.002174,0.002174,0.002136,0.002213,0.002174,0.002098,0.002136,0.002136,0.002136,0.002098,0.002098,0.002136,0.002060,0.002060,0.002060,0.002022,0.002022,0.001984,0.002022,0.001984,0.002022,0.001984,0.001984,0.002022,0.002022,0.002022,0.002022,0.002022,0.002022,0.001984,0.002060,0.002060,0.002098,0.002136,0.002060,0.002060,0.002022,0.002098,0.002136,0.002060,0.002060,0.002060,0.002136,0.002136,0.002060,0.002098,0.002098,0.002098,0.002136,0.002136,0.002174,0.002136,0.002174,0.002136,0.002251,0.002251,0.002213,0.002174,0.002251,0.002251,0.002251,0.002289,0.002327,0.002289,0.002327,0.002327,0.002327,0.002365,0.002327,0.002289,0.002289,0.002289,0.002365,0.002327,0.002403,0.002365,0.002365,0.002327,0.002289,0.002365,0.002365,0.002403,0.002327,0.002289,0.002289,0.002327,0.002327,0.002365,0.002289,0.002289,0.002289,0.002289,0.002289,0.002251,0.002251,0.002251,0.002251,0.002213,0.002174,0.002174,0.002213,0.002213,0.002174,0.002136,0.002174,0.002136,0.002174,0.002174,0.002213,0.002174,0.002213,0.002213,0.002174,0.002174,0.002251,0.002174,0.002136,0.002136,0.002136,0.002174,0.002136,0.002174,0.002098,0.002060,0.002060,0.002098,0.002098,0.002022,0.002060,0.001984,0.002060,0.001984,0.002022,0.002022,0.001945,0.001984,0.001984,0.001907,0.001907,0.001907,0.001945,0.001907,0.001907,0.001869,0.001831,0.001907,0.001907,0.001907,0.001945,0.001945,0.001984,0.001869,0.001907,0.001945,0.001945,0.001945,0.001907,0.001945,0.002022,0.002022,0.002022,0.002098,0.002098,0.002060,0.002060,0.002060,0.002060,0.002098,0.002022,0.002098,0.002174,0.002136,0.002174,0.002174,0.002213,0.002251,0.002213,0.002213,0.002213,0.002213,0.002213,0.002289,0.002289,0.002289,0.002365,0.002365,0.002403,0.002403,0.002365,0.002365,0.002365,0.002441,0.002403,0.002365,0.002403,0.002365,0.002441,0.002403,0.002327,0.002365,0.002289,0.002365,0.002365,0.002289,0.002289,0.002251,0.002289,0.002289,0.002289,0.002289,0.002213,0.002289,0.002289,0.002289,0.002251,0.002289,0.002251,0.002213,0.002251,0.002213,0.002213,0.002251,0.002213,0.002213,0.002213,0.002174,0.002213,0.002213,0.002251,0.002251,0.002213,0.002213,0.002213,0.002251,0.002251,0.002213,0.002213,0.002213,0.002174,0.002174,0.002251,0.002251,0.002251,0.002289,0.002289,0.002251,0.002213,0.002251,0.002251,0.002213,0.002251,0.002213,0.002251,0.002251,0.002251,0.002251,0.002251,0.002251,0.002251,0.002213,0.002289,0.002213,0.002251,0.002251,0.002213,0.002289,0.002213,0.002251,0.002251,0.002251,0.002213,0.002174,0.002251,0.002251,0.002213,0.002213,0.002174,0.002251,0.002251,0.002251,0.002251,0.002136,0.002213,0.002251,0.002213,0.002213,0.002174,0.002251,0.002174,0.002289,0.002251,0.002213,0.002251,0.002251,0.002289,0.002251,0.002289,0.002251,0.002251,0.002289,0.002213,0.002251,0.002251,0.002251,0.002289,0.002251,0.002213,0.002213,0.002251,0.002213,0.002136,0.002174,0.002136,0.002136,0.002174,0.002098,0.002022,0.002060,0.002060,0.002098,0.001945,0.002022,0.002022,0.002022,0.001945,0.001907,0.001984,0.001869,0.001907,0.001907,0.001907,0.001907,0.001907,0.001869,0.001869,0.001907,0.001869,0.001869,0.001869,0.001907,0.001907,0.001907,0.001907,0.001945,0.001984,0.001945,0.001945,0.002022,0.002060,0.002022,0.002098,0.002136,0.002174,0.002213,0.002174,0.002174,0.002251,0.002251,0.002213,0.002213,0.002327,0.002327,0.002327,0.002289,0.002289,0.002327,0.002251,0.002327,0.002327,0.002327,0.002289,0.002251,0.002251,0.002213,0.002174,0.002174,0.002174,0.002213,0.002098,0.002098,0.002174,0.002213,0.002213,0.002174,0.002136,0.002136,0.002174,0.002213,0.002136,0.002251,0.002251,0.002251,0.002289,0.002251,0.002251,0.002327,0.002289,0.002289,0.002251,0.002251,0.002289,0.002365,0.002289,0.002251,0.002251,0.002213,0.002289,0.002289,0.002213,0.002174,0.002174,0.002136,0.002098,0.002060,0.002060,0.002022,0.001984,0.001907,0.001907,0.001869,0.001869,0.001869,0.001793,0.001793,0.001831,0.001831,0.001793,0.001831,0.001869,0.001831,0.001831,0.001907,0.001869,0.001945,0.001907,0.001945,0.001945,0.001984,0.001984,0.001984,0.002022,0.002022,0.002060,0.002098,0.002060,0.002098,0.002060,0.002060,0.002060,0.002098,0.002098,0.002060,0.002098,0.002098,0.002136,0.002060,0.002098,0.002174,0.002060,0.002098,0.002136,0.002098,0.002174,0.002174,0.002136,0.002174,0.002136,0.002136,0.002213,0.002213,0.002213,0.002289,0.002289,0.002289,0.002365,0.002403,0.002365,0.002365,0.002403,0.002365,0.002365,0.002365,0.002403,0.002327,0.002327,0.002365,0.002289,0.002289,0.002289,0.002327,0.002327,0.002289,0.002251,0.002251,0.002251,0.002289,0.002213,0.002289,0.002251,0.002251,0.002251,0.002251,0.002251,0.002251,0.002251,0.002213,0.002251,0.002213,0.002213,0.002213,0.002213,0.002174,0.002213,0.002251,0.002213,0.002213,0.002251,0.002213,0.002213,0.002174,0.002136,0.002174,0.002174,0.002136,0.002136,0.002136,0.002136,0.002098,0.002174,0.002174,0.002060,0.002136,0.002174,0.002136,0.002136,0.002060,0.002098,0.002136,0.002098,0.002022,0.002060,0.002136,0.002060,0.002098,0.002136,0.002136,0.002136,0.002098,0.002136,0.002098,0.002136,0.002098,0.002136,0.002136,0.002174,0.002136,0.002174,0.002136,0.002213,0.002174,0.002174,0.002213,0.002251,0.002213,0.002174,0.002174,0.002213,0.002174,0.002174,0.002136,0.002213,0.002174,0.002213,0.002251,0.002251,0.002251,0.002174,0.002251,0.002174,0.002174,0.002213,0.002174,0.002213,0.002213,0.002136,0.002136,0.002098,0.002136,0.002136,0.002136,0.002136,0.002060,0.002098,0.002136,0.002098,0.002060,0.002060,0.002022,0.002060,0.002060,0.002060,0.002022,0.002022,0.002060,0.002060,0.002022,0.002022,0.002060,0.002060,0.002098,0.002022,0.002098,0.002022,0.002060,0.002060,0.002098,0.002060,0.002022,0.002060,0.002022,0.002098,0.002022,0.002098,0.002098,0.002136,0.002060,0.002136,0.002098,0.002098,0.002098,0.002098,0.002098,0.002060,0.002098,0.002136,0.002098,0.002174,0.002136,0.002174,0.002136,0.002174,0.002174,0.002174,0.002136,0.002174,0.002251,0.002213,0.002174,0.002174,0.002136,0.002174,0.002174,0.002213,0.002174,0.002136,0.002136,0.002136,0.002136,0.002136,0.002098,0.002098,0.002098,0.002136,0.002098,0.002022,0.002136,0.002098,0.002098,0.002136,0.002060,0.002136,0.002174,0.002098,0.002136,0.002136,0.002174,0.002251,0.002136,0.002213,0.002251,0.002251,0.002251,0.002251,0.002251,0.002251,0.002327,0.002289,0.002327,0.002327,0.002289,0.002289,0.002289,0.002289,0.002251,0.002289,0.002289,0.002327,0.002327,0.002251,0.002289,0.002251,0.002251,0.002289,0.002251,0.002251,0.002251,0.002213,0.002213,0.002251,0.002251,0.002213,0.002213,0.002174,0.002174,0.002174,0.002174,0.002174,0.002174,0.002174,0.002174,0.002136,0.002098,0.002098,0.002098,0.002098,0.002098,0.002098,0.002136,0.002098,0.002060,0.002060,0.002060,0.002098,0.002098,0.002060,0.002060,0.002098,0.002022,0.002060,0.002060,0.002060,0.002060,0.001984,0.002022,0.002022,0.002060,0.001984,0.002060,0.002022,0.002022,0.002022,0.002022,0.002022,0.002060,0.002022,0.002060,0.002060,0.002060,0.002098,0.002022,0.002022,0.002060,0.002098,0.002098,0.002060,0.002022,0.002136,0.002136,0.002098,0.002098,0.002136,0.002098,0.002136,0.002098,0.002136,0.002174,0.002136,0.002136,0.002213,0.002174,0.002174,0.002136,0.002213,0.002213,0.002174,0.002289,0.002213,0.002251,0.002327,0.002327,0.002327,0.002327,0.002327,0.002251,0.002365,0.002327,0.002365,0.002327,0.002327,0.002365,0.002365,0.002403,0.002327,0.002365,0.002327,0.002365,0.002365,0.002289,0.002289,0.002327,0.002251,0.002327,0.002289,0.002251,0.002289,0.002251,0.002213,0.002251,0.002213,0.002251,0.002251,0.002251,0.002251,0.002251,0.002174,0.002213,0.002213,0.002213,0.002251,0.002213,0.002251,0.002213,0.002213,0.002251,0.002213,0.002213,0.002289,0.002251,0.002251,0.002251,0.002136,0.002174,0.002174,0.002213,0.002213,0.002174,0.002213,0.002174,0.002213,0.002213,0.002174,0.002213,0.002213,0.002213,0.002213,0.002213,0.002174,0.002213,0.002098,0.002098,0.002060,0.002060,0.002060,0.002022,0.002022,0.001907,0.001907,0.001945,0.001945,0.001945,0.001945,0.002022,0.001984,0.001984,0.001984,0.002060,0.002136,0.002174,0.002213,0.002251,0.002213,0.002289,0.002365,0.002365,0.002403,0.002403,0.002441,0.002441,0.002441,0.002518,0.002518,0.002518,0.002403,0.002403,0.002327,0.002403,0.002289,0.002251,0.002213,0.002213,0.002136,0.002098,0.002098,0.002098,0.002022,0.002060,0.001984,0.002022,0.001984,0.001945,0.002060,0.002060,0.002060,0.002022,0.002060,0.002136,0.002136,0.002174,0.002213,0.002213,0.002213,0.002251,0.002327,0.002289,0.002289,0.002289,0.002289,0.002213,0.002289,0.002327,0.002213,0.002327,0.002289,0.002251,0.002251,0.002289,0.002289,0.002251,0.002289,0.002251,0.002213,0.002251,0.002251,0.002251,0.002251,0.002251,0.002289,0.002251,0.002251,0.002289,0.002289,0.002327,0.002327,0.002327,0.002289,0.002289,0.002327,0.002289,0.002327,0.002327,0.002289,0.002365,0.002327,0.002289,0.002251,0.002327,0.002327,0.002289,0.002251,0.002327,0.002251,0.002289,0.002251,0.002213,0.002289,0.002251,0.002289,0.002289,0.002289,0.002251,0.002289,0.002251,0.002251,0.002251,0.002251,0.002174,0.002174,0.002251,0.002213,0.002251,0.002213,0.002174,0.002174,0.002213,0.002251,0.002174,0.002136,0.002136,0.002136,0.002136,0.002136,0.002136,0.002098,0.002022,0.002098,0.002098,0.002098,0.002098,0.002022,0.002060,0.002060,0.002098,0.002098,0.002098,0.002098,0.002136,0.002136,0.002174,0.002136,0.002174,0.002213,0.002251,0.002251,0.002174,0.002251,0.002213,0.002213,0.002213,0.002251,0.002213,0.002174,0.002213,0.002251,0.002136,0.002213,0.002213,0.002174,0.002174,0.002136,0.002136,0.002174,0.002174,0.002098,0.002136,0.002136,0.002136,0.002136,0.002136,0.002136,0.002213,0.002174,0.002136,0.002174,0.002213,0.002213,0.002174,0.002174,0.002213,0.002213,0.002251,0.002213,0.002174,0.002213,0.002251,0.002251,0.002251,0.002213,0.002213,0.002213,0.002251,0.002213,0.002213,0.002213,0.002213,0.002251,0.002251,0.002213,0.002251,0.002289,0.002289,0.002289,0.002251,0.002213,0.002213,0.002251,0.002289,0.002289,0.002327,0.002251,0.002251,0.002213,0.002213,0.002213,0.002251,0.002213,0.002213,0.002289,0.002289,0.002213,0.002213,0.002251,0.002213,0.002213,0.002213,0.002213,0.002251,0.002251,0.002136,0.002174,0.002174,0.002136,0.002098,0.002098,0.002098,0.002136,0.002098,0.002060,0.002060,0.002060,0.002098,0.002098,0.002098,0.002136,0.002060,0.002022,0.002060,0.002098,0.002136,0.002060,0.002098,0.002098,0.002098,0.002136,0.002136,0.002136,0.002136,0.002136,0.002136,0.002174,0.002136,0.002174,0.002174,0.002174,0.002174,0.002174,0.002174,0.002174,0.002174,0.002213,0.002136,0.002174,0.002213,0.002251,0.002213,0.002174,0.002251,0.002251,0.002251,0.002251,0.002213,0.002289,0.002289,0.002289,0.002289,0.002251,0.002327,0.002289,0.002327,0.002327,0.002289,0.002327,0.002327,0.002365,0.002327,0.002289,0.002327,0.002289,0.002289,0.002289,0.002251,0.002289,0.002213,0.002213,0.002251,0.002213,0.002213,0.002174,0.002136,0.002174,0.002213,0.002136,0.002136,0.002174,0.002098,0.002136,0.002098,0.002098,0.002136,0.002060,0.002098,0.002098,0.002098,0.002098,0.002060,0.002060,0.002060,0.002060,0.002022,0.002098,0.002060,0.001984,0.002022,0.002022,0.001984,0.001984,0.001984,0.001984,0.001984,0.001945,0.001984,0.002022,0.001984,0.001984,0.002060,0.002022,0.002022,0.002022,0.002060,0.002136,0.002098,0.002098,0.002136,0.002098,0.002098,0.002136,0.002136,0.002136,0.002136,0.002174,0.002213,0.002251,0.002213,0.002251,0.002213,0.002251,0.002289,0.002251,0.002289,0.002327,0.002327,0.002289,0.002327,0.002327,0.002251,0.002289,0.002289,0.002289,0.002289,0.002289,0.002213,0.002251,0.002213,0.002213,0.002136,0.002136,0.002060,0.002098,0.002174,0.002060,0.002060,0.002022,0.002022,0.001984,0.001945,0.001945,0.001907,0.001869,0.001945,0.001869,0.001869,0.001869,0.001831,0.001831,0.001869,0.001869,0.001869,0.001945,0.001907,0.001907,0.001945,0.001984,0.001984,0.002022,0.002060,0.002098,0.002060,0.002174,0.002174,0.002213,0.002251,0.002289,0.002289,0.002251,0.002251,0.002251,0.002251,0.002251,0.002289,0.002251,0.002289,0.002327,0.002251,0.002174,0.002213,0.002251,0.002251,0.002251,0.002289,0.002289,0.002251,0.002289,0.002251,0.002251,0.002289,0.002289,0.002251,0.002251,0.002289,0.002289,0.002289,0.002251,0.002289,0.002327,0.002327,0.002289,0.002327,0.002289,0.002327,0.002289,0.002289,0.002289,0.002251,0.002251,0.002251,0.002213,0.002251,0.002213,0.002174,0.002174,0.002136,0.002213,0.002174,0.002098,0.002098,0.002174,0.002098,0.002022,0.002098,0.002098,0.002098,0.002136,0.002136,0.002136,0.002098,0.002098,0.002098,0.002098,0.002060,0.002060,0.002098,0.002098,0.002060,0.002060,0.001984,0.002060,0.002022,0.002060,0.002022,0.002022,0.002022,0.002060,0.002098,0.002098,0.002174,0.002174,0.002174,0.002174,0.002213,0.002213,0.002251,0.002251,0.002174,0.002098,0.002098,0.002098,0.002060,0.002022,0.001945,0.001945,0.001831,0.001907,0.001831,0.001907,0.001831,0.001869,0.001869,0.001869,0.001869,0.001869,0.001869,0.001984,0.001984,0.001984,0.001984,0.001984,0.001945,0.001945,0.001984,0.001984,0.001907,0.001984,0.001945,0.001907,0.001907,0.001907,0.001984,0.001869,0.001907,0.001907,0.001907,0.001907,0.001907,0.001945,0.001984,0.001984,0.001945,0.001945,0.002022,0.002022,0.002098,0.002060,0.002060,0.002098,0.002060,0.002022,0.002060,0.002022,0.002098,0.002060,0.002060,0.001984,0.002098,0.002136,0.002098,0.002060,0.002098,0.002213,0.002213,0.002136,0.002174,0.002213,0.002251,0.002251,0.002289,0.002327,0.002365,0.002403,0.002365,0.002403,0.002480,0.002441,0.002403,0.002403,0.002441,0.002441,0.002441,0.002441,0.002365,0.002441,0.002403,0.002327,0.002289,0.002251,0.002213,0.002213,0.002213,0.002136,0.002174,0.002136,0.002060,0.002060,0.002022,0.002098,0.002060,0.002022,0.002022,0.002060,0.002060,0.002098,0.002098,0.002098,0.002098,0.002213,0.002174,0.002213,0.002213,0.002213,0.002289,0.002289,0.002327,0.002251,0.002289,0.002327,0.002251,0.002289,0.002327,0.002251,0.002251,0.002213,0.002289,0.002251,0.002289,0.002251,0.002213,0.002251,0.002251,0.002251,0.002174,0.002174,0.002213,0.002213,0.002174,0.002213,0.002174,0.002213,0.002213,0.002136,0.002213,0.002251,0.002213,0.002213,0.002251,0.002251,0.002213,0.002251,0.002174,0.002213,0.002213,0.002251,0.002213,0.002213,0.002213,0.002136,0.002213,0.002174,0.002213,0.002251,0.002174,0.002213,0.002213,0.002174,0.002213,0.002213,0.002174,0.002174,0.002174,0.002136,0.002174,0.002251,0.002174,0.002213,0.002213,0.002289,0.002251,0.002213,0.002174,0.002174,0.002251,0.002213,0.002251,0.002251,0.002251,0.002213,0.002213,0.002251,0.002174,0.002174,0.002136,0.002136,0.002174,0.002213,0.002136,0.002174,0.002098,0.002174,0.002136,0.002174,0.002136,0.002136,0.002174,0.002174,0.002213,0.002174,0.002174,0.002174,0.002174,0.002251,0.002251,0.002213,0.002174,0.002174,0.002251,0.002213,0.002213,0.002213,0.002213,0.002289,0.002174,0.002213,0.002213,0.002213,0.002174,0.002174,0.002251,0.002174,0.002174,0.002174,0.002174,0.002289,0.002251,0.002213,0.002251,0.002174,0.002136,0.002174,0.002213,0.002251,0.002213,0.002213,0.002136,0.002213,0.002174,0.002174,0.002213,0.002174,0.002213,0.002136,0.002213,0.002213,0.002174,0.002174,0.002098,0.002136,0.002136,0.002174,0.002136,0.002098,0.002098,0.002098,0.002098,0.002098,0.002060,0.002098,0.002060,0.002060,0.001984,0.002022,0.002022,0.001907,0.002022,0.002022,0.002022,0.002022,0.002060,0.002136,0.002060,0.002060,0.002098,0.002136,0.002136,0.002136,0.002136,0.002174,0.002213,0.002213,0.002213,0.002251,0.002174,0.002251,0.002251,0.002213,0.002213,0.002251,0.002289,0.002289,0.002251,0.002327,0.002289,0.002365,0.002327,0.002365,0.002403,0.002365,0.002365,0.002365,0.002365,0.002365,0.002327,0.002365,0.002365,0.002365,0.002365,0.002327,0.002251,0.002213,0.002289,0.002251,0.002289,0.002251,0.002136,0.002213,0.002213,0.002251,0.002174,0.002136,0.002174,0.002174,0.002289,0.002251,0.002251,0.002251,0.002174,0.002213,0.002251,0.002213,0.002251,0.002251,0.002289,0.002213,0.002251,0.002251,0.002251,0.002289,0.002327,0.002289,0.002289,0.002327,0.002289,0.002289,0.002365,0.002327,0.002327,0.002289,0.002365,0.002365,0.002289,0.002365,0.002365,0.002289,0.002289,0.002251,0.002327,0.002213,0.002251,0.002213,0.002174,0.002213,0.002213,0.002213,0.002136,0.002098,0.002098,0.002060,0.002098,0.002022,0.002022,0.002022,0.002022,0.001984,0.001945,0.001907,0.001945,0.001945,0.001945,0.001945,0.001945,0.001907,0.001945,0.001907,0.001945,0.001984,0.002022,0.001984,0.002022,0.002060,0.002060,0.002060,0.002136,0.002136,0.002213,0.002174,0.002251,0.002251,0.002327,0.002289,0.002327,0.002365,0.002327,0.002365,0.002327,0.002441,0.002365,0.002403,0.002365,0.002365,0.002327,0.002365,0.002403,0.002327,0.002289,0.002251,0.002289,0.002289,0.002289,0.002289,0.002136,0.002251,0.002251,0.002213,0.002213,0.002213,0.002174,0.002174,0.002136,0.002174,0.002174,0.002174,0.002213,0.002251,0.002213,0.002213,0.002251,0.002251,0.002289,0.002251,0.002327,0.002289,0.002289,0.002365,0.002365,0.002365,0.002403,0.002327,0.002327,0.002365,0.002403,0.002365,0.002327,0.002403,0.002327,0.002327,0.002327,0.002327,0.002327,0.002327,0.002289,0.002289,0.002289,0.002251,0.002213,0.002251,0.002213,0.002251,0.002213,0.002289,0.002251,0.002213,0.002174,0.002174,0.002251,0.002251,0.002251,0.002251,0.002213,0.002251,0.002213,0.002251,0.002365,0.002289,0.002289,0.002327,0.002289,0.002327,0.002251,0.002289,0.002213,0.002251,0.002174,0.002251,0.002213,0.002174,0.002174,0.002136,0.002136,0.002136,0.002098,0.002136,0.002060,0.002060,0.002136,0.002098,0.002022,0.002060,0.002060,0.002022,0.002060,0.002060,0.002060,0.002060,0.002022,0.002060,0.002136,0.002060,0.002060,0.002022,0.002060,0.002022,0.002060,0.002098,0.002060,0.002060,0.002098,0.002060,0.002098,0.002060,0.002022,0.002098,0.002136,0.002098,0.002136,0.002098,0.002098,0.002136,0.002136,0.002136,0.002136,0.002136,0.002060,0.002060,0.002060,0.002022,0.002098,0.002098,0.002060,0.002060,0.002060,0.002060,0.002022,0.002022,0.002060,0.002098,0.002060,0.002060,0.002022,0.002060,0.002098,0.002098,0.002136,0.002098,0.002098,0.002136,0.002136,0.002174,0.002213,0.002136,0.002136,0.002174,0.002098,0.002213,0.002174,0.002174,0.002136,0.002174,0.002174,0.002174,0.002174,0.002213,0.002213,0.002213,0.002213,0.002174,0.002174,0.002174,0.002174,0.002136,0.002136,0.002174,0.002098,0.002136,0.002060,0.002060,0.002136,0.002098,0.002098,0.002136,0.002136,0.002060,0.002060,0.002060,0.002060,0.002098,0.002022,0.002022,0.002060,0.002060,0.002060,0.002022,0.002098,0.002060,0.002098,0.002060,0.002098,0.002022,0.001984,0.002098,0.002060,0.002022,0.002022,0.002098,0.002060,0.002060,0.002136,0.002136,0.002098,0.002136,0.002098,0.002174,0.002136,0.002136,0.002136,0.002174,0.002136,0.002174,0.002174,0.002136,0.002136,0.002174,0.002098,0.002136,0.002174,0.002213,0.002174,0.002213,0.002174,0.002174,0.002174,0.002174,0.002136,0.002174,0.002174,0.002136,0.002174,0.002174,0.002174,0.002213,0.002136,0.002136,0.002174,0.002174,0.002174,0.002174,0.002136,0.002174,0.002174,0.002136,0.002136,0.002174,0.002174,0.002174,0.002174,0.002136,0.002136,0.002136,0.002136,0.002174,0.002213,0.002136,0.002174,0.002174,0.002213,0.002251,0.002213,0.002174,0.002213,0.002213,0.002213,0.002289,0.002251,0.002289,0.002289,0.002213,0.002289,0.002289,0.002289,0.002327,0.002289,0.002327,0.002289,0.002327,0.002365,0.002289,0.002327,0.002327,0.002327,0.002327,0.002327,0.002327,0.002327,0.002327,0.002289,0.002289,0.002289,0.002251,0.002251,0.002174,0.002213,0.002213,0.002251,0.002251,0.002136,0.002174,0.002136,0.002136,0.002136,0.002060,0.002098,0.002098,0.002098,0.002060,0.002060,0.002060,0.002060,0.002060,0.002022,0.002098,0.002060,0.002022,0.002060,0.002060,0.002022,0.002022,0.002060,0.002022,0.001984,0.002022,0.001984,0.001984,0.002060,0.002022,0.002022,0.002022,0.002022,0.002022,0.002022,0.002022,0.002022,0.002060,0.002022,0.002060,0.002060,0.002060,0.002060,0.002060,0.002098,0.002060,0.002098,0.002098,0.002060,0.002098,0.002098,0.002098,0.002098,0.002098,0.002098,0.002098,0.002098,0.002136,0.002136,0.002098,0.002098,0.002098,0.002098,0.002136,0.002136,0.002098,0.002136,0.002098,0.002174,0.002174,0.002136,0.002174,0.002174,0.002174,0.002174,0.002213,0.002213,0.002213,0.002251,0.002251,0.002213,0.002213,0.002213,0.002251,0.002251,0.002327,0.002289,0.002251,0.002289,0.002251,0.002289,0.002289,0.002251,0.002251,0.002251,0.002251,0.002213,0.002251,0.002174,0.002098,0.002136,0.002060,0.002136,0.002098,0.002098,0.002022,0.001984,0.002060,0.001984,0.001945,0.001907,0.001907,0.001907,0.001869,0.001907,0.001869,0.001869,0.001907,0.001869,0.001945,0.001907,0.001984,0.001945,0.001907,0.001984,0.001945,0.002022,0.002022,0.002060,0.002022,0.001945,0.002060,0.002022,0.002022,0.002060,0.002022,0.002098,0.002022,0.002060,0.002022,0.002022,0.002022,0.001945,0.002022,0.001984,0.001907,0.001907,0.001945,0.001945,0.001907,0.001907,0.001945,0.001907,0.001907,0.001907,0.001945,0.001907,0.001945,0.001907,0.001945,0.002022,0.001945,0.001984,0.002022,0.002060,0.002022,0.002060,0.002098,0.002098,0.002136,0.002136,0.002213,0.002213,0.002213,0.002251,0.002251,0.002289,0.002289,0.002289,0.002327,0.002289,0.002365,0.002327,0.002365,0.002365,0.002441,0.002441,0.002403,0.002441,0.002518,0.002518,0.002441,0.002480,0.002556,0.002556,0.002480,0.002632,0.002556,0.002556,0.002556,0.002632,0.002594,0.002594,0.002632,0.002556,0.002556,0.002556,0.002556,0.002594,0.002594,0.002594,0.002556,0.002518,0.002556,0.002556,0.002556,0.002518,0.002480,0.002480,0.002441,0.002480,0.002441,0.002403,0.002365,0.002403,0.002403,0.002327,0.002327,0.002289,0.002289,0.002251,0.002213,0.002289,0.002251,0.002174,0.002213,0.002174,0.002136,0.002174,0.002251,0.002213,0.002174,0.002174,0.002174,0.002213,0.002136,0.002174,0.002174,0.002174,0.002136,0.002136,0.002136,0.002174,0.002174,0.002174,0.002098,0.002098,0.002098,0.002060,0.002060,0.002136,0.002136,0.002098,0.002136,0.002022,0.002022,0.002098,0.002022,0.002060,0.001984,0.001984,0.001945,0.001984,0.001945,0.002022,0.001945,0.001907,0.001945,0.001945,0.001984,0.001984,0.001907,0.001945,0.001907,0.001945,0.001984,0.001945,0.001945,0.001907,0.001945,0.001945,0.001945,0.001945,0.001907,0.001907,0.002022,0.002022,0.001984,0.002022,0.002022,0.002060,0.002060,0.002060,0.002098,0.002136,0.002098,0.002022,0.002136,0.002174,0.002136,0.002136,0.002098,0.002098,0.002136,0.002098,0.002098,0.002136,0.002060,0.002060,0.002060,0.002098,0.002060,0.002060,0.002174,0.002136,0.002060,0.002098,0.002136,0.002136,0.002098,0.002174,0.002174,0.002213,0.002136,0.002174,0.002174,0.002213,0.002213,0.002213,0.002174,0.002174,0.002213,0.002251,0.002251,0.002174,0.002174,0.002174,0.002251,0.002251,0.002251,0.002213,0.002251,0.002213,0.002136,0.002213,0.002213,0.002213,0.002213,0.002251,0.002251,0.002251,0.002213,0.002213,0.002251,0.002213,0.002251,0.002213,0.002251,0.002251,0.002251,0.002251,0.002213,0.002213,0.002213,0.002251,0.002251,0.002289,0.002251,0.002213,0.002289,0.002289,0.002289,0.002327,0.002365,0.002289,0.002289,0.002289,0.002327,0.002327,0.002289,0.002289,0.002289,0.002251,0.002289,0.002213,0.002289,0.002289,0.002289,0.002251,0.002213,0.002213,0.002213,0.002251,0.002174,0.002213,0.002213,0.002213,0.002213,0.002213,0.002213,0.002251,0.002289,0.002289,0.002213,0.002251,0.002251,0.002289,0.002251,0.002213,0.002251,0.002251,0.002251,0.002251,0.002251,0.002251,0.002251,0.002289,0.002251,0.002251,0.002251,0.002213,0.002213,0.002213,0.002289,0.002327,0.002213,0.002251,0.002213,0.002251,0.002213,0.002289,0.002251,0.002213,0.002213,0.002251,0.002213,0.002213,0.002251,0.002213,0.002174,0.002251,0.002213,0.002251,0.002289,0.002251,0.002213,0.002213,0.002251,0.002136,0.002174,0.002251,0.002213,0.002213,0.002213,0.002174,0.002213,0.002136,0.002174,0.002174,0.002174,0.002213,0.002136,0.002136,0.002098,0.002098,0.002174,0.002136,0.002136,0.002136,0.002136,0.002098,0.002136,0.002136,0.002136,0.002174,0.002174,0.002174,0.002060,0.002060,0.002174,0.002213,0.002136,0.002098,0.002098,0.002136,0.002136,0.002136,0.002174,0.002136,0.002136,0.002213,0.002213,0.002213,0.002213,0.002174,0.002251,0.002213,0.002174,0.002289,0.002251,0.002289,0.002327,0.002327,0.002327,0.002289,0.002327,0.002289,0.002289,0.002289,0.002289,0.002251,0.002289,0.002327,0.002289,0.002289,0.002365,0.002365,0.002327,0.002327,0.002327,0.002213,0.002289,0.002289,0.002289,0.002289,0.002251,0.002251,0.002251,0.002213,0.002251,0.002213,0.002251,0.002213,0.002174,0.002251,0.002174,0.002174,0.002136,0.002098,0.002098,0.002098,0.002098,0.002060,0.002098,0.002060,0.002098,0.002098,0.002022,0.002060,0.002060,0.002060,0.002022,0.002060,0.001984,0.001945,0.002022,0.001907,0.001984,0.001945,0.001984,0.002022,0.002022,0.001945,0.002022,0.002060,0.002022,0.002022,0.002022,0.002060,0.002098,0.002136,0.002136,0.002136,0.002136,0.002213,0.002174,0.002174,0.002213,0.002174,0.002213,0.002136,0.002174,0.002213,0.002251,0.002251,0.002213,0.002289,0.002251,0.002213,0.002213,0.002213,0.002174,0.002174,0.002213,0.002213,0.002136,0.002136,0.002136,0.002174,0.002251,0.002174,0.002174,0.002098,0.002136,0.002136,0.002098,0.002098,0.002098,0.002174,0.002098,0.002098,0.002098,0.002174,0.002174,0.002136,0.002174,0.002098,0.002136,0.002136,0.002136,0.002136,0.002098,0.002136,0.002098,0.002136,0.002174,0.002136,0.002174,0.002174,0.002098,0.002098,0.002136,0.002174,0.002098,0.002098,0.002098,0.002098,0.002060,0.002022,0.002098,0.002022,0.002060,0.002022,0.002060,0.002098,0.002098,0.002098,0.002060,0.002060,0.002022,0.002098,0.002136,0.002098,0.002098,0.002136,0.002098,0.002174,0.002136,0.002174,0.002174,0.002213,0.002174,0.002213,0.002289,0.002213,0.002251,0.002174,0.002251,0.002251,0.002213,0.002213,0.002213,0.002289,0.002251,0.002213,0.002251,0.002174,0.002174,0.002213,0.002213,0.002213,0.002174,0.002174,0.002213,0.002251,0.002174,0.002213,0.002289,0.002289,0.002251,0.002213,0.002251,0.002251,0.002251,0.002251,0.002251,0.002327,0.002213,0.002251,0.002251,0.002289,0.002289,0.002174,0.002251,0.002251,0.002174,0.002174,0.002213,0.002213,0.002213,0.002174,0.002136,0.002136,0.002213,0.002136,0.002136,0.002098,0.002174,0.002136,0.002136,0.002174,0.002098,0.002060,0.002060,0.002098,0.002136,0.002136,0.002060,0.002060,0.002098,0.002136,0.002060,0.002098,0.002022,0.002098,0.002060,0.002060,0.002060,0.002060,0.002098,0.002136,0.002022,0.002022,0.002098,0.002060,0.002098,0.002136,0.002098,0.002098,0.002098,0.002174,0.002098,0.002098,0.002098,0.002060,0.002098,0.002060,0.002098,0.002174,0.002136,0.002098,0.002098,0.002136,0.002174,0.002136,0.002136,0.002136,0.002136,0.002136,0.002174,0.002174,0.002098,0.002174,0.002174,0.002136,0.002136,0.002136,0.002136,0.002174,0.002174,0.002174,0.002174,0.002174,0.002136,0.002174,0.002136,0.002174,0.002136,0.002174,0.002213,0.002174,0.002174,0.002136,0.002213,0.002174,0.002136,0.002174,0.002213,0.002174,0.002213,0.002174,0.002174,0.002098,0.002136,0.002174,0.002136,0.002174,0.002174,0.002213,0.002174,0.002136,0.002136,0.002098,0.002098,0.002098,0.002060,0.002060,0.002060,0.002022,0.002022,0.001984,0.001984,0.001984,0.001945,0.001907,0.001945,0.001945,0.002022,0.001907,0.001945,0.001907,0.001907,0.001984,0.001945,0.001945,0.001945,0.001907,0.001984,0.002022,0.001945,0.002022,0.001984,0.001945,0.002060,0.002098,0.002098,0.002022,0.002098,0.002136,0.002174,0.002136,0.002174,0.002174,0.002174,0.002174,0.002213,0.002213,0.002174,0.002213,0.002213,0.002251,0.002213,0.002213,0.002251,0.002174,0.002174,0.002174,0.002213,0.002213,0.002174,0.002213,0.002098,0.002174,0.002251,0.002213,0.002174,0.002136,0.002174,0.002136,0.002174,0.002174,0.002136,0.002136,0.002136,0.002136,0.002174,0.002136,0.002098,0.002136,0.002136,0.002136,0.002174,0.002174,0.002213,0.002213,0.002136,0.002174,0.002213,0.002213,0.002213,0.002213,0.002213,0.002174,0.002213,0.002251,0.002289,0.002289,0.002251,0.002213,0.002213,0.002327,0.002327,0.002251,0.002289,0.002213,0.002251,0.002251,0.002213,0.002251,0.002213,0.002251,0.002213,0.002213,0.002213,0.002251,0.002213,0.002213,0.002213,0.002213,0.002213,0.002174,0.002136,0.002136,0.002098,0.002174,0.002174,0.002174,0.002174,0.002136,0.002136,0.002136,0.002174,0.002098,0.002136,0.002136,0.002098,0.002174,0.002060,0.002098,0.002098,0.002022,0.002060,0.002060,0.002060,0.002098,0.002060,0.002136,0.002098,0.002060,0.002060,0.002098,0.002098,0.002060,0.002098,0.002060,0.002098,0.002098,0.002136,0.002098,0.002136,0.002174,0.002098,0.002098,0.002136,0.002098,0.002060,0.002060,0.002098,0.002098,0.002136,0.002136,0.002098,0.002098,0.002060,0.002098,0.002136,0.002136,0.002060,0.002098,0.002098,0.002136,0.002136,0.002098,0.002098,0.002098,0.002174,0.002213,0.002136,0.002174,0.002174,0.002174,0.002098,0.002136,0.002136,0.002136,0.002136,0.002174,0.002136,0.002136,0.002136,0.002136,0.002136,0.002136,0.002213,0.002174,0.002136,0.002136,0.002213,0.002213,0.002251,0.002213,0.002136,0.002213,0.002136,0.002213,0.002251,0.002251,0.002289,0.002174,0.002213,0.002251,0.002251,0.002289,0.002327,0.002365,0.002327,0.002327,0.002327,0.002365,0.002365,0.002289,0.002327,0.002365,0.002327,0.002365,0.002403,0.002403,0.002365,0.002365,0.002365,0.002441,0.002403,0.002327,0.002441,0.002365,0.002441,0.002403,0.002327,0.002365,0.002289,0.002289,0.002251,0.002327,0.002327,0.002289,0.002289,0.002251,0.002213,0.002174,0.002213,0.002213,0.002174,0.002213,0.002136,0.002174,0.002174,0.002174,0.002174,0.002098,0.002136,0.002136,0.002098,0.002174,0.002136,0.002174,0.002136,0.002174,0.002098,0.002136,0.002213,0.002174,0.002213,0.002136,0.002174,0.002136,0.002174,0.002136,0.002136,0.002174,0.002136,0.002174,0.002213,0.002174,0.002136,0.002174,0.002174,0.002174,0.002251,0.002213,0.002213,0.002251,0.002251,0.002289,0.002289,0.002289,0.002289,0.002251,0.002289,0.002289,0.002289,0.002289,0.002327,0.002327,0.002289,0.002327,0.002327,0.002365,0.002365,0.002251,0.002365,0.002327,0.002365,0.002327,0.002251,0.002327,0.002251,0.002251,0.002289,0.002327,0.002251,0.002213,0.002213,0.002251,0.002289,0.002098,0.002174,0.002213,0.002136,0.002136,0.002060,0.002098,0.002098,0.002060,0.002060,0.002060,0.002136,0.002098,0.002098,0.002060,0.002022,0.002098,0.002060,0.002060,0.002060,0.002098,0.002060,0.002060,0.002060,0.002022,0.002060,0.002060,0.002098,0.002136,0.002060,0.002136,0.002098,0.002098,0.002098,0.002136,0.002174,0.002098,0.002174,0.002136,0.002213,0.002251,0.002174,0.002251,0.002251,0.002251,0.002289,0.002251,0.002327,0.002251,0.002289,0.002213,0.002251,0.002251,0.002213,0.002289,0.002251,0.002289,0.002213,0.002213,0.002174,0.002174,0.002136,0.002136,0.002098,0.002136,0.002136,0.002060,0.002022,0.001984,0.002060,0.002098,0.002022,0.002022,0.002022,0.002022,0.002060,0.001984,0.001984,0.001984,0.002060,0.002022,0.002060,0.002060,0.002098,0.002136,0.002098,0.002136,0.002098,0.002174,0.002213,0.002174,0.002174,0.002213,0.002213,0.002251,0.002365,0.002289,0.002289,0.002289,0.002365,0.002327,0.002327,0.002327,0.002403,0.002327,0.002327,0.002289,0.002327,0.002441,0.002327,0.002327,0.002365,0.002327,0.002289,0.002327,0.002327,0.002327,0.002365,0.002365,0.002289,0.002327,0.002327,0.002327,0.002251,0.002289,0.002365,0.002289,0.002365,0.002327,0.002365,0.002327,0.002365,0.002327,0.002289,0.002403,0.002365,0.002327,0.002289,0.002327,0.002289,0.002251,0.002327,0.002327,0.002289,0.002289,0.002251,0.002327,0.002327,0.002289,0.002289,0.002365,0.002327,0.002289,0.002251,0.002289,0.002365,0.002327,0.002327,0.002365,0.002365,0.002327,0.002365,0.002327,0.002365,0.002327,0.002365,0.002365,0.002289,0.002327,0.002327,0.002365,0.002327,0.002289,0.002327,0.002327,0.002289,0.002289,0.002327,0.002251,0.002289,0.002213,0.002327,0.002289,0.002251,0.002213,0.002251,0.002213,0.002213,0.002174,0.002174,0.002251,0.002289,0.002213,0.002174,0.002136,0.002174,0.002213,0.002174,0.002174,0.002136,0.002136,0.002098,0.002174,0.002136,0.002098,0.002060,0.002060,0.002098,0.002022,0.002022,0.001984,0.001984,0.002022,0.001945,0.002022,0.001984,0.001984,0.001984,0.001945,0.001984,0.001907,0.001907,0.001869,0.001984,0.001984,0.001945,0.001984,0.001945,0.001945,0.002022,0.001984,0.002022,0.002022,0.001945,0.002022,0.002022,0.002060,0.002022,0.002098,0.002060,0.002098,0.002098,0.002136,0.002136,0.002098,0.002136,0.002136,0.002136,0.002136,0.002136,0.002174,0.002136,0.002136,0.002174,0.002174,0.002136,0.002174,0.002213,0.002174,0.002213,0.002174,0.002213,0.002251,0.002213,0.002213,0.002251,0.002289,0.002251,0.002289,0.002327,0.002289,0.002289,0.002289,0.002327,0.002289,0.002289,0.002327,0.002327,0.002327,0.002365,0.002289,0.002289,0.002327,0.002327,0.002251,0.002251,0.002251,0.002213,0.002213,0.002251,0.002174,0.002174,0.002136,0.002174,0.002174,0.002174,0.002098,0.002060,0.002060,0.002060,0.002022,0.002060,0.002098,0.002022,0.002022,0.002022,0.002022,0.002022,0.002022,0.002060,0.002022,0.002060,0.002022,0.002098,0.002060,0.002060,0.002022,0.002098,0.002098,0.002022,0.002022,0.002022,0.002022,0.002060,0.001945,0.002022,0.002060,0.002022,0.002022,0.002060,0.002060,0.002022,0.002022,0.002022,0.002022,0.002060,0.002060,0.002098,0.002022,0.002022,0.002060,0.002098,0.002098,0.002098,0.002136,0.002098,0.002098,0.002098,0.002136,0.002136,0.002136,0.002174,0.002174,0.002174,0.002174,0.002174,0.002174,0.002213,0.002174,0.002174,0.002174,0.002213,0.002174,0.002174,0.002213,0.002174,0.002136,0.002174,0.002174,0.002174,0.002213,0.002174,0.002174,0.002174,0.002213,0.002174,0.002136,0.002174,0.002251,0.002174,0.002174,0.002251,0.002213,0.002213,0.002251,0.002213,0.002213,0.002213,0.002098,0.002174,0.002136,0.002213,0.002174,0.002174,0.002136,0.002136,0.002213,0.002174,0.002174,0.002136,0.002098,0.002174,0.002098,0.002136,0.002136,0.002098,0.002136,0.002060,0.002060,0.002060,0.002060,0.002022,0.001984,0.002022,0.002022,0.002022,0.002022,0.002022,0.002022,0.002098,0.002098,0.002060,0.002060,0.002022,0.002022,0.002022,0.002060,0.002060,0.002060,0.002022,0.001984,0.002060,0.002060,0.002060,0.002022,0.002060,0.002098,0.002098,0.002060,0.002136,0.002136,0.002136
15,19:00:00.000,12/31/1903,0.000000,0.100000,UNKNOWN,1,0/0,0.000000,0.000000,0.000000,0.000000,0.000000,0.000000,0.000000,0.000000,0,0,0,0,0.002213,0.002251,0.002251,0.002213,0.002174,0.002251,0.002251,0.002213,0.002213,0.002251,0.002213,0.002174,0.002174,0.002213,0.002213,0.002174,0.002213,0.002136,0.002213,0.002174,0.002213,0.002174,0.002136,0.002136,0.002174,0.002174,0.002174,0.002136,0.002174,0.002174,0.002136,0.002136,0.002136,0.002213,0.002174,0.002174,0.002174,0.002174,0.002174,0.002174,0.002213,0.002213,0.002174,0.002136,0.002174,0.002136,0.002098,0.002174,0.002136,0.002136,0.002136,0.002174,0.002136,0.002098,0.002136,0.002136,0.002136,0.002136,0.002098,0.002174,0.002098,0.002098,0.002060,0.002060,0.002098,0.002060,0.002060,0.002098,0.002060,0.002022,0.002022,0.002060,0.002060,0.002060,0.002060,0.002060,0.002060,0.002060,0.002060,0.002060,0.002022,0.001984,0.002060,0.002022,0.002022,0.002022,0.002098,0.002022,0.002098,0.002022,0.002060,0.002060,0.002060,0.002022,0.002060,0.002098,0.002060,0.002060,0.002136,0.002060,0.002060,0.002098,0.002060,0.002098,0.002060,0.002060,0.002060,0.002060,0.002060,0.002136,0.002098,0.002098,0.002098,0.002098,0.002098,0.002136,0.002136,0.002136,0.002098,0.002060,0.002098,0.002022,0.002060,0.002136,0.002136,0.002098,0.002174,0.002174,0.002136,0.002098,0.002136,0.002136,0.002098,0.002098,0.002060,0.002098,0.002136,0.002136,0.002098,0.002098,0.002136,0.002136,0.002136,0.002136,0.002098,0.002060,0.002136,0.002136,0.002098,0.002136,0.002174,0.002098,0.002098,0.002098,0.002136,0.002136,0.002136,0.002098,0.002136,0.002136,0.002136,0.002174,0.002174,0.002136,0.002174,0.002174,0.002136,0.002136,0.002136,0.002174,0.002098,0.002174,0.002136,0.002174,0.002213,0.002251,0.002213,0.002174,0.002213,0.002213,0.002213,0.002213,0.002213,0.002251,0.002136,0.002213,0.002289,0.002174,0.002213,0.002213,0.002213,0.002213,0.002136,0.002174,0.002174,0.002136,0.002136,0.002174,0.002136,0.002174,0.002174,0.002136,0.002098,0.002174,0.002136,0.002136,0.002174,0.002136,0.002174,0.002174,0.002174,0.002174,0.002213,0.002174,0.002136,0.002213,0.002213,0.002213,0.002251,0.002213,0.002251,0.002213,0.002213,0.002251,0.002213,0.002213,0.002213,0.002174,0.002213,0.002213,0.002174,0.002213,0.002251,0.002213,0.002174,0.002213,0.002251,0.002251,0.002174,0.002251,0.002213,0.002251,0.002289,0.002213,0.002213,0.002251,0.002213,0.002213,0.002251,0.002174,0.002213,0.002251,0.002213,0.002174,0.002213,0.002213,0.002174,0.002213,0.002174,0.002213,0.002251,0.002213,0.002213,0.002136,0.002174,0.002174,0.002213,0.002213,0.002213,0.002174,0.002174,0.002213,0.002174,0.002174,0.002174,0.002136,0.002213,0.002174,0.002174,0.002136,0.002136,0.002174,0.002174,0.002136,0.002136,0.002174,0.002136,0.002098,0.002136,0.002136,0.002136,0.002136,0.002174,0.002136,0.002174,0.002098,0.002136,0.002098,0.002060,0.002098,0.002098,0.002060,0.002136,0.002098,0.002098,0.002098,0.002098,0.002098,0.002098,0.002098,0.002136,0.002060,0.002060,0.002136,0.002060,0.002098,0.002098,0.002136,0.002136,0.002098,0.002098,0.002136,0.002174,0.002098,0.002136,0.002136,0.002098,0.002136,0.002174,0.002136,0.002174,0.002098,0.002098,0.002136,0.002136,0.002136,0.002136,0.002174,0.002136,0.002136,0.002060,0.002098,0.002098,0.002098,0.002136,0.002098,0.002136,0.002136,0.002098,0.002098,0.002098,0.002060,0.002174,0.002136,0.002136,0.002174,0.002060,0.002098,0.002098,0.002174,0.002098,0.002136,0.002098,0.002136,0.002136,0.002136,0.002060,0.002136,0.002174,0.002098,0.002060,0.002136,0.002136,0.002098,0.002136,0.002136,0.002136,0.002136,0.002136,0.002174,0.002098,0.002136,0.002174,0.002174,0.002174,0.002136,0.002136,0.002098,0.002136,0.002174,0.002136,0.002136,0.002136,0.002136,0.002136,0.002213,0.002174,0.002136,0.002136,0.002136,0.002213,0.002213,0.002136,0.002174,0.002213,0.002174,0.002174,0.002174,0.002136,0.002213,0.002213,0.002213,0.002174,0.002251,0.002213,0.002289,0.002251,0.002251,0.002213,0.002251,0.002289,0.002213,0.002251,0.002251,0.002213,0.002251,0.002251,0.002213,0.002251,0.002213,0.002174,0.002213,0.002251,0.002213,0.002174,0.002213,0.002174,0.002251,0.002213,0.002213,0.002213,0.002174,0.002174,0.002174,0.002136,0.002136,0.002136,0.002174,0.002213,0.002136,0.002136,0.002098,0.002174,0.002136,0.002174,0.002136,0.002136,0.002174,0.002136,0.002060,0.002098,0.002098,0.002136,0.002098,0.002136,0.002136,0.002136,0.002174,0.002136,0.002098,0.002098,0.002136,0.002098,0.002060,0.002136,0.002060,0.002060,0.002022,0.002098,0.002060,0.002098,0.002060,0.002022,0.002022,0.002022,0.002022,0.002060,0.002098,0.002060,0.002022,0.001984,0.002060,0.002022,0.001984,0.001984,0.002022,0.002022,0.002060,0.002060,0.002060,0.002022,0.001984,0.002022,0.002060,0.002060,0.002060,0.002060,0.002060,0.002022,0.002022,0.002022,0.002060,0.002060,0.002060,0.002060,0.002060,0.002098,0.002060,0.002098,0.002098,0.002098,0.002060,0.002022,0.002060,0.002060,0.002098,0.002022,0.002098,0.002136,0.002098,0.002098,0.002098,0.002022,0.002098,0.002060,0.002098,0.002098,0.002060,0.002060,0.002098,0.002060,0.002098,0.002098,0.002136,0.002098,0.002098,0.002136,0.002174,0.002136,0.002098,0.002136,0.002136,0.002098,0.002136,0.002098,0.002174,0.002136,0.002251,0.002213,0.002174,0.002136,0.002174,0.002174,0.002174,0.002251,0.002213,0.002174,0.002174,0.002213,0.002213,0.002136,0.002213,0.002251,0.002174,0.002136,0.002213,0.002174,0.002174,0.002213,0.002251,0.002213,0.002174,0.002251,0.002174,0.002251,0.002174,0.002174,0.002213,0.002174,0.002174,0.002213,0.002174,0.002174,0.002174,0.002174,0.002174,0.002098,0.002098,0.002174,0.002136,0.002136,0.002174,0.002136,0.002098,0.002136,0.002098,0.002136,0.002136,0.002136,0.002060,0.002060,0.002098,0.002098,0.002060,0.002098,0.002098,0.002098,0.002060,0.002136,0.002098,0.002098,0.002098,0.002098,0.002136,0.002098,0.002098,0.002098,0.002136,0.002136,0.002098,0.002136,0.002174,0.002174,0.002136,0.002136,0.002136,0.002098,0.002174,0.002136,0.002098,0.002136,0.002136,0.002098,0.002098,0.002098,0.002098,0.002098,0.002136,0.002136,0.002098,0.002098,0.002060,0.002098,0.002098,0.002060,0.002174,0.002098,0.002098,0.002098,0.002136,0.002136,0.002060,0.002098,0.002136,0.002098,0.002098,0.002060,0.002136,0.002098,0.002136,0.002098,0.002098,0.002136,0.002136,0.002098,0.002060,0.002098,0.002136,0.002098,0.002060,0.002060,0.002098,0.002098,0.002060,0.002022,0.002098,0.002060,0.002098,0.002098,0.002098,0.002060,0.002060,0.002022,0.001984,0.002022,0.002022,0.002022,0.002022,0.001945,0.001984,0.001945,0.001869,0.001869,0.001907,0.001869,0.001831,0.001831,0.001793,0.001793,0.001717,0.001755,0.001717,0.001640,0.001678,0.001678,0.001602,0.001564,0.001564,0.001526,0.001488,0.001488,0.001564,0.001526,0.001564,0.001564,0.001602,0.001678,0.001717,0.001869,0.001945,0.002022,0.002289,0.002441,0.002670,0.002937,0.003090,0.003395,0.003662,0.004005,0.004387,0.004730,0.005035,0.005379,0.005684,0.006104,0.006523,0.006828,0.007095,0.007324,0.007401,0.007553,0.007591,0.007477,0.007362,0.007019,0.006790,0.006409,0.005913,0.005493,0.004921,0.004387,0.003738,0.003204,0.002518,0.001945,0.001373,0.000763,0.000114,-0.000381,-0.001030,-0.001602,-0.002289,-0.002785,-0.003395,-0.003967,-0.004425,-0.004768,-0.005112,-0.005302,-0.005341,-0.005341,-0.005188,-0.004845,-0.004654,-0.004311,-0.003815,-0.003319,-0.002785,-0.002327,-0.001793,-0.001259,-0.000801,-0.000267,0.000153,0.000496,0.000839,0.001183,0.001450,0.001678,0.001907,0.002060,0.002213,0.002289,0.002441,0.002556,0.002594,0.002632,0.002708,0.002785,0.002861,0.002899,0.002975,0.003052,0.003052,0.003128,0.003204,0.003281,0.003357,0.003433,0.003471,0.003548,0.003624,0.003700,0.003853,0.004044,0.004120,0.004272,0.004349,0.004463,0.004539,0.004654,0.004730,0.004768,0.004807,0.004768,0.004807,0.004730,0.004654,0.004692,0.004578,0.004501,0.004387,0.004311,0.004196,0.004120,0.003967,0.003891,0.003738,0.003624,0.003433,0.003395,0.003242,0.003052,0.002937,0.002861,0.002747,0.002670,0.002594,0.002518,0.002480,0.002365,0.002251,0.002174,0.002136,0.002060,0.001984,0.001945,0.001984,0.001945,0.001907,0.001869,0.001907,0.001831,0.001793,0.001831,0.001831,0.001793,0.001869,0.001945,0.001984,0.002060,0.002060,0.002060,0.002098,0.002136,0.002098,0.002136,0.002098,0.002060,0.001984,0.001984,0.001945,0.001907,0.001907,0.001869,0.001907,0.001831,0.001869,0.001831,0.001755,0.001793,0.001793,0.001793,0.001793,0.001717,0.001717,0.001678,0.001640,0.001602,0.001564,0.001564,0.001488,0.001526,0.001450,0.001526,0.001564,0.001602,0.001678,0.001717,0.001755,0.001755,0.001793,0.001907,0.001907,0.001945,0.001984,0.002022,0.001945,0.001945,0.002022,0.001907,0.001907,0.001945,0.001945,0.001907,0.001869,0.001907,0.001945,0.001907,0.001945,0.001984,0.002022,0.002022,0.002022,0.002022,0.002060,0.002022,0.002022,0.002022,0.001984,0.001945,0.001945,0.001907,0.001907,0.001907,0.001907,0.001907,0.001907,0.001945,0.001945,0.002022,0.002060,0.002136,0.002213,0.002213,0.002251,0.002365,0.002480,0.002518,0.002556,0.002594,0.002670,0.002632,0.002708,0.002594,0.002632,0.002594,0.002556,0.002480,0.002403,0.002327,0.002251,0.002213,0.002136,0.002060,0.001984,0.001907,0.001945,0.001945,0.001907,0.001907,0.001945,0.001945,0.001945,0.001945,0.002022,0.001945,0.001945,0.001945,0.001945,0.001869,0.001869,0.001831,0.001755,0.001717,0.001755,0.001640,0.001602,0.001602,0.001526,0.001564,0.001488,0.001488,0.001488,0.001450,0.001450,0.001450,0.001488,0.001450,0.001450,0.001526,0.001488,0.001526,0.001450,0.001526,0.001564,0.001602,0.001678,0.001717,0.001793,0.001793,0.001869,0.001984,0.001984,0.002098,0.002213,0.002289,0.002327,0.002403,0.002480,0.002518,0.002632,0.002632,0.002708,0.002785,0.002747,0.002785,0.002899,0.002861,0.002899,0.002823,0.002823,0.002785,0.002747,0.002823,0.002747,0.002747,0.002670,0.002708,0.002708,0.002670,0.002632,0.002632,0.002632,0.002670,0.002670,0.002670,0.002556,0.002594,0.002556,0.002480,0.002480,0.002480,0.002441,0.002441,0.002365,0.002365,0.002327,0.002289,0.002213,0.002251,0.002251,0.002174,0.002213,0.002213,0.002174,0.002251,0.002174,0.002213,0.002174,0.002174,0.002213,0.002174,0.002213,0.002174,0.002174,0.002174,0.002136,0.002136,0.002136,0.002136,0.002136,0.002136,0.002136,0.002213,0.002174,0.002251,0.002251,0.002289,0.002365,0.002441,0.002480,0.002480,0.002556,0.002480,0.002556,0.002632,0.002670,0.002708,0.002670,0.002632,0.002670,0.002632,0.002556,0.002518,0.002556,0.002441,0.002403,0.002327,0.002251,0.002213,0.002136,0.002098,0.001984,0.001945,0.001907,0.001869,0.001831,0.001793,0.001755,0.001755,0.001755,0.001755,0.001755,0.001831,0.001869,0.001869,0.001907,0.001984,0.002022,0.002098,0.002136,0.002136,0.002136,0.002251,0.002174,0.002251,0.002251,0.002251,0.002251,0.002213,0.002213,0.002136,0.002098,0.002136,0.002060,0.001984,0.001984,0.001945,0.001907,0.001907,0.001907,0.001869,0.001831,0.001831,0.001831,0.001793,0.001755,0.001755,0.001717,0.001678,0.001678,0.001602,0.001640,0.001678,0.001640,0.001678,0.001678,0.001678,0.001717,0.001717,0.001755,0.001755,0.001869,0.001831,0.001831,0.001945,0.001945,0.002022,0.001984,0.002022,0.002060,0.002060,0.002098,0.002136,0.002136,0.002136,0.002136,0.002136,0.002136,0.002251,0.002251,0.002251,0.002251,0.002213,0.002174,0.002251,0.002289,0.002327,0.002251,0.002251,0.002251,0.002289,0.002289,0.002251,0.002251,0.002251,0.002289,0.002213,0.002213,0.002213,0.002213,0.002213,0.002213,0.002213,0.002174,0.002213,0.002174,0.002213,0.002174,0.002213,0.002251,0.002251,0.002251,0.002251,0.002251,0.002289,0.002289,0.002289,0.002251,0.002251,0.002213,0.002251,0.002213,0.002174,0.002136,0.002174,0.002136,0.002098,0.002022,0.002060,0.002022,0.002022,0.001945,0.001945,0.001907,0.001869,0.001869,0.001831,0.001755,0.001831,0.001831,0.001831,0.001755,0.001717,0.001755,0.001755,0.001755,0.001755,0.001717,0.001755,0.001793,0.001755,0.001717,0.001793,0.001755,0.001869,0.001869,0.001907,0.001907,0.001907,0.002022,0.002060,0.002098,0.002174,0.002136,0.002136,0.002251,0.002289,0.002327,0.002251,0.002365,0.002403,0.002403,0.002441,0.002480,0.002480,0.002480,0.002518,0.002518,0.002556,0.002556,0.002480,0.002556,0.002556,0.002556,0.002556,0.002518,0.002594,0.002594,0.002556,0.002632,0.002518,0.002556,0.002556,0.002518,0.002518,0.002441,0.002480,0.002480,0.002441,0.002441,0.002327,0.002327,0.002327,0.002365,0.002251,0.002174,0.002213,0.002174,0.002136,0.002060,0.002060,0.002022,0.001984,0.002022,0.002060,0.002022,0.002060,0.002022,0.002060,0.002022,0.002098,0.002213,0.002174,0.002174,0.002251,0.002213,0.002289,0.002289,0.002365,0.002365,0.002365,0.002403,0.002365,0.002403,0.002327,0.002327,0.002365,0.002327,0.002327,0.002327,0.002251,0.002251,0.002251,0.002174,0.002174,0.002136,0.002098,0.002022,0.002022,0.002022,0.001984,0.001945,0.001907,0.001945,0.001907,0.001907,0.001831,0.001831,0.001793,0.001831,0.001793,0.001755,0.001755,0.001831,0.001831,0.001793,0.001831,0.001869,0.001793,0.001793,0.001907,0.001869,0.001869,0.001831,0.001831,0.001869,0.001793,0.001793,0.001793,0.001869,0.001793,0.001831,0.001869,0.001793,0.001793,0.001869,0.001793,0.001831,0.001831,0.001831,0.001907,0.001907,0.001984,0.001945,0.001945,0.002060,0.002060,0.002098,0.002136,0.002136,0.002213,0.002251,0.002251,0.002251,0.002289,0.002327,0.002289,0.002327,0.002327,0.002327,0.002327,0.002327,0.002327,0.002327,0.002327,0.002289,0.002327,0.002289,0.002289,0.002251,0.002213,0.002213,0.002213,0.002174,0.002136,0.002098,0.002174,0.002136,0.002098,0.002136,0.002174,0.002098,0.002136,0.002136,0.002174,0.002136,0.002098,0.002136,0.002098,0.002136,0.002136,0.002136,0.002174,0.002136,0.002136,0.002213,0.002213,0.002098,0.002136,0.002136,0.002098,0.002174,0.002098,0.002136,0.002136,0.002136,0.002174,0.002213,0.002174,0.002174,0.002174,0.002213,0.002213,0.002251,0.002213,0.002251,0.002251,0.002251,0.002213,0.002251,0.002213,0.002174,0.002174,0.002174,0.002213,0.002174,0.002098,0.002136,0.002213,0.002136,0.002098,0.002098,0.002098,0.002060,0.002098,0.002060,0.002060,0.002098,0.002098,0.002022,0.002098,0.002060,0.002098,0.002098,0.002136,0.002174,0.002060,0.002098,0.002098,0.002098,0.002136,0.002136,0.002136,0.002174,0.002174,0.002213,0.002174,0.002174,0.002251,0.002174,0.002213,0.002251,0.002251,0.002213,0.002251,0.002251,0.002213,0.002251,0.002174,0.002136,0.002174,0.002136,0.002136,0.002060,0.001984,0.002060,0.002022,0.001984,0.001945,0.001945,0.001945,0.001945,0.001984,0.001945,0.001907,0.001869,0.001907,0.001945,0.001907,0.001945,0.001984,0.001984,0.001945,0.002022,0.002060,0.002060,0.002098,0.002136,0.002060,0.002136,0.002098,0.002174,0.002174,0.002136,0.002098,0.002136,0.002136,0.002060,0.002098,0.002213,0.002174,0.002098,0.002098,0.002136,0.002136,0.002098,0.002098,0.002136,0.002022,0.002022,0.002060,0.002060,0.002060,0.002022,0.001984,0.001945,0.002022,0.001945,0.001945,0.001907,0.001945,0.001945,0.001984,0.001945,0.001907,0.001945,0.002022,0.002022,0.002060,0.002060,0.002022,0.002022,0.002098,0.002136,0.002098,0.002136,0.002136,0.002213,0.002251,0.002174,0.002251,0.002251,0.002251,0.002289,0.002289,0.002289,0.002289,0.002327,0.002289,0.002327,0.002327,0.002289,0.002327,0.002403,0.002327,0.002365,0.002365,0.002327,0.002365,0.002365,0.002365,0.002327,0.002289,0.002289,0.002327,0.002327,0.002289,0.002289,0.002289,0.002251,0.002251,0.002251,0.002289,0.002213,0.002251,0.002213,0.002098,0.002174,0.002174,0.002136,0.002174,0.002098,0.002098,0.002098,0.002060,0.002098,0.002022,0.002060,0.002060,0.002098,0.002060,0.002098,0.002174,0.002136,0.002136,0.002136,0.002174,0.002251,0.002251,0.002289,0.002365,0.002441,0.002441,0.002480,0.002556,0.002556,0.002556,0.002632,0.002708,0.002708,0.002747,0.002670,0.002747,0.002747,0.002747,0.002747,0.002708,0.002747,0.002670,0.002708,0.002594,0.002556,0.002518,0.002441,0.002518,0.002441,0.002441,0.002403,0.002403,0.002365,0.002289,0.002289,0.002251,0.002174,0.002136,0.002136,0.002022,0.001945,0.001869,0.001831,0.001755,0.001564,0.001450,0.001411,0.001373,0.001297,0.001183,0.001068,0.000992,0.000992,0.000916,0.000954,0.000877,0.000916,0.000992,0.000992,0.001183,0.001183,0.001259,0.001335,0.001450,0.001526,0.001602,0.001717,0.001793,0.001907,0.001984,0.002060,0.002136,0.002213,0.002251,0.002289,0.002327,0.002327,0.002365,0.002365,0.002441,0.002403,0.002441,0.002365,0.002365,0.002327,0.002327,0.002365,0.002327,0.002327,0.002251,0.002213,0.002251,0.002174,0.002174,0.002174,0.002174,0.002251,0.002251,0.002251,0.002289,0.002403,0.002365,0.002365,0.002441,0.002480,0.002441,0.002518,0.002556,0.002594,0.002594,0.002594,0.002556,0.002632,0.002594,0.002556,0.002556,0.002480,0.002441,0.002403,0.002403,0.002365,0.002327,0.002251,0.002251,0.002213,0.002174,0.002174,0.002136,0.002022,0.002060,0.002022,0.001984,0.002022,0.002022,0.001945,0.001984,0.001984,0.002022,0.001945,0.001984,0.001984,0.001945,0.002022,0.002022,0.002022,0.002022,0.002022,0.002060,0.001984,0.002060,0.002022,0.001984,0.002022,0.002022,0.002060,0.002022,0.002022,0.002022,0.002060,0.002060,0.002060,0.001984,0.002022,0.002022,0.001984,0.001984,0.002022,0.002098,0.002060,0.002060,0.002022,0.001984,0.002022,0.002022,0.002098,0.002022,0.002098,0.002060,0.002098,0.002098,0.002098,0.002174,0.002136,0.002136,0.002136,0.002174,0.002213,0.002213,0.002213,0.002289,0.002251,0.002289,0.002365,0.002403,0.002365,0.002365,0.002441,0.002403,0.002403,0.002365,0.002403,0.002403,0.002403,0.002403,0.002403,0.002365,0.002441,0.002403,0.002365,0.002365,0.002327,0.002327,0.002327,0.002289,0.002289,0.002289,0.002289,0.002251,0.002289,0.002136,0.002251,0.002213,0.002174,0.002174,0.002136,0.002098,0.002098,0.002098,0.002174,0.002174,0.002174,0.002098,0.002098,0.002174,0.002174,0.002213,0.002213,0.002174,0.002213,0.002213,0.002251,0.002251,0.002251,0.002251,0.002327,0.002327,0.002289,0.002365,0.002365,0.002365,0.002403,0.002365,0.002365,0.002441,0.002441,0.002403,0.002403,0.002480,0.002518,0.002480,0.002518,0.002441,0.002403,0.002403,0.002289,0.002327,0.002327,0.002327,0.002251,0.002174,0.002136,0.002098,0.002174,0.002060,0.001984,0.001984,0.001984,0.001984,0.001984,0.001984,0.001945,0.001945,0.001945,0.001869,0.001907,0.001945,0.001907,0.001945,0.001869,0.001831,0.001831,0.001831,0.001831,0.001831,0.001831,0.001869,0.001831,0.001831,0.001907,0.001907,0.001869,0.001831,0.001907,0.001945,0.001945,0.001945,0.001945,0.001945,0.001945,0.002022,0.001984,0.002022,0.002022,0.002022,0.002136,0.002098,0.002098,0.002098,0.002098,0.002174,0.002136,0.002213,0.002174,0.002174,0.002174,0.002251,0.002251,0.002213,0.002213,0.002251,0.002213,0.002251,0.002213,0.002251,0.002213,0.002213,0.002213,0.002213,0.002174,0.002136,0.002174,0.002136,0.002174,0.002213,0.002174,0.002136,0.002213,0.002136,0.002213,0.002174,0.002174,0.002213,0.002174,0.002213,0.002174,0.002213,0.002213,0.002174,0.002213,0.002213,0.002251,0.002251,0.002213,0.002213,0.002174,0.002098,0.002136,0.002213,0.002174,0.002098,0.002098,0.002098,0.002060,0.002022,0.002022,0.001984,0.001945,0.001945,0.001984,0.002022,0.001984,0.001907,0.001907,0.001945,0.001945,0.001907,0.001945,0.001907,0.001945,0.001984,0.002022,0.002022,0.002022,0.002022,0.001984,0.001984,0.002060,0.002060,0.002098,0.002098,0.002136,0.002136,0.002174,0.002213,0.002136,0.002174,0.002098,0.002174,0.002098,0.002136,0.002098,0.002098,0.002136,0.002136,0.002174,0.002174,0.002060,0.002098,0.002136,0.002136,0.002098,0.002060,0.002060,0.002098,0.002098,0.002098,0.002174,0.002174,0.002136,0.002251,0.002251,0.002251,0.002213,0.002213,0.002289,0.002289,0.002289,0.002251,0.002289,0.002289,0.002327,0.002289,0.002289,0.002327,0.002403,0.002289,0.002327,0.002327,0.002327,0.002327,0.002289,0.002327,0.002251,0.002174,0.002213,0.002213,0.002213,0.002213,0.002213,0.002174,0.002174,0.002174,0.002136,0.002098,0.002174,0.002098,0.002136,0.002098,0.002060,0.002060,0.002136,0.002174,0.002136,0.002136,0.002174,0.002136,0.002136,0.002174,0.002213,0.002251,0.002251,0.002213,0.002251,0.002327,0.002289,0.002251,0.002251,0.002289,0.002365,0.002403,0.002327,0.002289,0.002289,0.002365,0.002365,0.002403,0.002289,0.002327,0.002289,0.002289,0.002289,0.002213,0.002251,0.002213,0.002251,0.002213,0.002251,0.002174,0.002174,0.002174,0.002136,0.002098,0.002060,0.002022,0.002022,0.002022,0.001945,0.001984,0.001907,0.001869,0.001869,0.001831,0.001869,0.001831,0.001793,0.001755,0.001793,0.001793,0.001793,0.001755,0.001755,0.001755,0.001755,0.001717,0.001755,0.001717,0.001755,0.001717,0.001717,0.001717,0.001755,0.001755,0.001793,0.001755,0.001831,0.001793,0.001793,0.001793,0.001793,0.001831,0.001793,0.001755,0.001831,0.001793,0.001831,0.001793,0.001869,0.001907,0.001907,0.001869,0.001945,0.001984,0.001945,0.001945,0.002060,0.002060,0.002022,0.002060,0.002098,0.002136,0.002174,0.002213,0.002213,0.002174,0.002251,0.002289,0.002327,0.002289,0.002327,0.002365,0.002403,0.002441,0.002403,0.002403,0.002403,0.002365,0.002365,0.002441,0.002480,0.002441,0.002403,0.002403,0.002441,0.002441,0.002403,0.002289,0.002327,0.002289,0.002327,0.002365,0.002327,0.002327,0.002251,0.002251,0.002251,0.002289,0.002289,0.002174,0.002213,0.002174,0.002213,0.002174,0.002136,0.002136,0.002098,0.002098,0.002098,0.002136,0.002060,0.002060,0.002098,0.002098,0.002098,0.002098,0.002098,0.002098,0.002060,0.002022,0.002022,0.002060,0.002136,0.002060,0.002022,0.002022,0.002060,0.002060,0.002022,0.001984,0.002022,0.002022,0.001984,0.001984,0.001984,0.001907,0.001945,0.002022,0.002022,0.001984,0.001984,0.001984,0.002022,0.002022,0.001984,0.002060,0.002022,0.001984,0.002060,0.002060,0.002060,0.002060,0.002060,0.002098,0.002098,0.002136,0.002174,0.002136,0.002098,0.002174,0.002174,0.002213,0.002213,0.002174,0.002174,0.002136,0.002136,0.002098,0.002174,0.002136,0.002213,0.002136,0.002098,0.002136,0.002174,0.002136,0.002174,0.002136,0.002136,0.002136,0.002174,0.002213,0.002174,0.002174,0.002174,0.002136,0.002174,0.002174,0.002213,0.002213,0.002251,0.002251,0.002251,0.002251,0.002251,0.002213,0.002289,0.002251,0.002251,0.002251,0.002174,0.002213,0.002213,0.002213,0.002213,0.002174,0.002213,0.002213,0.002213,0.002213,0.002174,0.002174,0.002174,0.002174,0.002136,0.002213,0.002174,0.002213,0.002213,0.002174,0.002213,0.002136,0.002136,0.002174,0.002136,0.002098,0.002136,0.002136,0.002136,0.002174,0.002136,0.002098,0.002136,0.002174,0.002136,0.002136,0.002098,0.002136,0.002098,0.002098,0.002060,0.002022,0.002022,0.002022,0.002022,0.002022,0.001945,0.002060,0.002022,0.001945,0.001945,0.001945,0.001945,0.001907,0.001945,0.001907,0.001945,0.001984,0.001984,0.001907,0.001945,0.001945,0.001945,0.002022,0.001984,0.001907,0.001945,0.001945,0.001984,0.001945,0.001984,0.001907,0.001945,0.001984,0.001945,0.001984,0.002022,0.002060,0.001984,0.002022,0.002022,0.002060,0.002098,0.002060,0.002060,0.002136,0.002136,0.002136,0.002213,0.002174,0.002213,0.002174,0.002174,0.002213,0.002213,0.002213,0.002174,0.002213,0.002213,0.002251,0.002213,0.002251,0.002251,0.002213,0.002213,0.002251,0.002251,0.002213,0.002289,0.002213,0.002174,0.002213,0.002174,0.002251,0.002213,0.002251,0.002213,0.002136,0.002174,0.002136,0.002136,0.002213,0.002213,0.002251,0.002174,0.002174,0.002174,0.002174,0.002213,0.002213,0.002213,0.002213,0.002174,0.002213,0.002174,0.002213,0.002174,0.002174,0.002174,0.002213,0.002213,0.002251,0.002213,0.002251,0.002251,0.002251,0.002251,0.002251,0.002251,0.002251,0.002213,0.002289,0.002213,0.002213,0.002174,0.002174,0.002213,0.002174,0.002174,0.002213,0.002174,0.002174,0.002136,0.002174,0.002174,0.002174,0.002136,0.002174,0.002136,0.002136,0.002174,0.002174,0.002213,0.002174,0.002174,0.002174,0.002136,0.002174,0.002136,0.002174,0.002174,0.002136,0.002174,0.002174,0.002174,0.002136,0.002098,0.002136,0.002136,0.002136,0.002174,0.002098,0.002174,0.002174,0.002174,0.002174,0.002174,0.002213,0.002213,0.002213,0.002213,0.002174,0.002213,0.002213,0.002213,0.002136,0.002174,0.002251,0.002213,0.002213,0.002174,0.002213,0.002174,0.002098,0.002136,0.002213,0.002174,0.002136,0.002136,0.002136,0.002136,0.002098,0.002098,0.002022,0.002060,0.002022,0.002098,0.002098,0.002060,0.002060,0.002098,0.002098,0.002022,0.002022,0.002022,0.002060,0.002060,0.002060,0.002060,0.002060,0.002060,0.002098,0.002022,0.002136,0.002174,0.002213,0.002174,0.002213,0.002251,0.002213,0.002289,0.002289,0.002251,0.002289,0.002251,0.002403,0.002365,0.002403,0.002403,0.002403,0.002403,0.002441,0.002441,0.002441,0.002441,0.002518,0.002518,0.002441,0.002441,0.002480,0.002441,0.002365,0.002327,0.002289,0.002251,0.002251,0.002174,0.002098,0.002060,0.002022,0.002022,0.001984,0.001945,0.001907,0.001907,0.001907,0.001869,0.001869,0.001831,0.001869,0.001907,0.001831,0.001869,0.001907,0.001869,0.001945,0.001984,0.001945,0.001984,0.001984,0.001945,0.002022,0.002060,0.002060,0.002060,0.002098,0.002098,0.002098,0.002136,0.002174,0.002136,0.002136,0.002098,0.002098,0.002098,0.002060,0.002022,0.002060,0.002060,0.002060,0.002060,0.002022,0.001984,0.001984,0.002060,0.002022,0.002060,0.002098,0.002060,0.002098,0.002098,0.002098,0.002174,0.002174,0.002098,0.002136,0.002213,0.002213,0.002213,0.002213,0.002251,0.002251,0.002251,0.002289,0.002365,0.002365,0.002365,0.002327,0.002327,0.002327,0.002327,0.002289,0.002289,0.002327,0.002289,0.002327,0.002327,0.002251,0.002289,0.002327,0.002327,0.002289,0.002289,0.002327,0.002327,0.002327,0.002327,0.002327,0.002365,0.002365,0.002365,0.002403,0.002365,0.002403,0.002327,0.002327,0.002365,0.002327,0.002327,0.002327,0.002289,0.002251,0.002213,0.002213,0.002213,0.002213,0.002213,0.002136,0.002098,0.002098,0.002060,0.002022,0.001945,0.001984,0.001984,0.001945,0.001945,0.001869,0.001869,0.001869,0.001907,0.001907,0.001907,0.001869,0.001831,0.001831,0.001869,0.001831,0.001869,0.001831,0.001869,0.001869,0.001907,0.001907,0.001907,0.001869,0.001945,0.001984,0.001907,0.001945,0.001984,0.002022,0.002022,0.001984,0.002060,0.002098,0.002098,0.002022,0.002060,0.002136,0.002136,0.002136,0.002136,0.002174,0.002098,0.002098,0.002174,0.002213,0.002174,0.002213,0.002174,0.002136,0.002174,0.002098,0.002174,0.002136,0.002098,0.002136,0.002136,0.002136,0.002136,0.002136,0.002174,0.002098,0.002098,0.002174,0.002136,0.002098,0.002098,0.002174,0.002098,0.002098,0.002174,0.002174,0.002174,0.002213,0.002213,0.002289,0.002251,0.002251,0.002289,0.002251,0.002251,0.002251,0.002251,0.002174,0.002251,0.002213,0.002251,0.002289,0.002289,0.002213,0.002251,0.002251,0.002289,0.002213,0.002251,0.002213,0.002289,0.002251,0.002213,0.002289,0.002174,0.002213,0.002213,0.002174,0.002174,0.002174,0.002136,0.002098,0.002098,0.002098,0.002022,0.002060,0.002022,0.002022,0.002098,0.002022,0.002060,0.002060,0.002060,0.002098,0.002060,0.002136,0.002098,0.002136,0.002174,0.002136,0.002136,0.002136,0.002136,0.002098,0.002136,0.002098,0.002098,0.002136,0.002174,0.002098,0.002060,0.002060,0.002022,0.002022,0.001984,0.001984,0.002022,0.001984,0.001945,0.001945,0.001984,0.001945,0.001869,0.001869,0.001945,0.001945,0.001907,0.001907,0.001945,0.001984,0.001984,0.001984,0.002022,0.002098,0.002098,0.002136,0.002098,0.002136,0.002174,0.002213,0.002213,0.002174,0.002213,0.002213,0.002174,0.002213,0.002251,0.002213,0.002174,0.002136,0.002174,0.002213,0.002174,0.002098,0.002174,0.002136,0.002060,0.002060,0.002060,0.002098,0.002060,0.001984,0.001984,0.002022,0.002060,0.002022,0.002060,0.002060,0.002098,0.002022,0.002022,0.002060,0.002060,0.002136,0.002060,0.002098,0.002136,0.002136,0.002174,0.002136,0.002136,0.002174,0.002136,0.002136,0.002213,0.002213,0.002289,0.002251,0.002289,0.002251,0.002251,0.002289,0.002289,0.002365,0.002365,0.002365,0.002441,0.002365,0.002365,0.002327,0.002365,0.002365,0.002327,0.002289,0.002289,0.002289,0.002327,0.002289,0.002251,0.002213,0.002213,0.002174,0.002213,0.002136,0.002136,0.002136,0.002174,0.002136,0.002098,0.002136,0.002098,0.002098,0.002174,0.002098,0.002098,0.002098,0.002060,0.002136,0.002136,0.002098,0.002022,0.002098,0.002098,0.002060,0.002060,0.002060,0.002060,0.002060,0.002060,0.001984,0.001907,0.001907,0.001945,0.001907,0.001907,0.001869,0.001869,0.001907,0.001907,0.001869,0.001831,0.001831,0.001831,0.001793,0.001831,0.001907,0.001869,0.001869,0.001869,0.001907,0.001831,0.001907,0.001869,0.001945,0.001907,0.001907,0.001945,0.001907,0.001945,0.001984,0.002022,0.001984,0.001984,0.001984,0.001984,0.001984,0.001984,0.002022,0.001984,0.001984,0.002022,0.001984,0.001984,0.001984,0.001984,0.001945,0.001984,0.001945,0.002060,0.002060,0.001945,0.001984,0.001984,0.002022,0.002060,0.002060,0.001984,0.002022,0.002022,0.002098,0.002060,0.002060,0.002136,0.002136,0.002098,0.002098,0.002098,0.002136,0.002136,0.002174,0.002213,0.002251,0.002213,0.002136,0.002251,0.002251,0.002251,0.002251,0.002327,0.002289,0.002327,0.002289,0.002327,0.002327,0.002365,0.002365,0.002327,0.002403,0.002441,0.002403,0.002403,0.002441,0.002441,0.002441,0.002441,0.002480,0.002441,0.002441,0.002365,0.002518,0.002441,0.002403,0.002441,0.002289,0.002289,0.002289,0.002289,0.002213,0.002174,0.002174,0.002098,0.002136,0.002060,0.002022,0.002060,0.001984,0.001907,0.001907,0.001869,0.001869,0.001831,0.001831,0.001793,0.001755,0.001831,0.001793,0.001831,0.001831,0.001831,0.001869,0.001869,0.001793,0.001831,0.001831,0.001869,0.001869,0.001907,0.001869,0.001907,0.001907,0.001945,0.002022,0.001984,0.001945,0.002022,0.002098,0.002098,0.002060,0.002098,0.002098,0.002136,0.002136,0.002136,0.002174,0.002213,0.002213,0.002174,0.002174,0.002289,0.002251,0.002213,0.002289,0.002289,0.002289,0.002327,0.002327,0.002327,0.002365,0.002289,0.002365,0.002327,0.002365,0.002365,0.002365,0.002327,0.002365,0.002365,0.002327,0.002327,0.002365,0.002365,0.002327,0.002327,0.002327,0.002289,0.002327,0.002327,0.002289,0.002365,0.002289,0.002327,0.002327,0.002289,0.002289,0.002289,0.002289,0.002327,0.002289,0.002289,0.002251,0.002327,0.002289,0.002251,0.002213,0.002289,0.002289,0.002174,0.002213,0.002213,0.002213,0.002213,0.002174,0.002213,0.002174,0.002174,0.002174,0.002136,0.002136,0.002174,0.002174,0.002213,0.002174,0.002174,0.002136,0.002098,0.002098,0.002098,0.002098,0.002060,0.002060,0.002098,0.002098,0.002022,0.002022,0.002060,0.002060,0.002022,0.001984,0.001945,0.001907,0.001984,0.001945,0.001945,0.001984,0.001945,0.001945,0.001945,0.001945,0.001945,0.001984,0.001945,0.001907,0.001945,0.001984,0.001984,0.002022,0.002022,0.002022,0.002022,0.002060,0.001984,0.002022,0.002098,0.002022,0.002022,0.002060,0.002022,0.002060,0.002098,0.002098,0.002098,0.002098,0.002098,0.002174,0.002136,0.002136,0.002174,0.002136,0.002213,0.002213,0.002251,0.002213,0.002213,0.002251,0.002251,0.002327,0.002289,0.002327,0.002327,0.002327,0.002289,0.002289,0.002289,0.002289,0.002289,0.002289,0.002289,0.002327,0.002327,0.002289,0.002327,0.002327,0.002289,0.002289,0.002213,0.002251,0.002251,0.002251,0.002174,0.002174,0.002213,0.002251,0.002213,0.002174,0.002174,0.002174,0.002174,0.002213,0.002136,0.002098,0.002098,0.002060,0.002136,0.002098,0.002136,0.002136,0.002174,0.002174,0.002136,0.002098,0.002174,0.002174,0.002174,0.002174,0.002174,0.002060,0.002098,0.002098,0.002060,0.002098,0.002098,0.002060,0.002060,0.002098,0.002060,0.002060,0.001984,0.001945,0.001945,0.001945,0.001984,0.001984,0.001945,0.001907,0.001945,0.001945,0.001945,0.001945,0.001945,0.001869,0.001831,0.001907,0.001831,0.001831,0.001869,0.001869,0.001869,0.001907,0.001869,0.001869,0.001869,0.001869,0.001907,0.001869,0.001907,0.001907,0.001945,0.001945,0.001945,0.001945,0.001945,0.001984,0.002022,0.001984,0.002022,0.002022,0.002098,0.002098,0.002136,0.002098,0.002098,0.002136,0.002098,0.002174,0.002213,0.002174,0.002174,0.002174,0.002251,0.002289,0.002251,0.002289,0.002213,0.002251,0.002289,0.002289,0.002327,0.002327,0.002365,0.002327,0.002327,0.002365,0.002327,0.002327,0.002327,0.002289,0.002327,0.002327,0.002289,0.002251,0.002289,0.002289,0.002289,0.002289,0.002251,0.002251,0.002213,0.002251,0.002213,0.002174,0.002213,0.002213,0.002213,0.002213,0.002174,0.002213,0.002213,0.002213,0.002174,0.002174,0.002174,0.002174,0.002251,0.002251,0.002174,0.002174,0.002213,0.002136,0.002174,0.002174,0.002174,0.002174,0.002213,0.002174,0.002136,0.002174,0.002136,0.002213,0.002213,0.002174,0.002174,0.002174,0.002174,0.002174,0.002213,0.002213,0.002174,0.002174,0.002213,0.002251,0.002251,0.002251,0.002174,0.002174,0.002251,0.002213,0.002289,0.002251,0.002251,0.002213,0.002213,0.002174,0.002213,0.002251,0.002213,0.002174,0.002251,0.002251,0.002251,0.002213,0.002213,0.002174,0.002174,0.002213,0.002174,0.002174,0.002136,0.002213,0.002174,0.002174,0.002174,0.002251,0.002174,0.002174,0.002174,0.002174,0.002213,0.002213,0.002213,0.002213,0.002174,0.002174,0.002251,0.002251,0.002213,0.002213,0.002213,0.002213,0.002251,0.002251,0.002213,0.002174,0.002213,0.002213,0.002251,0.002213,0.002251,0.002213,0.002213,0.002213,0.002136,0.002098,0.002174,0.002136,0.002098,0.002098,0.002098,0.002060,0.002022,0.001984,0.002022,0.001945,0.001984,0.001945,0.001984,0.001984,0.001907,0.001945,0.001869,0.001869,0.001907,0.001869,0.001869,0.001907,0.001907,0.001907,0.001907,0.001831,0.001831,0.001831,0.001831,0.001945,0.001907,0.001907,0.001907,0.001945,0.001945,0.001945,0.001945,0.001984,0.001984,0.002060,0.002022,0.002060,0.002098,0.002136,0.002174,0.002213,0.002213,0.002289,0.002251,0.002289,0.002289,0.002251,0.002251,0.002251,0.002251,0.002327,0.002289,0.002289,0.002251,0.002213,0.002174,0.002174,0.002213,0.002174,0.002136,0.002098,0.002174,0.002136,0.002174,0.002136,0.002136,0.002136,0.002098,0.002174,0.002098,0.002136,0.002136,0.002136,0.002213,0.002213,0.002136,0.002213,0.002251,0.002251,0.002213,0.002251,0.002289,0.002289,0.002251,0.002251,0.002289,0.002289,0.002213,0.002251,0.002251,0.002174,0.002136,0.002136,0.002136,0.002098,0.002060,0.002022,0.001984,0.001907,0.001907,0.001907,0.001869,0.001869,0.001793,0.001793,0.001755,0.001717,0.001755,0.001717,0.001717,0.001755,0.001793,0.001831,0.001831,0.001831,0.001869,0.001907,0.001907,0.001907,0.001984,0.002022,0.002022,0.001984,0.002022,0.002060,0.002060,0.002060,0.002060,0.002022,0.002098,0.002098,0.002022,0.002022,0.002060,0.002060,0.002022,0.002060,0.002022,0.002022,0.002060,0.002098,0.002022,0.002022,0.002098,0.002136,0.002136,0.002098,0.002060,0.002098,0.002174,0.002174,0.002213,0.002289,0.002213,0.002213,0.002213,0.002251,0.002289,0.002289,0.002289,0.002289,0.002289,0.002327,0.002289,0.002289,0.002289,0.002251,0.002327,0.002251,0.002289,0.002251,0.002213,0.002213,0.002251,0.002289,0.002251,0.002174,0.002213,0.002251,0.002251,0.002213,0.002251,0.002174,0.002174,0.002213,0.002213,0.002174,0.002174,0.002251,0.002213,0.002251,0.002174,0.002213,0.002174,0.002136,0.002251,0.002136,0.002174,0.002174,0.002174,0.002213,0.002136,0.002136,0.002136,0.002098,0.002098,0.002098,0.002098,0.002136,0.002060,0.002060,0.002098,0.002098,0.002060,0.002060,0.002098,0.002098,0.002060,0.002022,0.002060,0.002022,0.002060,0.002098,0.002022,0.002022,0.002060,0.002060,0.002098,0.002098,0.002136,0.002098,0.002098,0.002098,0.002136,0.002098,0.002098,0.002136,0.002098,0.002136,0.002136,0.002174,0.002174,0.002136,0.002174,0.002174,0.002174,0.002213,0.002174,0.002136,0.002136,0.002174,0.002213,0.002174,0.002174,0.002213,0.002174,0.002136,0.002174,0.002174,0.002136,0.002174,0.002136,0.002174,0.002174,0.002174,0.002174,0.002136,0.002136,0.002136,0.002060,0.002060,0.002136,0.002060,0.002060,0.002098,0.002022,0.001984,0.001984,0.001984,0.001945,0.001984,0.001984,0.002022,0.002022,0.001984,0.002022,0.002022,0.001984,0.002022,0.001984,0.002022,0.001984,0.001984,0.001984,0.001984,0.002060,0.001984,0.002022,0.002022,0.002022,0.002022,0.002022,0.001945,0.002022,0.002022,0.002060,0.002060,0.002060,0.002022,0.001984,0.002022,0.002022,0.002060,0.002098,0.002060,0.002098,0.002022,0.002098,0.002098,0.002098,0.002136,0.002098,0.002136,0.002136,0.002136,0.002060,0.002098,0.002098,0.002136,0.002098,0.002136,0.002136,0.002174,0.002136,0.002174,0.002136,0.002136,0.002174,0.002060,0.002060,0.002060,0.002098,0.002098,0.002060,0.002060,0.002022,0.002060,0.002098,0.002060,0.002022,0.002098,0.002060,0.002098,0.002060,0.002098,0.002060,0.002136,0.002098,0.002174,0.002213,0.002174,0.002174,0.002174,0.002251,0.002174,0.002213,0.002251,0.002251,0.002289,0.002251,0.002251,0.002251,0.002251,0.002289,0.002213,0.002213,0.002251,0.002289,0.002251,0.002289,0.002251,0.002174,0.002213,0.002251,0.002251,0.002213,0.002136,0.002136,0.002174,0.002174,0.002174,0.002174,0.002174,0.002174,0.002174,0.002174,0.002098,0.002174,0.002098,0.002098,0.002174,0.002136,0.002060,0.002098,0.002136,0.002060,0.002098,0.002060,0.002060,0.002098,0.002060,0.002022,0.002060,0.002022,0.002060,0.002060,0.002022,0.002060,0.002022,0.001984,0.001945,0.002022,0.002060,0.001984,0.001984,0.002022,0.001984,0.001984,0.001984,0.002022,0.001984,0.001984,0.002022,0.001945,0.002022,0.001984,0.001945,0.001945,0.001984,0.002022,0.001984,0.002022,0.002060,0.002060,0.002022,0.002022,0.002060,0.002060,0.002060,0.002098,0.002022,0.002060,0.002022,0.002098,0.002060,0.002098,0.002098,0.002098,0.002098,0.002136,0.002098,0.002136,0.002098,0.002136,0.002174,0.002213,0.002136,0.002213,0.002251,0.002213,0.002174,0.002251,0.002289,0.002289,0.002289,0.002251,0.002251,0.002289,0.002327,0.002327,0.002289,0.002289,0.002327,0.002327,0.002327,0.002327,0.002251,0.002289,0.002327,0.002327,0.002289,0.002251,0.002251,0.002251,0.002251,0.002289,0.002251,0.002251,0.002251,0.002213,0.002213,0.002174,0.002174,0.002213,0.002174,0.002174,0.002213,0.002213,0.002174,0.002174,0.002174,0.002174,0.002213,0.002174,0.002174,0.002174,0.002098,0.002174,0.002174,0.002098,0.002174,0.002174,0.002136,0.002174,0.002251,0.002136,0.002174,0.002174,0.002136,0.002174,0.002213,0.002251,0.002213,0.002213,0.002213,0.002174,0.002174,0.002136,0.002136,0.002098,0.002098,0.002174,0.002098,0.002060,0.002022,0.001945,0.002022,0.002022,0.001984,0.001984,0.001907,0.001907,0.001907,0.001945,0.002022,0.001984,0.001984,0.001984,0.002022,0.002060,0.002060,0.002174,0.002136,0.002213,0.002251,0.002327,0.002327,0.002365,0.002403,0.002403,0.002441,0.002403,0.002441,0.002480,0.002441,0.002365,0.002327,0.002289,0.002327,0.002251,0.002213,0.002213,0.002174,0.002098,0.002060,0.002060,0.002022,0.001945,0.001907,0.001945,0.001945,0.001907,0.001984,0.001984,0.001907,0.001984,0.001984,0.002060,0.002022,0.002098,0.002098,0.002098,0.002098,0.002174,0.002213,0.002213,0.002213,0.002213,0.002251,0.002251,0.002289,0.002213,0.002251,0.002213,0.002251,0.002251,0.002213,0.002213,0.002174,0.002251,0.002251,0.002213,0.002174,0.002213,0.002174,0.002213,0.002251,0.002213,0.002251,0.002251,0.002136,0.002213,0.002213,0.002251,0.002251,0.002213,0.002251,0.002289,0.002327,0.002289,0.002213,0.002327,0.002251,0.002289,0.002289,0.002251,0.002289,0.002251,0.002289,0.002251,0.002289,0.002251,0.002174,0.002251,0.002251,0.002251,0.002213,0.002213,0.002213,0.002213,0.002213,0.002174,0.002213,0.002174,0.002136,0.002213,0.002213,0.002213,0.002213,0.002174,0.002213,0.002174,0.002174,0.002136,0.002136,0.002174,0.002136,0.002136,0.002174,0.002136,0.002060,0.002136,0.002098,0.002022,0.002060,0.002022,0.002060,0.002022,0.002060,0.002060,0.002060,0.001984,0.002060,0.002060,0.002060,0.002098,0.002060,0.002098,0.002098,0.002136,0.002060,0.002136,0.002174,0.002098,0.002174,0.002136,0.002174,0.002136,0.002174,0.002174,0.002136,0.002136,0.002136,0.002174,0.002174,0.002213,0.002174,0.002098,0.002136,0.002136,0.002098,0.002136,0.002098,0.002098,0.002098,0.002098,0.002136,0.002136,0.002136,0.002060,0.002098,0.002136,0.002098,0.002136,0.002060,0.002136,0.002098,0.002060,0.002136,0.002174,0.002136,0.002136,0.002098,0.002174,0.002174,0.002136,0.002136,0.002174,0.002136,0.002098,0.002174,0.002136,0.002098,0.002174,0.002098,0.002174,0.002174,0.002174,0.002174,0.002136,0.002174,0.002136,0.002136,0.002174,0.002213,0.002174,0.002213,0.002174,0.002136,0.002213,0.002213,0.002213,0.002174,0.002174,0.002251,0.002174,0.002174,0.002213,0.002136,0.002174,0.002251,0.002213,0.002213,0.002174,0.002136,0.002174,0.002136,0.002174,0.002098,0.002136,0.002098,0.002136,0.002136,0.002098,0.002098,0.002022,0.002098,0.002098,0.002022,0.002098,0.002060,0.002022,0.002060,0.002060,0.002060,0.002060,0.002060,0.002060,0.002060,0.002136,0.002060,0.002098,0.002022,0.002060,0.002060,0.002098,0.002098,0.002136,0.002098,0.002060,0.002022,0.002060,0.002098,0.002136,0.002060,0.002136,0.002136,0.002060,0.002136,0.002098,0.002174,0.002136,0.002098,0.002136,0.002060,0.002136,0.002174,0.002174,0.002136,0.002213,0.002251,0.002213,0.002174,0.002174,0.002174,0.002251,0.002251,0.002213,0.002213,0.002174,0.002213,0.002251,0.002251,0.002251,0.002251,0.002327,0.002251,0.002251,0.002251,0.002174,0.002251,0.002213,0.002174,0.002213,0.002251,0.002174,0.002136,0.002174,0.002136,0.002098,0.002136,0.002098,0.002060,0.002060,0.002098,0.002060,0.002098,0.002136,0.002060,0.002098,0.002060,0.002022,0.002022,0.002022,0.002022,0.001984,0.002022,0.001945,0.002022,0.002022,0.001945,0.001984,0.001984,0.001945,0.001945,0.001984,0.001984,0.001945,0.001984,0.001945,0.001984,0.001945,0.001907,0.001984,0.001984,0.001984,0.002022,0.002022,0.002060,0.002060,0.002022,0.002022,0.002022,0.002060,0.002060,0.002098,0.002098,0.002136,0.002098,0.002098,0.002098,0.002174,0.002136,0.002174,0.002213,0.002213,0.002174,0.002251,0.002174,0.002213,0.002251,0.002251,0.002251,0.002251,0.002289,0.002213,0.002213,0.002289,0.002251,0.002251,0.002213,0.002213,0.002251,0.002213,0.002213,0.002136,0.002060,0.002098,0.002060,0.002098,0.002060,0.001984,0.002022,0.002022,0.001984,0.001907,0.001945,0.001907,0.001869,0.001831,0.001831,0.001869,0.001831,0.001793,0.001793,0.001869,0.001907,0.001793,0.001907,0.001907,0.001869,0.001945,0.001984,0.001984,0.001984,0.001945,0.002060,0.002060,0.002098,0.002136,0.002174,0.002213,0.002174,0.002174,0.002213,0.002213,0.002251,0.002251,0.002251,0.002213,0.002251,0.002213,0.002136,0.002174,0.002251,0.002213,0.002213,0.002136,0.002213,0.002213,0.002251,0.002251,0.002213,0.002213,0.002251,0.002251,0.002251,0.002289,0.002251,0.002251,0.002289,0.002251,0.002289,0.002251,0.002289,0.002251,0.002289,0.002289,0.002289,0.002251,0.002289,0.002251,0.002251,0.002213,0.002251,0.002213,0.002213,0.002213,0.002251,0.002213,0.002098,0.002098,0.002174,0.002136,0.002136,0.002136,0.002136,0.002136,0.002060,0.002060,0.002022,0.002060,0.002098,0.002060,0.002060,0.002098,0.002098,0.002060,0.002060,0.002022,0.002022,0.002098,0.002060,0.002022,0.002022,0.002022,0.002022,0.002022,0.002060,0.001984,0.001984,0.001984,0.002022,0.002060,0.002098,0.002098,0.002060,0.002098,0.002174,0.002136,0.002136,0.002098,0.002098,0.002098,0.002098,0.002060,0.002022,0.001984,0.001984,0.001945,0.001907,0.001907,0.001831,0.001831,0.001907,0.001869,0.001793,0.001869,0.001869,0.001869,0.001869,0.001869,0.001869,0.001945,0.001984,0.001945,0.001907,0.001984,0.002022,0.001945,0.001945,0.001945,0.001907,0.001831,0.001907,0.001869,0.001869,0.001945,0.001907,0.001907,0.001831,0.001831,0.001907,0.001869,0.001907,0.001945,0.001945,0.001945,0.001984,0.002022,0.002022,0.002022,0.002022,0.002022,0.002098,0.002060,0.002022,0.002022,0.001984,0.002022,0.002060,0.002060,0.002022,0.002060,0.002022,0.002060,0.002098,0.002060,0.002136,0.002098,0.002098,0.002174,0.002136,0.002251,0.002213,0.002251,0.002251,0.002327,0.002327,0.002327,0.002365,0.002441,0.002403,0.002365,0.002441,0.002441,0.002403,0.002365,0.002403,0.002365,0.002327,0.002327,0.002327,0.002289,0.002251,0.002251,0.002213,0.002174,0.002098,0.002098,0.002098,0.002060,0.002022,0.002022,0.001984,0.002022,0.001945,0.002022,0.002022,0.002060,0.002060,0.002060,0.002060,0.002060,0.002136,0.002174,0.002136,0.002136,0.002174,0.002251,0.002251,0.002251,0.002174,0.002213,0.002251,0.002289,0.002251,0.002213,0.002213,0.002289,0.002213,0.002136,0.002289,0.002251,0.002174,0.002174,0.002213,0.002251,0.002174,0.002174,0.002136,0.002174,0.002174,0.002136,0.002136,0.002174,0.002174,0.002213,0.002174,0.002174,0.002136,0.002174,0.002174,0.002174,0.002213,0.002136,0.002174,0.002174,0.002174,0.002213,0.002213,0.002174,0.002174,0.002213,0.002213,0.002174,0.002174,0.002213,0.002174,0.002136,0.002136,0.002136,0.002136,0.002136,0.002098,0.002174,0.002098,0.002136,0.002136,0.002174,0.002174,0.002098,0.002174,0.002136,0.002213,0.002174,0.002136,0.002136,0.002174,0.002213,0.002174,0.002174,0.002136,0.002174,0.002213,0.002174,0.002174,0.002213,0.002136,0.002098,0.002098,0.002174,0.002098,0.002098,0.002098,0.002136,0.002098,0.002136,0.002098,0.002136,0.002136,0.002213,0.002136,0.002174,0.002213,0.002136,0.002174,0.002174,0.002174,0.002213,0.002213,0.002174,0.002174,0.002174,0.002174,0.002174,0.002174,0.002136,0.002136,0.002098,0.002136,0.002213,0.002213,0.002213,0.002136,0.002174,0.002136,0.002136,0.002213,0.002174,0.002174,0.002174,0.002213,0.002174,0.002136,0.002136,0.002136,0.002174,0.002174,0.002136,0.002136,0.002136,0.002136,0.002136,0.002136,0.002174,0.002174,0.002174,0.002098,0.002136,0.002136,0.002098,0.002098,0.002136,0.002136,0.002098,0.002098,0.002098,0.002098,0.002098,0.002060,0.002022,0.002022,0.002098,0.002060,0.002022,0.002022,0.001984,0.002022,0.002022,0.001984,0.001984,0.001984,0.001945,0.001945,0.001984,0.002022,0.001984,0.002022,0.002022,0.002060,0.002022,0.002060,0.002098,0.002098,0.002136,0.002136,0.002136,0.002213,0.002213,0.002213,0.002213,0.002213,0.002213,0.002251,0.002289,0.002251,0.002251,0.002327,0.002289,0.002327,0.002327,0.002289,0.002289,0.002327,0.002327,0.002289,0.002327,0.002289,0.002365,0.002289,0.002327,0.002327,0.002289,0.002289,0.002327,0.002213,0.002251,0.002251,0.002251,0.002213,0.002174,0.002251,0.002174,0.002174,0.002136,0.002174,0.002213,0.002136,0.002136,0.002136,0.002174,0.002213,0.002136,0.002136,0.002213,0.002213,0.002251,0.002213,0.002213,0.002213,0.002213,0.002251,0.002289,0.002289,0.002289,0.002289,0.002289,0.002327,0.002251,0.002289,0.002289,0.002251,0.002327,0.002289,0.002251,0.002327,0.002251,0.002327,0.002251,0.002251,0.002289,0.002251,0.002251,0.002213,0.002289,0.002213,0.002174,0.002174,0.002174,0.002213,0.002136,0.002098,0.002136,0.002098,0.002060,0.001984,0.001984,0.001984,0.001945,0.001945,0.001831,0.001869,0.001945,0.001945,0.001907,0.001869,0.001907,0.001945,0.001869,0.001869,0.001945,0.001984,0.001984,0.001869,0.001907,0.002022,0.001984,0.001984,0.002060,0.002098,0.002136,0.002213,0.002136,0.002174,0.002174,0.002251,0.002251,0.002327,0.002327,0.002289,0.002327,0.002365,0.002327,0.002289,0.002327,0.002289,0.002251,0.002289,0.002251,0.002213,0.002289,0.002289,0.002251,0.002251,0.002251,0.002289,0.002213,0.002213,0.002174,0.002136,0.002174,0.002136,0.002213,0.002136,0.002136,0.002098,0.002174,0.002136,0.002174,0.002136,0.002213,0.002213,0.002174,0.002174,0.002213,0.002213,0.002174,0.002213,0.002251,0.002251,0.002251,0.002251,0.002213,0.002289,0.002289,0.002289,0.002251,0.002289,0.002327,0.002327,0.002327,0.002327,0.002251,0.002251,0.002289,0.002251,0.002289,0.002251,0.002289,0.002213,0.002174,0.002251,0.002251,0.002213,0.002174,0.002213,0.002213,0.002174,0.002174,0.002213,0.002213,0.002251,0.002174,0.002213,0.002213,0.002174,0.002251,0.002213,0.002251,0.002174,0.002213,0.002213,0.002213,0.002174,0.002213,0.002213,0.002213,0.002174,0.002136,0.002136,0.002213,0.002174,0.002174,0.002098,0.002136,0.002098,0.002022,0.002136,0.002060,0.002060,0.001984,0.002022,0.002022,0.001984,0.002060,0.002022,0.002022,0.002060,0.002022,0.002022,0.001984,0.002022,0.002022,0.002022,0.002022,0.001984,0.001984,0.001984,0.002022,0.002022,0.002022,0.002060,0.001984,0.002022,0.002098,0.002022,0.002022,0.002060,0.002060,0.002098,0.002136,0.002098,0.002060,0.002060,0.002060,0.002060,0.002098,0.002060,0.002060,0.002136,0.002060,0.002022,0.001984,0.002022,0.001984,0.001984,0.001984,0.001984,0.002022,0.001984,0.002022,0.002022,0.002022,0.001984,0.002022,0.002060,0.002060,0.002060,0.002022,0.002060,0.002098,0.002060,0.002098,0.002060,0.002060,0.002060,0.002060,0.002098,0.002060,0.002174,0.002136,0.002098,0.002136,0.002136,0.002136,0.002136,0.002136,0.002174,0.002136,0.002174,0.002136,0.002098,0.002136,0.002098,0.002098,0.002136,0.002060,0.002060,0.002060,0.002060,0.002098,0.002136,0.002060,0.002136,0.002022,0.002022,0.002098,0.002060,0.002022,0.002022,0.001984,0.001984,0.002060,0.002098,0.002022,0.002022,0.002060,0.001984,0.002022,0.001984,0.001984,0.001945,0.002022,0.002060,0.002022,0.002060,0.001984,0.002060,0.002022,0.001984,0.002022,0.002098,0.002060,0.002022,0.002098,0.002060,0.002098,0.002098,0.002098,0.002098,0.002136,0.002060,0.002174,0.002136,0.002098,0.002098,0.002136,0.002136,0.002136,0.002098,0.002060,0.002098,0.002098,0.002136,0.002136,0.002136,0.002098,0.002136,0.002174,0.002136,0.002098,0.002174,0.002098,0.002098,0.002136,0.002060,0.002098,0.002136,0.002213,0.002136,0.002136,0.002174,0.002136,0.002174,0.002136,0.002098,0.002136,0.002098,0.002136,0.002136,0.002174,0.002136,0.002174,0.002213,0.002098,0.002174,0.002136,0.002136,0.002174,0.002174,0.002174,0.002136,0.002136,0.002174,0.002213,0.002251,0.002174,0.002251,0.002213,0.002213,0.002213,0.002289,0.002327,0.002213,0.002251,0.002251,0.002289,0.002327,0.002289,0.002289,0.002289,0.002289,0.002289,0.002289,0.002327,0.002251,0.002289,0.002289,0.002289,0.002251,0.002213,0.002289,0.002251,0.002289,0.002251,0.002174,0.002213,0.002174,0.002174,0.002136,0.002136,0.002136,0.002098,0.002060,0.002060,0.002098,0.002098,0.002022,0.001984,0.002060,0.002098,0.002022,0.001984,0.002022,0.001984,0.002022,0.002022,0.001984,0.001984,0.001945,0.002022,0.002022,0.001984,0.002022,0.001984,0.001984,0.002022,0.001984,0.001945,0.001984,0.002060,0.002022,0.001984,0.002022,0.001984,0.002022,0.001945,0.001984,0.001945,0.001984,0.002022,0.002022,0.002022,0.002060,0.002060,0.002060,0.002060,0.002022,0.002098,0.002060,0.002060,0.002098,0.002022,0.002022,0.002060,0.002098,0.002098,0.002060,0.002060,0.002060,0.002060,0.002098,0.002022,0.002022,0.002098,0.002136,0.002136,0.002136,0.002098,0.002098,0.002136,0.002098,0.002136,0.002136,0.002098,0.002098,0.002174,0.002213,0.002174,0.002136,0.002174,0.002213,0.002174,0.002174,0.002174,0.002289,0.002213,0.002251,0.002213,0.002174,0.002289,0.002289,0.002251,0.002251,0.002251,0.002213,0.002213,0.002174,0.002136,0.002136,0.002136,0.002098,0.002098,0.002022,0.001984,0.001945,0.001945,0.001984,0.001907,0.001869,0.001869,0.001869,0.001869,0.001831,0.001793,0.001869,0.001869,0.001869,0.001831,0.001831,0.001831,0.001869,0.001869,0.001907,0.001945,0.001945,0.001945,0.001945,0.001945,0.001984,0.001984,0.001984,0.001984,0.002022,0.001984,0.001984,0.001984,0.002022,0.002022,0.001984,0.001945,0.001945,0.001945,0.001907,0.001945,0.001907,0.001831,0.001945,0.001945,0.001907,0.001831,0.001831,0.001869,0.001831,0.001831,0.001907,0.001831,0.001869,0.001831,0.001869,0.001869,0.001945,0.001945,0.001907,0.001945,0.001984,0.002022,0.002022,0.001945,0.002022,0.002022,0.002098,0.002174,0.002098,0.002136,0.002174,0.002213,0.002251,0.002251,0.002251,0.002213,0.002289,0.002289,0.002289,0.002327,0.002365,0.002327,0.002365,0.002365,0.002403,0.002403,0.002480,0.002441,0.002441,0.002441,0.002518,0.002480,0.002518,0.002518,0.002556,0.002480,0.002480,0.002594,0.002556,0.002518,0.002556,0.002594,0.002556,0.002518,0.002556,0.002518,0.002480,0.002518,0.002518,0.002518,0.002518,0.002480,0.002480,0.002480,0.002480,0.002441,0.002441,0.002441,0.002403,0.002365,0.002365,0.002327,0.002365,0.002251,0.002289,0.002251,0.002213,0.002213,0.002174,0.002174,0.002136,0.002213,0.002174,0.002136,0.002136,0.002136,0.002098,0.002136,0.002174,0.002174,0.002174,0.002174,0.002098,0.002174,0.002174,0.002098,0.002098,0.002060,0.002098,0.002098,0.002060,0.002060,0.002098,0.002060,0.002060,0.002060,0.002060,0.001984,0.002060,0.002022,0.002022,0.001984,0.002022,0.002060,0.001945,0.002022,0.001945,0.001945,0.001907,0.001907,0.001907,0.001945,0.001907,0.001869,0.001831,0.001869,0.001907,0.001984,0.001907,0.001869,0.001907,0.001907,0.001945,0.001869,0.001907,0.001907,0.001869,0.001907,0.001945,0.001984,0.001984,0.001945,0.001984,0.001984,0.001984,0.001984,0.002022,0.002022,0.002060,0.002022,0.002022,0.002060,0.002060,0.002022,0.002098,0.002098,0.002174,0.002098,0.002060,0.002022,0.002060,0.002060,0.002022,0.002060,0.002022,0.002098,0.002022,0.002022,0.002060,0.002022,0.002098,0.002060,0.002098,0.002136,0.002060,0.002098,0.002098,0.002136,0.002136,0.002098,0.002060,0.002098,0.002174,0.002174,0.002136,0.002174,0.002098,0.002174,0.002174,0.002136,0.002136,0.002174,0.002174,0.002174,0.002174,0.002174,0.002136,0.002174,0.002174,0.002174,0.002174,0.002136,0.002174,0.002174,0.002174,0.002174,0.002213,0.002213,0.002174,0.002136,0.002174,0.002251,0.002174,0.002174,0.002174,0.002213,0.002213,0.002136,0.002213,0.002174,0.002174,0.002174,0.002174,0.002213,0.002251,0.002213,0.002289,0.002327,0.002289,0.002251,0.002251,0.002289,0.002289,0.002213,0.002289,0.002251,0.002251,0.002213,0.002213,0.002213,0.002289,0.002213,0.002213,0.002174,0.002213,0.002213,0.002136,0.002174,0.002136,0.002213,0.002174,0.002174,0.002213,0.002213,0.002251,0.002213,0.002174,0.002136,0.002213,0.002251,0.002174,0.002213,0.002251,0.002251,0.002213,0.002251,0.002213,0.002174,0.002174,0.002174,0.002251,0.002251,0.002251,0.002251,0.002213,0.002174,0.002174,0.002174,0.002174,0.002213,0.002251,0.002174,0.002174,0.002213,0.002174,0.002213,0.002213,0.002213,0.002174,0.002213,0.002213,0.002213,0.002174,0.002174,0.002136,0.002174,0.002213,0.002251,0.002174,0.002174,0.002174,0.002213,0.002213,0.002213,0.002174,0.002213,0.002174,0.002174,0.002136,0.002174,0.002136,0.002174,0.002174,0.002136,0.002098,0.002136,0.002098,0.002098,0.002098,0.002060,0.002136,0.002098,0.002060,0.002060,0.002174,0.002098,0.002098,0.002060,0.002174,0.002022,0.002060,0.002098,0.002060,0.002060,0.002136,0.002136,0.002060,0.002060,0.002060,0.002098,0.002136,0.002098,0.002098,0.002098,0.002098,0.002174,0.002136,0.002213,0.002136,0.002174,0.002213,0.002213,0.002213,0.002213,0.002174,0.002213,0.002213,0.002213,0.002213,0.002251,0.002251,0.002251,0.002251,0.002213,0.002251,0.002251,0.002251,0.002289,0.002251,0.002251,0.002289,0.002289,0.002251,0.002213,0.002289,0.002251,0.002213,0.002213,0.002213,0.002174,0.002213,0.002213,0.002213,0.002251,0.002174,0.002174,0.002174,0.002174,0.002213,0.002136,0.002174,0.002213,0.002213,0.002174,0.002174,0.002098,0.002060,0.002098,0.002060,0.002060,0.002022,0.002022,0.001984,0.002022,0.002022,0.001945,0.001984,0.001945,0.001984,0.001984,0.001945,0.001945,0.001907,0.001945,0.001984,0.001945,0.001984,0.001984,0.001945,0.001984,0.001984,0.001945,0.002060,0.002060,0.002060,0.002060,0.002098,0.002022,0.002098,0.002098,0.002136,0.002098,0.002136,0.002136,0.002136,0.002174,0.002174,0.002174,0.002174,0.002251,0.002174,0.002174,0.002174,0.002213,0.002213,0.002174,0.002136,0.002174,0.002213,0.002174,0.002136,0.002174,0.002174,0.002174,0.002098,0.002098,0.002136,0.002174,0.002136,0.002136,0.002136,0.002213,0.002136,0.002098,0.002098,0.002136,0.002098,0.002098,0.002098,0.002136,0.002136,0.002098,0.002098,0.002136,0.002136,0.002060,0.002098,0.002098,0.002098,0.002098,0.002174,0.002098,0.002098,0.002136,0.002098,0.002136,0.002060,0.002136,0.002098,0.002136,0.002098,0.002060,0.002060,0.002022,0.002060,0.001984,0.002022,0.002060,0.002060,0.002022,0.001984,0.002022,0.001984,0.002022,0.002060,0.002060,0.002060,0.002060,0.002060,0.002098,0.002098,0.002136,0.002136,0.002213,0.002174,0.002174,0.002174,0.002213,0.002174,0.002213,0.002213,0.002251,0.002213,0.002251,0.002289,0.002213,0.002174,0.002174,0.002213,0.002174,0.002174,0.002251,0.002136,0.002098,0.002098,0.002098,0.002098,0.002136,0.002136,0.002174,0.002136,0.002174,0.002136,0.002213,0.002213,0.002213,0.002174,0.002213,0.002213,0.002213,0.002289,0.002251,0.002213,0.002251,0.002174,0.002213,0.002213,0.002213,0.002213,0.002174,0.002213,0.002213,0.002213,0.002251,0.002136,0.002136,0.002136,0.002174,0.002136,0.002098,0.002098,0.002098,0.002136,0.002136,0.002098,0.002098,0.002022,0.002098,0.002136,0.002136,0.002060,0.002060,0.002060,0.002098,0.002022,0.002060,0.002060,0.002060,0.002060,0.002022,0.002022,0.002022,0.002098,0.002060,0.002060,0.002060,0.002022,0.002022,0.002022,0.002022,0.002060,0.001984,0.001984,0.002022,0.002022,0.002060,0.002022,0.002022,0.002098,0.002060,0.002022,0.002060,0.002098,0.002060,0.002060,0.002060,0.002060,0.002060,0.002136,0.002098,0.002022,0.002136,0.002060,0.002060,0.002060,0.002098,0.002098,0.002174,0.002136,0.002098,0.002098,0.002136,0.002213,0.002098,0.002098,0.002098,0.002060,0.002136,0.002060,0.002098,0.002136,0.002136,0.002136,0.002060,0.002136,0.002136,0.002136,0.002174,0.002136,0.002136,0.002136,0.002174,0.002174,0.002098,0.002136,0.002136,0.002213,0.002136,0.002098,0.002174,0.002174,0.002136,0.002098,0.002136,0.002136,0.002136,0.002060,0.002098,0.002060,0.002022,0.002022,0.001984,0.002022,0.002022,0.001984,0.001907,0.001984,0.001984,0.001984,0.001945,0.001984,0.001945,0.001907,0.001945,0.001907,0.001907,0.001907,0.001907,0.001907,0.001869,0.001907,0.001945,0.001945,0.001945,0.001945,0.001945,0.001984,0.001945,0.001907,0.002022,0.002022,0.001984,0.001984,0.002022,0.002098,0.002060,0.002098,0.002098,0.002098,0.002136,0.002174,0.002136,0.002136,0.002136,0.002098,0.002136,0.002136,0.002136,0.002136,0.002098,0.002174,0.002213,0.002213,0.002174,0.002136,0.002136,0.002136,0.002136,0.002136,0.002060,0.002098,0.002136,0.002174,0.002136,0.002174,0.002136,0.002136,0.002098,0.002136,0.002098,0.002136,0.002098,0.002136,0.002098,0.002136,0.002136,0.002098,0.002174,0.002136,0.002174,0.002174,0.002174,0.002174,0.002136,0.002174,0.002174,0.002136,0.002174,0.002174,0.002174,0.002136,0.002174,0.002213,0.002213,0.002213,0.002136,0.002174,0.002213,0.002174,0.002174,0.002174,0.002251,0.002251,0.002213,0.002174,0.002213,0.002174,0.002174,0.002213,0.002174,0.002174,0.002213,0.002174,0.002136,0.002136,0.002136,0.002136,0.002136,0.002098,0.002174,0.002136,0.002098,0.002098,0.002098,0.002098,0.002060,0.002098,0.002060,0.002098,0.002060,0.002098,0.002060,0.002060,0.002098,0.002098,0.002022,0.001984,0.002022,0.002022,0.002060,0.002022,0.002098,0.002022,0.002022,0.002022,0.002022,0.002060,0.002098,0.002098,0.002098,0.002060,0.002060,0.002060,0.002098,0.002060,0.002098,0.002022,0.002098,0.002060,0.002060,0.002098,0.002098,0.002060,0.002060,0.002060,0.001945,0.002022,0.002022,0.002022,0.002098,0.002060,0.002098,0.002098,0.002098,0.002060,0.002022,0.002098,0.002136,0.002098,0.002136,0.002098,0.002060,0.002136,0.002098,0.002136,0.002060,0.002098,0.002098,0.002098,0.002060,0.002098,0.002098,0.002098,0.002098,0.002098,0.002060,0.002098,0.002098,0.002098,0.002136,0.002136,0.002136,0.002136,0.002098,0.002174,0.002136,0.002136,0.002098,0.002098,0.002174,0.002136,0.002174,0.002213,0.002213,0.002174,0.002174,0.002213,0.002251,0.002251,0.002251,0.002251,0.002251,0.002289,0.002251,0.002365,0.002327,0.002289,0.002289,0.002289,0.002289,0.002327,0.002327,0.002289,0.002251,0.002289,0.002289,0.002327,0.002365,0.002365,0.002327,0.002251,0.002251,0.002289,0.002327,0.002289,0.002251,0.002289,0.002251,0.002213,0.002251,0.002289,0.002213,0.002174,0.002174,0.002136,0.002136,0.002098,0.002060,0.002098,0.002098,0.002098,0.002060,0.002098,0.002060,0.002136,0.002136,0.002136,0.002136,0.002098,0.002136,0.002136,0.002098,0.002060,0.002060,0.002022,0.002136,0.002136,0.002136,0.002098,0.002098,0.002098,0.002136,0.002098,0.002098,0.002098,0.002098,0.002136,0.002136,0.002174,0.002136,0.002174,0.002174,0.002174,0.002136,0.002174,0.002174,0.002213,0.002174,0.002174,0.002174,0.002213,0.002174,0.002213,0.002213,0.002289,0.002289,0.002251,0.002289,0.002289,0.002327,0.002289,0.002289,0.002289,0.002289,0.002289,0.002213,0.002251,0.002327,0.002251,0.002289,0.002289,0.002289,0.002213,0.002213,0.002251,0.002251,0.002213,0.002213,0.002213,0.002098,0.002098,0.002136,0.002136,0.002098,0.002136,0.002098,0.002098,0.002136,0.002098,0.002060,0.002098,0.002060,0.002060,0.002022,0.002098,0.002060,0.002098,0.002060,0.002022,0.002060,0.002060,0.002060,0.002022,0.002098,0.002060,0.002060,0.001984,0.001984,0.002098,0.002098,0.002022,0.002060,0.002060,0.002060,0.002060,0.002022,0.002098,0.002098,0.002136,0.002136,0.002136,0.002136,0.002136,0.002174,0.002213,0.002174,0.002213,0.002251,0.002251,0.002251,0.002251,0.002251,0.002213,0.002213,0.002251,0.002213,0.002213,0.002174,0.002174,0.002098,0.002136,0.002136,0.002174,0.002098,0.002022,0.002060,0.002022,0.002022,0.002022,0.001984,0.001984,0.001945,0.001907,0.001984,0.001984,0.001984,0.001984,0.002060,0.002022,0.002022,0.001984,0.002022,0.002060,0.002022,0.002022,0.002060,0.002060,0.002060,0.002136,0.002174,0.002174,0.002213,0.002136,0.002213,0.002251,0.002289,0.002251,0.002251,0.002289,0.002251,0.002289,0.002327,0.002327,0.002327,0.002327,0.002365,0.002327,0.002365,0.002403,0.002289,0.002289,0.002327,0.002327,0.002327,0.002289,0.002289,0.002289,0.002289,0.002251,0.002289,0.002289,0.002327,0.002289,0.002251,0.002289,0.002251,0.002251,0.002327,0.002327,0.002289,0.002289,0.002289,0.002251,0.002251,0.002289,0.002251,0.002327,0.002251,0.002289,0.002251,0.002251,0.002365,0.002251,0.002213,0.002251,0.002289,0.002289,0.002251,0.002289,0.002289,0.002251,0.002251,0.002213,0.002289,0.002289,0.002289,0.002251,0.002289,0.002289,0.002289,0.002365,0.002251,0.002327,0.002289,0.002289,0.002289,0.002251,0.002289,0.002289,0.002327,0.002327,0.002289,0.002365,0.002289,0.002289,0.002251,0.002289,0.002289,0.002251,0.002289,0.002289,0.002251,0.002289,0.002213,0.002213,0.002213,0.002174,0.002213,0.002174,0.002174,0.002174,0.002174,0.002174,0.002174,0.002174,0.002174,0.002174,0.002174,0.002098,0.002174,0.002136,0.002098,0.002098,0.002060,0.002098,0.002022,0.002022,0.002060,0.001984,0.002060,0.001984,0.001945,0.001984,0.001984,0.001945,0.001869,0.001907,0.001869,0.001945,0.001907,0.001869,0.001907,0.001907,0.001907,0.001907,0.001907,0.001907,0.001869,0.001945,0.001907,0.001907,0.001907,0.001984,0.001984,0.001984,0.002060,0.002022,0.002022,0.002060,0.002060,0.002060,0.002060,0.002098,0.002136,0.002098,0.002098,0.002098,0.002060,0.002098,0.002098,0.002098,0.002060,0.002136,0.002098,0.002136,0.002136,0.002136,0.002098,0.002098,0.002174,0.002136,0.002174,0.002213,0.002174,0.002213,0.002251,0.002213,0.002213,0.002251,0.002251,0.002327,0.002289,0.002327,0.002289,0.002289,0.002327,0.002289,0.002251,0.002251,0.002251,0.002289,0.002251,0.002213,0.002213,0.002251,0.002289,0.002213,0.002174,0.002174,0.002174,0.002174,0.002098,0.002098,0.002136,0.002136,0.002098,0.002098,0.002098,0.002098,0.002060,0.002022,0.002022,0.002060,0.002060,0.002022,0.001984,0.002022,0.002022,0.001984,0.001984,0.002022,0.001984,0.001984,0.002022,0.001945,0.001907,0.002022,0.002022,0.001907,0.001945,0.001945,0.001984,0.002022,0.001984,0.002022,0.001984,0.001984,0.002022,0.001945,0.001984,0.001945,0.001984,0.001984,0.002060,0.001945,0.001984,0.001984,0.001984,0.002060,0.002060,0.002022,0.002060,0.002098,0.002098,0.002098,0.002060,0.002098,0.002022,0.002060,0.002098,0.002174,0.002098,0.002098,0.002174,0.002174,0.002136,0.002174,0.002174,0.002136,0.002136,0.002174,0.002136,0.002174,0.002174,0.002174,0.002174,0.002098,0.002174,0.002174,0.002136,0.002136,0.002136,0.002098,0.002136,0.002174,0.002213,0.002213,0.002136,0.002098,0.002098,0.002213,0.002213,0.002136,0.002174,0.002213,0.002213,0.002213,0.002174,0.002136,0.002174,0.002213,0.002174,0.002251,0.002174,0.002174,0.002174,0.002174,0.002136,0.002174,0.002174,0.002098,0.002098,0.002098,0.002136,0.002098,0.002098,0.002136,0.002022,0.002060,0.002098,0.002098,0.002060,0.002060,0.002022,0.002060,0.002022,0.001984,0.001984,0.001984,0.001945,0.002022,0.002022,0.001945,0.001945,0.001984,0.002022,0.002022,0.001984,0.002022,0.002022,0.002060,0.002022,0.002060,0.002098,0.002060,0.002060,0.002098,0.002060,0.002098,0.002098,0.002098,0.002136
16,19:00:00.000,12/31/1903,0.000000,0.100000,UNKNOWN,1,0/0,0.000000,0.000000,0.000000,0.000000,0.000000,0.000000,0.000000,0.000000,0,0,0,0,0.002327,0.002289,0.002289,0.002327,0.002251,0.002213,0.002251,0.002213,0.002289,0.002213,0.002251,0.002251,0.002251,0.002251,0.002251,0.002213,0.002251,0.002251,0.002213,0.002251,0.002213,0.002174,0.002251,0.002251,0.002213,0.002174,0.002213,0.002213,0.002213,0.002213,0.002251,0.002174,0.002213,0.002213,0.002213,0.002251,0.002213,0.002251,0.002213,0.002213,0.002251,0.002251,0.002174,0.002174,0.002136,0.002174,0.002174,0.002136,0.002136,0.002174,0.002174,0.002174,0.002174,0.002136,0.002213,0.002174,0.002174,0.002136,0.002136,0.002174,0.002136,0.002136,0.002174,0.002136,0.002213,0.002136,0.002174,0.002136,0.002174,0.002136,0.002098,0.002098,0.002060,0.002098,0.002060,0.002098,0.002098,0.002098,0.002060,0.002136,0.002136,0.002060,0.002098,0.002098,0.002060,0.002060,0.002060,0.002060,0.002060,0.002060,0.002136,0.002098,0.002060,0.002136,0.002098,0.002060,0.002136,0.002136,0.002136,0.002136,0.002098,0.002098,0.002098,0.002136,0.002136,0.002136,0.002136,0.002136,0.002174,0.002136,0.002136,0.002098,0.002098,0.002174,0.002174,0.002098,0.002136,0.002098,0.002174,0.002098,0.002098,0.002174,0.002136,0.002174,0.002174,0.002136,0.002136,0.002136,0.002098,0.002098,0.002174,0.002136,0.002213,0.002136,0.002174,0.002174,0.002213,0.002174,0.002174,0.002174,0.002174,0.002136,0.002136,0.002174,0.002136,0.002174,0.002174,0.002213,0.002174,0.002136,0.002098,0.002136,0.002136,0.002136,0.002174,0.002174,0.002213,0.002174,0.002136,0.002136,0.002174,0.002213,0.002174,0.002136,0.002213,0.002213,0.002213,0.002174,0.002174,0.002251,0.002251,0.002174,0.002174,0.002174,0.002251,0.002213,0.002251,0.002251,0.002251,0.002213,0.002174,0.002174,0.002251,0.002251,0.002251,0.002213,0.002213,0.002213,0.002174,0.002174,0.002251,0.002213,0.002174,0.002174,0.002213,0.002213,0.002174,0.002174,0.002174,0.002251,0.002251,0.002213,0.002213,0.002251,0.002213,0.002213,0.002213,0.002251,0.002213,0.002174,0.002174,0.002213,0.002213,0.002213,0.002136,0.002213,0.002213,0.002174,0.002213,0.002213,0.002213,0.002213,0.002251,0.002251,0.002136,0.002213,0.002251,0.002213,0.002213,0.002251,0.002213,0.002289,0.002213,0.002213,0.002213,0.002213,0.002251,0.002251,0.002213,0.002251,0.002251,0.002251,0.002251,0.002251,0.002289,0.002251,0.002213,0.002251,0.002251,0.002213,0.002251,0.002289,0.002251,0.002289,0.002251,0.002251,0.002251,0.002251,0.002213,0.002251,0.002174,0.002213,0.002213,0.002251,0.002213,0.002251,0.002213,0.002174,0.002213,0.002251,0.002213,0.002174,0.002213,0.002213,0.002213,0.002251,0.002136,0.002136,0.002213,0.002174,0.002213,0.002213,0.002136,0.002174,0.002213,0.002136,0.002136,0.002174,0.002136,0.002136,0.002136,0.002174,0.002098,0.002213,0.002136,0.002136,0.002098,0.002098,0.002136,0.002174,0.002174,0.002136,0.002136,0.002098,0.002136,0.002136,0.002136,0.002174,0.002213,0.002174,0.002136,0.002136,0.002174,0.002174,0.002174,0.002174,0.002136,0.002174,0.002098,0.002136,0.002136,0.002174,0.002174,0.002136,0.002136,0.002098,0.002174,0.002136,0.002136,0.002136,0.002136,0.002174,0.002136,0.002098,0.002136,0.002136,0.002136,0.002136,0.002136,0.002136,0.002136,0.002136,0.002136,0.002098,0.002174,0.002136,0.002136,0.002174,0.002174,0.002136,0.002136,0.002136,0.002136,0.002136,0.002174,0.002136,0.002136,0.002098,0.002174,0.002174,0.002098,0.002174,0.002213,0.002136,0.002213,0.002213,0.002136,0.002174,0.002174,0.002174,0.002136,0.002098,0.002174,0.002174,0.002098,0.002174,0.002174,0.002174,0.002136,0.002098,0.002174,0.002213,0.002174,0.002098,0.002098,0.002213,0.002174,0.002213,0.002213,0.002213,0.002213,0.002174,0.002174,0.002136,0.002174,0.002174,0.002136,0.002213,0.002213,0.002213,0.002213,0.002213,0.002213,0.002213,0.002174,0.002174,0.002213,0.002174,0.002251,0.002213,0.002251,0.002289,0.002289,0.002251,0.002213,0.002213,0.002251,0.002289,0.002289,0.002289,0.002289,0.002289,0.002251,0.002289,0.002289,0.002251,0.002289,0.002289,0.002327,0.002327,0.002327,0.002289,0.002251,0.002251,0.002251,0.002251,0.002213,0.002251,0.002251,0.002251,0.002213,0.002213,0.002213,0.002213,0.002213,0.002251,0.002213,0.002213,0.002174,0.002213,0.002213,0.002174,0.002213,0.002213,0.002174,0.002136,0.002174,0.002136,0.002136,0.002136,0.002213,0.002174,0.002136,0.002136,0.002136,0.002136,0.002136,0.002213,0.002136,0.002136,0.002098,0.002136,0.002136,0.002136,0.002174,0.002174,0.002136,0.002060,0.002098,0.002098,0.002060,0.002136,0.002060,0.002060,0.002060,0.002022,0.002098,0.002098,0.002098,0.002098,0.002060,0.002098,0.002098,0.002022,0.002098,0.002060,0.002060,0.002098,0.002060,0.002098,0.002098,0.002098,0.002060,0.002098,0.002060,0.002098,0.002136,0.002098,0.002136,0.002098,0.002098,0.002136,0.002098,0.002098,0.002098,0.002098,0.002098,0.002136,0.002136,0.002136,0.002098,0.002060,0.002060,0.002098,0.002060,0.002060,0.002136,0.002098,0.002060,0.002060,0.002098,0.002136,0.002174,0.002098,0.002098,0.002098,0.002136,0.002098,0.002136,0.002136,0.002136,0.002136,0.002136,0.002174,0.002174,0.002213,0.002098,0.002136,0.002174,0.002174,0.002213,0.002136,0.002213,0.002213,0.002174,0.002213,0.002174,0.002213,0.002213,0.002251,0.002213,0.002213,0.002213,0.002213,0.002213,0.002213,0.002251,0.002251,0.002213,0.002251,0.002213,0.002213,0.002251,0.002251,0.002174,0.002251,0.002213,0.002289,0.002251,0.002213,0.002213,0.002251,0.002251,0.002213,0.002213,0.002251,0.002213,0.002174,0.002213,0.002251,0.002213,0.002174,0.002136,0.002136,0.002213,0.002174,0.002213,0.002174,0.002213,0.002174,0.002174,0.002136,0.002098,0.002136,0.002136,0.002136,0.002174,0.002136,0.002098,0.002136,0.002136,0.002174,0.002136,0.002136,0.002136,0.002174,0.002174,0.002174,0.002136,0.002174,0.002098,0.002136,0.002174,0.002136,0.002174,0.002136,0.002098,0.002174,0.002136,0.002098,0.002213,0.002174,0.002136,0.002136,0.002174,0.002174,0.002098,0.002174,0.002136,0.002136,0.002174,0.002174,0.002174,0.002174,0.002174,0.002174,0.002098,0.002136,0.002174,0.002174,0.002174,0.002174,0.002213,0.002174,0.002136,0.002136,0.002136,0.002098,0.002136,0.002098,0.002136,0.002136,0.002213,0.002213,0.002174,0.002174,0.002213,0.002174,0.002174,0.002174,0.002174,0.002174,0.002174,0.002136,0.002174,0.002174,0.002136,0.002136,0.002136,0.002174,0.002136,0.002174,0.002174,0.002098,0.002136,0.002174,0.002098,0.002098,0.002098,0.002136,0.002136,0.002136,0.002098,0.002060,0.002022,0.002022,0.002022,0.002060,0.001945,0.001984,0.001945,0.001984,0.001945,0.001945,0.001945,0.001831,0.001831,0.001793,0.001831,0.001831,0.001755,0.001717,0.001755,0.001717,0.001678,0.001640,0.001678,0.001640,0.001602,0.001526,0.001526,0.001602,0.001640,0.001602,0.001602,0.001640,0.001717,0.001793,0.001869,0.002022,0.002174,0.002327,0.002518,0.002670,0.002899,0.003204,0.003433,0.003777,0.004082,0.004387,0.004768,0.005074,0.005379,0.005798,0.006180,0.006523,0.006866,0.007133,0.007324,0.007553,0.007629,0.007629,0.007591,0.007362,0.007172,0.006828,0.006409,0.005989,0.005455,0.004921,0.004387,0.003853,0.003166,0.002632,0.001984,0.001411,0.000839,0.000229,-0.000343,-0.000992,-0.001564,-0.002213,-0.002823,-0.003395,-0.003891,-0.004387,-0.004768,-0.005035,-0.005226,-0.005302,-0.005264,-0.005150,-0.004883,-0.004539,-0.004234,-0.003815,-0.003319,-0.002747,-0.002327,-0.001793,-0.001259,-0.000763,-0.000267,0.000153,0.000496,0.000877,0.001183,0.001488,0.001717,0.001984,0.002060,0.002251,0.002365,0.002365,0.002480,0.002556,0.002670,0.002785,0.002861,0.002975,0.002975,0.003014,0.003090,0.003166,0.003242,0.003281,0.003319,0.003395,0.003510,0.003586,0.003624,0.003700,0.003815,0.003891,0.004044,0.004120,0.004311,0.004501,0.004539,0.004616,0.004692,0.004730,0.004807,0.004883,0.004845,0.004845,0.004807,0.004692,0.004730,0.004578,0.004539,0.004501,0.004349,0.004272,0.004120,0.004044,0.003929,0.003777,0.003624,0.003510,0.003395,0.003281,0.003128,0.003090,0.002937,0.002861,0.002708,0.002632,0.002594,0.002480,0.002403,0.002327,0.002289,0.002174,0.002136,0.002098,0.002060,0.002022,0.001984,0.001907,0.001907,0.001907,0.001831,0.001869,0.001907,0.001907,0.001869,0.001907,0.001984,0.001984,0.002060,0.002060,0.002098,0.002136,0.002136,0.002098,0.002098,0.002098,0.002174,0.002098,0.002022,0.001945,0.001945,0.001945,0.001945,0.001907,0.001831,0.001869,0.001907,0.001869,0.001869,0.001869,0.001869,0.001831,0.001755,0.001717,0.001678,0.001602,0.001602,0.001602,0.001526,0.001488,0.001526,0.001564,0.001564,0.001526,0.001564,0.001602,0.001717,0.001793,0.001831,0.001831,0.001869,0.001907,0.002022,0.002022,0.001984,0.002022,0.001984,0.001907,0.001907,0.001984,0.001984,0.001945,0.001907,0.001945,0.001984,0.001984,0.001984,0.002022,0.002060,0.002060,0.002060,0.002060,0.002098,0.002022,0.002098,0.002098,0.002022,0.002022,0.001945,0.001907,0.001907,0.001945,0.001945,0.001907,0.001945,0.002022,0.001984,0.002022,0.002136,0.002174,0.002136,0.002174,0.002251,0.002327,0.002365,0.002441,0.002556,0.002556,0.002556,0.002670,0.002747,0.002708,0.002670,0.002670,0.002632,0.002594,0.002594,0.002480,0.002403,0.002289,0.002213,0.002098,0.002136,0.002060,0.002022,0.001984,0.001945,0.001984,0.001984,0.001945,0.001945,0.001945,0.001984,0.002022,0.001984,0.001984,0.001984,0.001984,0.001984,0.001869,0.001831,0.001793,0.001793,0.001717,0.001678,0.001640,0.001602,0.001564,0.001526,0.001564,0.001526,0.001488,0.001450,0.001488,0.001564,0.001488,0.001450,0.001488,0.001488,0.001526,0.001488,0.001564,0.001564,0.001640,0.001640,0.001678,0.001755,0.001793,0.001831,0.001907,0.002022,0.002060,0.002174,0.002174,0.002289,0.002365,0.002441,0.002518,0.002594,0.002632,0.002708,0.002823,0.002785,0.002785,0.002861,0.002899,0.002937,0.002899,0.002861,0.002823,0.002823,0.002861,0.002823,0.002823,0.002823,0.002785,0.002747,0.002747,0.002708,0.002785,0.002747,0.002747,0.002708,0.002670,0.002670,0.002632,0.002594,0.002632,0.002594,0.002556,0.002480,0.002480,0.002403,0.002403,0.002403,0.002289,0.002327,0.002213,0.002213,0.002213,0.002251,0.002213,0.002213,0.002251,0.002251,0.002213,0.002213,0.002251,0.002213,0.002174,0.002213,0.002213,0.002251,0.002174,0.002136,0.002174,0.002251,0.002213,0.002174,0.002174,0.002174,0.002213,0.002251,0.002213,0.002251,0.002251,0.002327,0.002365,0.002441,0.002480,0.002480,0.002518,0.002556,0.002632,0.002670,0.002708,0.002708,0.002708,0.002708,0.002708,0.002708,0.002632,0.002594,0.002594,0.002518,0.002480,0.002365,0.002327,0.002251,0.002213,0.002136,0.002060,0.001984,0.001869,0.001831,0.001793,0.001831,0.001793,0.001755,0.001755,0.001793,0.001793,0.001831,0.001869,0.001907,0.001984,0.002060,0.002098,0.002060,0.002098,0.002174,0.002251,0.002251,0.002251,0.002251,0.002251,0.002213,0.002251,0.002213,0.002213,0.002213,0.002174,0.002136,0.002060,0.002060,0.002060,0.002022,0.001945,0.001984,0.001869,0.001907,0.001907,0.001869,0.001793,0.001755,0.001831,0.001793,0.001678,0.001640,0.001640,0.001640,0.001640,0.001640,0.001602,0.001717,0.001717,0.001640,0.001678,0.001793,0.001755,0.001793,0.001831,0.001869,0.001945,0.001984,0.001945,0.001984,0.002098,0.002022,0.002060,0.002098,0.002136,0.002136,0.002136,0.002174,0.002213,0.002251,0.002213,0.002213,0.002213,0.002213,0.002289,0.002213,0.002251,0.002251,0.002289,0.002327,0.002289,0.002289,0.002327,0.002251,0.002289,0.002289,0.002289,0.002251,0.002251,0.002327,0.002327,0.002327,0.002251,0.002289,0.002213,0.002251,0.002213,0.002289,0.002251,0.002251,0.002251,0.002327,0.002289,0.002289,0.002289,0.002289,0.002289,0.002289,0.002289,0.002251,0.002213,0.002289,0.002289,0.002289,0.002213,0.002213,0.002213,0.002136,0.002174,0.002174,0.002060,0.002022,0.001945,0.001984,0.001945,0.001945,0.001907,0.001907,0.001945,0.001869,0.001793,0.001755,0.001793,0.001831,0.001793,0.001755,0.001755,0.001793,0.001793,0.001755,0.001755,0.001717,0.001717,0.001755,0.001755,0.001831,0.001793,0.001831,0.001869,0.001907,0.001907,0.001984,0.002022,0.001984,0.002022,0.002174,0.002174,0.002213,0.002289,0.002365,0.002403,0.002403,0.002480,0.002441,0.002403,0.002480,0.002518,0.002518,0.002518,0.002556,0.002556,0.002556,0.002594,0.002556,0.002594,0.002594,0.002632,0.002594,0.002632,0.002594,0.002594,0.002594,0.002594,0.002594,0.002556,0.002594,0.002594,0.002594,0.002556,0.002518,0.002518,0.002518,0.002441,0.002441,0.002403,0.002365,0.002251,0.002251,0.002251,0.002251,0.002174,0.002136,0.002098,0.002060,0.002098,0.002022,0.002060,0.002060,0.002060,0.002060,0.002060,0.002136,0.002060,0.002098,0.002213,0.002213,0.002174,0.002251,0.002251,0.002327,0.002327,0.002327,0.002327,0.002365,0.002403,0.002365,0.002403,0.002403,0.002403,0.002403,0.002289,0.002327,0.002365,0.002327,0.002289,0.002289,0.002213,0.002136,0.002174,0.002098,0.002136,0.002098,0.002022,0.002060,0.001984,0.001984,0.001907,0.001907,0.001869,0.001869,0.001869,0.001945,0.001831,0.001869,0.001869,0.001907,0.001831,0.001755,0.001831,0.001831,0.001831,0.001831,0.001793,0.001869,0.001831,0.001793,0.001831,0.001869,0.001831,0.001869,0.001869,0.001831,0.001869,0.001869,0.001831,0.001869,0.001831,0.001869,0.001831,0.001831,0.001869,0.001869,0.001907,0.001945,0.001984,0.001984,0.002022,0.001984,0.002022,0.002060,0.002136,0.002174,0.002174,0.002213,0.002213,0.002251,0.002327,0.002289,0.002289,0.002289,0.002365,0.002365,0.002441,0.002403,0.002365,0.002327,0.002365,0.002365,0.002327,0.002327,0.002289,0.002289,0.002289,0.002251,0.002251,0.002213,0.002251,0.002213,0.002174,0.002213,0.002213,0.002174,0.002174,0.002174,0.002174,0.002136,0.002136,0.002174,0.002174,0.002174,0.002174,0.002174,0.002136,0.002174,0.002213,0.002174,0.002289,0.002213,0.002213,0.002213,0.002174,0.002251,0.002174,0.002213,0.002213,0.002213,0.002213,0.002213,0.002213,0.002174,0.002174,0.002213,0.002251,0.002213,0.002213,0.002289,0.002289,0.002251,0.002213,0.002289,0.002289,0.002289,0.002289,0.002251,0.002251,0.002289,0.002251,0.002213,0.002251,0.002174,0.002174,0.002174,0.002098,0.002174,0.002098,0.002098,0.002136,0.002136,0.002136,0.002098,0.002136,0.002136,0.002098,0.002098,0.002136,0.002098,0.002174,0.002136,0.002213,0.002174,0.002174,0.002174,0.002136,0.002136,0.002136,0.002174,0.002213,0.002174,0.002251,0.002251,0.002289,0.002251,0.002327,0.002251,0.002289,0.002365,0.002327,0.002327,0.002289,0.002251,0.002289,0.002289,0.002251,0.002213,0.002174,0.002136,0.002136,0.002098,0.002060,0.002022,0.002060,0.002060,0.002022,0.002022,0.001945,0.001984,0.001945,0.001984,0.001984,0.001984,0.002022,0.001984,0.001984,0.002022,0.002060,0.002022,0.002022,0.002060,0.002060,0.002098,0.002060,0.002098,0.002174,0.002174,0.002174,0.002174,0.002174,0.002213,0.002174,0.002174,0.002136,0.002174,0.002136,0.002136,0.002174,0.002174,0.002174,0.002174,0.002174,0.002136,0.002136,0.002060,0.002136,0.002136,0.002098,0.002098,0.002098,0.002098,0.002098,0.002060,0.002022,0.002022,0.002060,0.001984,0.002022,0.001984,0.001984,0.002022,0.001984,0.002022,0.002022,0.002060,0.002060,0.002060,0.002136,0.002136,0.002174,0.002136,0.002174,0.002174,0.002213,0.002289,0.002251,0.002289,0.002251,0.002289,0.002327,0.002289,0.002365,0.002327,0.002327,0.002365,0.002403,0.002365,0.002365,0.002403,0.002365,0.002441,0.002403,0.002441,0.002365,0.002327,0.002403,0.002403,0.002365,0.002327,0.002365,0.002365,0.002365,0.002365,0.002327,0.002289,0.002289,0.002365,0.002251,0.002251,0.002251,0.002251,0.002251,0.002289,0.002327,0.002213,0.002136,0.002136,0.002213,0.002136,0.002174,0.002136,0.002136,0.002098,0.002136,0.002098,0.002213,0.002136,0.002174,0.002174,0.002174,0.002213,0.002251,0.002251,0.002327,0.002365,0.002365,0.002365,0.002441,0.002480,0.002556,0.002632,0.002670,0.002632,0.002708,0.002747,0.002785,0.002785,0.002747,0.002823,0.002823,0.002823,0.002861,0.002823,0.002747,0.002708,0.002747,0.002708,0.002708,0.002632,0.002556,0.002518,0.002441,0.002441,0.002441,0.002403,0.002365,0.002327,0.002365,0.002289,0.002213,0.002136,0.002136,0.002136,0.001984,0.001907,0.001907,0.001793,0.001678,0.001526,0.001488,0.001335,0.001259,0.001221,0.001106,0.001068,0.000992,0.000992,0.000954,0.001030,0.001030,0.001068,0.001068,0.001144,0.001221,0.001297,0.001373,0.001450,0.001602,0.001717,0.001755,0.001793,0.001984,0.002022,0.002098,0.002213,0.002174,0.002327,0.002327,0.002441,0.002403,0.002441,0.002365,0.002441,0.002480,0.002480,0.002480,0.002403,0.002441,0.002365,0.002403,0.002327,0.002327,0.002327,0.002327,0.002289,0.002174,0.002251,0.002251,0.002289,0.002289,0.002289,0.002289,0.002327,0.002365,0.002441,0.002441,0.002480,0.002518,0.002518,0.002594,0.002594,0.002556,0.002632,0.002632,0.002632,0.002632,0.002594,0.002556,0.002556,0.002518,0.002518,0.002518,0.002441,0.002441,0.002403,0.002327,0.002327,0.002251,0.002251,0.002174,0.002174,0.002174,0.002098,0.002060,0.002060,0.002060,0.002022,0.001984,0.002022,0.001984,0.002060,0.002060,0.001984,0.002098,0.001984,0.001984,0.002022,0.002060,0.002060,0.002060,0.002098,0.002098,0.002098,0.002136,0.002136,0.002060,0.002136,0.002136,0.002060,0.002098,0.002098,0.001984,0.002022,0.002060,0.002022,0.002098,0.002060,0.002098,0.002098,0.002098,0.002022,0.002022,0.002098,0.002098,0.002098,0.002136,0.002098,0.002136,0.002098,0.002136,0.002136,0.002098,0.002136,0.002136,0.002136,0.002136,0.002213,0.002213,0.002213,0.002213,0.002174,0.002251,0.002365,0.002327,0.002327,0.002365,0.002365,0.002403,0.002365,0.002441,0.002441,0.002480,0.002403,0.002441,0.002480,0.002403,0.002403,0.002441,0.002441,0.002441,0.002441,0.002403,0.002403,0.002403,0.002365,0.002327,0.002289,0.002365,0.002289,0.002365,0.002289,0.002251,0.002251,0.002251,0.002289,0.002213,0.002213,0.002174,0.002174,0.002213,0.002136,0.002136,0.002174,0.002136,0.002098,0.002174,0.002174,0.002174,0.002213,0.002213,0.002174,0.002213,0.002213,0.002289,0.002365,0.002289,0.002327,0.002327,0.002327,0.002365,0.002327,0.002403,0.002403,0.002441,0.002403,0.002441,0.002441,0.002441,0.002441,0.002441,0.002441,0.002480,0.002480,0.002480,0.002441,0.002441,0.002403,0.002403,0.002289,0.002251,0.002251,0.002251,0.002251,0.002213,0.002136,0.002174,0.002136,0.002022,0.002022,0.001984,0.001984,0.001907,0.001984,0.001984,0.001945,0.001984,0.001984,0.001907,0.001907,0.001869,0.001907,0.001869,0.001907,0.001907,0.001869,0.001831,0.001831,0.001869,0.001869,0.001907,0.001869,0.001945,0.001869,0.001869,0.001945,0.001984,0.001869,0.001984,0.001984,0.001984,0.002022,0.002022,0.002022,0.002060,0.002098,0.002060,0.002098,0.002136,0.002060,0.002136,0.002098,0.002136,0.002174,0.002174,0.002251,0.002213,0.002174,0.002213,0.002251,0.002289,0.002251,0.002289,0.002251,0.002251,0.002327,0.002289,0.002289,0.002251,0.002251,0.002251,0.002213,0.002251,0.002251,0.002136,0.002174,0.002174,0.002174,0.002213,0.002213,0.002251,0.002174,0.002174,0.002213,0.002251,0.002213,0.002213,0.002213,0.002251,0.002136,0.002251,0.002174,0.002251,0.002289,0.002289,0.002251,0.002213,0.002213,0.002213,0.002251,0.002213,0.002174,0.002136,0.002136,0.002098,0.002174,0.002060,0.002098,0.001984,0.002022,0.002060,0.002022,0.001984,0.001945,0.001945,0.001945,0.001984,0.001984,0.001984,0.002022,0.001945,0.001984,0.002060,0.002098,0.002060,0.002022,0.002060,0.002174,0.002060,0.002136,0.002098,0.002098,0.002136,0.002174,0.002174,0.002213,0.002213,0.002136,0.002174,0.002213,0.002174,0.002174,0.002174,0.002174,0.002174,0.002098,0.002213,0.002136,0.002136,0.002098,0.002060,0.002098,0.002136,0.002136,0.002136,0.002098,0.002098,0.002136,0.002174,0.002174,0.002174,0.002213,0.002251,0.002213,0.002174,0.002251,0.002251,0.002251,0.002289,0.002289,0.002327,0.002365,0.002289,0.002289,0.002289,0.002365,0.002365,0.002365,0.002365,0.002403,0.002403,0.002327,0.002365,0.002403,0.002251,0.002327,0.002289,0.002289,0.002289,0.002213,0.002174,0.002213,0.002251,0.002213,0.002174,0.002174,0.002174,0.002136,0.002136,0.002174,0.002174,0.002213,0.002136,0.002174,0.002174,0.002213,0.002174,0.002251,0.002251,0.002213,0.002213,0.002213,0.002213,0.002289,0.002289,0.002289,0.002327,0.002365,0.002289,0.002327,0.002365,0.002365,0.002365,0.002365,0.002365,0.002365,0.002403,0.002327,0.002327,0.002403,0.002403,0.002365,0.002365,0.002327,0.002327,0.002289,0.002289,0.002289,0.002213,0.002251,0.002251,0.002174,0.002174,0.002174,0.002174,0.002136,0.002060,0.002060,0.002060,0.002022,0.001984,0.001984,0.001984,0.001907,0.001907,0.001869,0.001907,0.001869,0.001869,0.001869,0.001831,0.001831,0.001793,0.001755,0.001717,0.001717,0.001793,0.001717,0.001755,0.001717,0.001717,0.001793,0.001831,0.001869,0.001755,0.001793,0.001831,0.001831,0.001869,0.001831,0.001869,0.001831,0.001831,0.001869,0.001869,0.001869,0.001945,0.001869,0.001869,0.001869,0.001907,0.001907,0.001945,0.001907,0.001945,0.001984,0.001984,0.002060,0.002060,0.002098,0.002098,0.002136,0.002174,0.002251,0.002213,0.002251,0.002251,0.002213,0.002251,0.002327,0.002327,0.002403,0.002365,0.002403,0.002403,0.002441,0.002480,0.002441,0.002441,0.002441,0.002441,0.002441,0.002518,0.002480,0.002441,0.002441,0.002441,0.002403,0.002480,0.002403,0.002327,0.002365,0.002365,0.002327,0.002327,0.002327,0.002327,0.002327,0.002327,0.002251,0.002251,0.002174,0.002251,0.002213,0.002251,0.002251,0.002174,0.002136,0.002136,0.002098,0.002060,0.002098,0.002098,0.002098,0.002060,0.002098,0.002098,0.002136,0.002098,0.002060,0.002136,0.002136,0.002136,0.002136,0.002098,0.002098,0.002098,0.002174,0.002213,0.002136,0.002136,0.002060,0.002060,0.002022,0.002060,0.002022,0.002060,0.002022,0.002022,0.001984,0.002022,0.002022,0.002022,0.002060,0.002060,0.002060,0.002098,0.002098,0.002060,0.002098,0.002136,0.002098,0.002136,0.002174,0.002174,0.002136,0.002213,0.002213,0.002174,0.002174,0.002174,0.002251,0.002251,0.002213,0.002251,0.002213,0.002251,0.002174,0.002251,0.002251,0.002174,0.002251,0.002213,0.002174,0.002174,0.002098,0.002174,0.002213,0.002174,0.002213,0.002251,0.002213,0.002213,0.002174,0.002174,0.002251,0.002289,0.002213,0.002213,0.002251,0.002289,0.002289,0.002251,0.002289,0.002289,0.002251,0.002327,0.002289,0.002289,0.002327,0.002251,0.002251,0.002365,0.002289,0.002289,0.002289,0.002289,0.002251,0.002251,0.002251,0.002289,0.002251,0.002251,0.002251,0.002251,0.002251,0.002251,0.002213,0.002213,0.002213,0.002213,0.002251,0.002213,0.002213,0.002251,0.002251,0.002174,0.002251,0.002213,0.002213,0.002289,0.002174,0.002174,0.002213,0.002213,0.002213,0.002174,0.002098,0.002136,0.002098,0.002098,0.002098,0.002060,0.002098,0.002136,0.002098,0.002098,0.002060,0.002022,0.001984,0.002022,0.002022,0.001984,0.001945,0.002022,0.002022,0.002098,0.002060,0.001984,0.002022,0.002060,0.002022,0.001984,0.001984,0.001984,0.001984,0.001984,0.001984,0.001945,0.001984,0.001984,0.001984,0.002022,0.002022,0.002022,0.001984,0.002022,0.002022,0.002022,0.002022,0.002022,0.002060,0.002098,0.002098,0.002060,0.002060,0.002136,0.002136,0.002174,0.002213,0.002174,0.002213,0.002213,0.002174,0.002251,0.002251,0.002251,0.002251,0.002213,0.002213,0.002213,0.002289,0.002251,0.002251,0.002251,0.002327,0.002327,0.002289,0.002251,0.002289,0.002251,0.002251,0.002251,0.002289,0.002251,0.002251,0.002213,0.002289,0.002251,0.002213,0.002213,0.002251,0.002251,0.002251,0.002251,0.002174,0.002213,0.002213,0.002251,0.002289,0.002251,0.002251,0.002251,0.002251,0.002289,0.002251,0.002213,0.002289,0.002327,0.002289,0.002251,0.002289,0.002289,0.002289,0.002327,0.002289,0.002251,0.002213,0.002289,0.002327,0.002327,0.002327,0.002327,0.002289,0.002251,0.002327,0.002327,0.002251,0.002251,0.002251,0.002251,0.002251,0.002213,0.002251,0.002174,0.002251,0.002289,0.002174,0.002213,0.002213,0.002213,0.002251,0.002289,0.002213,0.002174,0.002213,0.002213,0.002213,0.002213,0.002213,0.002213,0.002174,0.002213,0.002174,0.002136,0.002213,0.002213,0.002213,0.002213,0.002213,0.002174,0.002174,0.002213,0.002213,0.002213,0.002213,0.002174,0.002213,0.002213,0.002213,0.002251,0.002251,0.002289,0.002213,0.002289,0.002213,0.002251,0.002251,0.002251,0.002213,0.002251,0.002213,0.002174,0.002174,0.002251,0.002213,0.002213,0.002174,0.002213,0.002174,0.002136,0.002098,0.002136,0.002136,0.002136,0.002136,0.002060,0.002136,0.002136,0.002098,0.002098,0.002098,0.002060,0.002060,0.002060,0.002060,0.002060,0.002060,0.002136,0.002098,0.002098,0.002098,0.002136,0.002174,0.002213,0.002174,0.002174,0.002213,0.002251,0.002174,0.002213,0.002327,0.002251,0.002365,0.002365,0.002327,0.002403,0.002365,0.002365,0.002403,0.002441,0.002480,0.002518,0.002556,0.002518,0.002480,0.002480,0.002518,0.002518,0.002518,0.002480,0.002518,0.002403,0.002403,0.002327,0.002289,0.002251,0.002251,0.002213,0.002174,0.002136,0.002098,0.002060,0.002022,0.001984,0.001945,0.001984,0.001869,0.001907,0.001907,0.001907,0.001907,0.001869,0.001869,0.001945,0.001984,0.001907,0.002022,0.001945,0.002022,0.002060,0.002022,0.002022,0.002098,0.002098,0.002098,0.002136,0.002136,0.002174,0.002174,0.002174,0.002213,0.002136,0.002136,0.002136,0.002098,0.002098,0.002098,0.002060,0.002098,0.002098,0.002060,0.002022,0.002022,0.002136,0.002098,0.002060,0.002060,0.002098,0.002098,0.002136,0.002174,0.002136,0.002136,0.002136,0.002251,0.002289,0.002289,0.002251,0.002251,0.002251,0.002289,0.002365,0.002327,0.002327,0.002289,0.002365,0.002403,0.002365,0.002365,0.002365,0.002403,0.002365,0.002365,0.002365,0.002327,0.002327,0.002365,0.002365,0.002365,0.002327,0.002327,0.002327,0.002327,0.002365,0.002327,0.002289,0.002365,0.002403,0.002365,0.002403,0.002365,0.002403,0.002403,0.002441,0.002403,0.002365,0.002365,0.002403,0.002441,0.002403,0.002365,0.002327,0.002403,0.002327,0.002289,0.002289,0.002251,0.002174,0.002213,0.002136,0.002098,0.002098,0.002098,0.002060,0.002022,0.002022,0.001984,0.001945,0.001945,0.001907,0.001945,0.001907,0.001869,0.001869,0.001907,0.001831,0.001907,0.001869,0.001869,0.001907,0.001869,0.001869,0.001945,0.001907,0.001945,0.001907,0.001984,0.001984,0.001984,0.002022,0.002022,0.002022,0.002022,0.002060,0.002098,0.002098,0.002136,0.002174,0.002136,0.002136,0.002098,0.002174,0.002174,0.002174,0.002174,0.002174,0.002174,0.002174,0.002174,0.002213,0.002174,0.002136,0.002213,0.002251,0.002289,0.002251,0.002174,0.002174,0.002213,0.002213,0.002213,0.002098,0.002136,0.002174,0.002174,0.002213,0.002213,0.002213,0.002251,0.002213,0.002213,0.002213,0.002213,0.002251,0.002213,0.002213,0.002213,0.002289,0.002213,0.002251,0.002289,0.002289,0.002289,0.002289,0.002213,0.002365,0.002365,0.002289,0.002327,0.002289,0.002289,0.002289,0.002403,0.002365,0.002327,0.002327,0.002327,0.002365,0.002327,0.002327,0.002289,0.002213,0.002327,0.002365,0.002327,0.002213,0.002213,0.002213,0.002213,0.002174,0.002174,0.002136,0.002136,0.002136,0.002136,0.002136,0.002136,0.002098,0.002060,0.002098,0.002098,0.002136,0.002098,0.002136,0.002174,0.002174,0.002136,0.002136,0.002174,0.002213,0.002251,0.002213,0.002174,0.002251,0.002251,0.002174,0.002174,0.002174,0.002174,0.002136,0.002060,0.002098,0.002060,0.001984,0.002022,0.002060,0.002022,0.001984,0.001907,0.001945,0.001984,0.001984,0.001984,0.001907,0.001984,0.001907,0.001984,0.002022,0.002022,0.002022,0.002060,0.002098,0.002098,0.002136,0.002098,0.002136,0.002213,0.002213,0.002174,0.002251,0.002213,0.002251,0.002174,0.002251,0.002213,0.002213,0.002213,0.002251,0.002213,0.002174,0.002213,0.002174,0.002213,0.002174,0.002174,0.002136,0.002098,0.002060,0.002098,0.002098,0.002098,0.002060,0.002022,0.002060,0.002098,0.002136,0.002136,0.002098,0.002098,0.002098,0.002098,0.002098,0.002136,0.002136,0.002098,0.002136,0.002213,0.002251,0.002213,0.002174,0.002213,0.002174,0.002289,0.002251,0.002289,0.002289,0.002289,0.002327,0.002327,0.002365,0.002365,0.002327,0.002365,0.002365,0.002403,0.002403,0.002403,0.002403,0.002365,0.002403,0.002403,0.002365,0.002365,0.002365,0.002289,0.002289,0.002289,0.002327,0.002251,0.002289,0.002251,0.002251,0.002213,0.002174,0.002174,0.002213,0.002174,0.002213,0.002174,0.002136,0.002174,0.002136,0.002136,0.002213,0.002174,0.002213,0.002136,0.002136,0.002174,0.002136,0.002098,0.002174,0.002098,0.002060,0.002136,0.002098,0.002060,0.002022,0.001984,0.002022,0.002060,0.002060,0.002022,0.001945,0.001945,0.001945,0.001945,0.001907,0.001945,0.001907,0.001907,0.001907,0.001907,0.001869,0.001907,0.001831,0.001869,0.001907,0.001907,0.001945,0.001907,0.001945,0.001907,0.001984,0.001984,0.001945,0.001984,0.001984,0.002060,0.002022,0.002060,0.002060,0.002060,0.002060,0.002098,0.002060,0.002022,0.002060,0.002098,0.002060,0.002022,0.002022,0.002060,0.002060,0.001984,0.002022,0.002060,0.002060,0.002060,0.002098,0.002060,0.002060,0.002098,0.002060,0.002098,0.002060,0.002098,0.002136,0.002174,0.002136,0.002136,0.002174,0.002136,0.002174,0.002174,0.002213,0.002174,0.002251,0.002251,0.002213,0.002251,0.002251,0.002289,0.002289,0.002289,0.002289,0.002289,0.002251,0.002251,0.002327,0.002403,0.002365,0.002365,0.002327,0.002365,0.002441,0.002441,0.002403,0.002403,0.002403,0.002441,0.002480,0.002518,0.002480,0.002480,0.002518,0.002518,0.002518,0.002518,0.002480,0.002480,0.002441,0.002403,0.002403,0.002365,0.002327,0.002289,0.002327,0.002213,0.002174,0.002174,0.002098,0.002098,0.002098,0.002022,0.002022,0.001945,0.001945,0.001984,0.001907,0.001869,0.001907,0.001907,0.001869,0.001869,0.001869,0.001869,0.001869,0.001869,0.001869,0.001869,0.001869,0.001907,0.001945,0.001907,0.001945,0.001984,0.001984,0.002022,0.001984,0.002098,0.002060,0.002098,0.002136,0.002098,0.002136,0.002136,0.002136,0.002174,0.002213,0.002136,0.002213,0.002251,0.002174,0.002251,0.002289,0.002289,0.002251,0.002327,0.002365,0.002365,0.002289,0.002327,0.002365,0.002365,0.002403,0.002403,0.002365,0.002365,0.002441,0.002403,0.002403,0.002403,0.002403,0.002403,0.002441,0.002403,0.002365,0.002403,0.002365,0.002441,0.002441,0.002365,0.002441,0.002441,0.002403,0.002365,0.002403,0.002403,0.002365,0.002365,0.002365,0.002403,0.002365,0.002365,0.002403,0.002327,0.002365,0.002365,0.002365,0.002251,0.002289,0.002327,0.002365,0.002289,0.002251,0.002251,0.002251,0.002251,0.002289,0.002251,0.002213,0.002213,0.002213,0.002251,0.002251,0.002213,0.002213,0.002213,0.002174,0.002213,0.002174,0.002174,0.002136,0.002174,0.002174,0.002136,0.002174,0.002098,0.002136,0.002136,0.002098,0.002098,0.002098,0.002060,0.002060,0.002060,0.002060,0.002022,0.001984,0.002022,0.001984,0.001945,0.001984,0.002060,0.002060,0.002060,0.002022,0.002022,0.002060,0.002098,0.002136,0.002060,0.002060,0.002022,0.002098,0.002136,0.002136,0.002060,0.002136,0.002136,0.002174,0.002136,0.002136,0.002098,0.002136,0.002098,0.002136,0.002174,0.002136,0.002174,0.002174,0.002213,0.002213,0.002251,0.002251,0.002289,0.002251,0.002251,0.002251,0.002289,0.002327,0.002327,0.002327,0.002327,0.002327,0.002327,0.002365,0.002365,0.002365,0.002403,0.002365,0.002365,0.002403,0.002327,0.002365,0.002365,0.002365,0.002365,0.002403,0.002365,0.002289,0.002289,0.002289,0.002327,0.002289,0.002289,0.002251,0.002289,0.002327,0.002327,0.002213,0.002251,0.002213,0.002213,0.002213,0.002213,0.002174,0.002213,0.002174,0.002136,0.002136,0.002174,0.002136,0.002174,0.002174,0.002174,0.002136,0.002174,0.002174,0.002213,0.002174,0.002213,0.002213,0.002213,0.002174,0.002213,0.002174,0.002136,0.002213,0.002136,0.002136,0.002136,0.002060,0.002060,0.002060,0.002098,0.002060,0.002060,0.002022,0.002022,0.002022,0.001984,0.001984,0.001984,0.002022,0.001945,0.001907,0.001945,0.001945,0.001869,0.001869,0.001907,0.001907,0.001907,0.001907,0.001907,0.001945,0.001907,0.001907,0.001869,0.001907,0.001984,0.001984,0.001945,0.001984,0.002022,0.001984,0.001984,0.002022,0.002060,0.002060,0.002098,0.002060,0.002098,0.002136,0.002174,0.002136,0.002098,0.002136,0.002098,0.002098,0.002136,0.002174,0.002213,0.002251,0.002251,0.002327,0.002213,0.002251,0.002365,0.002289,0.002327,0.002365,0.002327,0.002365,0.002365,0.002441,0.002403,0.002327,0.002365,0.002403,0.002441,0.002365,0.002327,0.002327,0.002365,0.002365,0.002327,0.002327,0.002289,0.002365,0.002327,0.002327,0.002289,0.002289,0.002289,0.002289,0.002289,0.002289,0.002289,0.002213,0.002213,0.002289,0.002289,0.002251,0.002289,0.002251,0.002213,0.002251,0.002251,0.002251,0.002251,0.002251,0.002174,0.002213,0.002251,0.002213,0.002174,0.002174,0.002174,0.002213,0.002251,0.002174,0.002213,0.002213,0.002251,0.002251,0.002251,0.002213,0.002251,0.002251,0.002213,0.002251,0.002289,0.002289,0.002251,0.002251,0.002289,0.002251,0.002289,0.002327,0.002251,0.002289,0.002289,0.002251,0.002289,0.002289,0.002213,0.002174,0.002251,0.002251,0.002251,0.002251,0.002251,0.002289,0.002289,0.002251,0.002251,0.002251,0.002251,0.002289,0.002213,0.002213,0.002174,0.002213,0.002174,0.002213,0.002213,0.002289,0.002251,0.002213,0.002251,0.002213,0.002289,0.002289,0.002213,0.002213,0.002289,0.002289,0.002289,0.002289,0.002327,0.002289,0.002251,0.002289,0.002327,0.002289,0.002327,0.002289,0.002289,0.002289,0.002251,0.002289,0.002289,0.002251,0.002251,0.002251,0.002213,0.002213,0.002174,0.002136,0.002136,0.002136,0.002098,0.002098,0.002098,0.002098,0.002022,0.001984,0.002022,0.002022,0.002022,0.002022,0.002022,0.001984,0.001945,0.001945,0.001869,0.001869,0.001984,0.001945,0.001907,0.001907,0.001869,0.001907,0.001869,0.001907,0.001907,0.001907,0.001907,0.001907,0.001945,0.001984,0.002022,0.002022,0.002022,0.001984,0.002022,0.002098,0.002136,0.002136,0.002136,0.002136,0.002213,0.002213,0.002213,0.002251,0.002289,0.002251,0.002251,0.002289,0.002289,0.002289,0.002327,0.002327,0.002289,0.002289,0.002251,0.002251,0.002251,0.002251,0.002174,0.002213,0.002251,0.002251,0.002213,0.002213,0.002213,0.002213,0.002251,0.002174,0.002136,0.002213,0.002174,0.002174,0.002213,0.002174,0.002251,0.002251,0.002213,0.002251,0.002251,0.002213,0.002251,0.002327,0.002327,0.002327,0.002289,0.002289,0.002289,0.002251,0.002251,0.002289,0.002213,0.002251,0.002251,0.002251,0.002213,0.002174,0.002098,0.002098,0.002098,0.002060,0.001984,0.002022,0.001907,0.001945,0.001907,0.001907,0.001869,0.001831,0.001831,0.001755,0.001793,0.001831,0.001831,0.001793,0.001831,0.001831,0.001907,0.001869,0.001869,0.001907,0.002022,0.001984,0.001945,0.002022,0.002060,0.002060,0.002060,0.002060,0.002136,0.002098,0.002136,0.002060,0.002098,0.002098,0.002136,0.002098,0.002022,0.002136,0.002098,0.002098,0.002136,0.002136,0.002098,0.002174,0.002136,0.002098,0.002136,0.002174,0.002174,0.002136,0.002174,0.002174,0.002213,0.002251,0.002251,0.002289,0.002251,0.002289,0.002251,0.002289,0.002327,0.002365,0.002365,0.002365,0.002365,0.002327,0.002365,0.002365,0.002327,0.002327,0.002365,0.002289,0.002289,0.002289,0.002327,0.002289,0.002251,0.002251,0.002289,0.002251,0.002289,0.002251,0.002251,0.002213,0.002251,0.002213,0.002213,0.002174,0.002213,0.002213,0.002213,0.002251,0.002213,0.002213,0.002251,0.002174,0.002251,0.002251,0.002136,0.002136,0.002174,0.002174,0.002174,0.002136,0.002174,0.002213,0.002136,0.002136,0.002136,0.002213,0.002136,0.002174,0.002174,0.002136,0.002136,0.002098,0.002060,0.002098,0.002098,0.002098,0.002136,0.002098,0.002060,0.002098,0.002098,0.002098,0.002098,0.002136,0.002098,0.002136,0.002213,0.002136,0.002136,0.002098,0.002136,0.002136,0.002136,0.002136,0.002174,0.002174,0.002174,0.002213,0.002174,0.002136,0.002213,0.002251,0.002136,0.002213,0.002213,0.002251,0.002251,0.002213,0.002213,0.002213,0.002251,0.002213,0.002213,0.002251,0.002251,0.002289,0.002213,0.002251,0.002251,0.002251,0.002251,0.002174,0.002174,0.002174,0.002174,0.002251,0.002174,0.002213,0.002174,0.002174,0.002136,0.002098,0.002098,0.002098,0.002060,0.002136,0.002060,0.002060,0.002060,0.002022,0.002098,0.002022,0.002098,0.002022,0.002022,0.002060,0.002022,0.002060,0.002022,0.002022,0.002060,0.002022,0.002098,0.002098,0.002022,0.002060,0.002098,0.002098,0.002060,0.002022,0.002022,0.002060,0.002022,0.002022,0.002136,0.002060,0.002060,0.002060,0.002098,0.002136,0.002136,0.002098,0.002098,0.002098,0.002098,0.002098,0.002174,0.002174,0.002213,0.002136,0.002136,0.002213,0.002213,0.002213,0.002213,0.002174,0.002213,0.002251,0.002289,0.002213,0.002251,0.002174,0.002251,0.002174,0.002136,0.002136,0.002136,0.002098,0.002136,0.002136,0.002136,0.002174,0.002098,0.002098,0.002098,0.002098,0.002098,0.002060,0.002136,0.002098,0.002098,0.002136,0.002098,0.002174,0.002174,0.002213,0.002136,0.002174,0.002213,0.002251,0.002289,0.002251,0.002289,0.002327,0.002289,0.002327,0.002289,0.002289,0.002365,0.002289,0.002365,0.002365,0.002327,0.002365,0.002251,0.002327,0.002365,0.002327,0.002327,0.002289,0.002327,0.002251,0.002251,0.002327,0.002289,0.002289,0.002251,0.002251,0.002251,0.002213,0.002213,0.002251,0.002251,0.002213,0.002174,0.002174,0.002136,0.002174,0.002174,0.002174,0.002174,0.002136,0.002136,0.002136,0.002136,0.002136,0.002098,0.002174,0.002136,0.002136,0.002098,0.002098,0.002098,0.002098,0.002060,0.002136,0.002136,0.002098,0.002060,0.002060,0.002060,0.002098,0.002098,0.002098,0.002022,0.002022,0.002060,0.002022,0.002022,0.002060,0.001984,0.001945,0.001945,0.002022,0.002022,0.002060,0.002022,0.002022,0.002060,0.002022,0.002022,0.002022,0.002022,0.002060,0.002060,0.002098,0.002098,0.002136,0.002098,0.002060,0.002136,0.002098,0.002098,0.002136,0.002098,0.002136,0.002136,0.002174,0.002136,0.002174,0.002213,0.002174,0.002213,0.002213,0.002251,0.002251,0.002289,0.002327,0.002251,0.002251,0.002327,0.002327,0.002327,0.002327,0.002289,0.002365,0.002365,0.002403,0.002403,0.002365,0.002403,0.002403,0.002403,0.002327,0.002289,0.002403,0.002365,0.002365,0.002327,0.002365,0.002327,0.002327,0.002289,0.002327,0.002289,0.002289,0.002327,0.002251,0.002213,0.002251,0.002213,0.002251,0.002289,0.002289,0.002251,0.002213,0.002251,0.002251,0.002289,0.002213,0.002213,0.002251,0.002213,0.002251,0.002251,0.002213,0.002213,0.002213,0.002213,0.002289,0.002251,0.002289,0.002213,0.002213,0.002251,0.002289,0.002289,0.002289,0.002289,0.002289,0.002213,0.002289,0.002251,0.002289,0.002251,0.002213,0.002174,0.002213,0.002213,0.002174,0.002174,0.002098,0.002022,0.002022,0.002060,0.002022,0.002022,0.001945,0.001945,0.001984,0.001984,0.001945,0.002022,0.002022,0.002022,0.002098,0.002098,0.002098,0.002174,0.002174,0.002251,0.002289,0.002327,0.002289,0.002327,0.002441,0.002441,0.002480,0.002518,0.002480,0.002518,0.002441,0.002441,0.002441,0.002403,0.002403,0.002365,0.002289,0.002289,0.002251,0.002213,0.002136,0.002136,0.002022,0.002060,0.002060,0.001984,0.001984,0.002022,0.002060,0.001945,0.002022,0.002060,0.002060,0.002098,0.002060,0.002098,0.002136,0.002174,0.002251,0.002213,0.002213,0.002213,0.002251,0.002251,0.002251,0.002365,0.002327,0.002289,0.002327,0.002289,0.002289,0.002327,0.002289,0.002251,0.002289,0.002289,0.002289,0.002251,0.002251,0.002251,0.002251,0.002251,0.002289,0.002213,0.002251,0.002213,0.002213,0.002289,0.002213,0.002251,0.002327,0.002289,0.002289,0.002289,0.002289,0.002327,0.002327,0.002327,0.002251,0.002289,0.002327,0.002289,0.002289,0.002327,0.002327,0.002365,0.002327,0.002251,0.002251,0.002289,0.002289,0.002289,0.002289,0.002251,0.002289,0.002251,0.002289,0.002251,0.002251,0.002251,0.002251,0.002213,0.002213,0.002213,0.002213,0.002174,0.002251,0.002213,0.002289,0.002213,0.002174,0.002213,0.002251,0.002174,0.002174,0.002174,0.002174,0.002136,0.002213,0.002174,0.002136,0.002098,0.002098,0.002098,0.002060,0.002098,0.002098,0.002098,0.002136,0.002098,0.002136,0.002098,0.002098,0.002213,0.002098,0.002174,0.002136,0.002251,0.002251,0.002213,0.002136,0.002213,0.002213,0.002289,0.002213,0.002174,0.002213,0.002213,0.002251,0.002251,0.002213,0.002174,0.002213,0.002174,0.002213,0.002136,0.002136,0.002174,0.002174,0.002174,0.002251,0.002174,0.002136,0.002136,0.002136,0.002136,0.002136,0.002174,0.002174,0.002136,0.002174,0.002174,0.002174,0.002213,0.002136,0.002136,0.002174,0.002174,0.002174,0.002213,0.002213,0.002213,0.002213,0.002136,0.002213,0.002213,0.002174,0.002174,0.002251,0.002251,0.002174,0.002174,0.002174,0.002213,0.002174,0.002213,0.002251,0.002251,0.002251,0.002251,0.002289,0.002289,0.002213,0.002251,0.002251,0.002251,0.002289,0.002251,0.002289,0.002289,0.002251,0.002213,0.002289,0.002289,0.002289,0.002251,0.002251,0.002251,0.002251,0.002174,0.002213,0.002213,0.002213,0.002213,0.002174,0.002251,0.002136,0.002098,0.002136,0.002136,0.002174,0.002136,0.002098,0.002098,0.002136,0.002136,0.002098,0.002136,0.002060,0.002060,0.002136,0.002060,0.002022,0.002060,0.002136,0.002136,0.002098,0.002060,0.002060,0.002098,0.002098,0.002098,0.002136,0.002136,0.002098,0.002136,0.002174,0.002213,0.002174,0.002136,0.002174,0.002174,0.002136,0.002136,0.002174,0.002174,0.002174,0.002136,0.002213,0.002174,0.002136,0.002213,0.002174,0.002174,0.002251,0.002251,0.002251,0.002213,0.002327,0.002289,0.002251,0.002251,0.002251,0.002289,0.002327,0.002327,0.002289,0.002327,0.002327,0.002327,0.002289,0.002327,0.002289,0.002289,0.002365,0.002289,0.002213,0.002251,0.002289,0.002251,0.002251,0.002251,0.002174,0.002174,0.002174,0.002174,0.002136,0.002174,0.002213,0.002098,0.002098,0.002098,0.002098,0.002136,0.002098,0.002098,0.002098,0.002060,0.002098,0.002098,0.002060,0.002098,0.002060,0.002060,0.002060,0.002022,0.002022,0.001984,0.002060,0.002022,0.002022,0.001984,0.001984,0.002022,0.002022,0.002022,0.001984,0.002022,0.001984,0.001984,0.001945,0.001945,0.001984,0.001984,0.002060,0.002022,0.001984,0.002098,0.002022,0.002022,0.002060,0.002060,0.002098,0.002136,0.002098,0.002098,0.002136,0.002136,0.002136,0.002213,0.002251,0.002213,0.002213,0.002213,0.002289,0.002251,0.002289,0.002327,0.002251,0.002251,0.002289,0.002327,0.002327,0.002289,0.002251,0.002213,0.002251,0.002289,0.002289,0.002251,0.002213,0.002213,0.002213,0.002213,0.002136,0.002174,0.002136,0.002136,0.002098,0.002022,0.002022,0.002060,0.002022,0.001984,0.001984,0.001945,0.001907,0.001869,0.001945,0.001831,0.001869,0.001869,0.001869,0.001869,0.001907,0.001945,0.001907,0.001869,0.001945,0.001907,0.002060,0.002060,0.002060,0.002098,0.002136,0.002174,0.002174,0.002251,0.002213,0.002213,0.002289,0.002289,0.002289,0.002365,0.002327,0.002289,0.002251,0.002289,0.002251,0.002251,0.002289,0.002289,0.002251,0.002251,0.002251,0.002251,0.002289,0.002327,0.002327,0.002251,0.002327,0.002327,0.002289,0.002289,0.002289,0.002327,0.002327,0.002327,0.002327,0.002289,0.002327,0.002327,0.002327,0.002365,0.002365,0.002327,0.002327,0.002289,0.002289,0.002365,0.002289,0.002289,0.002289,0.002289,0.002213,0.002251,0.002213,0.002213,0.002213,0.002174,0.002174,0.002174,0.002174,0.002136,0.002174,0.002174,0.002098,0.002136,0.002136,0.002098,0.002136,0.002136,0.002136,0.002174,0.002136,0.002098,0.002174,0.002136,0.002060,0.002022,0.002060,0.002022,0.002060,0.002098,0.002022,0.002060,0.002022,0.002022,0.002098,0.002022,0.002060,0.002136,0.002213,0.002174,0.002174,0.002136,0.002174,0.002136,0.002213,0.002213,0.002213,0.002174,0.002174,0.002136,0.002060,0.002022,0.001945,0.001984,0.001984,0.001945,0.001869,0.001831,0.001831,0.001869,0.001869,0.001869,0.001869,0.001907,0.001907,0.001945,0.001945,0.001945,0.002022,0.001984,0.001984,0.002022,0.002098,0.002060,0.001984,0.001945,0.001945,0.001984,0.001984,0.001907,0.001907,0.001945,0.001984,0.001984,0.001907,0.001945,0.001945,0.001984,0.002022,0.002022,0.002022,0.002022,0.002022,0.002022,0.002022,0.002060,0.002098,0.002098,0.002098,0.002098,0.002098,0.002022,0.002022,0.002022,0.002060,0.002022,0.002098,0.002098,0.002136,0.002174,0.002098,0.002136,0.002174,0.002174,0.002213,0.002174,0.002213,0.002289,0.002327,0.002365,0.002327,0.002365,0.002403,0.002365,0.002365,0.002441,0.002441,0.002403,0.002441,0.002441,0.002403,0.002365,0.002403,0.002441,0.002403,0.002327,0.002365,0.002289,0.002289,0.002213,0.002213,0.002213,0.002174,0.002174,0.002174,0.002098,0.002022,0.002022,0.002136,0.002098,0.002098,0.002098,0.002136,0.002098,0.002136,0.002174,0.002136,0.002174,0.002174,0.002136,0.002213,0.002174,0.002213,0.002251,0.002289,0.002289,0.002289,0.002251,0.002289,0.002327,0.002327,0.002289,0.002289,0.002327,0.002251,0.002213,0.002289,0.002251,0.002251,0.002289,0.002251,0.002213,0.002213,0.002213,0.002251,0.002251,0.002289,0.002251,0.002213,0.002213,0.002174,0.002213,0.002251,0.002213,0.002251,0.002174,0.002213,0.002251,0.002251,0.002213,0.002251,0.002251,0.002289,0.002251,0.002213,0.002213,0.002251,0.002213,0.002213,0.002213,0.002213,0.002174,0.002174,0.002213,0.002213,0.002213,0.002213,0.002136,0.002136,0.002174,0.002174,0.002174,0.002174,0.002213,0.002174,0.002174,0.002174,0.002213,0.002251,0.002213,0.002251,0.002174,0.002213,0.002213,0.002213,0.002213,0.002289,0.002251,0.002289,0.002251,0.002213,0.002213,0.002213,0.002174,0.002213,0.002174,0.002136,0.002136,0.002136,0.002174,0.002174,0.002098,0.002174,0.002251,0.002289,0.002213,0.002174,0.002213,0.002174,0.002174,0.002174,0.002213,0.002213,0.002213,0.002213,0.002213,0.002251,0.002251,0.002251,0.002251,0.002251,0.002174,0.002213,0.002174,0.002174,0.002213,0.002213,0.002213,0.002174,0.002213,0.002213,0.002213,0.002251,0.002251,0.002289,0.002251,0.002213,0.002213,0.002213,0.002213,0.002174,0.002251,0.002213,0.002174,0.002174,0.002213,0.002174,0.002213,0.002213,0.002174,0.002174,0.002174,0.002174,0.002174,0.002136,0.002098,0.002174,0.002098,0.002174,0.002136,0.002098,0.002136,0.002136,0.002098,0.002098,0.002098,0.002098,0.002098,0.002098,0.002060,0.002098,0.002060,0.002098,0.002060,0.002060,0.002022,0.002060,0.002060,0.002060,0.002022,0.002060,0.002136,0.002098,0.002098,0.002136,0.002136,0.002136,0.002174,0.002174,0.002213,0.002174,0.002213,0.002251,0.002251,0.002289,0.002289,0.002327,0.002251,0.002289,0.002365,0.002327,0.002327,0.002289,0.002289,0.002327,0.002327,0.002365,0.002327,0.002327,0.002403,0.002327,0.002403,0.002327,0.002327,0.002365,0.002365,0.002365,0.002327,0.002289,0.002289,0.002251,0.002289,0.002289,0.002327,0.002251,0.002213,0.002213,0.002213,0.002251,0.002174,0.002251,0.002213,0.002213,0.002251,0.002213,0.002213,0.002213,0.002251,0.002251,0.002251,0.002213,0.002251,0.002251,0.002289,0.002251,0.002251,0.002213,0.002289,0.002327,0.002289,0.002289,0.002289,0.002327,0.002327,0.002327,0.002327,0.002365,0.002327,0.002289,0.002327,0.002327,0.002327,0.002365,0.002289,0.002251,0.002289,0.002289,0.002289,0.002289,0.002289,0.002251,0.002213,0.002213,0.002174,0.002136,0.002136,0.002174,0.002060,0.002060,0.002022,0.002022,0.001984,0.001984,0.001984,0.001984,0.001907,0.001984,0.001984,0.001907,0.001907,0.001907,0.001945,0.001945,0.001945,0.001869,0.001907,0.001984,0.002022,0.001984,0.001984,0.002060,0.002098,0.002136,0.002098,0.002098,0.002174,0.002136,0.002251,0.002289,0.002289,0.002289,0.002289,0.002365,0.002365,0.002327,0.002327,0.002327,0.002365,0.002365,0.002403,0.002403,0.002327,0.002365,0.002365,0.002365,0.002327,0.002327,0.002289,0.002174,0.002251,0.002289,0.002251,0.002251,0.002174,0.002174,0.002174,0.002174,0.002213,0.002213,0.002174,0.002136,0.002251,0.002174,0.002174,0.002251,0.002213,0.002213,0.002174,0.002289,0.002289,0.002213,0.002289,0.002251,0.002289,0.002289,0.002327,0.002327,0.002327,0.002327,0.002327,0.002327,0.002365,0.002327,0.002327,0.002327,0.002327,0.002365,0.002289,0.002289,0.002289,0.002289,0.002251,0.002289,0.002327,0.002327,0.002327,0.002251,0.002213,0.002289,0.002289,0.002251,0.002213,0.002251,0.002251,0.002251,0.002251,0.002251,0.002289,0.002174,0.002213,0.002289,0.002251,0.002251,0.002251,0.002289,0.002251,0.002327,0.002289,0.002251,0.002289,0.002251,0.002213,0.002213,0.002213,0.002213,0.002174,0.002174,0.002174,0.002174,0.002098,0.002098,0.002174,0.002098,0.002098,0.002060,0.002060,0.002098,0.002098,0.002060,0.002098,0.002022,0.002060,0.002060,0.002060,0.002098,0.002060,0.002060,0.002022,0.002022,0.002060,0.002060,0.002098,0.002060,0.002022,0.002060,0.002098,0.002060,0.002060,0.002060,0.002098,0.002098,0.002136,0.002136,0.002136,0.002098,0.002136,0.002098,0.002136,0.002174,0.002136,0.002136,0.002136,0.002098,0.002022,0.002098,0.002136,0.002098,0.002098,0.002022,0.002060,0.002060,0.002060,0.002022,0.002060,0.002098,0.002022,0.002022,0.002060,0.002098,0.002060,0.002022,0.002060,0.002060,0.002136,0.002136,0.002098,0.002136,0.002098,0.002174,0.002174,0.002136,0.002174,0.002098,0.002098,0.002136,0.002174,0.002174,0.002174,0.002213,0.002213,0.002213,0.002213,0.002174,0.002213,0.002213,0.002174,0.002174,0.002136,0.002174,0.002174,0.002174,0.002136,0.002098,0.002136,0.002174,0.002174,0.002098,0.002136,0.002060,0.002136,0.002098,0.002098,0.002136,0.002136,0.002060,0.002060,0.002060,0.002098,0.002098,0.002060,0.002060,0.002098,0.002022,0.002098,0.002060,0.002060,0.002022,0.002098,0.002060,0.002060,0.002022,0.002022,0.002060,0.002098,0.002136,0.002136,0.002060,0.002098,0.002098,0.002174,0.002174,0.002098,0.002174,0.002136,0.002174,0.002136,0.002136,0.002174,0.002213,0.002213,0.002213,0.002174,0.002174,0.002213,0.002251,0.002174,0.002174,0.002213,0.002213,0.002213,0.002213,0.002174,0.002213,0.002213,0.002136,0.002136,0.002136,0.002174,0.002174,0.002174,0.002213,0.002174,0.002174,0.002098,0.002174,0.002136,0.002174,0.002174,0.002174,0.002174,0.002213,0.002174,0.002174,0.002174,0.002136,0.002174,0.002213,0.002289,0.002213,0.002213,0.002174,0.002251,0.002213,0.002251,0.002251,0.002174,0.002213,0.002251,0.002251,0.002174,0.002213,0.002289,0.002251,0.002289,0.002327,0.002327,0.002289,0.002289,0.002289,0.002289,0.002327,0.002327,0.002289,0.002327,0.002365,0.002289,0.002365,0.002365,0.002327,0.002365,0.002403,0.002365,0.002327,0.002365,0.002289,0.002365,0.002327,0.002289,0.002327,0.002251,0.002251,0.002213,0.002174,0.002174,0.002213,0.002174,0.002098,0.002174,0.002136,0.002174,0.002174,0.002060,0.002098,0.002060,0.002098,0.002098,0.002060,0.002136,0.002136,0.002060,0.002060,0.002022,0.002022,0.002060,0.002098,0.002098,0.002022,0.002022,0.002060,0.002022,0.002060,0.002022,0.002060,0.001984,0.002022,0.002022,0.002022,0.002060,0.002022,0.002060,0.002098,0.002098,0.002060,0.002060,0.002060,0.002098,0.002060,0.002022,0.002060,0.002098,0.002060,0.002098,0.002060,0.002136,0.002060,0.002098,0.002060,0.002098,0.002098,0.002136,0.002136,0.002098,0.002022,0.002098,0.002098,0.002098,0.002098,0.002098,0.002136,0.002136,0.002174,0.002098,0.002060,0.002174,0.002174,0.002136,0.002174,0.002174,0.002174,0.002174,0.002251,0.002213,0.002213,0.002174,0.002174,0.002251,0.002213,0.002251,0.002251,0.002289,0.002251,0.002251,0.002289,0.002289,0.002289,0.002289,0.002289,0.002213,0.002213,0.002289,0.002174,0.002251,0.002213,0.002174,0.002174,0.002098,0.002098,0.002098,0.002098,0.002098,0.002022,0.001984,0.001984,0.001945,0.001945,0.001945,0.001907,0.001831,0.001945,0.001907,0.001869,0.001907,0.001945,0.001945,0.001869,0.001945,0.001984,0.001945,0.001945,0.001945,0.001945,0.001984,0.002022,0.001945,0.001984,0.002060,0.002022,0.002060,0.002060,0.001984,0.002022,0.002022,0.002098,0.001984,0.002022,0.002022,0.001984,0.001945,0.001945,0.001945,0.001945,0.001945,0.001907,0.001907,0.001984,0.001945,0.001907,0.001945,0.001984,0.001984,0.001907,0.001984,0.001945,0.001945,0.001984,0.001945,0.001984,0.001984,0.002022,0.002060,0.001984,0.002136,0.002060,0.002136,0.002213,0.002213,0.002213,0.002213,0.002251,0.002213,0.002289,0.002327,0.002251,0.002327,0.002327,0.002289,0.002365,0.002365,0.002365,0.002365,0.002441,0.002403,0.002441,0.002480,0.002480,0.002480,0.002480,0.002518,0.002480,0.002556,0.002594,0.002556,0.002594,0.002594,0.002594,0.002594,0.002594,0.002632,0.002556,0.002594,0.002594,0.002556,0.002594,0.002518,0.002594,0.002556,0.002594,0.002632,0.002556,0.002556,0.002518,0.002556,0.002480,0.002480,0.002518,0.002441,0.002480,0.002403,0.002441,0.002403,0.002365,0.002365,0.002289,0.002327,0.002327,0.002327,0.002327,0.002289,0.002289,0.002213,0.002251,0.002213,0.002136,0.002213,0.002174,0.002213,0.002174,0.002174,0.002136,0.002174,0.002213,0.002174,0.002174,0.002213,0.002174,0.002213,0.002174,0.002136,0.002098,0.002174,0.002174,0.002060,0.002136,0.002136,0.002060,0.002098,0.002060,0.002098,0.002098,0.002136,0.002060,0.002022,0.002060,0.002022,0.002060,0.001984,0.001984,0.001984,0.001907,0.001984,0.001984,0.001984,0.001984,0.001907,0.001984,0.001907,0.001945,0.001907,0.001907,0.002060,0.001945,0.001984,0.001945,0.001984,0.001984,0.001945,0.001984,0.001984,0.001984,0.001984,0.002022,0.002022,0.001945,0.002098,0.002098,0.002060,0.002098,0.002060,0.002136,0.002098,0.002174,0.002098,0.002136,0.002174,0.002174,0.002174,0.002136,0.002213,0.002136,0.002174,0.002098,0.002136,0.002136,0.002098,0.002098,0.002136,0.002098,0.002098,0.002060,0.002174,0.002174,0.002136,0.002136,0.002136,0.002174,0.002174,0.002136,0.002136,0.002098,0.002174,0.002174,0.002213,0.002251,0.002213,0.002289,0.002174,0.002213,0.002213,0.002251,0.002174,0.002174,0.002251,0.002213,0.002213,0.002213,0.002251,0.002251,0.002174,0.002174,0.002213,0.002213,0.002213,0.002174,0.002213,0.002174,0.002213,0.002213,0.002213,0.002213,0.002174,0.002251,0.002251,0.002251,0.002251,0.002136,0.002251,0.002289,0.002289,0.002289,0.002251,0.002289,0.002251,0.002289,0.002289,0.002365,0.002327,0.002327,0.002327,0.002289,0.002289,0.002403,0.002365,0.002327,0.002289,0.002365,0.002251,0.002289,0.002365,0.002289,0.002289,0.002251,0.002289,0.002251,0.002213,0.002251,0.002251,0.002251,0.002213,0.002213,0.002251,0.002251,0.002289,0.002213,0.002213,0.002251,0.002289,0.002251,0.002213,0.002327,0.002251,0.002251,0.002289,0.002327,0.002327,0.002251,0.002251,0.002251,0.002251,0.002289,0.002213,0.002251,0.002251,0.002289,0.002327,0.002213,0.002289,0.002251,0.002251,0.002213,0.002213,0.002289,0.002251,0.002251,0.002213,0.002251,0.002251,0.002213,0.002251,0.002174,0.002289,0.002213,0.002213,0.002251,0.002174,0.002213,0.002213,0.002213,0.002213,0.002213,0.002289,0.002174,0.002213,0.002174,0.002213,0.002213,0.002174,0.002289,0.002213,0.002251,0.002213,0.002251,0.002213,0.002213,0.002213,0.002174,0.002213,0.002213,0.002136,0.002174,0.002136,0.002174,0.002136,0.002136,0.002174,0.002098,0.002098,0.002136,0.002174,0.002098,0.002136,0.002213,0.002136,0.002136,0.002098,0.002060,0.002136,0.002174,0.002174,0.002098,0.002213,0.002174,0.002174,0.002174,0.002174,0.002174,0.002136,0.002174,0.002213,0.002213,0.002327,0.002289,0.002251,0.002251,0.002251,0.002289,0.002251,0.002289,0.002289,0.002327,0.002327,0.002213,0.002289,0.002289,0.002289,0.002327,0.002327,0.002289,0.002289,0.002365,0.002365,0.002327,0.002327,0.002289,0.002289,0.002251,0.002327,0.002365,0.002289,0.002289,0.002289,0.002251,0.002213,0.002251,0.002289,0.002213,0.002251,0.002213,0.002251,0.002213,0.002213,0.002213,0.002174,0.002213,0.002174,0.002136,0.002174,0.002136,0.002136,0.002136,0.002098,0.002060,0.002060,0.002098,0.002022,0.002022,0.001984,0.002060,0.002060,0.001984,0.002022,0.001945,0.002022,0.002022,0.002022,0.002060,0.001984,0.002098,0.002022,0.002022,0.002022,0.002022,0.002136,0.002060,0.002098,0.002060,0.002136,0.002136,0.002098,0.002098,0.002098,0.002136,0.002174,0.002174,0.002213,0.002251,0.002251,0.002174,0.002213,0.002213,0.002213,0.002251,0.002213,0.002251,0.002213,0.002213,0.002213,0.002251,0.002213,0.002174,0.002213,0.002174,0.002136,0.002213,0.002213,0.002174,0.002136,0.002174,0.002136,0.002136,0.002098,0.002098,0.002174,0.002136,0.002136,0.002136,0.002098,0.002174,0.002136,0.002174,0.002213,0.002098,0.002174,0.002136,0.002213,0.002136,0.002136,0.002174,0.002174,0.002136,0.002174,0.002174,0.002174,0.002136,0.002136,0.002098,0.002213,0.002098,0.002136,0.002136,0.002098,0.002174,0.002098,0.002098,0.002060,0.002098,0.002136,0.002060,0.002060,0.002098,0.002098,0.002098,0.002098,0.002136,0.002022,0.002098,0.002098,0.002098,0.002136,0.002098,0.002174,0.002174,0.002213,0.002174,0.002136,0.002213,0.002251,0.002213,0.002174,0.002213,0.002289,0.002251,0.002289,0.002251,0.002251,0.002289,0.002213,0.002289,0.002174,0.002213,0.002213,0.002251,0.002213,0.002174,0.002251,0.002136,0.002213,0.002213,0.002213,0.002251,0.002174,0.002251,0.002213,0.002213,0.002251,0.002213,0.002327,0.002213,0.002289,0.002251,0.002289,0.002251,0.002213,0.002327,0.002251,0.002289,0.002289,0.002251,0.002289,0.002213,0.002251,0.002213,0.002136,0.002213,0.002174,0.002251,0.002213,0.002251,0.002174,0.002174,0.002213,0.002136,0.002098,0.002098,0.002213,0.002136,0.002136,0.002174,0.002098,0.002136,0.002098,0.002098,0.002060,0.002098,0.002060,0.002060,0.002098,0.002136,0.002060,0.002136,0.002060,0.002136,0.002136,0.002098,0.002098,0.002060,0.002098,0.002022,0.002060,0.002060,0.002098,0.002060,0.002060,0.002098,0.002060,0.002060,0.002060,0.002060,0.002136,0.002098,0.002136,0.002060,0.002060,0.002098,0.002060,0.002174,0.002098,0.002136,0.002098,0.002174,0.002213,0.002174,0.002174,0.002136,0.002136,0.002136,0.002136,0.002251,0.002136,0.002174,0.002174,0.002174,0.002174,0.002136,0.002174,0.002174,0.002174,0.002174,0.002136,0.002213,0.002136,0.002174,0.002174,0.002213,0.002174,0.002136,0.002213,0.002174,0.002213,0.002213,0.002174,0.002174,0.002136,0.002251,0.002174,0.002213,0.002251,0.002213,0.002289,0.002174,0.002213,0.002174,0.002174,0.002213,0.002136,0.002213,0.002098,0.002136,0.002136,0.002098,0.002098,0.002060,0.002098,0.002060,0.002022,0.001984,0.001984,0.001984,0.001984,0.002022,0.001945,0.001945,0.002022,0.001945,0.001945,0.001907,0.001945,0.001984,0.001984,0.001984,0.001945,0.001984,0.001945,0.001984,0.001945,0.001907,0.002022,0.001984,0.002022,0.002060,0.002060,0.002060,0.002060,0.002098,0.002136,0.002174,0.002174,0.002136,0.002174,0.002174,0.002174,0.002213,0.002213,0.002251,0.002174,0.002251,0.002251,0.002213,0.002251,0.002174,0.002251,0.002174,0.002251,0.002174,0.002174,0.002174,0.002174,0.002213,0.002136,0.002213,0.002174,0.002174,0.002174,0.002174,0.002174,0.002213,0.002213,0.002174,0.002174,0.002213,0.002174,0.002174,0.002174,0.002174,0.002213,0.002136,0.002213,0.002213,0.002174,0.002174,0.002136,0.002251,0.002213,0.002213,0.002174,0.002251,0.002251,0.002136,0.002251,0.002213,0.002251,0.002251,0.002213,0.002289,0.002213,0.002327,0.002251,0.002289,0.002289,0.002327,0.002289,0.002213,0.002251,0.002251,0.002251,0.002251,0.002251,0.002213,0.002174,0.002251,0.002213,0.002251,0.002251,0.002213,0.002213,0.002136,0.002213,0.002213,0.002136,0.002251,0.002213,0.002174,0.002174,0.002174,0.002136,0.002098,0.002136,0.002098,0.002136,0.002136,0.002098,0.002098,0.002060,0.002098,0.002060,0.002060,0.002098,0.002060,0.002098,0.002098,0.002098,0.002098,0.002098,0.002098,0.002098,0.002098,0.002136,0.002174,0.002098,0.002098,0.002136,0.002098,0.002098,0.002136,0.002098,0.002174,0.002098,0.002098,0.002060,0.002136,0.002136,0.002136,0.002136,0.002136,0.002136,0.002136,0.002136,0.002136,0.002136,0.002098,0.002098,0.002174,0.002174,0.002136,0.002136,0.002136,0.002213,0.002136,0.002136,0.002136,0.002136,0.002213,0.002098,0.002098,0.002098,0.002174,0.002136,0.002136,0.002174,0.002098,0.002174,0.002136,0.002136,0.002174,0.002098,0.002174,0.002060,0.002098,0.002174,0.002174,0.002136,0.002098,0.002136,0.002098,0.002174,0.002136,0.002136,0.002213,0.002136,0.002213,0.002174,0.002213,0.002213,0.002213,0.002289,0.002251,0.002251,0.002289,0.002327,0.002327,0.002327,0.002289,0.002327,0.002327,0.002365,0.002327,0.002327,0.002327,0.002403,0.002365,0.002365,0.002365,0.002365,0.002403,0.002365,0.002403,0.002365,0.002365,0.002365,0.002365,0.002403,0.002327,0.002365,0.002327,0.002365,0.002365,0.002289,0.002289,0.002251,0.002251,0.002251,0.002251,0.002289,0.002174,0.002251,0.002213,0.002213,0.002213,0.002136,0.002174,0.002136,0.002174,0.002174,0.002136,0.002174,0.002174,0.002136,0.002098,0.002060,0.002098,0.002098,0.002174,0.002136,0.002174,0.002174,0.002174,0.002174,0.002098,0.002174,0.002136,0.002136,0.002174,0.002174,0.002213,0.002136,0.002174,0.002174,0.002174,0.002213,0.002136,0.002174,0.002213,0.002251,0.002213,0.002213,0.002213,0.002174,0.002213,0.002174,0.002213,0.002289,0.002251,0.002327,0.002289,0.002289,0.002251,0.002365,0.002327,0.002327,0.002365,0.002365,0.002441,0.002327,0.002327,0.002365,0.002327,0.002327,0.002365,0.002365,0.002327,0.002289,0.002251,0.002174,0.002251,0.002289,0.002289,0.002213,0.002213,0.002213,0.002136,0.002213,0.002136,0.002098,0.002098,0.002098,0.002174,0.002022,0.002136,0.002098,0.002022,0.002098,0.002098,0.002060,0.002136,0.002136,0.002060,0.002060,0.002136,0.002022,0.002098,0.002060,0.002098,0.002098,0.002098,0.002098,0.002060,0.002098,0.002098,0.002098,0.002136,0.002098,0.002136,0.002060,0.002098,0.002136,0.002136,0.002174,0.002136,0.002174,0.002174,0.002213,0.002251,0.002251,0.002289,0.002251,0.002251,0.002251,0.002289,0.002289,0.002251,0.002289,0.002289,0.002289,0.002289,0.002289,0.002251,0.002213,0.002251,0.002136,0.002213,0.002213,0.002213,0.002136,0.002174,0.002098,0.002060,0.002098,0.002098,0.002022,0.002022,0.001984,0.002060,0.001984,0.001984,0.001984,0.001984,0.002022,0.001984,0.002022,0.002060,0.002060,0.002098,0.002060,0.002098,0.002098,0.002060,0.002136,0.002136,0.002174,0.002174,0.002174,0.002213,0.002289,0.002213,0.002213,0.002327,0.002289,0.002289,0.002289,0.002289,0.002327,0.002289,0.002327,0.002365,0.002403,0.002365,0.002327,0.002365,0.002327,0.002403,0.002365,0.002327,0.002327,0.002327,0.002403,0.002365,0.002365,0.002327,0.002365,0.002365,0.002327,0.002327,0.002289,0.002289,0.002365,0.002289,0.002327,0.002251,0.002289,0.002327,0.002365,0.002365,0.002365,0.002327,0.002365,0.002327,0.002327,0.002365,0.002327,0.002289,0.002365,0.002365,0.002327,0.002327,0.002289,0.002327,0.002365,0.002365,0.002327,0.002327,0.002365,0.002327,0.002327,0.002289,0.002365,0.002289,0.002327,0.002365,0.002365,0.002365,0.002289,0.002327,0.002327,0.002327,0.002327,0.002289,0.002365,0.002327,0.002365,0.002327,0.002327,0.002327,0.002327,0.002289,0.002327,0.002289,0.002289,0.002289,0.002251,0.002289,0.002289,0.002251,0.002289,0.002251,0.002251,0.002289,0.002213,0.002251,0.002289,0.002213,0.002327,0.002251,0.002251,0.002136,0.002213,0.002213,0.002213,0.002213,0.002136,0.002174,0.002174,0.002174,0.002136,0.002060,0.002136,0.002060,0.002098,0.002060,0.002060,0.002022,0.001984,0.002060,0.001984,0.002022,0.002022,0.001984,0.001945,0.001945,0.001945,0.001945,0.001945,0.002022,0.001945,0.001945,0.001907,0.001984,0.001945,0.002022,0.001984,0.001945,0.001984,0.001984,0.002060,0.002022,0.002060,0.002060,0.002060,0.002098,0.002098,0.002136,0.002136,0.002060,0.002060,0.002136,0.002174,0.002136,0.002174,0.002136,0.002174,0.002136,0.002136,0.002136,0.002098,0.002136,0.002213,0.002174,0.002213,0.002136,0.002174,0.002174,0.002213,0.002213,0.002213,0.002251,0.002251,0.002251,0.002251,0.002251,0.002289,0.002289,0.002327,0.002327,0.002327,0.002289,0.002327,0.002365,0.002327,0.002365,0.002289,0.002365,0.002289,0.002251,0.002251,0.002289,0.002251,0.002251,0.002213,0.002213,0.002174,0.002213,0.002213,0.002213,0.002174,0.002136,0.002136,0.002098,0.002136,0.002136,0.002060,0.002060,0.002060,0.002060,0.002060,0.002060,0.002060,0.002060,0.002022,0.002022,0.002022,0.002060,0.002060,0.002022,0.002022,0.002060,0.002060,0.002060,0.002060,0.002098,0.002060,0.002060,0.002060,0.002060,0.002098,0.002060,0.002060,0.002060,0.002136,0.002098,0.002060,0.002022,0.002022,0.002098,0.002022,0.002022,0.002022,0.002060,0.002022,0.002060,0.002060,0.002098,0.002098,0.002060,0.002098,0.002136,0.002174,0.002098,0.002174,0.002213,0.002213,0.002213,0.002174,0.002174,0.002174,0.002213,0.002174,0.002136,0.002174,0.002251,0.002213,0.002213,0.002213,0.002213,0.002213,0.002174,0.002174,0.002213,0.002213,0.002251,0.002213,0.002174,0.002174,0.002213,0.002213,0.002213,0.002251,0.002213,0.002213,0.002174,0.002213,0.002251,0.002213,0.002174,0.002174,0.002174,0.002213,0.002251,0.002213,0.002213,0.002213,0.002213,0.002213,0.002213,0.002251,0.002251,0.002213,0.002213,0.002251,0.002174,0.002136,0.002136,0.002174,0.002136,0.002213,0.002213,0.002213,0.002174,0.002174,0.002174,0.002098,0.002136,0.002136,0.002060,0.002098,0.002060,0.002060,0.002098,0.002098,0.002098,0.002060,0.002060,0.002022,0.002098,0.002098,0.002022,0.002022,0.002022,0.002022,0.002022,0.002022,0.002098,0.002060,0.002060,0.002060,0.002060,0.002098,0.002098,0.002136,0.002136,0.002098,0.002060,0.002098,0.002136
17,19:00:00.000,12/31/1903,0.000000,0.100000,UNKNOWN,1,0/0,0.000000,0.000000,0.000000,0.000000,0.000000,0.000000,0.000000,0.000000,0,0,0,0,0.002174,0.002174,0.002213,0.002136,0.002174,0.002136,0.002174,0.002174,0.002136,0.002213,0.002213,0.002136,0.002098,0.002098,0.002174,0.002174,0.002174,0.002136,0.002098,0.002136,0.002060,0.002136,0.002136,0.002098,0.002136,0.002136,0.002060,0.002098,0.002098,0.002060,0.002022,0.002098,0.002060,0.002098,0.002136,0.002098,0.002098,0.002098,0.002098,0.002098,0.002098,0.002098,0.002060,0.002098,0.002136,0.002060,0.002136,0.002098,0.002098,0.002136,0.002022,0.002060,0.002098,0.002060,0.002060,0.002060,0.002098,0.002060,0.002022,0.002060,0.001984,0.001984,0.001984,0.002022,0.002022,0.002022,0.002022,0.001984,0.002022,0.002022,0.002022,0.002022,0.002022,0.001984,0.002060,0.002060,0.002022,0.002022,0.002022,0.001984,0.002022,0.001945,0.002022,0.002022,0.001907,0.002022,0.002022,0.001945,0.001984,0.002022,0.001984,0.001984,0.001984,0.002022,0.002022,0.001984,0.002060,0.002022,0.002022,0.002022,0.002098,0.002022,0.002060,0.002022,0.001945,0.002022,0.001984,0.002022,0.002022,0.002060,0.002060,0.002022,0.002060,0.002060,0.002060,0.002022,0.002022,0.002098,0.002060,0.002060,0.002098,0.002022,0.002060,0.002022,0.002022,0.002098,0.002060,0.002098,0.002060,0.002060,0.002098,0.002022,0.002060,0.002022,0.002060,0.002060,0.002098,0.002060,0.002098,0.002098,0.002098,0.002060,0.002060,0.002060,0.002098,0.002098,0.002060,0.002098,0.002060,0.002060,0.002060,0.002022,0.002060,0.002060,0.002060,0.002060,0.002174,0.002060,0.002060,0.002098,0.002098,0.002060,0.002136,0.002098,0.002098,0.002022,0.002060,0.002098,0.002136,0.002098,0.002060,0.002098,0.002060,0.002098,0.002098,0.002174,0.002174,0.002136,0.002136,0.002174,0.002213,0.002174,0.002098,0.002174,0.002174,0.002213,0.002136,0.002136,0.002136,0.002098,0.002136,0.002136,0.002098,0.002098,0.002098,0.002136,0.002136,0.002098,0.002060,0.002060,0.002098,0.002136,0.002098,0.002098,0.002098,0.002060,0.002060,0.002098,0.002060,0.002098,0.002174,0.002098,0.002174,0.002174,0.002098,0.002060,0.002098,0.002098,0.002136,0.002136,0.002174,0.002136,0.002136,0.002174,0.002213,0.002136,0.002098,0.002136,0.002136,0.002174,0.002136,0.002136,0.002174,0.002136,0.002136,0.002136,0.002174,0.002251,0.002136,0.002136,0.002136,0.002213,0.002251,0.002136,0.002136,0.002174,0.002174,0.002098,0.002174,0.002174,0.002213,0.002174,0.002174,0.002174,0.002136,0.002174,0.002174,0.002136,0.002136,0.002174,0.002174,0.002174,0.002174,0.002136,0.002136,0.002098,0.002174,0.002136,0.002136,0.002098,0.002098,0.002136,0.002098,0.002098,0.002098,0.002060,0.002098,0.002060,0.002060,0.002060,0.002060,0.002022,0.002098,0.002136,0.002174,0.002098,0.002060,0.002098,0.002136,0.002060,0.002022,0.002098,0.002098,0.002098,0.002022,0.002098,0.002060,0.002022,0.002060,0.002022,0.002060,0.001984,0.002060,0.002098,0.002060,0.002060,0.002060,0.002098,0.002060,0.002022,0.002098,0.002022,0.002098,0.002022,0.002060,0.001984,0.002060,0.002060,0.002060,0.002060,0.002022,0.002022,0.002098,0.002060,0.001945,0.002022,0.002022,0.002060,0.002060,0.002060,0.002060,0.002060,0.002022,0.002022,0.002060,0.002022,0.001984,0.002022,0.002060,0.002098,0.002022,0.002022,0.002098,0.002060,0.002022,0.002060,0.002060,0.002136,0.002098,0.002098,0.002060,0.002098,0.002098,0.002022,0.002060,0.002022,0.002022,0.002060,0.002060,0.002022,0.002022,0.002098,0.002060,0.002022,0.002098,0.002098,0.002098,0.002098,0.002098,0.002060,0.002022,0.002098,0.002060,0.002060,0.002022,0.002060,0.002060,0.002022,0.002060,0.002060,0.002022,0.002060,0.002060,0.002174,0.002060,0.002098,0.002060,0.002060,0.002060,0.002022,0.002098,0.002060,0.002060,0.002136,0.002098,0.002098,0.002098,0.002060,0.002098,0.002060,0.002136,0.002136,0.002098,0.002136,0.002098,0.002136,0.002098,0.002098,0.002136,0.002136,0.002136,0.002136,0.002098,0.002136,0.002136,0.002213,0.002174,0.002174,0.002174,0.002136,0.002174,0.002136,0.002136,0.002136,0.002098,0.002136,0.002136,0.002136,0.002174,0.002174,0.002174,0.002136,0.002213,0.002136,0.002136,0.002174,0.002174,0.002136,0.002136,0.002136,0.002098,0.002136,0.002136,0.002098,0.002174,0.002136,0.002136,0.002136,0.002060,0.002060,0.002060,0.002098,0.002098,0.002098,0.002136,0.002098,0.002060,0.002098,0.002022,0.002022,0.002060,0.002060,0.002022,0.001984,0.002098,0.002022,0.001984,0.001984,0.001984,0.002060,0.002022,0.001984,0.001984,0.002060,0.002060,0.001984,0.001984,0.002022,0.002060,0.002022,0.001907,0.002022,0.002022,0.002022,0.001984,0.002022,0.002060,0.001984,0.002022,0.002022,0.002022,0.001984,0.001984,0.002022,0.001984,0.001945,0.002022,0.001945,0.002022,0.001984,0.001984,0.001945,0.001945,0.002022,0.001984,0.001984,0.001984,0.001984,0.001984,0.002022,0.001984,0.002060,0.001945,0.001984,0.001945,0.002022,0.002022,0.001984,0.002022,0.001984,0.002022,0.001984,0.002022,0.001984,0.001945,0.001984,0.002022,0.001984,0.002022,0.001907,0.002022,0.001945,0.002022,0.002098,0.002022,0.002098,0.002060,0.002022,0.002060,0.002022,0.002060,0.002098,0.002022,0.002022,0.002022,0.002136,0.002098,0.002136,0.002098,0.002136,0.002098,0.002098,0.002060,0.002060,0.002098,0.002136,0.002098,0.002098,0.002098,0.002098,0.002136,0.002136,0.002136,0.002098,0.002174,0.002136,0.002098,0.002098,0.002098,0.002136,0.002136,0.002136,0.002174,0.002098,0.002098,0.002098,0.002136,0.002174,0.002098,0.002174,0.002060,0.002136,0.002136,0.002098,0.002174,0.002136,0.002098,0.002060,0.002060,0.002060,0.002060,0.002136,0.002136,0.002098,0.002098,0.002060,0.002098,0.002060,0.002060,0.002098,0.002022,0.002060,0.002060,0.002022,0.002060,0.002060,0.002060,0.002022,0.002022,0.001984,0.002022,0.002136,0.002022,0.002022,0.001984,0.002022,0.002022,0.002060,0.002060,0.002022,0.002060,0.002060,0.001984,0.002060,0.002098,0.002060,0.002060,0.002022,0.002098,0.002022,0.002022,0.002060,0.002022,0.002060,0.002022,0.001984,0.002022,0.002060,0.001984,0.002022,0.002098,0.002098,0.002060,0.002022,0.002060,0.002022,0.002022,0.001984,0.002060,0.002060,0.002060,0.002022,0.002022,0.001984,0.002022,0.002098,0.002022,0.002060,0.002022,0.001984,0.001984,0.001984,0.002022,0.002098,0.002060,0.002022,0.001984,0.002098,0.001984,0.002022,0.002060,0.002022,0.002098,0.001984,0.002022,0.002098,0.002060,0.002060,0.001984,0.002022,0.002060,0.002022,0.002022,0.002022,0.002060,0.002022,0.001984,0.002022,0.001984,0.001945,0.001945,0.001984,0.002022,0.001907,0.001945,0.001945,0.001945,0.001907,0.001831,0.001945,0.001869,0.001869,0.001831,0.001831,0.001793,0.001755,0.001793,0.001755,0.001678,0.001717,0.001717,0.001678,0.001602,0.001602,0.001602,0.001488,0.001564,0.001564,0.001526,0.001488,0.001450,0.001488,0.001450,0.001488,0.001488,0.001564,0.001640,0.001717,0.001831,0.001907,0.002060,0.002251,0.002365,0.002632,0.002785,0.003090,0.003357,0.003662,0.003967,0.004272,0.004616,0.004997,0.005341,0.005684,0.005951,0.006409,0.006752,0.006981,0.007248,0.007401,0.007515,0.007515,0.007439,0.007324,0.007057,0.006752,0.006332,0.005836,0.005379,0.004807,0.004272,0.003700,0.003090,0.002556,0.001945,0.001373,0.000687,0.000114,-0.000420,-0.001030,-0.001640,-0.002289,-0.002823,-0.003433,-0.004005,-0.004463,-0.004807,-0.005112,-0.005341,-0.005341,-0.005302,-0.005226,-0.005035,-0.004692,-0.004311,-0.003891,-0.003395,-0.002937,-0.002403,-0.001831,-0.001335,-0.000877,-0.000381,0.000000,0.000420,0.000763,0.001030,0.001450,0.001640,0.001793,0.001945,0.002136,0.002289,0.002327,0.002480,0.002518,0.002594,0.002632,0.002708,0.002747,0.002861,0.002937,0.002937,0.003014,0.003128,0.003166,0.003281,0.003281,0.003319,0.003471,0.003510,0.003624,0.003738,0.003815,0.003929,0.004082,0.004234,0.004272,0.004425,0.004501,0.004616,0.004692,0.004730,0.004768,0.004692,0.004692,0.004768,0.004616,0.004539,0.004501,0.004425,0.004387,0.004272,0.004158,0.004005,0.003929,0.003777,0.003662,0.003586,0.003395,0.003319,0.003166,0.003052,0.002975,0.002823,0.002670,0.002556,0.002518,0.002441,0.002327,0.002327,0.002174,0.002136,0.002136,0.001984,0.001984,0.001945,0.001907,0.001869,0.001831,0.001793,0.001755,0.001717,0.001755,0.001755,0.001793,0.001831,0.001793,0.001869,0.001945,0.001945,0.001945,0.001984,0.002022,0.002060,0.002098,0.002022,0.002022,0.002022,0.001984,0.001945,0.001945,0.001907,0.001869,0.001831,0.001831,0.001831,0.001831,0.001831,0.001755,0.001793,0.001755,0.001755,0.001717,0.001678,0.001640,0.001602,0.001678,0.001526,0.001450,0.001450,0.001450,0.001450,0.001411,0.001450,0.001488,0.001526,0.001564,0.001564,0.001678,0.001717,0.001793,0.001869,0.001869,0.001907,0.001869,0.001945,0.001945,0.001869,0.001907,0.001907,0.001869,0.001869,0.001831,0.001907,0.001869,0.001907,0.001869,0.001831,0.001907,0.001945,0.001945,0.001984,0.001984,0.001984,0.002060,0.001984,0.001945,0.001907,0.001907,0.001869,0.001907,0.001907,0.001831,0.001831,0.001793,0.001869,0.001869,0.001907,0.001945,0.001945,0.002022,0.002022,0.002136,0.002213,0.002251,0.002289,0.002365,0.002403,0.002480,0.002594,0.002594,0.002556,0.002670,0.002670,0.002594,0.002556,0.002518,0.002480,0.002365,0.002251,0.002213,0.002098,0.002060,0.002022,0.001945,0.001907,0.001945,0.001907,0.001831,0.001907,0.001869,0.001869,0.001984,0.001945,0.001907,0.001945,0.001945,0.001945,0.001831,0.001831,0.001831,0.001755,0.001717,0.001678,0.001678,0.001602,0.001526,0.001526,0.001488,0.001526,0.001411,0.001488,0.001450,0.001450,0.001488,0.001373,0.001411,0.001411,0.001411,0.001411,0.001411,0.001450,0.001450,0.001450,0.001488,0.001488,0.001640,0.001678,0.001717,0.001793,0.001793,0.001907,0.001984,0.002060,0.002174,0.002174,0.002327,0.002365,0.002403,0.002480,0.002518,0.002632,0.002670,0.002747,0.002785,0.002785,0.002823,0.002823,0.002823,0.002785,0.002785,0.002785,0.002708,0.002747,0.002708,0.002708,0.002670,0.002632,0.002670,0.002594,0.002632,0.002632,0.002594,0.002670,0.002632,0.002594,0.002594,0.002556,0.002518,0.002441,0.002480,0.002365,0.002403,0.002327,0.002213,0.002251,0.002289,0.002251,0.002213,0.002136,0.002174,0.002136,0.002136,0.002213,0.002136,0.002213,0.002174,0.002136,0.002060,0.002136,0.002174,0.002098,0.002136,0.002136,0.002136,0.002174,0.002060,0.002098,0.002098,0.002060,0.002098,0.002098,0.002098,0.002136,0.002174,0.002174,0.002174,0.002289,0.002289,0.002289,0.002327,0.002403,0.002480,0.002480,0.002556,0.002594,0.002556,0.002632,0.002632,0.002670,0.002632,0.002594,0.002594,0.002480,0.002480,0.002441,0.002365,0.002289,0.002213,0.002174,0.002022,0.001984,0.001945,0.001907,0.001793,0.001755,0.001793,0.001755,0.001678,0.001755,0.001717,0.001717,0.001755,0.001755,0.001831,0.001793,0.001869,0.001945,0.001984,0.002022,0.002022,0.002098,0.002136,0.002098,0.002136,0.002136,0.002251,0.002213,0.002213,0.002251,0.002136,0.002098,0.002098,0.002022,0.002022,0.001984,0.001945,0.001945,0.001945,0.001907,0.001831,0.001793,0.001755,0.001717,0.001717,0.001640,0.001678,0.001678,0.001602,0.001488,0.001564,0.001564,0.001564,0.001602,0.001564,0.001602,0.001640,0.001564,0.001602,0.001640,0.001717,0.001717,0.001678,0.001793,0.001793,0.001869,0.001907,0.001907,0.001984,0.001984,0.001945,0.001984,0.002022,0.002022,0.002022,0.002174,0.002060,0.002136,0.002136,0.002098,0.002174,0.002136,0.002136,0.002174,0.002213,0.002213,0.002213,0.002213,0.002213,0.002213,0.002174,0.002136,0.002213,0.002251,0.002213,0.002174,0.002174,0.002213,0.002174,0.002174,0.002174,0.002136,0.002136,0.002098,0.002174,0.002174,0.002136,0.002213,0.002174,0.002213,0.002174,0.002174,0.002213,0.002174,0.002251,0.002251,0.002213,0.002174,0.002174,0.002213,0.002174,0.002213,0.002174,0.002098,0.002136,0.002136,0.002060,0.002060,0.002022,0.001984,0.001945,0.001907,0.001907,0.001869,0.001869,0.001831,0.001831,0.001831,0.001755,0.001755,0.001755,0.001717,0.001717,0.001640,0.001755,0.001678,0.001678,0.001678,0.001717,0.001678,0.001640,0.001717,0.001717,0.001755,0.001793,0.001717,0.001793,0.001793,0.001869,0.001869,0.001869,0.001945,0.001945,0.002022,0.002136,0.002136,0.002213,0.002213,0.002289,0.002289,0.002327,0.002327,0.002365,0.002441,0.002480,0.002403,0.002441,0.002518,0.002518,0.002480,0.002518,0.002480,0.002518,0.002480,0.002518,0.002518,0.002480,0.002518,0.002556,0.002518,0.002556,0.002518,0.002480,0.002594,0.002480,0.002518,0.002518,0.002441,0.002403,0.002403,0.002403,0.002327,0.002327,0.002289,0.002251,0.002213,0.002174,0.002136,0.002060,0.002022,0.002022,0.002022,0.001984,0.001945,0.001907,0.001907,0.001945,0.001945,0.002022,0.002022,0.002022,0.002022,0.002098,0.002098,0.002174,0.002213,0.002251,0.002174,0.002289,0.002289,0.002365,0.002289,0.002289,0.002327,0.002289,0.002365,0.002289,0.002289,0.002251,0.002289,0.002251,0.002136,0.002174,0.002136,0.002174,0.002136,0.002098,0.002060,0.001945,0.001984,0.001984,0.001945,0.001907,0.001869,0.001831,0.001831,0.001793,0.001793,0.001793,0.001793,0.001755,0.001755,0.001755,0.001717,0.001717,0.001755,0.001793,0.001793,0.001717,0.001755,0.001717,0.001755,0.001755,0.001755,0.001793,0.001755,0.001793,0.001755,0.001717,0.001755,0.001678,0.001793,0.001755,0.001717,0.001793,0.001717,0.001793,0.001755,0.001755,0.001831,0.001831,0.001869,0.001831,0.001869,0.001869,0.001907,0.001945,0.001984,0.002060,0.002098,0.002060,0.002174,0.002136,0.002174,0.002174,0.002213,0.002251,0.002213,0.002251,0.002213,0.002289,0.002327,0.002289,0.002327,0.002213,0.002251,0.002251,0.002213,0.002251,0.002213,0.002213,0.002136,0.002136,0.002136,0.002098,0.002136,0.002098,0.002098,0.002136,0.002060,0.002098,0.002060,0.002022,0.002060,0.002022,0.002060,0.002098,0.002098,0.002060,0.002060,0.002136,0.002060,0.002060,0.002098,0.002060,0.002174,0.002098,0.002098,0.002060,0.002060,0.002098,0.002098,0.002136,0.002098,0.002060,0.002174,0.002136,0.002098,0.002136,0.002098,0.002174,0.002136,0.002174,0.002136,0.002136,0.002136,0.002136,0.002213,0.002174,0.002213,0.002174,0.002098,0.002136,0.002136,0.002136,0.002098,0.002098,0.002174,0.002136,0.002060,0.002022,0.002022,0.002022,0.001945,0.002022,0.002022,0.002098,0.002060,0.001945,0.002022,0.002022,0.002060,0.002060,0.002060,0.002060,0.002022,0.002060,0.002098,0.002022,0.002060,0.002022,0.002136,0.002060,0.002098,0.002098,0.002060,0.002136,0.002136,0.002136,0.002174,0.002098,0.002174,0.002213,0.002251,0.002213,0.002136,0.002213,0.002174,0.002174,0.002136,0.002098,0.002136,0.002060,0.002098,0.002022,0.001984,0.001984,0.001945,0.001945,0.001869,0.001831,0.001907,0.001831,0.001907,0.001869,0.001907,0.001869,0.001907,0.001984,0.001907,0.001907,0.001945,0.001945,0.001984,0.001945,0.001945,0.001945,0.001984,0.002022,0.001984,0.002022,0.002022,0.002098,0.002098,0.001984,0.002098,0.002060,0.002060,0.002098,0.002098,0.002136,0.002060,0.002060,0.002060,0.002060,0.002098,0.002022,0.002060,0.002060,0.002060,0.002098,0.002022,0.002060,0.002060,0.001984,0.001984,0.001984,0.001945,0.001907,0.001945,0.001869,0.001831,0.001907,0.001907,0.001945,0.001984,0.001945,0.001907,0.001907,0.001907,0.001945,0.001984,0.002022,0.002022,0.002022,0.002022,0.002060,0.002136,0.002060,0.002174,0.002098,0.002136,0.002213,0.002213,0.002213,0.002251,0.002251,0.002213,0.002213,0.002289,0.002289,0.002365,0.002327,0.002289,0.002251,0.002213,0.002289,0.002289,0.002251,0.002251,0.002251,0.002289,0.002289,0.002251,0.002289,0.002251,0.002251,0.002251,0.002251,0.002213,0.002213,0.002251,0.002174,0.002174,0.002174,0.002136,0.002174,0.002174,0.002098,0.002098,0.002060,0.002022,0.002060,0.002098,0.002060,0.002022,0.002060,0.002022,0.002022,0.002060,0.002060,0.002060,0.001984,0.002060,0.002136,0.002098,0.002098,0.002174,0.002213,0.002251,0.002327,0.002327,0.002365,0.002403,0.002403,0.002480,0.002518,0.002518,0.002632,0.002594,0.002632,0.002708,0.002670,0.002708,0.002708,0.002708,0.002708,0.002670,0.002632,0.002594,0.002632,0.002632,0.002518,0.002518,0.002480,0.002480,0.002403,0.002365,0.002365,0.002289,0.002289,0.002251,0.002213,0.002174,0.002136,0.002098,0.002022,0.001984,0.001907,0.001869,0.001793,0.001678,0.001564,0.001526,0.001297,0.001335,0.001183,0.001144,0.000992,0.000954,0.000954,0.000877,0.000916,0.000916,0.000916,0.000916,0.000877,0.001068,0.001106,0.001183,0.001297,0.001373,0.001526,0.001602,0.001640,0.001755,0.001831,0.001984,0.002060,0.002098,0.002136,0.002213,0.002289,0.002365,0.002365,0.002403,0.002327,0.002365,0.002327,0.002403,0.002365,0.002365,0.002327,0.002289,0.002289,0.002251,0.002174,0.002251,0.002213,0.002174,0.002174,0.002174,0.002136,0.002136,0.002213,0.002174,0.002213,0.002289,0.002213,0.002289,0.002365,0.002403,0.002441,0.002441,0.002403,0.002403,0.002518,0.002518,0.002556,0.002556,0.002518,0.002594,0.002480,0.002480,0.002441,0.002403,0.002403,0.002289,0.002289,0.002251,0.002213,0.002251,0.002136,0.002174,0.002098,0.002022,0.002060,0.001984,0.001984,0.001984,0.001984,0.001984,0.001945,0.001945,0.001945,0.001907,0.001907,0.001945,0.001945,0.001945,0.001945,0.001984,0.001984,0.001984,0.001907,0.001984,0.002022,0.001984,0.001984,0.001984,0.001984,0.002022,0.001945,0.002022,0.001984,0.002022,0.001984,0.001945,0.001945,0.001945,0.001945,0.001945,0.001984,0.001945,0.001945,0.001984,0.001907,0.002022,0.001984,0.001984,0.001984,0.002022,0.001984,0.001945,0.001984,0.002022,0.002060,0.002098,0.001984,0.002022,0.002098,0.002060,0.002060,0.002060,0.002098,0.002136,0.002136,0.002213,0.002251,0.002251,0.002251,0.002251,0.002289,0.002327,0.002327,0.002403,0.002365,0.002327,0.002289,0.002365,0.002403,0.002327,0.002365,0.002327,0.002365,0.002365,0.002365,0.002365,0.002289,0.002289,0.002327,0.002289,0.002289,0.002174,0.002213,0.002213,0.002213,0.002251,0.002136,0.002136,0.002098,0.002136,0.002098,0.002060,0.002060,0.002022,0.002060,0.002098,0.002060,0.002022,0.002098,0.002060,0.002098,0.002136,0.002136,0.002098,0.002136,0.002174,0.002174,0.002213,0.002174,0.002213,0.002251,0.002251,0.002251,0.002251,0.002365,0.002327,0.002289,0.002327,0.002327,0.002403,0.002365,0.002403,0.002441,0.002327,0.002403,0.002327,0.002403,0.002365,0.002365,0.002327,0.002289,0.002289,0.002213,0.002174,0.002136,0.002098,0.002174,0.002098,0.002022,0.002022,0.001984,0.001984,0.001945,0.001945,0.002022,0.001945,0.001907,0.001831,0.001869,0.001907,0.001907,0.001869,0.001831,0.001869,0.001831,0.001831,0.001869,0.001793,0.001831,0.001717,0.001793,0.001869,0.001869,0.001831,0.001793,0.001793,0.001831,0.001831,0.001869,0.001907,0.001869,0.001907,0.001869,0.001945,0.001907,0.001945,0.001945,0.001907,0.001984,0.001984,0.001984,0.002060,0.002060,0.002098,0.002136,0.002136,0.002136,0.002098,0.002098,0.002136,0.002098,0.002098,0.002213,0.002251,0.002174,0.002136,0.002098,0.002174,0.002174,0.002213,0.002174,0.002136,0.002136,0.002136,0.002098,0.002136,0.002098,0.002136,0.002136,0.002174,0.002174,0.002136,0.002174,0.002098,0.002136,0.002136,0.002098,0.002136,0.002098,0.002098,0.002174,0.002136,0.002174,0.002213,0.002174,0.002174,0.002174,0.002136,0.002136,0.002136,0.002136,0.002060,0.002022,0.002060,0.002060,0.002060,0.002060,0.002022,0.001945,0.001945,0.001984,0.001907,0.001907,0.001907,0.001869,0.001869,0.001831,0.001907,0.001869,0.001831,0.001869,0.001869,0.001869,0.001869,0.001907,0.001945,0.001907,0.001907,0.001984,0.002022,0.002022,0.002022,0.002022,0.001984,0.002060,0.002060,0.002098,0.002022,0.002022,0.002136,0.002098,0.002136,0.002060,0.002136,0.002060,0.002022,0.002098,0.002022,0.002060,0.002098,0.002022,0.002060,0.002022,0.002022,0.002022,0.002060,0.002022,0.001984,0.002022,0.002060,0.002022,0.002098,0.002060,0.002060,0.002136,0.002136,0.002098,0.002136,0.002136,0.002174,0.002251,0.002213,0.002174,0.002289,0.002251,0.002251,0.002289,0.002289,0.002289,0.002251,0.002289,0.002327,0.002251,0.002213,0.002251,0.002289,0.002289,0.002213,0.002213,0.002174,0.002213,0.002136,0.002174,0.002174,0.002098,0.002136,0.002098,0.002098,0.002060,0.002098,0.002098,0.002060,0.001984,0.001984,0.002060,0.002022,0.002022,0.002060,0.002098,0.002098,0.002136,0.002098,0.002136,0.002098,0.002136,0.002174,0.002213,0.002251,0.002213,0.002213,0.002174,0.002213,0.002289,0.002289,0.002327,0.002213,0.002251,0.002289,0.002213,0.002251,0.002289,0.002251,0.002327,0.002251,0.002251,0.002251,0.002251,0.002213,0.002174,0.002213,0.002213,0.002174,0.002098,0.002060,0.002136,0.002060,0.002060,0.002060,0.001984,0.001984,0.001907,0.001907,0.001945,0.001869,0.001907,0.001831,0.001793,0.001831,0.001755,0.001831,0.001717,0.001717,0.001717,0.001717,0.001678,0.001640,0.001717,0.001717,0.001678,0.001717,0.001717,0.001678,0.001717,0.001717,0.001717,0.001717,0.001678,0.001678,0.001717,0.001717,0.001717,0.001755,0.001678,0.001755,0.001717,0.001717,0.001755,0.001717,0.001793,0.001831,0.001793,0.001793,0.001755,0.001869,0.001869,0.001869,0.001869,0.001907,0.001907,0.001945,0.001984,0.002022,0.001984,0.001984,0.002022,0.002136,0.002174,0.002174,0.002174,0.002174,0.002174,0.002213,0.002213,0.002327,0.002251,0.002289,0.002327,0.002365,0.002403,0.002327,0.002441,0.002441,0.002327,0.002403,0.002403,0.002441,0.002403,0.002365,0.002365,0.002327,0.002289,0.002327,0.002327,0.002327,0.002289,0.002251,0.002251,0.002289,0.002289,0.002251,0.002174,0.002213,0.002098,0.002136,0.002098,0.002098,0.002098,0.002098,0.002060,0.002098,0.002098,0.002022,0.002022,0.002060,0.001984,0.001945,0.001984,0.002022,0.001984,0.002022,0.002022,0.001984,0.002022,0.002060,0.002022,0.001984,0.001984,0.002022,0.001984,0.002022,0.001984,0.001945,0.001984,0.001984,0.001984,0.001945,0.001907,0.001907,0.001869,0.001907,0.001869,0.001907,0.001907,0.001907,0.001907,0.001907,0.001945,0.001945,0.001945,0.001907,0.001907,0.001984,0.002022,0.002022,0.002022,0.001945,0.002022,0.002022,0.002098,0.002136,0.002098,0.002136,0.002174,0.002136,0.002174,0.002136,0.002136,0.002098,0.002098,0.002098,0.002136,0.002136,0.002098,0.002098,0.002098,0.002098,0.002136,0.002098,0.002136,0.002098,0.002060,0.002136,0.002060,0.002060,0.002060,0.002136,0.002060,0.002098,0.002098,0.002060,0.002136,0.002136,0.002174,0.002174,0.002174,0.002174,0.002251,0.002174,0.002136,0.002213,0.002213,0.002251,0.002174,0.002213,0.002174,0.002174,0.002136,0.002213,0.002174,0.002174,0.002174,0.002174,0.002174,0.002174,0.002136,0.002213,0.002136,0.002098,0.002098,0.002136,0.002136,0.002098,0.002136,0.002136,0.002136,0.002174,0.002098,0.002174,0.002174,0.002098,0.002098,0.002098,0.002098,0.002060,0.002136,0.002098,0.002060,0.002098,0.002098,0.002060,0.002022,0.002060,0.002098,0.002022,0.002022,0.001984,0.001984,0.002060,0.001945,0.001945,0.001984,0.001945,0.001945,0.001907,0.001945,0.001945,0.001907,0.001869,0.001907,0.001945,0.001907,0.001907,0.001984,0.001907,0.001945,0.001869,0.001907,0.001984,0.001907,0.001907,0.001945,0.001907,0.001945,0.001907,0.001869,0.001907,0.001945,0.001945,0.001945,0.001945,0.001945,0.001945,0.001945,0.001984,0.002022,0.001945,0.001984,0.002060,0.002060,0.002060,0.002060,0.002022,0.002060,0.002060,0.002098,0.002174,0.002098,0.002136,0.002136,0.002174,0.002136,0.002136,0.002174,0.002136,0.002213,0.002174,0.002213,0.002174,0.002174,0.002213,0.002213,0.002136,0.002174,0.002174,0.002136,0.002098,0.002136,0.002136,0.002174,0.002174,0.002136,0.002136,0.002174,0.002174,0.002098,0.002136,0.002098,0.002098,0.002098,0.002098,0.002060,0.002098,0.002136,0.002136,0.002136,0.002098,0.002060,0.002174,0.002174,0.002213,0.002174,0.002136,0.002174,0.002136,0.002136,0.002136,0.002136,0.002136,0.002136,0.002174,0.002213,0.002174,0.002136,0.002174,0.002136,0.002136,0.002136,0.002136,0.002174,0.002174,0.002174,0.002098,0.002136,0.002136,0.002098,0.002098,0.002136,0.002136,0.002098,0.002136,0.002174,0.002098,0.002136,0.002098,0.002174,0.002098,0.002098,0.002174,0.002098,0.002098,0.002136,0.002098,0.002136,0.002098,0.002136,0.002060,0.002136,0.002098,0.002060,0.002098,0.002136,0.002098,0.002136,0.002174,0.002136,0.002136,0.002174,0.002136,0.002098,0.002098,0.002098,0.002174,0.002213,0.002136,0.002136,0.002098,0.002174,0.002136,0.002098,0.002174,0.002136,0.002136,0.002098,0.002136,0.002174,0.002098,0.002174,0.002098,0.002098,0.002098,0.002098,0.002174,0.002022,0.002060,0.002060,0.002022,0.002022,0.002022,0.002060,0.002022,0.002022,0.002060,0.001984,0.002022,0.001984,0.001984,0.002022,0.002022,0.002022,0.002060,0.002022,0.002022,0.001984,0.001984,0.001984,0.002022,0.002136,0.002098,0.002098,0.002136,0.002136,0.002136,0.002136,0.002213,0.002213,0.002251,0.002251,0.002289,0.002327,0.002327,0.002289,0.002289,0.002365,0.002403,0.002327,0.002441,0.002403,0.002403,0.002403,0.002403,0.002441,0.002403,0.002403,0.002365,0.002327,0.002289,0.002213,0.002251,0.002213,0.002136,0.002098,0.002060,0.002098,0.001984,0.001907,0.001945,0.001907,0.001869,0.001793,0.001831,0.001869,0.001869,0.001869,0.001831,0.001831,0.001831,0.001831,0.001831,0.001907,0.001869,0.001869,0.001831,0.001831,0.001984,0.002022,0.002022,0.001984,0.001984,0.002022,0.001984,0.002060,0.002098,0.002060,0.002060,0.002022,0.002060,0.002060,0.002022,0.001984,0.002022,0.001984,0.001945,0.002022,0.001945,0.001984,0.001945,0.001907,0.001945,0.001945,0.001984,0.001945,0.002022,0.002022,0.002022,0.002098,0.002060,0.002098,0.002098,0.002136,0.002174,0.002174,0.002136,0.002174,0.002213,0.002251,0.002213,0.002251,0.002251,0.002251,0.002289,0.002289,0.002213,0.002327,0.002289,0.002289,0.002289,0.002289,0.002289,0.002327,0.002251,0.002213,0.002251,0.002251,0.002289,0.002213,0.002213,0.002251,0.002251,0.002289,0.002213,0.002289,0.002289,0.002289,0.002327,0.002289,0.002251,0.002327,0.002327,0.002289,0.002251,0.002289,0.002251,0.002251,0.002213,0.002251,0.002213,0.002213,0.002098,0.002136,0.002060,0.002098,0.002060,0.002022,0.002060,0.001984,0.001945,0.001907,0.001907,0.001907,0.001869,0.001869,0.001831,0.001869,0.001831,0.001831,0.001831,0.001755,0.001755,0.001755,0.001793,0.001793,0.001831,0.001793,0.001755,0.001793,0.001869,0.001869,0.001869,0.001907,0.001869,0.001945,0.001869,0.001907,0.001907,0.001984,0.001945,0.001945,0.001945,0.002022,0.002022,0.002022,0.002022,0.002060,0.002022,0.002098,0.002060,0.002098,0.002060,0.002060,0.002060,0.002098,0.002098,0.002136,0.002136,0.002136,0.002098,0.002098,0.002098,0.002098,0.002136,0.002060,0.002060,0.002098,0.002060,0.002022,0.002098,0.002136,0.002060,0.002136,0.002136,0.002136,0.002136,0.002136,0.002136,0.002136,0.002098,0.002136,0.002174,0.002174,0.002136,0.002136,0.002174,0.002213,0.002136,0.002213,0.002136,0.002213,0.002251,0.002174,0.002174,0.002174,0.002213,0.002213,0.002213,0.002213,0.002213,0.002251,0.002213,0.002251,0.002213,0.002174,0.002174,0.002251,0.002213,0.002174,0.002174,0.002174,0.002136,0.002136,0.002174,0.002098,0.002136,0.002136,0.002060,0.002060,0.002060,0.002022,0.001984,0.002022,0.002022,0.001984,0.001984,0.002022,0.002022,0.002022,0.002022,0.002022,0.002098,0.002060,0.002098,0.002098,0.002098,0.002136,0.002136,0.002060,0.002098,0.002098,0.002098,0.002060,0.002022,0.002060,0.002022,0.002022,0.002022,0.001984,0.002022,0.001984,0.001945,0.001907,0.001907,0.001831,0.001831,0.001869,0.001831,0.001869,0.001831,0.001869,0.001831,0.001831,0.001869,0.001945,0.001945,0.001945,0.001945,0.001945,0.002022,0.001984,0.002022,0.002136,0.002136,0.002098,0.002060,0.002136,0.002098,0.002136,0.002174,0.002136,0.002174,0.002098,0.002136,0.002098,0.002136,0.002136,0.002098,0.002060,0.002022,0.002022,0.002060,0.002022,0.001984,0.002022,0.002060,0.002022,0.001984,0.001984,0.001984,0.002022,0.002022,0.001984,0.001945,0.002022,0.002022,0.001984,0.002022,0.002022,0.002098,0.002060,0.002022,0.002022,0.002022,0.002060,0.002098,0.002098,0.002098,0.002098,0.002136,0.002174,0.002174,0.002174,0.002174,0.002213,0.002213,0.002213,0.002251,0.002251,0.002327,0.002327,0.002327,0.002327,0.002289,0.002289,0.002289,0.002289,0.002289,0.002289,0.002289,0.002251,0.002289,0.002289,0.002213,0.002174,0.002213,0.002174,0.002174,0.002098,0.002022,0.002098,0.002098,0.002060,0.002098,0.002060,0.002022,0.002060,0.002060,0.002060,0.002060,0.002022,0.002022,0.002060,0.001984,0.002060,0.001984,0.002022,0.002022,0.002060,0.002022,0.001984,0.001984,0.001945,0.001984,0.001945,0.001907,0.001984,0.001869,0.001869,0.001869,0.001869,0.001831,0.001793,0.001831,0.001831,0.001793,0.001793,0.001717,0.001793,0.001793,0.001755,0.001755,0.001793,0.001755,0.001831,0.001793,0.001755,0.001831,0.001907,0.001869,0.001831,0.001907,0.001945,0.001907,0.001907,0.001907,0.001907,0.001907,0.001907,0.001945,0.001907,0.001945,0.001984,0.001907,0.001945,0.001984,0.001984,0.001984,0.001945,0.001907,0.001907,0.001945,0.001984,0.001945,0.001945,0.001945,0.001945,0.002022,0.001945,0.002022,0.002022,0.001907,0.001945,0.001984,0.002022,0.002022,0.002060,0.002098,0.002060,0.002060,0.002098,0.002098,0.002098,0.002098,0.002098,0.002136,0.002174,0.002136,0.002174,0.002213,0.002213,0.002213,0.002174,0.002174,0.002213,0.002213,0.002251,0.002251,0.002289,0.002251,0.002365,0.002289,0.002327,0.002327,0.002365,0.002365,0.002365,0.002365,0.002365,0.002403,0.002403,0.002441,0.002403,0.002365,0.002365,0.002403,0.002365,0.002365,0.002365,0.002289,0.002327,0.002289,0.002213,0.002213,0.002174,0.002136,0.002098,0.002060,0.002022,0.001984,0.001945,0.001907,0.001907,0.001907,0.001831,0.001831,0.001793,0.001755,0.001755,0.001755,0.001755,0.001831,0.001755,0.001793,0.001755,0.001755,0.001831,0.001831,0.001831,0.001793,0.001869,0.001793,0.001793,0.001831,0.001907,0.001945,0.001984,0.001945,0.001945,0.001984,0.002022,0.001945,0.001945,0.002022,0.001984,0.002060,0.002060,0.002060,0.002098,0.002060,0.002098,0.002136,0.002136,0.002174,0.002213,0.002213,0.002251,0.002289,0.002251,0.002251,0.002213,0.002289,0.002289,0.002289,0.002251,0.002251,0.002289,0.002327,0.002327,0.002327,0.002327,0.002365,0.002327,0.002289,0.002365,0.002327,0.002289,0.002327,0.002251,0.002289,0.002289,0.002251,0.002327,0.002251,0.002289,0.002251,0.002289,0.002251,0.002251,0.002251,0.002251,0.002251,0.002289,0.002213,0.002251,0.002251,0.002289,0.002213,0.002251,0.002251,0.002251,0.002174,0.002136,0.002174,0.002213,0.002174,0.002136,0.002174,0.002136,0.002136,0.002174,0.002136,0.002098,0.002213,0.002098,0.002136,0.002136,0.002098,0.002136,0.002098,0.002022,0.002060,0.002022,0.002060,0.002060,0.002022,0.002060,0.002022,0.001984,0.001945,0.001984,0.001907,0.001945,0.001907,0.001945,0.001907,0.001945,0.001945,0.001869,0.001945,0.001907,0.001984,0.001869,0.001907,0.001945,0.001907,0.001907,0.001984,0.001984,0.001945,0.001945,0.001984,0.001984,0.001945,0.002022,0.001984,0.001984,0.001945,0.002022,0.002022,0.001984,0.002022,0.001984,0.002022,0.002098,0.002060,0.002022,0.002022,0.002060,0.002060,0.002098,0.002098,0.002136,0.002136,0.002136,0.002174,0.002174,0.002213,0.002174,0.002251,0.002213,0.002251,0.002213,0.002251,0.002327,0.002289,0.002289,0.002289,0.002327,0.002251,0.002251,0.002289,0.002251,0.002251,0.002213,0.002213,0.002174,0.002251,0.002213,0.002213,0.002213,0.002251,0.002251,0.002213,0.002213,0.002174,0.002251,0.002174,0.002136,0.002174,0.002174,0.002136,0.002136,0.002136,0.002060,0.002060,0.002098,0.002098,0.002098,0.002098,0.002060,0.002098,0.002060,0.002098,0.002098,0.002098,0.002098,0.002098,0.002060,0.002098,0.002136,0.002136,0.002060,0.002060,0.002060,0.002098,0.002060,0.002060,0.002060,0.002022,0.002022,0.002022,0.002060,0.001984,0.001945,0.001945,0.001945,0.001945,0.001907,0.001907,0.001869,0.001869,0.001831,0.001907,0.001869,0.001831,0.001831,0.001869,0.001831,0.001831,0.001793,0.001793,0.001831,0.001793,0.001793,0.001755,0.001793,0.001869,0.001831,0.001869,0.001831,0.001831,0.001907,0.001907,0.001907,0.001869,0.001907,0.001945,0.001945,0.001984,0.001984,0.001984,0.002022,0.001984,0.002022,0.001984,0.001984,0.002060,0.002060,0.002060,0.002060,0.002136,0.002174,0.002136,0.002174,0.002174,0.002213,0.002213,0.002174,0.002251,0.002251,0.002251,0.002251,0.002327,0.002327,0.002289,0.002327,0.002289,0.002251,0.002289,0.002251,0.002251,0.002251,0.002251,0.002289,0.002289,0.002213,0.002251,0.002251,0.002251,0.002213,0.002213,0.002174,0.002213,0.002213,0.002174,0.002136,0.002136,0.002174,0.002174,0.002136,0.002136,0.002098,0.002136,0.002136,0.002098,0.002174,0.002136,0.002136,0.002060,0.002136,0.002136,0.002098,0.002098,0.002174,0.002098,0.002136,0.002136,0.002098,0.002098,0.002098,0.002136,0.002136,0.002174,0.002174,0.002136,0.002098,0.002098,0.002213,0.002136,0.002174,0.002098,0.002213,0.002174,0.002136,0.002136,0.002213,0.002174,0.002174,0.002136,0.002136,0.002136,0.002213,0.002213,0.002174,0.002136,0.002136,0.002174,0.002174,0.002136,0.002213,0.002136,0.002098,0.002136,0.002136,0.002174,0.002174,0.002098,0.002136,0.002136,0.002174,0.002136,0.002174,0.002098,0.002098,0.002136,0.002174,0.002213,0.002136,0.002098,0.002098,0.002098,0.002174,0.002174,0.002174,0.002136,0.002213,0.002213,0.002174,0.002174,0.002213,0.002174,0.002213,0.002213,0.002174,0.002174,0.002174,0.002213,0.002174,0.002174,0.002213,0.002174,0.002213,0.002098,0.002136,0.002174,0.002098,0.002060,0.002060,0.002098,0.002022,0.001984,0.002098,0.002022,0.002022,0.001984,0.001945,0.001945,0.001945,0.001945,0.001945,0.001831,0.001831,0.001869,0.001869,0.001869,0.001831,0.001755,0.001793,0.001755,0.001831,0.001831,0.001793,0.001793,0.001793,0.001793,0.001793,0.001869,0.001831,0.001755,0.001831,0.001869,0.001869,0.001945,0.001907,0.001907,0.002022,0.001984,0.002060,0.002060,0.002060,0.002136,0.002098,0.002174,0.002174,0.002213,0.002251,0.002251,0.002289,0.002251,0.002327,0.002251,0.002213,0.002213,0.002213,0.002174,0.002136,0.002174,0.002174,0.002136,0.002174,0.002136,0.002098,0.002098,0.002060,0.002098,0.002022,0.002098,0.002098,0.002060,0.002098,0.002136,0.002098,0.002098,0.002136,0.002136,0.002136,0.002213,0.002213,0.002213,0.002174,0.002251,0.002289,0.002174,0.002174,0.002174,0.002251,0.002174,0.002174,0.002213,0.002174,0.002213,0.002174,0.002174,0.002136,0.002098,0.002060,0.002022,0.002022,0.001984,0.001907,0.001869,0.001831,0.001793,0.001793,0.001793,0.001831,0.001717,0.001755,0.001717,0.001640,0.001717,0.001755,0.001717,0.001755,0.001755,0.001755,0.001755,0.001869,0.001793,0.001831,0.001869,0.001907,0.001945,0.001907,0.001907,0.001945,0.001984,0.001984,0.002060,0.002022,0.002022,0.002060,0.002060,0.001984,0.002022,0.002060,0.002022,0.002022,0.001984,0.001984,0.002022,0.001984,0.002022,0.001984,0.002060,0.002022,0.002098,0.002060,0.002098,0.002098,0.002098,0.002060,0.002098,0.002136,0.002174,0.002174,0.002213,0.002251,0.002213,0.002251,0.002174,0.002327,0.002251,0.002251,0.002289,0.002289,0.002327,0.002289,0.002251,0.002327,0.002289,0.002251,0.002213,0.002213,0.002174,0.002174,0.002213,0.002174,0.002213,0.002174,0.002174,0.002136,0.002136,0.002174,0.002174,0.002136,0.002174,0.002136,0.002136,0.002136,0.002136,0.002136,0.002136,0.002213,0.002174,0.002136,0.002136,0.002060,0.002174,0.002174,0.002098,0.002136,0.002136,0.002098,0.002060,0.002060,0.002098,0.002060,0.002060,0.002060,0.002060,0.002022,0.001984,0.002022,0.002060,0.001984,0.001984,0.001984,0.001984,0.001984,0.001945,0.001984,0.002060,0.002022,0.001945,0.001984,0.001984,0.001984,0.002022,0.002060,0.002098,0.002022,0.002060,0.002060,0.001984,0.002060,0.002022,0.002022,0.002022,0.002098,0.002060,0.002022,0.002022,0.002098,0.002060,0.002098,0.002098,0.002136,0.002060,0.002098,0.002136,0.002098,0.002136,0.002098,0.002136,0.002136,0.002136,0.002136,0.002174,0.002136,0.002136,0.002136,0.002136,0.002136,0.002174,0.002060,0.002174,0.002136,0.002136,0.002098,0.002098,0.002060,0.002022,0.002060,0.002060,0.002022,0.002022,0.001984,0.002022,0.001984,0.001984,0.002022,0.001945,0.001945,0.001945,0.001945,0.001945,0.001907,0.001945,0.001984,0.001945,0.001984,0.001945,0.001907,0.001945,0.001945,0.002022,0.001984,0.001984,0.001984,0.002022,0.001945,0.002022,0.002022,0.001945,0.001945,0.001984,0.001984,0.001984,0.001984,0.001984,0.001984,0.001945,0.001945,0.002022,0.002022,0.001984,0.002060,0.002060,0.002060,0.002136,0.002060,0.002098,0.002136,0.002136,0.002098,0.002060,0.002060,0.002022,0.002136,0.002136,0.002098,0.002098,0.002098,0.002174,0.002098,0.002060,0.002098,0.002098,0.002098,0.002022,0.002060,0.002098,0.002060,0.002060,0.002022,0.002060,0.002022,0.001984,0.002022,0.001984,0.001984,0.002060,0.002022,0.002022,0.002022,0.002060,0.002060,0.002022,0.002098,0.002098,0.002136,0.002098,0.002174,0.002213,0.002213,0.002213,0.002213,0.002251,0.002213,0.002251,0.002289,0.002251,0.002289,0.002213,0.002213,0.002251,0.002251,0.002213,0.002213,0.002213,0.002213,0.002174,0.002213,0.002174,0.002174,0.002213,0.002136,0.002174,0.002174,0.002174,0.002251,0.002136,0.002213,0.002136,0.002098,0.002136,0.002098,0.002174,0.002098,0.002098,0.002098,0.002060,0.002022,0.002060,0.002060,0.002060,0.002022,0.002060,0.002060,0.002060,0.001984,0.002022,0.001945,0.002022,0.002022,0.001945,0.001984,0.002022,0.002022,0.001984,0.001984,0.001984,0.002022,0.001945,0.001907,0.001945,0.002022,0.001984,0.001945,0.001984,0.001945,0.001984,0.001945,0.001945,0.001984,0.001945,0.002022,0.001945,0.001984,0.001945,0.001984,0.001984,0.001907,0.001907,0.001984,0.001984,0.001945,0.001907,0.001907,0.001984,0.001984,0.002022,0.002022,0.002022,0.002022,0.002060,0.002022,0.002060,0.002022,0.002060,0.002136,0.002060,0.002060,0.002136,0.002174,0.002136,0.002174,0.002174,0.002213,0.002213,0.002213,0.002213,0.002213,0.002213,0.002251,0.002289,0.002213,0.002213,0.002289,0.002251,0.002289,0.002289,0.002289,0.002213,0.002251,0.002289,0.002289,0.002251,0.002327,0.002289,0.002289,0.002213,0.002289,0.002213,0.002251,0.002213,0.002213,0.002213,0.002213,0.002213,0.002174,0.002213,0.002174,0.002136,0.002174,0.002136,0.002098,0.002136,0.002174,0.002174,0.002213,0.002174,0.002136,0.002174,0.002251,0.002174,0.002213,0.002136,0.002251,0.002174,0.002098,0.002213,0.002098,0.002136,0.002174,0.002136,0.002174,0.002174,0.002174,0.002136,0.002098,0.002174,0.002213,0.002174,0.002174,0.002136,0.002136,0.002136,0.002136,0.002022,0.002098,0.002098,0.002022,0.002060,0.002022,0.001984,0.001945,0.001907,0.001907,0.001945,0.001907,0.001945,0.001869,0.001869,0.001869,0.001831,0.001869,0.001945,0.001945,0.001984,0.002060,0.002022,0.002098,0.002213,0.002136,0.002251,0.002251,0.002251,0.002365,0.002365,0.002365,0.002403,0.002403,0.002365,0.002365,0.002403,0.002365,0.002327,0.002289,0.002289,0.002289,0.002174,0.002174,0.002136,0.002098,0.002060,0.002022,0.002022,0.001907,0.001984,0.001945,0.001945,0.001945,0.001907,0.001945,0.001945,0.001984,0.001984,0.001984,0.002022,0.002022,0.002098,0.002098,0.002098,0.002174,0.002136,0.002174,0.002136,0.002136,0.002213,0.002174,0.002251,0.002213,0.002174,0.002213,0.002174,0.002136,0.002213,0.002213,0.002213,0.002213,0.002213,0.002251,0.002174,0.002174,0.002174,0.002174,0.002174,0.002213,0.002213,0.002136,0.002174,0.002174,0.002174,0.002213,0.002213,0.002213,0.002213,0.002213,0.002213,0.002251,0.002251,0.002289,0.002174,0.002213,0.002251,0.002213,0.002213,0.002213,0.002174,0.002289,0.002213,0.002136,0.002174,0.002174,0.002251,0.002174,0.002174,0.002174,0.002213,0.002174,0.002213,0.002174,0.002174,0.002136,0.002136,0.002174,0.002136,0.002136,0.002136,0.002136,0.002136,0.002098,0.002098,0.002136,0.002098,0.002136,0.002098,0.002098,0.002136,0.002098,0.002022,0.002060,0.002022,0.002022,0.002022,0.002022,0.002022,0.001984,0.002022,0.001945,0.001984,0.001984,0.002022,0.002022,0.001984,0.001984,0.002060,0.002022,0.002098,0.002060,0.002098,0.002098,0.002098,0.002060,0.002136,0.002174,0.002136,0.002098,0.002136,0.002136,0.002136,0.002098,0.002098,0.002098,0.002060,0.002136,0.002098,0.002022,0.002060,0.002098,0.002136,0.002098,0.002098,0.002098,0.002060,0.002022,0.002060,0.002098,0.002060,0.002098,0.002060,0.002098,0.002098,0.002098,0.002136,0.002098,0.002174,0.002060,0.002136,0.002136,0.002098,0.002098,0.002060,0.002060,0.002174,0.002136,0.002136,0.002136,0.002136,0.002136,0.002098,0.002136,0.002098,0.002098,0.002060,0.002060,0.002136,0.002136,0.002136,0.002174,0.002174,0.002174,0.002136,0.002098,0.002098,0.002136,0.002136,0.002174,0.002174,0.002098,0.002136,0.002136,0.002136,0.002174,0.002174,0.002136,0.002213,0.002174,0.002174,0.002136,0.002136,0.002213,0.002136,0.002098,0.002060,0.002136,0.002098,0.002098,0.002098,0.002060,0.001984,0.002060,0.002022,0.002060,0.002060,0.002022,0.001984,0.002060,0.002022,0.002022,0.002022,0.002022,0.002022,0.002022,0.002022,0.002022,0.001984,0.002060,0.001984,0.001945,0.001984,0.002022,0.001984,0.002022,0.002060,0.002060,0.002022,0.002060,0.002022,0.002098,0.002060,0.002098,0.002098,0.002060,0.002060,0.002022,0.002060,0.002098,0.002098,0.002098,0.002136,0.002098,0.002136,0.002136,0.002136,0.002136,0.002098,0.002098,0.002136,0.002136,0.002136,0.002136,0.002174,0.002136,0.002213,0.002213,0.002174,0.002174,0.002251,0.002213,0.002251,0.002289,0.002174,0.002213,0.002213,0.002251,0.002251,0.002213,0.002213,0.002213,0.002136,0.002213,0.002174,0.002174,0.002174,0.002174,0.002098,0.002098,0.002098,0.002098,0.002098,0.002098,0.002060,0.002060,0.002060,0.002060,0.002060,0.002022,0.002060,0.001984,0.002022,0.002022,0.002022,0.002022,0.001984,0.001984,0.001984,0.001945,0.001869,0.001945,0.001984,0.001984,0.001984,0.001945,0.001945,0.001945,0.001907,0.001907,0.001907,0.001984,0.001945,0.001907,0.001945,0.001945,0.001945,0.001907,0.001945,0.001984,0.001945,0.001945,0.001945,0.001984,0.001984,0.002022,0.002022,0.002022,0.002060,0.002060,0.002060,0.002060,0.002098,0.002060,0.002098,0.002174,0.002174,0.002098,0.002213,0.002174,0.002174,0.002213,0.002213,0.002213,0.002213,0.002251,0.002213,0.002174,0.002213,0.002213,0.002213,0.002251,0.002213,0.002213,0.002174,0.002174,0.002098,0.002060,0.002060,0.001984,0.002060,0.001984,0.002022,0.001984,0.001984,0.001984,0.001907,0.001907,0.001831,0.001869,0.001831,0.001831,0.001831,0.001831,0.001793,0.001793,0.001755,0.001831,0.001793,0.001831,0.001793,0.001831,0.001869,0.001869,0.001945,0.001869,0.001907,0.001984,0.002022,0.002022,0.002022,0.002098,0.002136,0.002098,0.002174,0.002174,0.002213,0.002174,0.002213,0.002251,0.002213,0.002136,0.002136,0.002174,0.002174,0.002174,0.002213,0.002136,0.002136,0.002136,0.002213,0.002213,0.002174,0.002174,0.002251,0.002213,0.002213,0.002289,0.002251,0.002213,0.002213,0.002251,0.002251,0.002251,0.002213,0.002251,0.002213,0.002213,0.002213,0.002174,0.002251,0.002251,0.002289,0.002251,0.002174,0.002213,0.002213,0.002174,0.002174,0.002136,0.002136,0.002174,0.002098,0.002098,0.002136,0.002136,0.002098,0.002060,0.002060,0.002022,0.002022,0.002022,0.002060,0.002022,0.002060,0.002098,0.002060,0.002022,0.002022,0.002022,0.002022,0.001984,0.002060,0.002022,0.001984,0.002022,0.001945,0.001945,0.001984,0.002060,0.001984,0.001945,0.001945,0.001984,0.002022,0.002022,0.002060,0.002098,0.002098,0.002098,0.002136,0.002174,0.002136,0.002136,0.002174,0.002060,0.002098,0.002060,0.002022,0.002022,0.001907,0.001945,0.001984,0.001869,0.001793,0.001793,0.001793,0.001755,0.001793,0.001831,0.001793,0.001831,0.001793,0.001907,0.001869,0.001869,0.001869,0.001907,0.001907,0.001907,0.001907,0.001907,0.001907,0.001945,0.001869,0.001869,0.001907,0.001831,0.001831,0.001869,0.001831,0.001831,0.001869,0.001869,0.001869,0.001831,0.001831,0.001907,0.001869,0.001907,0.001945,0.001907,0.002022,0.001945,0.002022,0.001945,0.001945,0.002022,0.001945,0.001945,0.001984,0.001984,0.002022,0.001945,0.001984,0.001984,0.002022,0.002022,0.001984,0.002098,0.002060,0.002060,0.002098,0.002136,0.002136,0.002136,0.002174,0.002213,0.002213,0.002213,0.002213,0.002251,0.002289,0.002289,0.002327,0.002327,0.002327,0.002289,0.002365,0.002327,0.002327,0.002365,0.002327,0.002289,0.002289,0.002289,0.002213,0.002136,0.002213,0.002174,0.002136,0.002098,0.002098,0.002022,0.002022,0.002022,0.001945,0.001945,0.001945,0.002022,0.002022,0.002022,0.001984,0.001984,0.001984,0.002098,0.002098,0.002098,0.002136,0.002098,0.002136,0.002136,0.002174,0.002174,0.002174,0.002213,0.002213,0.002174,0.002251,0.002213,0.002174,0.002174,0.002213,0.002136,0.002213,0.002174,0.002136,0.002174,0.002174,0.002136,0.002136,0.002174,0.002098,0.002136,0.002098,0.002136,0.002136,0.002136,0.002098,0.002098,0.002136,0.002174,0.002136,0.002136,0.002136,0.002136,0.002174,0.002174,0.002174,0.002174,0.002136,0.002136,0.002136,0.002136,0.002136,0.002174,0.002174,0.002098,0.002136,0.002098,0.002098,0.002136,0.002060,0.002098,0.002136,0.002136,0.002022,0.002060,0.002098,0.002098,0.002136,0.002136,0.002098,0.002098,0.002098,0.002060,0.002098,0.002174,0.002174,0.002098,0.002174,0.002174,0.002174,0.002098,0.002136,0.002136,0.002136,0.002136,0.002174,0.002060,0.002060,0.002136,0.002060,0.002060,0.002098,0.002098,0.002022,0.002098,0.002060,0.002060,0.002098,0.002098,0.002098,0.002098,0.002098,0.002060,0.002098,0.002136,0.002098,0.002136,0.002136,0.002174,0.002174,0.002174,0.002098,0.002136,0.002174,0.002174,0.002136,0.002174,0.002174,0.002174,0.002098,0.002136,0.002098,0.002136,0.002136,0.002060,0.002136,0.002136,0.002098,0.002136,0.002174,0.002136,0.002098,0.002060,0.002098,0.002060,0.002098,0.002098,0.002136,0.002136,0.002174,0.002098,0.002060,0.002060,0.002060,0.002098,0.002136,0.002060,0.002022,0.002060,0.002098,0.002060,0.002022,0.002060,0.002022,0.002060,0.002022,0.002022,0.002022,0.001984,0.002022,0.001945,0.001984,0.002022,0.001945,0.001945,0.001907,0.001945,0.001945,0.001945,0.001945,0.002022,0.001984,0.001945,0.001945,0.001945,0.001984,0.001907,0.001945,0.001907,0.001984,0.002022,0.002060,0.002060,0.002060,0.002022,0.002098,0.002098,0.002136,0.002098,0.002136,0.002174,0.002136,0.002136,0.002174,0.002213,0.002213,0.002213,0.002174,0.002213,0.002213,0.002251,0.002289,0.002289,0.002213,0.002213,0.002251,0.002289,0.002251,0.002251,0.002251,0.002251,0.002289,0.002251,0.002213,0.002213,0.002213,0.002174,0.002174,0.002136,0.002136,0.002174,0.002098,0.002098,0.002098,0.002136,0.002098,0.002136,0.002136,0.002098,0.002098,0.002098,0.002136,0.002098,0.002060,0.002174,0.002174,0.002136,0.002174,0.002174,0.002213,0.002213,0.002174,0.002174,0.002174,0.002174,0.002213,0.002251,0.002213,0.002213,0.002251,0.002251,0.002251,0.002213,0.002136,0.002213,0.002251,0.002289,0.002251,0.002213,0.002251,0.002251,0.002251,0.002213,0.002136,0.002136,0.002136,0.002098,0.002136,0.002136,0.002098,0.002098,0.002060,0.002022,0.002022,0.001984,0.001984,0.001984,0.001907,0.001907,0.001907,0.001869,0.001869,0.001907,0.001907,0.001869,0.001869,0.001869,0.001869,0.001869,0.001831,0.001907,0.001869,0.001831,0.001907,0.001945,0.001984,0.001984,0.001984,0.001984,0.002022,0.002060,0.002060,0.002136,0.002098,0.002136,0.002213,0.002213,0.002289,0.002251,0.002289,0.002289,0.002289,0.002251,0.002251,0.002213,0.002289,0.002327,0.002251,0.002251,0.002251,0.002213,0.002251,0.002174,0.002213,0.002174,0.002174,0.002136,0.002136,0.002174,0.002174,0.002136,0.002098,0.002136,0.002098,0.002060,0.002060,0.002098,0.002098,0.002136,0.002136,0.002136,0.002174,0.002136,0.002136,0.002174,0.002213,0.002213,0.002213,0.002174,0.002213,0.002251,0.002174,0.002174,0.002289,0.002213,0.002251,0.002251,0.002251,0.002289,0.002213,0.002213,0.002213,0.002213,0.002213,0.002251,0.002213,0.002251,0.002174,0.002251,0.002213,0.002251,0.002213,0.002213,0.002098,0.002174,0.002098,0.002136,0.002136,0.002098,0.002174,0.002136,0.002174,0.002174,0.002136,0.002174,0.002174,0.002136,0.002213,0.002213,0.002213,0.002213,0.002213,0.002174,0.002174,0.002174,0.002174,0.002213,0.002174,0.002174,0.002174,0.002136,0.002060,0.002098,0.002098,0.002060,0.002098,0.002060,0.002098,0.002098,0.002060,0.002022,0.001984,0.001945,0.001945,0.002022,0.002022,0.001984,0.001945,0.001984,0.001984,0.001984,0.001907,0.001984,0.001984,0.001945,0.001945,0.001984,0.002022,0.001984,0.002022,0.001945,0.001984,0.002022,0.001984,0.001984,0.001984,0.001945,0.002022,0.001984,0.002022,0.002022,0.002022,0.002022,0.002022,0.002060,0.002022,0.002060,0.002022,0.002060,0.002022,0.001984,0.002022,0.002022,0.001984,0.001907,0.001945,0.001984,0.001984,0.001984,0.001945,0.001945,0.001984,0.001945,0.002022,0.002022,0.001984,0.001945,0.001984,0.002022,0.001984,0.002022,0.002022,0.002022,0.002060,0.002022,0.002060,0.002060,0.002060,0.002022,0.002022,0.002098,0.002098,0.002098,0.002098,0.002098,0.002136,0.002060,0.002060,0.002022,0.002098,0.002136,0.002098,0.002098,0.002098,0.002060,0.002060,0.002098,0.002060,0.002060,0.002098,0.002060,0.002022,0.002060,0.002060,0.002060,0.002022,0.002060,0.001984,0.001945,0.002022,0.002022,0.001984,0.002022,0.001984,0.001984,0.001984,0.002022,0.001984,0.001945,0.001984,0.001984,0.001984,0.001945,0.001984,0.001984,0.001984,0.001945,0.001945,0.001984,0.002022,0.001984,0.002022,0.002022,0.002060,0.001984,0.002022,0.002022,0.002022,0.002060,0.002060,0.002098,0.002060,0.002098,0.002098,0.002060,0.002136,0.002136,0.002098,0.002060,0.002060,0.002060,0.002098,0.002060,0.002060,0.002098,0.002098,0.002098,0.002136,0.002060,0.002098,0.002098,0.002098,0.002060,0.002060,0.002098,0.002060,0.002136,0.002098,0.002098,0.002060,0.002098,0.002098,0.002098,0.002060,0.002098,0.002060,0.002136,0.002098,0.002060,0.002136,0.002060,0.002098,0.002060,0.002136,0.002174,0.002136,0.002098,0.002174,0.002136,0.002136,0.002098,0.002098,0.002136,0.002174,0.002098,0.002174,0.002213,0.002136,0.002174,0.002174,0.002174,0.002174,0.002136,0.002213,0.002213,0.002213,0.002213,0.002251,0.002213,0.002251,0.002213,0.002213,0.002289,0.002251,0.002174,0.002251,0.002251,0.002289,0.002213,0.002213,0.002174,0.002174,0.002213,0.002213,0.002136,0.002174,0.002136,0.002174,0.002098,0.002098,0.002098,0.002060,0.002022,0.002022,0.002022,0.002022,0.001984,0.001984,0.002060,0.002060,0.002022,0.001984,0.001984,0.001945,0.001984,0.002022,0.001945,0.001945,0.001945,0.001984,0.001945,0.001945,0.001945,0.001945,0.001945,0.001907,0.001945,0.002022,0.001984,0.001945,0.001945,0.001945,0.001907,0.001984,0.001984,0.001945,0.001945,0.001907,0.001945,0.001984,0.002022,0.001945,0.001984,0.001984,0.001984,0.002022,0.001945,0.001984,0.001945,0.001945,0.002022,0.001984,0.002022,0.002022,0.002022,0.002022,0.002022,0.002022,0.002022,0.002098,0.002022,0.002060,0.002060,0.002060,0.002060,0.002060,0.002060,0.002022,0.002060,0.002060,0.002060,0.002060,0.002060,0.002098,0.002098,0.002060,0.002060,0.002136,0.002098,0.002098,0.002098,0.002136,0.002098,0.002174,0.002174,0.002213,0.002213,0.002136,0.002174,0.002213,0.002213,0.002213,0.002174,0.002213,0.002213,0.002174,0.002174,0.002060,0.002098,0.002136,0.002060,0.002060,0.002022,0.001984,0.001984,0.001945,0.001907,0.001869,0.001907,0.001831,0.001831,0.001831,0.001793,0.001831,0.001755,0.001831,0.001793,0.001755,0.001793,0.001831,0.001831,0.001831,0.001869,0.001869,0.001907,0.001869,0.001831,0.001945,0.001831,0.001945,0.001907,0.001907,0.001945,0.001907,0.001945,0.001945,0.001945,0.001945,0.001945,0.001945,0.001945,0.001869,0.001831,0.001869,0.001869,0.001869,0.001907,0.001831,0.001831,0.001869,0.001831,0.001831,0.001793,0.001831,0.001869,0.001831,0.001793,0.001831,0.001907,0.001831,0.001869,0.001869,0.001907,0.001984,0.001945,0.001945,0.001907,0.001945,0.001945,0.001984,0.002022,0.002022,0.002060,0.002136,0.002136,0.002213,0.002213,0.002213,0.002213,0.002251,0.002213,0.002251,0.002251,0.002213,0.002251,0.002327,0.002289,0.002327,0.002365,0.002403,0.002327,0.002365,0.002403,0.002365,0.002403,0.002403,0.002365,0.002441,0.002441,0.002480,0.002480,0.002518,0.002518,0.002518,0.002480,0.002594,0.002518,0.002518,0.002518,0.002441,0.002480,0.002518,0.002518,0.002556,0.002518,0.002403,0.002480,0.002480,0.002365,0.002441,0.002441,0.002441,0.002403,0.002365,0.002365,0.002289,0.002251,0.002289,0.002213,0.002213,0.002213,0.002251,0.002174,0.002174,0.002136,0.002136,0.002136,0.002136,0.002098,0.002060,0.002136,0.002098,0.002174,0.002174,0.002098,0.002098,0.002098,0.002098,0.002098,0.002136,0.002098,0.002060,0.002098,0.002060,0.002060,0.002098,0.002060,0.002060,0.002060,0.002060,0.002022,0.002022,0.002022,0.001984,0.002060,0.002022,0.001984,0.001984,0.001984,0.001945,0.001869,0.001945,0.001907,0.001869,0.001869,0.001907,0.001945,0.001869,0.001945,0.001831,0.001831,0.001869,0.001831,0.001831,0.001831,0.001869,0.001907,0.001831,0.001907,0.001793,0.001869,0.001907,0.001869,0.001907,0.001869,0.001945,0.001869,0.001945,0.001945,0.001945,0.001945,0.001984,0.002060,0.002022,0.002022,0.002022,0.002060,0.002022,0.002022,0.002022,0.002022,0.002022,0.002060,0.002022,0.002060,0.002022,0.002022,0.001984,0.001984,0.001984,0.001984,0.001984,0.002060,0.002022,0.001984,0.002022,0.001984,0.002060,0.002022,0.001984,0.002022,0.002136,0.002060,0.002098,0.002098,0.002060,0.002098,0.002098,0.002098,0.002136,0.002060,0.002136,0.002098,0.002136,0.002174,0.002136,0.002136,0.002098,0.002174,0.002136,0.002174,0.002174,0.002136,0.002060,0.002098,0.002213,0.002136,0.002136,0.002174,0.002098,0.002136,0.002136,0.002174,0.002098,0.002060,0.002174,0.002136,0.002174,0.002136,0.002213,0.002213,0.002136,0.002136,0.002136,0.002174,0.002213,0.002213,0.002213,0.002213,0.002213,0.002289,0.002251,0.002251,0.002213,0.002251,0.002251,0.002251,0.002213,0.002213,0.002213,0.002213,0.002174,0.002174,0.002213,0.002213,0.002136,0.002213,0.002213,0.002174,0.002136,0.002174,0.002174,0.002098,0.002174,0.002174,0.002136,0.002136,0.002136,0.002174,0.002174,0.002213,0.002174,0.002136,0.002174,0.002136,0.002174,0.002213,0.002136,0.002136,0.002136,0.002251,0.002174,0.002251,0.002213,0.002174,0.002213,0.002136,0.002098,0.002174,0.002213,0.002174,0.002136,0.002136,0.002136,0.002213,0.002174,0.002174,0.002174,0.002136,0.002136,0.002136,0.002136,0.002136,0.002098,0.002136,0.002136,0.002174,0.002213,0.002136,0.002136,0.002098,0.002174,0.002136,0.002213,0.002174,0.002136,0.002174,0.002136,0.002174,0.002098,0.002098,0.002098,0.002136,0.002136,0.002060,0.002136,0.002098,0.002098,0.002136,0.002098,0.002136,0.002136,0.002098,0.002060,0.002022,0.002174,0.002098,0.002098,0.002060,0.002022,0.002060,0.002022,0.002022,0.002060,0.002098,0.002060,0.001984,0.002022,0.002060,0.002060,0.001984,0.002022,0.002098,0.002060,0.002098,0.002060,0.002060,0.002098,0.002060,0.002098,0.002098,0.002098,0.002098,0.002060,0.002098,0.002136,0.002174,0.002174,0.002174,0.002213,0.002174,0.002213,0.002213,0.002213,0.002174,0.002174,0.002213,0.002174,0.002251,0.002251,0.002251,0.002251,0.002174,0.002174,0.002251,0.002213,0.002213,0.002251,0.002251,0.002174,0.002213,0.002251,0.002213,0.002174,0.002136,0.002174,0.002174,0.002213,0.002174,0.002174,0.002174,0.002098,0.002174,0.002174,0.002174,0.002098,0.002060,0.002098,0.002098,0.002136,0.002060,0.002060,0.002022,0.002022,0.002022,0.001984,0.002060,0.002022,0.001945,0.001984,0.001869,0.001945,0.001907,0.001869,0.001945,0.001945,0.001945,0.001907,0.001869,0.001907,0.001869,0.001907,0.001907,0.001907,0.001984,0.001984,0.001984,0.001945,0.001984,0.002022,0.002022,0.001984,0.002022,0.002098,0.001984,0.002060,0.002022,0.002060,0.002060,0.002060,0.002098,0.002136,0.002098,0.002098,0.002136,0.002213,0.002174,0.002174,0.002136,0.002136,0.002136,0.002098,0.002098,0.002060,0.002136,0.002098,0.002098,0.002098,0.002060,0.002098,0.002136,0.002098,0.002098,0.002060,0.002022,0.002060,0.002060,0.002022,0.002060,0.002060,0.002060,0.002022,0.002022,0.002060,0.002060,0.002060,0.002098,0.002060,0.002060,0.002022,0.002060,0.002098,0.002098,0.002060,0.002060,0.002022,0.002098,0.002060,0.002060,0.002022,0.002098,0.002022,0.002022,0.002060,0.002060,0.002060,0.002060,0.001984,0.001984,0.001984,0.001945,0.001945,0.001945,0.001984,0.001984,0.002022,0.001984,0.001984,0.001984,0.001984,0.002022,0.002060,0.002022,0.002022,0.002060,0.002060,0.002098,0.002136,0.002136,0.002136,0.002136,0.002136,0.002136,0.002174,0.002136,0.002174,0.002213,0.002136,0.002174,0.002136,0.002174,0.002136,0.002136,0.002098,0.002174,0.002136,0.002174,0.002098,0.002060,0.002098,0.002136,0.002174,0.002136,0.002098,0.002098,0.002136,0.002098,0.002136,0.002174,0.002136,0.002136,0.002174,0.002136,0.002174,0.002174,0.002174,0.002174,0.002174,0.002174,0.002251,0.002174,0.002136,0.002174,0.002174,0.002174,0.002174,0.002136,0.002174,0.002098,0.002098,0.002060,0.002098,0.002098,0.002098,0.002098,0.002098,0.002060,0.002060,0.002098,0.002022,0.002022,0.002022,0.002060,0.002098,0.002060,0.002022,0.002060,0.002022,0.002022,0.001984,0.002022,0.002022,0.002022,0.002022,0.001984,0.001984,0.001984,0.001984,0.001984,0.001945,0.001984,0.001984,0.001984,0.001984,0.001984,0.002022,0.001907,0.001945,0.002022,0.002022,0.002022,0.001984,0.001984,0.001945,0.002022,0.001984,0.002022,0.002022,0.002022,0.002022,0.001984,0.002022,0.002060,0.002098,0.002098,0.002022,0.002136,0.002136,0.002022,0.002060,0.002060,0.002136,0.002022,0.002060,0.002022,0.002060,0.002060,0.002060,0.002098,0.002098,0.002136,0.002098,0.002060,0.002098,0.002060,0.002060,0.002060,0.002060,0.002060,0.002060,0.002060,0.002060,0.002060,0.002098,0.002022,0.002060,0.002060,0.002136,0.002098,0.002060,0.002098,0.002098,0.002098,0.002098,0.002136,0.002136,0.002060,0.002098,0.002060,0.002060,0.002060,0.002022,0.002060,0.002022,0.001984,0.001907,0.001984,0.001984,0.001984,0.001907,0.001907,0.001984,0.001945,0.001907,0.001907,0.001869,0.001907,0.001831,0.001831,0.001793,0.001831,0.001831,0.001793,0.001869,0.001831,0.001831,0.001831,0.001869,0.001831,0.001869,0.001907,0.001907,0.001945,0.001945,0.001945,0.001945,0.001984,0.001984,0.002022,0.002060,0.002060,0.002022,0.002098,0.002098,0.002098,0.002136,0.002136,0.002136,0.002136,0.002174,0.002098,0.002174,0.002136,0.002098,0.002136,0.002098,0.002136,0.002136,0.002098,0.002098,0.002136,0.002098,0.002060,0.002060,0.002098,0.002060,0.002098,0.002098,0.002136,0.002136,0.002136,0.002136,0.002136,0.002098,0.002060,0.002136,0.002098,0.002098,0.002136,0.002174,0.002136,0.002060,0.002098,0.002136,0.002136,0.002098,0.002136,0.002098,0.002098,0.002136,0.002098,0.002136,0.002174,0.002098,0.002136,0.002213,0.002174,0.002174,0.002174,0.002213,0.002251,0.002136,0.002174,0.002213,0.002174,0.002136,0.002174,0.002136,0.002174,0.002136,0.002098,0.002174,0.002098,0.002136,0.002136,0.002098,0.002174,0.002136,0.002136,0.002060,0.002136,0.002136,0.002060,0.002060,0.002098,0.002136,0.002098,0.002022,0.002060,0.002022,0.002022,0.002022,0.002060,0.002060,0.002060,0.002060,0.002060,0.002060,0.002060,0.002022,0.002060,0.001984,0.002022,0.001984,0.002022,0.001984,0.001984,0.001984,0.001945,0.001945,0.002022,0.001984,0.001984,0.002022,0.001984,0.001984,0.002098,0.001984,0.001984,0.002022,0.001984,0.002098,0.002060,0.002022,0.002060,0.002022,0.001984,0.002022,0.002060,0.002022,0.002060,0.001984,0.001984,0.001945,0.001984,0.002060,0.002060,0.002060,0.002022,0.002060,0.002022,0.002060,0.002060,0.002060,0.002022,0.001984,0.002060,0.002060,0.002022,0.002060,0.002060,0.002022,0.002098,0.002098,0.002022,0.002060,0.002022,0.002060,0.002060,0.002022,0.002022,0.002022,0.001984,0.001984,0.002098,0.002022,0.002060,0.002060,0.002098,0.002060,0.002022,0.002174,0.002098,0.002136,0.002060,0.002098,0.002098,0.002060,0.002098,0.002136,0.002136,0.002213,0.002174,0.002213,0.002213,0.002174,0.002289,0.002289,0.002251,0.002251,0.002251,0.002213,0.002365,0.002327,0.002289,0.002327,0.002289,0.002327,0.002365,0.002289,0.002289,0.002289,0.002289,0.002251,0.002251,0.002251,0.002213,0.002213,0.002174,0.002289,0.002251,0.002213,0.002213,0.002136,0.002174,0.002174,0.002174,0.002136,0.002174,0.002136,0.002060,0.002174,0.002136,0.002098,0.002060,0.001984,0.002022,0.002022,0.002022,0.002022,0.001984,0.002022,0.002060,0.002060,0.002022,0.002022,0.002022,0.002060,0.002022,0.002060,0.002022,0.002022,0.002174,0.002022,0.002022,0.002060,0.002060,0.002098,0.002060,0.002022,0.002060,0.002060,0.002060,0.002060,0.002060,0.002060,0.002098,0.002136,0.002136,0.002174,0.002060,0.002098,0.002136,0.002174,0.002136,0.002174,0.002213,0.002174,0.002136,0.002174,0.002174,0.002213,0.002174,0.002251,0.002251,0.002251,0.002213,0.002213,0.002251,0.002213,0.002213,0.002251,0.002251,0.002251,0.002213,0.002213,0.002213,0.002174,0.002251,0.002174,0.002174,0.002136,0.002136,0.002098,0.002098,0.002060,0.002022,0.002098,0.002022,0.002022,0.002022,0.002022,0.001984,0.001984,0.001984,0.001984,0.001984,0.001984,0.001945,0.001984,0.001984,0.002022,0.002022,0.001984,0.001984,0.001984,0.002022,0.001984,0.001984,0.001945,0.002022,0.001984,0.002022,0.002022,0.002022,0.002022,0.002022,0.002060,0.002022,0.002060,0.002098,0.002098,0.002098,0.002098,0.002060,0.002136,0.002136,0.002136,0.002136,0.002136,0.002174,0.002136,0.002174,0.002136,0.002136,0.002174,0.002251,0.002136,0.002136,0.002174,0.002136,0.002174,0.002174,0.002098,0.002060,0.002098,0.002060,0.002022,0.002022,0.002022,0.001984,0.001984,0.002022,0.002022,0.001945,0.001945,0.001945,0.001907,0.001984,0.001984,0.002022,0.001907,0.001945,0.001945,0.001984,0.001907,0.001945,0.001984,0.001984,0.002060,0.001984,0.002060,0.002098,0.002136,0.002098,0.002136,0.002136,0.002136,0.002136,0.002136,0.002174,0.002174,0.002213,0.002174,0.002213,0.002251,0.002213,0.002251,0.002251,0.002251,0.002289,0.002289,0.002251,0.002251,0.002289,0.002289,0.002327,0.002289,0.002289,0.002289,0.002251,0.002251,0.002213,0.002251,0.002213,0.002213,0.002213,0.002251,0.002213,0.002251,0.002213,0.002251,0.002213,0.002289,0.002251,0.002289,0.002213,0.002327,0.002251,0.002213,0.002251,0.002251,0.002251,0.002251,0.002213,0.002289,0.002251,0.002174,0.002136,0.002251,0.002251,0.002251,0.002213,0.002251,0.002251,0.002174,0.002174,0.002213,0.002213,0.002213,0.002213,0.002251,0.002289,0.002251,0.002289,0.002251,0.002289,0.002251,0.002251,0.002289,0.002289,0.002251,0.002213,0.002251,0.002251,0.002251,0.002213,0.002251,0.002251,0.002213,0.002251,0.002251,0.002251,0.002213,0.002213,0.002174,0.002174,0.002136,0.002174,0.002174,0.002174,0.002136,0.002174,0.002174,0.002136,0.002098,0.002136,0.002136,0.002136,0.002136,0.002136,0.002174,0.002060,0.002060,0.002060,0.002136,0.002060,0.002060,0.002060,0.002098,0.002060,0.002060,0.002022,0.002022,0.001945,0.001984,0.001984,0.001907,0.001945,0.001945,0.001907,0.001907,0.001907,0.001907,0.001907,0.001869,0.001869,0.001831,0.001831,0.001869,0.001907,0.001869,0.001869,0.001869,0.001907,0.001945,0.001907,0.001869,0.001907,0.001945,0.001945,0.001984,0.001945,0.001984,0.002022,0.002060,0.002060,0.002098,0.002098,0.002060,0.002060,0.002060,0.002098,0.002022,0.002022,0.002022,0.002060,0.002060,0.002060,0.002060,0.002098,0.002060,0.002098,0.002136,0.002136,0.002136,0.002098,0.002213,0.002174,0.002136,0.002174,0.002174,0.002174,0.002213,0.002251,0.002251,0.002213,0.002251,0.002251,0.002213,0.002251,0.002213,0.002251,0.002213,0.002251,0.002213,0.002174,0.002174,0.002174,0.002213,0.002136,0.002213,0.002136,0.002174,0.002060,0.002098,0.002098,0.002136,0.002098,0.002098,0.002060,0.002022,0.002022,0.002022,0.002022,0.002022,0.001945,0.002022,0.002022,0.001984,0.001945,0.002022,0.001945,0.001984,0.001945,0.001945,0.001907,0.001945,0.001945,0.001907,0.001945,0.001945,0.001945,0.001907,0.001984,0.001984,0.001945,0.001945,0.001984,0.001945,0.001984,0.001945,0.001984,0.001984,0.001945,0.001984,0.001945,0.001907,0.002022,0.001907,0.001945,0.001984,0.001984,0.001984,0.001984,0.001984,0.002022,0.002022,0.001984,0.002022,0.002022,0.002098,0.002060,0.002060,0.002060,0.002098,0.002060,0.002060,0.002098,0.002098,0.002098,0.002098,0.002136,0.002174,0.002136,0.002060,0.002098,0.002098,0.002136,0.002098,0.002174,0.002136,0.002098,0.002098,0.002098,0.002136,0.002098,0.002098,0.002098,0.002060,0.002136,0.002098,0.002060,0.002098,0.002136,0.002136,0.002098,0.002136,0.002098,0.002136,0.002136,0.002136,0.002136,0.002136,0.002136,0.002136,0.002174,0.002213,0.002174,0.002174,0.002098,0.002136,0.002098,0.002136,0.002060,0.002098,0.002098,0.002060,0.002022,0.002098,0.002022,0.002136,0.002060,0.002022,0.001907,0.002022,0.002022,0.001907,0.002022,0.001945,0.001984,0.002022,0.001907,0.001945,0.002022,0.001945,0.001945,0.001984,0.001945,0.001984,0.001907,0.002022,0.001984,0.002022,0.001984,0.001984,0.001984,0.002022,0.001945,0.001984,0.001984,0.001984,0.001984,0.002022,0.002060,0.002022,0.002060
18,19:00:00.000,12/31/1903,0.000000,0.100000,UNKNOWN,1,0/0,0.000000,0.000000,0.000000,0.000000,0.000000,0.000000,0.000000,0.000000,0,0,0,0,0.002136,0.002098,0.002098,0.002136,0.002174,0.002136,0.002174,0.002213,0.002136,0.002174,0.002136,0.002174,0.002136,0.002136,0.002174,0.002136,0.002136,0.002098,0.002136,0.002136,0.002060,0.002098,0.002136,0.002098,0.002060,0.002060,0.002136,0.002098,0.002174,0.002098,0.002098,0.002098,0.002136,0.002136,0.002098,0.002098,0.002098,0.002136,0.002136,0.002136,0.002060,0.002060,0.002098,0.002098,0.002136,0.002136,0.002060,0.002098,0.002060,0.002060,0.002136,0.002098,0.002060,0.002022,0.002022,0.002060,0.002060,0.002060,0.002060,0.002060,0.002060,0.002060,0.002022,0.002060,0.002022,0.002022,0.001984,0.001984,0.002022,0.002022,0.002060,0.002022,0.002060,0.002022,0.001984,0.002022,0.002022,0.001984,0.001945,0.001984,0.001984,0.001984,0.002022,0.001945,0.001984,0.002022,0.002022,0.001984,0.001984,0.001984,0.001984,0.001984,0.002022,0.001984,0.002022,0.002022,0.001984,0.001984,0.002022,0.002022,0.002022,0.002022,0.001945,0.002022,0.002060,0.002022,0.002022,0.002022,0.001984,0.002022,0.001984,0.001984,0.002060,0.002060,0.002022,0.002022,0.002022,0.002022,0.001984,0.002022,0.002022,0.002060,0.001945,0.002022,0.002060,0.002022,0.002060,0.001984,0.002060,0.002022,0.002022,0.002060,0.002022,0.002022,0.002022,0.002060,0.002060,0.002060,0.002060,0.002060,0.002022,0.001984,0.002060,0.002022,0.002022,0.002022,0.002060,0.002060,0.002060,0.002022,0.002060,0.002022,0.002022,0.002060,0.002098,0.002022,0.002022,0.002060,0.002098,0.002060,0.002098,0.002060,0.002098,0.002098,0.002098,0.002060,0.002098,0.002136,0.002098,0.002098,0.002098,0.002060,0.002136,0.002098,0.002098,0.002136,0.002136,0.002098,0.002098,0.002098,0.002136,0.002136,0.002136,0.002136,0.002098,0.002136,0.002098,0.002098,0.002098,0.002136,0.002136,0.002098,0.002136,0.002098,0.002098,0.002060,0.002060,0.002060,0.002060,0.002060,0.002060,0.002098,0.002098,0.002098,0.002098,0.002022,0.002060,0.002098,0.002060,0.002098,0.002098,0.002098,0.002136,0.002098,0.002098,0.002098,0.002136,0.002136,0.002098,0.002136,0.002060,0.002136,0.002098,0.002098,0.002136,0.002098,0.002136,0.002136,0.002174,0.002098,0.002174,0.002136,0.002174,0.002136,0.002022,0.002060,0.002174,0.002098,0.002136,0.002174,0.002174,0.002136,0.002136,0.002136,0.002213,0.002174,0.002174,0.002136,0.002098,0.002098,0.002136,0.002098,0.002136,0.002136,0.002098,0.002098,0.002136,0.002098,0.002174,0.002098,0.002136,0.002136,0.002174,0.002136,0.002098,0.002136,0.002136,0.002136,0.002098,0.002098,0.002136,0.002136,0.002098,0.002060,0.002098,0.002098,0.002098,0.002098,0.002098,0.002098,0.002060,0.002060,0.002098,0.002022,0.002060,0.002098,0.002060,0.002098,0.002060,0.002098,0.002060,0.002022,0.002060,0.002060,0.002098,0.002060,0.002022,0.002060,0.002022,0.002060,0.002022,0.001984,0.002022,0.002022,0.002022,0.002022,0.002022,0.002060,0.001945,0.002022,0.002060,0.002022,0.001984,0.002022,0.002098,0.002022,0.002060,0.001984,0.002022,0.002022,0.002060,0.002060,0.002022,0.002022,0.002022,0.002060,0.002060,0.002022,0.002022,0.002022,0.002022,0.002022,0.002060,0.002060,0.002060,0.002060,0.002098,0.002098,0.002022,0.001984,0.002022,0.001984,0.002022,0.002060,0.002060,0.002098,0.002098,0.002022,0.002060,0.002022,0.002022,0.002022,0.002060,0.002060,0.002060,0.002060,0.002022,0.002022,0.002060,0.002060,0.002098,0.002060,0.002098,0.002060,0.002060,0.002098,0.002060,0.002060,0.002136,0.002060,0.002098,0.002022,0.002022,0.002022,0.001984,0.002060,0.002060,0.002098,0.002060,0.002060,0.002060,0.002060,0.002136,0.002098,0.002098,0.002060,0.002060,0.002098,0.002136,0.002060,0.002136,0.002098,0.002098,0.002060,0.002060,0.002136,0.002098,0.002060,0.002060,0.002098,0.002098,0.002060,0.002098,0.002098,0.002098,0.002098,0.002136,0.002098,0.002136,0.002136,0.002174,0.002174,0.002174,0.002136,0.002098,0.002136,0.002136,0.002136,0.002136,0.002174,0.002136,0.002136,0.002136,0.002136,0.002174,0.002174,0.002174,0.002174,0.002213,0.002136,0.002098,0.002174,0.002174,0.002174,0.002174,0.002174,0.002174,0.002136,0.002098,0.002136,0.002098,0.002136,0.002022,0.002136,0.002174,0.002098,0.002098,0.002136,0.002136,0.002060,0.002098,0.002098,0.002136,0.002098,0.002060,0.002060,0.002060,0.002098,0.002098,0.002022,0.002060,0.002060,0.002060,0.002022,0.002060,0.002098,0.002060,0.002060,0.002060,0.002022,0.001984,0.002022,0.002022,0.002060,0.001984,0.002022,0.002060,0.001984,0.002022,0.001984,0.002060,0.002022,0.002022,0.001984,0.001984,0.002060,0.002022,0.001984,0.001984,0.002022,0.002022,0.001984,0.002060,0.001984,0.001945,0.002022,0.001984,0.001945,0.001945,0.001945,0.001984,0.001945,0.002022,0.001984,0.001984,0.002022,0.002022,0.001984,0.001945,0.001984,0.001984,0.001945,0.001984,0.002022,0.002022,0.002022,0.001984,0.002022,0.001984,0.001984,0.001984,0.002022,0.002022,0.002022,0.001984,0.002022,0.002022,0.002022,0.002022,0.002060,0.002022,0.002022,0.001984,0.001984,0.002060,0.002022,0.001984,0.001984,0.002060,0.002060,0.002022,0.002060,0.002022,0.002060,0.002098,0.002136,0.002098,0.002060,0.002098,0.002060,0.002060,0.002060,0.002098,0.002136,0.002136,0.002136,0.002136,0.002098,0.002098,0.002060,0.002060,0.002136,0.002174,0.002174,0.002098,0.002098,0.002136,0.002098,0.002136,0.002136,0.002098,0.002098,0.002136,0.002213,0.002098,0.002136,0.002174,0.002174,0.002136,0.002098,0.002136,0.002098,0.002136,0.002174,0.002136,0.002060,0.002136,0.002136,0.002136,0.002060,0.002098,0.002098,0.002060,0.002098,0.002174,0.002136,0.002060,0.002060,0.002060,0.002098,0.002098,0.002060,0.002060,0.002060,0.002098,0.002098,0.002060,0.002022,0.002098,0.002060,0.002022,0.002022,0.002022,0.002022,0.002060,0.002098,0.001984,0.002060,0.002022,0.002022,0.002022,0.002022,0.002022,0.002022,0.002022,0.002098,0.002060,0.002022,0.002022,0.002060,0.002060,0.002022,0.002060,0.002060,0.002098,0.002060,0.002060,0.002060,0.002098,0.002060,0.002060,0.002060,0.002060,0.002022,0.002060,0.002060,0.002098,0.002060,0.002022,0.002060,0.002060,0.002060,0.002060,0.002022,0.002098,0.002022,0.002060,0.002060,0.002022,0.002022,0.002060,0.002060,0.001984,0.001984,0.002022,0.002060,0.002060,0.002022,0.002022,0.002022,0.002060,0.002060,0.001984,0.002022,0.002022,0.001984,0.002060,0.002060,0.002060,0.002022,0.002060,0.002098,0.001984,0.002022,0.002060,0.001984,0.002022,0.001984,0.002022,0.001984,0.001984,0.001984,0.001945,0.001984,0.001984,0.001984,0.001945,0.001869,0.001907,0.001869,0.001907,0.001831,0.001869,0.001869,0.001793,0.001755,0.001793,0.001793,0.001717,0.001678,0.001678,0.001640,0.001640,0.001602,0.001602,0.001602,0.001564,0.001564,0.001526,0.001450,0.001488,0.001450,0.001488,0.001450,0.001526,0.001602,0.001602,0.001678,0.001793,0.001869,0.002098,0.002251,0.002403,0.002632,0.002861,0.003052,0.003357,0.003700,0.003967,0.004234,0.004616,0.004959,0.005341,0.005608,0.006027,0.006371,0.006638,0.006981,0.007248,0.007439,0.007553,0.007553,0.007477,0.007286,0.007019,0.006714,0.006332,0.005875,0.005341,0.004883,0.004272,0.003662,0.003090,0.002441,0.001945,0.001259,0.000687,0.000114,-0.000458,-0.001030,-0.001678,-0.002365,-0.002937,-0.003471,-0.003967,-0.004463,-0.004845,-0.005112,-0.005302,-0.005417,-0.005341,-0.005226,-0.004997,-0.004768,-0.004349,-0.003815,-0.003357,-0.002937,-0.002365,-0.001831,-0.001297,-0.000801,-0.000420,0.000038,0.000458,0.000763,0.001106,0.001373,0.001602,0.001793,0.001984,0.002174,0.002251,0.002403,0.002441,0.002518,0.002556,0.002670,0.002785,0.002785,0.002861,0.003014,0.003014,0.003090,0.003128,0.003166,0.003204,0.003319,0.003395,0.003433,0.003548,0.003662,0.003700,0.003815,0.003929,0.004044,0.004196,0.004311,0.004425,0.004501,0.004578,0.004654,0.004730,0.004768,0.004730,0.004730,0.004692,0.004654,0.004578,0.004501,0.004425,0.004349,0.004272,0.004158,0.004044,0.004005,0.003815,0.003700,0.003471,0.003395,0.003357,0.003242,0.003014,0.002899,0.002823,0.002747,0.002594,0.002556,0.002441,0.002327,0.002251,0.002213,0.002174,0.002060,0.002060,0.002022,0.001945,0.001945,0.001869,0.001831,0.001755,0.001755,0.001793,0.001793,0.001793,0.001793,0.001831,0.001831,0.001755,0.001907,0.001907,0.001945,0.001984,0.001984,0.002098,0.002060,0.002022,0.002022,0.002060,0.002022,0.001984,0.001984,0.001831,0.001793,0.001793,0.001831,0.001793,0.001755,0.001755,0.001793,0.001717,0.001755,0.001755,0.001755,0.001717,0.001640,0.001602,0.001564,0.001564,0.001526,0.001450,0.001411,0.001373,0.001411,0.001411,0.001411,0.001526,0.001602,0.001640,0.001678,0.001678,0.001793,0.001793,0.001831,0.001869,0.001907,0.001869,0.001869,0.001907,0.001907,0.001869,0.001869,0.001831,0.001869,0.001869,0.001831,0.001869,0.001869,0.001907,0.001945,0.001945,0.001945,0.001945,0.001984,0.001984,0.001984,0.001945,0.001945,0.001907,0.001907,0.001907,0.001869,0.001907,0.001831,0.001869,0.001831,0.001831,0.001831,0.001869,0.001907,0.001945,0.002022,0.002098,0.002136,0.002213,0.002289,0.002289,0.002365,0.002441,0.002518,0.002556,0.002594,0.002594,0.002594,0.002594,0.002594,0.002518,0.002480,0.002403,0.002327,0.002213,0.002174,0.002174,0.001984,0.001984,0.001907,0.001869,0.001869,0.001831,0.001755,0.001793,0.001869,0.001907,0.001869,0.001945,0.001945,0.001945,0.001945,0.001907,0.001907,0.001793,0.001793,0.001831,0.001755,0.001602,0.001602,0.001564,0.001526,0.001564,0.001526,0.001450,0.001411,0.001411,0.001450,0.001411,0.001373,0.001373,0.001373,0.001335,0.001411,0.001411,0.001373,0.001411,0.001488,0.001488,0.001564,0.001602,0.001602,0.001678,0.001717,0.001755,0.001869,0.001869,0.001984,0.002022,0.002098,0.002213,0.002289,0.002365,0.002403,0.002441,0.002556,0.002632,0.002670,0.002747,0.002708,0.002785,0.002823,0.002823,0.002823,0.002861,0.002785,0.002785,0.002747,0.002670,0.002670,0.002708,0.002594,0.002670,0.002594,0.002556,0.002632,0.002594,0.002594,0.002670,0.002594,0.002594,0.002556,0.002480,0.002480,0.002441,0.002441,0.002403,0.002327,0.002327,0.002365,0.002251,0.002174,0.002213,0.002174,0.002174,0.002174,0.002174,0.002136,0.002136,0.002174,0.002098,0.002174,0.002098,0.002098,0.002136,0.002098,0.002174,0.002136,0.002098,0.002098,0.002136,0.002098,0.002060,0.002060,0.002098,0.002060,0.002098,0.002098,0.002174,0.002174,0.002213,0.002213,0.002213,0.002251,0.002289,0.002327,0.002441,0.002403,0.002403,0.002518,0.002556,0.002594,0.002594,0.002670,0.002632,0.002670,0.002632,0.002594,0.002518,0.002441,0.002365,0.002365,0.002327,0.002251,0.002136,0.002022,0.002022,0.001945,0.001907,0.001869,0.001831,0.001831,0.001755,0.001717,0.001717,0.001717,0.001717,0.001717,0.001793,0.001793,0.001793,0.001869,0.001945,0.001945,0.001984,0.002060,0.002098,0.002098,0.002213,0.002174,0.002174,0.002213,0.002136,0.002174,0.002174,0.002174,0.002060,0.002098,0.002022,0.001984,0.002022,0.001945,0.001945,0.001869,0.001869,0.001831,0.001793,0.001793,0.001755,0.001717,0.001755,0.001678,0.001640,0.001640,0.001602,0.001602,0.001602,0.001564,0.001526,0.001526,0.001640,0.001602,0.001602,0.001640,0.001678,0.001678,0.001717,0.001755,0.001793,0.001831,0.001831,0.001869,0.001945,0.001984,0.001945,0.001984,0.001984,0.002060,0.002060,0.002060,0.002060,0.002098,0.002136,0.002136,0.002136,0.002174,0.002136,0.002251,0.002213,0.002174,0.002213,0.002213,0.002213,0.002174,0.002213,0.002213,0.002136,0.002136,0.002174,0.002213,0.002136,0.002174,0.002136,0.002136,0.002136,0.002136,0.002136,0.002136,0.002098,0.002098,0.002136,0.002174,0.002174,0.002174,0.002174,0.002213,0.002251,0.002136,0.002213,0.002213,0.002251,0.002289,0.002213,0.002174,0.002174,0.002174,0.002213,0.002136,0.002060,0.002060,0.002136,0.002060,0.002060,0.002022,0.002022,0.001984,0.001945,0.001984,0.001907,0.001907,0.001831,0.001869,0.001755,0.001793,0.001755,0.001793,0.001755,0.001678,0.001678,0.001755,0.001678,0.001640,0.001678,0.001717,0.001678,0.001717,0.001640,0.001678,0.001678,0.001755,0.001755,0.001755,0.001831,0.001907,0.001869,0.001984,0.001945,0.001945,0.002022,0.002060,0.002098,0.002136,0.002251,0.002251,0.002251,0.002289,0.002365,0.002403,0.002403,0.002441,0.002441,0.002403,0.002480,0.002441,0.002480,0.002441,0.002441,0.002441,0.002518,0.002518,0.002556,0.002518,0.002518,0.002518,0.002518,0.002518,0.002518,0.002518,0.002441,0.002518,0.002480,0.002441,0.002403,0.002480,0.002441,0.002365,0.002289,0.002327,0.002289,0.002251,0.002213,0.002174,0.002136,0.002098,0.002022,0.002060,0.001984,0.001945,0.001984,0.002022,0.001945,0.001945,0.001945,0.001907,0.002022,0.001984,0.002022,0.002022,0.002022,0.002136,0.002174,0.002174,0.002213,0.002251,0.002289,0.002327,0.002365,0.002289,0.002289,0.002327,0.002327,0.002365,0.002251,0.002251,0.002289,0.002289,0.002251,0.002213,0.002174,0.002136,0.002136,0.002098,0.002060,0.002022,0.001945,0.001984,0.001945,0.001907,0.001907,0.001831,0.001793,0.001831,0.001793,0.001755,0.001793,0.001755,0.001755,0.001755,0.001755,0.001755,0.001717,0.001717,0.001717,0.001717,0.001755,0.001755,0.001755,0.001831,0.001793,0.001755,0.001831,0.001755,0.001755,0.001793,0.001755,0.001831,0.001755,0.001755,0.001793,0.001755,0.001793,0.001755,0.001831,0.001831,0.001831,0.001831,0.001831,0.001831,0.001831,0.001907,0.001945,0.001984,0.001984,0.001984,0.002060,0.002098,0.002136,0.002136,0.002136,0.002251,0.002251,0.002213,0.002251,0.002251,0.002327,0.002327,0.002251,0.002289,0.002289,0.002289,0.002289,0.002289,0.002251,0.002213,0.002174,0.002174,0.002213,0.002174,0.002174,0.002136,0.002098,0.002060,0.002098,0.002022,0.002098,0.002098,0.002060,0.002098,0.002060,0.002060,0.002060,0.002060,0.002136,0.002098,0.002060,0.002098,0.002098,0.002060,0.002022,0.002098,0.002060,0.002098,0.002060,0.002098,0.002174,0.002136,0.002098,0.002098,0.002136,0.002060,0.002136,0.002098,0.002098,0.002136,0.002098,0.002136,0.002213,0.002174,0.002174,0.002174,0.002174,0.002213,0.002174,0.002174,0.002174,0.002213,0.002136,0.002174,0.002136,0.002098,0.002098,0.002098,0.002098,0.002098,0.002098,0.001984,0.002060,0.002022,0.001984,0.001984,0.002022,0.002022,0.002022,0.002022,0.001984,0.002022,0.002022,0.001945,0.002022,0.001984,0.002022,0.002022,0.002022,0.002060,0.002022,0.002060,0.002060,0.002060,0.002098,0.002098,0.002060,0.002174,0.002174,0.002136,0.002174,0.002174,0.002174,0.002213,0.002213,0.002174,0.002174,0.002174,0.002174,0.002213,0.002174,0.002213,0.002098,0.002060,0.002022,0.002022,0.001984,0.001984,0.001945,0.001945,0.001907,0.001907,0.001907,0.001907,0.001831,0.001869,0.001907,0.001869,0.001907,0.001831,0.001869,0.001907,0.001907,0.001907,0.001907,0.001945,0.001907,0.001945,0.001984,0.001945,0.001984,0.002022,0.002060,0.002060,0.002060,0.002060,0.002098,0.002136,0.002098,0.002022,0.002022,0.002060,0.002060,0.002098,0.002060,0.002022,0.002060,0.002098,0.002022,0.002022,0.002060,0.002098,0.001984,0.001984,0.001984,0.001984,0.001907,0.001945,0.001984,0.001907,0.001869,0.001945,0.001945,0.001907,0.001869,0.001907,0.001907,0.001945,0.001945,0.001984,0.001907,0.002022,0.002022,0.002022,0.002022,0.002060,0.002060,0.002136,0.002098,0.002174,0.002174,0.002098,0.002136,0.002098,0.002174,0.002174,0.002251,0.002251,0.002251,0.002251,0.002251,0.002251,0.002289,0.002251,0.002289,0.002251,0.002289,0.002289,0.002365,0.002327,0.002251,0.002327,0.002289,0.002289,0.002289,0.002289,0.002213,0.002213,0.002213,0.002251,0.002251,0.002174,0.002136,0.002136,0.002174,0.002174,0.002136,0.002098,0.002136,0.002098,0.002060,0.001984,0.002060,0.002060,0.002022,0.001984,0.002022,0.002022,0.001945,0.001984,0.002022,0.002022,0.002060,0.002098,0.002060,0.002098,0.002060,0.002136,0.002136,0.002213,0.002251,0.002251,0.002289,0.002327,0.002403,0.002441,0.002480,0.002518,0.002556,0.002632,0.002670,0.002708,0.002708,0.002708,0.002670,0.002632,0.002632,0.002708,0.002670,0.002594,0.002670,0.002632,0.002556,0.002556,0.002518,0.002518,0.002441,0.002365,0.002365,0.002403,0.002327,0.002251,0.002251,0.002174,0.002060,0.002098,0.002022,0.001984,0.001945,0.001869,0.001755,0.001678,0.001640,0.001526,0.001450,0.001335,0.001259,0.001144,0.001068,0.001030,0.001030,0.000954,0.000839,0.000839,0.000801,0.000954,0.000954,0.000992,0.001030,0.001106,0.001221,0.001297,0.001373,0.001526,0.001564,0.001678,0.001755,0.001831,0.001945,0.001984,0.002060,0.002136,0.002174,0.002289,0.002365,0.002289,0.002327,0.002365,0.002327,0.002327,0.002365,0.002365,0.002327,0.002289,0.002251,0.002251,0.002213,0.002251,0.002289,0.002174,0.002136,0.002174,0.002136,0.002174,0.002174,0.002174,0.002174,0.002213,0.002213,0.002289,0.002289,0.002365,0.002327,0.002365,0.002441,0.002441,0.002480,0.002518,0.002518,0.002518,0.002518,0.002480,0.002594,0.002480,0.002480,0.002403,0.002403,0.002365,0.002365,0.002251,0.002251,0.002289,0.002213,0.002136,0.002060,0.002136,0.002060,0.002022,0.001984,0.002022,0.001945,0.001945,0.001945,0.001945,0.001869,0.001831,0.001945,0.001869,0.001945,0.001907,0.001945,0.001945,0.001984,0.001945,0.001945,0.002022,0.002022,0.001945,0.001984,0.001984,0.001984,0.001984,0.001945,0.001945,0.001907,0.001945,0.001945,0.001984,0.001907,0.001907,0.001945,0.001984,0.001945,0.001945,0.001945,0.002022,0.001945,0.001945,0.002022,0.001984,0.001984,0.001984,0.001984,0.001984,0.001907,0.001984,0.002060,0.002022,0.002060,0.002022,0.002022,0.002022,0.002060,0.002098,0.002098,0.002174,0.002174,0.002174,0.002174,0.002251,0.002251,0.002289,0.002327,0.002289,0.002365,0.002327,0.002365,0.002327,0.002327,0.002365,0.002403,0.002403,0.002365,0.002365,0.002327,0.002327,0.002365,0.002365,0.002365,0.002251,0.002289,0.002289,0.002251,0.002213,0.002289,0.002251,0.002213,0.002174,0.002174,0.002213,0.002098,0.002098,0.002136,0.002098,0.002060,0.002060,0.002060,0.002098,0.002098,0.002060,0.002060,0.002060,0.002060,0.002022,0.002098,0.002136,0.002098,0.002098,0.002174,0.002174,0.002251,0.002213,0.002251,0.002213,0.002251,0.002251,0.002251,0.002251,0.002327,0.002365,0.002327,0.002365,0.002365,0.002327,0.002365,0.002403,0.002403,0.002365,0.002441,0.002403,0.002365,0.002365,0.002327,0.002251,0.002213,0.002251,0.002251,0.002174,0.002174,0.002098,0.002060,0.002060,0.002060,0.002022,0.001984,0.001945,0.001945,0.001907,0.001945,0.001945,0.001907,0.001907,0.001907,0.001869,0.001831,0.001793,0.001793,0.001793,0.001793,0.001831,0.001793,0.001755,0.001755,0.001831,0.001755,0.001755,0.001793,0.001831,0.001869,0.001793,0.001831,0.001831,0.001831,0.001869,0.001869,0.001945,0.001945,0.001945,0.001984,0.001984,0.001945,0.001945,0.002022,0.002022,0.002022,0.002022,0.002060,0.002022,0.002060,0.002136,0.002174,0.002174,0.002098,0.002174,0.002251,0.002213,0.002213,0.002213,0.002213,0.002174,0.002174,0.002174,0.002174,0.002213,0.002174,0.002136,0.002174,0.002136,0.002136,0.002098,0.002136,0.002098,0.002098,0.002098,0.002098,0.002098,0.002136,0.002098,0.002136,0.002098,0.002098,0.002136,0.002136,0.002098,0.002098,0.002098,0.002174,0.002213,0.002136,0.002136,0.002174,0.002136,0.002136,0.002136,0.002098,0.002098,0.002060,0.002060,0.002022,0.002022,0.001984,0.001984,0.001945,0.001907,0.001945,0.001945,0.001945,0.001907,0.001869,0.001831,0.001793,0.001869,0.001869,0.001831,0.001869,0.001907,0.001945,0.001945,0.001869,0.001907,0.001984,0.001945,0.001945,0.001984,0.001984,0.002022,0.002022,0.002022,0.002060,0.002022,0.002060,0.002060,0.002098,0.002060,0.002098,0.002060,0.002098,0.002022,0.002060,0.002060,0.002060,0.002098,0.002060,0.002022,0.002022,0.002060,0.002098,0.002098,0.002060,0.002060,0.002022,0.002022,0.002060,0.002060,0.002098,0.002098,0.002060,0.002098,0.002136,0.002136,0.002098,0.002174,0.002136,0.002213,0.002174,0.002251,0.002213,0.002251,0.002213,0.002251,0.002327,0.002251,0.002327,0.002251,0.002213,0.002251,0.002251,0.002251,0.002327,0.002289,0.002289,0.002213,0.002174,0.002213,0.002213,0.002174,0.002098,0.002136,0.002098,0.002136,0.002060,0.002060,0.002060,0.002022,0.002022,0.001984,0.001984,0.002022,0.002060,0.002022,0.002098,0.002060,0.002022,0.002098,0.002098,0.002136,0.002098,0.002136,0.002136,0.002174,0.002213,0.002213,0.002213,0.002174,0.002213,0.002213,0.002251,0.002213,0.002289,0.002289,0.002289,0.002251,0.002289,0.002289,0.002289,0.002251,0.002213,0.002251,0.002251,0.002213,0.002174,0.002213,0.002174,0.002136,0.002136,0.002136,0.002098,0.002060,0.002060,0.002022,0.002022,0.001984,0.001945,0.001984,0.001907,0.001907,0.001945,0.001869,0.001831,0.001831,0.001793,0.001793,0.001755,0.001755,0.001755,0.001678,0.001717,0.001717,0.001717,0.001717,0.001678,0.001678,0.001717,0.001640,0.001678,0.001640,0.001640,0.001678,0.001640,0.001678,0.001717,0.001755,0.001755,0.001678,0.001678,0.001717,0.001717,0.001717,0.001717,0.001755,0.001793,0.001755,0.001755,0.001755,0.001793,0.001793,0.001831,0.001793,0.001869,0.001831,0.001831,0.001907,0.001907,0.001945,0.002022,0.002022,0.002022,0.002022,0.002060,0.002060,0.002136,0.002213,0.002174,0.002136,0.002213,0.002213,0.002213,0.002251,0.002365,0.002289,0.002327,0.002365,0.002289,0.002327,0.002327,0.002327,0.002365,0.002365,0.002327,0.002403,0.002365,0.002327,0.002327,0.002327,0.002289,0.002289,0.002251,0.002174,0.002213,0.002251,0.002213,0.002213,0.002251,0.002174,0.002213,0.002174,0.002174,0.002136,0.002098,0.002136,0.002136,0.002060,0.002022,0.002060,0.002022,0.002022,0.001984,0.001984,0.002022,0.001984,0.001984,0.002022,0.001984,0.002022,0.002022,0.002022,0.001984,0.002022,0.002060,0.002060,0.002060,0.002022,0.002022,0.001984,0.001945,0.001945,0.001945,0.001945,0.001945,0.001907,0.001945,0.001984,0.001984,0.001907,0.001907,0.001945,0.001945,0.001907,0.001907,0.001907,0.001945,0.001945,0.001984,0.001945,0.002022,0.001945,0.002022,0.002022,0.002022,0.002060,0.002098,0.002060,0.002022,0.002060,0.002060,0.002098,0.002136,0.002136,0.002098,0.002136,0.002136,0.002174,0.002213,0.002136,0.002098,0.002098,0.002098,0.002060,0.002060,0.002136,0.002136,0.002098,0.002060,0.002060,0.002060,0.002060,0.002098,0.002098,0.002098,0.002098,0.002098,0.002136,0.002098,0.002174,0.002174,0.002174,0.002213,0.002174,0.002174,0.002136,0.002136,0.002174,0.002174,0.002213,0.002213,0.002251,0.002213,0.002174,0.002174,0.002136,0.002174,0.002136,0.002136,0.002174,0.002174,0.002174,0.002174,0.002098,0.002136,0.002098,0.002136,0.002136,0.002136,0.002136,0.002174,0.002136,0.002136,0.002174,0.002174,0.002098,0.002136,0.002098,0.002251,0.002174,0.002098,0.002098,0.002136,0.002098,0.002098,0.002060,0.002098,0.002136,0.002060,0.002136,0.002060,0.002022,0.002060,0.002060,0.001984,0.001984,0.001984,0.001945,0.001945,0.001984,0.001945,0.001945,0.001945,0.001945,0.001984,0.001945,0.001945,0.001945,0.001907,0.001945,0.001945,0.001907,0.001945,0.001945,0.001907,0.001907,0.001869,0.001869,0.001907,0.001907,0.001945,0.001945,0.001869,0.001945,0.001984,0.001984,0.001945,0.001869,0.001945,0.001945,0.001984,0.001984,0.001984,0.001984,0.002060,0.002022,0.002022,0.002022,0.002022,0.002060,0.002060,0.002060,0.002060,0.002098,0.002098,0.002174,0.002174,0.002136,0.002136,0.002213,0.002174,0.002136,0.002174,0.002136,0.002136,0.002174,0.002174,0.002174,0.002213,0.002174,0.002174,0.002136,0.002174,0.002136,0.002136,0.002136,0.002136,0.002136,0.002098,0.002136,0.002136,0.002098,0.002136,0.002060,0.002098,0.002136,0.002136,0.002136,0.002060,0.002136,0.002136,0.002098,0.002174,0.002098,0.002174,0.002136,0.002098,0.002098,0.002174,0.002213,0.002174,0.002136,0.002136,0.002213,0.002251,0.002213,0.002174,0.002174,0.002136,0.002213,0.002174,0.002174,0.002174,0.002174,0.002174,0.002251,0.002174,0.002136,0.002213,0.002174,0.002136,0.002136,0.002136,0.002098,0.002136,0.002174,0.002136,0.002098,0.002136,0.002098,0.002098,0.002136,0.002174,0.002098,0.002098,0.002098,0.002136,0.002136,0.002098,0.002098,0.002098,0.002136,0.002174,0.002136,0.002098,0.002136,0.002098,0.002098,0.002136,0.002098,0.002060,0.002098,0.002098,0.002136,0.002098,0.002098,0.002060,0.002098,0.002136,0.002136,0.002136,0.002136,0.002136,0.002136,0.002136,0.002174,0.002098,0.002136,0.002213,0.002174,0.002213,0.002174,0.002098,0.002136,0.002136,0.002174,0.002098,0.002174,0.002098,0.002136,0.002174,0.002098,0.002060,0.002060,0.002022,0.002060,0.002022,0.002060,0.002060,0.002022,0.002022,0.002022,0.002060,0.002022,0.002060,0.001945,0.001984,0.002022,0.002022,0.002022,0.001984,0.002022,0.002098,0.002060,0.002098,0.002098,0.002060,0.002098,0.002136,0.002098,0.002136,0.002174,0.002098,0.002213,0.002213,0.002174,0.002213,0.002327,0.002289,0.002327,0.002327,0.002327,0.002327,0.002403,0.002403,0.002441,0.002403,0.002403,0.002403,0.002327,0.002365,0.002365,0.002327,0.002327,0.002327,0.002289,0.002251,0.002174,0.002136,0.002174,0.001984,0.001984,0.001945,0.001945,0.001984,0.001869,0.001869,0.001869,0.001793,0.001793,0.001793,0.001831,0.001793,0.001793,0.001793,0.001869,0.001869,0.001907,0.001869,0.001869,0.001907,0.001945,0.001869,0.001984,0.001984,0.001984,0.002022,0.002060,0.002022,0.002060,0.002098,0.002098,0.002060,0.002060,0.002022,0.001984,0.002060,0.002022,0.001984,0.002022,0.002022,0.001984,0.001984,0.001945,0.001984,0.002022,0.002022,0.001984,0.002022,0.002022,0.002022,0.002022,0.002022,0.002098,0.002060,0.002098,0.002136,0.002098,0.002136,0.002136,0.002174,0.002136,0.002136,0.002213,0.002213,0.002289,0.002251,0.002289,0.002289,0.002251,0.002289,0.002289,0.002289,0.002327,0.002251,0.002251,0.002251,0.002327,0.002327,0.002251,0.002251,0.002213,0.002213,0.002174,0.002213,0.002251,0.002213,0.002213,0.002289,0.002289,0.002213,0.002213,0.002327,0.002289,0.002327,0.002289,0.002327,0.002327,0.002289,0.002289,0.002289,0.002289,0.002251,0.002289,0.002289,0.002213,0.002174,0.002174,0.002098,0.002136,0.002098,0.002060,0.002022,0.002022,0.001984,0.001907,0.001984,0.001869,0.001869,0.001945,0.001869,0.001869,0.001831,0.001793,0.001831,0.001793,0.001793,0.001793,0.001755,0.001793,0.001793,0.001755,0.001793,0.001755,0.001793,0.001831,0.001831,0.001831,0.001831,0.001831,0.001907,0.001907,0.001869,0.001869,0.001907,0.001984,0.002022,0.001984,0.002060,0.002060,0.002022,0.002098,0.002060,0.002060,0.002098,0.002060,0.002098,0.002098,0.002098,0.002136,0.002098,0.002060,0.002060,0.002022,0.002060,0.002136,0.002098,0.002098,0.002098,0.002136,0.002098,0.002060,0.002060,0.002098,0.002098,0.002098,0.002098,0.002060,0.002098,0.002098,0.002136,0.002098,0.002060,0.002136,0.002136,0.002136,0.002098,0.002098,0.002136,0.002136,0.002136,0.002136,0.002213,0.002174,0.002136,0.002174,0.002213,0.002174,0.002251,0.002213,0.002251,0.002174,0.002174,0.002174,0.002213,0.002251,0.002213,0.002251,0.002174,0.002289,0.002251,0.002174,0.002251,0.002213,0.002174,0.002174,0.002174,0.002174,0.002174,0.002136,0.002136,0.002098,0.002060,0.001984,0.002022,0.001984,0.001984,0.001984,0.001945,0.001984,0.002022,0.001984,0.002022,0.001984,0.002098,0.002022,0.002022,0.002098,0.002098,0.002098,0.002136,0.002098,0.002174,0.002136,0.002098,0.002098,0.002136,0.002098,0.002060,0.002098,0.002022,0.002022,0.001945,0.001945,0.001945,0.001945,0.001945,0.001869,0.001831,0.001869,0.001869,0.001907,0.001831,0.001869,0.001793,0.001869,0.001907,0.001907,0.001831,0.001945,0.001945,0.001907,0.001869,0.001945,0.002022,0.001984,0.002022,0.002060,0.002060,0.002060,0.002136,0.002174,0.002136,0.002136,0.002136,0.002174,0.002098,0.002098,0.002136,0.002136,0.002060,0.002060,0.002060,0.002060,0.002098,0.002098,0.002022,0.002022,0.002022,0.002022,0.002060,0.002022,0.002022,0.001945,0.001945,0.001984,0.002022,0.001945,0.001984,0.001945,0.001984,0.002022,0.001984,0.001984,0.002022,0.002060,0.002060,0.002098,0.002098,0.002098,0.002098,0.002022,0.002098,0.002098,0.002174,0.002136,0.002136,0.002136,0.002213,0.002213,0.002213,0.002251,0.002289,0.002251,0.002289,0.002213,0.002327,0.002365,0.002327,0.002327,0.002289,0.002289,0.002251,0.002251,0.002251,0.002213,0.002213,0.002213,0.002213,0.002213,0.002136,0.002098,0.002136,0.002098,0.002098,0.002098,0.002060,0.002022,0.002060,0.001984,0.002060,0.002022,0.002022,0.002060,0.002060,0.002098,0.002060,0.002060,0.002060,0.002098,0.002060,0.002022,0.002022,0.001984,0.002022,0.002022,0.002022,0.001984,0.001984,0.001945,0.001907,0.001945,0.001907,0.001945,0.001945,0.001831,0.001831,0.001831,0.001831,0.001793,0.001793,0.001831,0.001755,0.001793,0.001793,0.001793,0.001793,0.001793,0.001831,0.001831,0.001831,0.001831,0.001831,0.001831,0.001831,0.001831,0.001831,0.001793,0.001869,0.001869,0.001907,0.001945,0.001907,0.001945,0.001984,0.001984,0.001984,0.001945,0.001945,0.001945,0.001984,0.001984,0.001945,0.002022,0.001945,0.001945,0.002022,0.001984,0.001984,0.001945,0.001945,0.001945,0.001984,0.002022,0.001984,0.001945,0.001984,0.001984,0.002022,0.002022,0.002022,0.002022,0.002060,0.002098,0.002098,0.002060,0.002022,0.002136,0.002136,0.002098,0.002174,0.002174,0.002174,0.002174,0.002174,0.002174,0.002213,0.002174,0.002174,0.002251,0.002289,0.002251,0.002251,0.002289,0.002327,0.002365,0.002289,0.002327,0.002327,0.002365,0.002365,0.002365,0.002441,0.002365,0.002403,0.002365,0.002365,0.002365,0.002365,0.002403,0.002365,0.002327,0.002327,0.002327,0.002289,0.002251,0.002251,0.002213,0.002213,0.002174,0.002098,0.002060,0.002060,0.001984,0.001945,0.001907,0.001907,0.001907,0.001869,0.001831,0.001755,0.001793,0.001793,0.001755,0.001793,0.001755,0.001755,0.001755,0.001755,0.001755,0.001717,0.001793,0.001793,0.001831,0.001831,0.001907,0.001793,0.001869,0.001945,0.001869,0.001869,0.001945,0.001945,0.001945,0.001945,0.001984,0.001984,0.001984,0.002060,0.002022,0.002022,0.002098,0.002022,0.002136,0.002174,0.002098,0.002098,0.002136,0.002213,0.002213,0.002213,0.002251,0.002251,0.002213,0.002289,0.002289,0.002289,0.002251,0.002251,0.002327,0.002289,0.002289,0.002289,0.002289,0.002289,0.002327,0.002327,0.002289,0.002327,0.002289,0.002327,0.002251,0.002251,0.002289,0.002251,0.002289,0.002289,0.002365,0.002289,0.002251,0.002289,0.002289,0.002289,0.002289,0.002327,0.002289,0.002289,0.002251,0.002289,0.002251,0.002174,0.002213,0.002174,0.002174,0.002174,0.002174,0.002136,0.002136,0.002136,0.002136,0.002098,0.002136,0.002174,0.002098,0.002136,0.002174,0.002098,0.002174,0.002136,0.002136,0.002060,0.002060,0.002060,0.002098,0.002098,0.002060,0.002060,0.001984,0.002022,0.001984,0.001945,0.002022,0.001945,0.001984,0.001945,0.001945,0.001984,0.001907,0.001945,0.001907,0.001907,0.001907,0.001945,0.001907,0.001907,0.001869,0.001945,0.001907,0.001945,0.001869,0.001869,0.001945,0.001945,0.001945,0.001945,0.001945,0.001984,0.001984,0.001945,0.001945,0.001984,0.001984,0.002022,0.002022,0.001984,0.002022,0.001945,0.001984,0.001945,0.002022,0.002022,0.002022,0.002060,0.002060,0.002060,0.002060,0.002098,0.002136,0.002174,0.002174,0.002136,0.002174,0.002213,0.002213,0.002213,0.002213,0.002213,0.002251,0.002213,0.002213,0.002251,0.002213,0.002251,0.002251,0.002251,0.002251,0.002251,0.002251,0.002213,0.002251,0.002251,0.002174,0.002251,0.002213,0.002251,0.002251,0.002251,0.002213,0.002174,0.002174,0.002174,0.002174,0.002136,0.002098,0.002213,0.002213,0.002136,0.002098,0.002136,0.002136,0.002098,0.002060,0.002098,0.002098,0.002098,0.002060,0.002022,0.002060,0.002060,0.002022,0.002060,0.002098,0.002022,0.002098,0.002098,0.002060,0.002060,0.002060,0.002060,0.002098,0.002136,0.002060,0.002060,0.002022,0.002022,0.001945,0.002022,0.001984,0.001984,0.001945,0.001945,0.001907,0.001945,0.001869,0.001831,0.001869,0.001907,0.001869,0.001907,0.001869,0.001831,0.001831,0.001831,0.001869,0.001831,0.001869,0.001831,0.001755,0.001793,0.001831,0.001793,0.001793,0.001831,0.001831,0.001869,0.001869,0.001869,0.001869,0.001907,0.001869,0.001945,0.001869,0.001907,0.001945,0.001945,0.001984,0.002022,0.002022,0.002022,0.002060,0.002060,0.002060,0.002098,0.002098,0.002022,0.002060,0.002098,0.002174,0.002098,0.002136,0.002136,0.002174,0.002213,0.002174,0.002213,0.002251,0.002174,0.002251,0.002251,0.002289,0.002289,0.002289,0.002289,0.002289,0.002251,0.002327,0.002327,0.002251,0.002251,0.002213,0.002251,0.002251,0.002327,0.002251,0.002213,0.002213,0.002174,0.002174,0.002174,0.002136,0.002174,0.002213,0.002136,0.002136,0.002136,0.002174,0.002213,0.002136,0.002098,0.002136,0.002136,0.002136,0.002098,0.002136,0.002098,0.002136,0.002174,0.002136,0.002136,0.002098,0.002136,0.002174,0.002136,0.002098,0.002098,0.002174,0.002136,0.002174,0.002136,0.002136,0.002098,0.002136,0.002136,0.002174,0.002174,0.002213,0.002136,0.002174,0.002136,0.002174,0.002136,0.002174,0.002174,0.002174,0.002098,0.002136,0.002174,0.002136,0.002136,0.002213,0.002174,0.002251,0.002251,0.002174,0.002174,0.002174,0.002213,0.002213,0.002174,0.002136,0.002136,0.002213,0.002174,0.002174,0.002136,0.002098,0.002136,0.002098,0.002136,0.002098,0.002098,0.002174,0.002098,0.002098,0.002136,0.002136,0.002136,0.002136,0.002174,0.002174,0.002174,0.002174,0.002213,0.002213,0.002213,0.002251,0.002213,0.002251,0.002213,0.002213,0.002213,0.002174,0.002213,0.002136,0.002136,0.002136,0.002098,0.002098,0.002174,0.002136,0.002136,0.002098,0.002136,0.002098,0.002098,0.002022,0.002022,0.001984,0.001984,0.001984,0.001984,0.001984,0.001984,0.001945,0.001907,0.001869,0.001907,0.001869,0.001831,0.001907,0.001907,0.001869,0.001831,0.001831,0.001869,0.001793,0.001831,0.001831,0.001793,0.001831,0.001793,0.001793,0.001869,0.001907,0.001869,0.001869,0.001869,0.001907,0.001945,0.001945,0.001984,0.001984,0.002060,0.001984,0.002098,0.002060,0.002098,0.002174,0.002174,0.002213,0.002174,0.002289,0.002213,0.002213,0.002251,0.002251,0.002251,0.002174,0.002174,0.002213,0.002174,0.002136,0.002174,0.002136,0.002136,0.002136,0.002098,0.002098,0.002060,0.002060,0.002136,0.002136,0.002098,0.002060,0.002098,0.002098,0.002060,0.002098,0.002136,0.002136,0.002098,0.002174,0.002213,0.002213,0.002213,0.002174,0.002174,0.002174,0.002251,0.002213,0.002251,0.002251,0.002213,0.002213,0.002251,0.002213,0.002136,0.002174,0.002213,0.002136,0.002136,0.002060,0.001984,0.001984,0.001984,0.001945,0.001869,0.001831,0.001831,0.001831,0.001755,0.001717,0.001755,0.001717,0.001717,0.001678,0.001755,0.001717,0.001678,0.001717,0.001755,0.001793,0.001793,0.001793,0.001869,0.001869,0.001869,0.001907,0.001831,0.001984,0.001984,0.001945,0.001984,0.002060,0.002022,0.002022,0.002060,0.002022,0.001984,0.002022,0.002022,0.002022,0.001945,0.002022,0.001984,0.001945,0.001945,0.001984,0.001984,0.001945,0.002022,0.002060,0.002022,0.002060,0.002060,0.002060,0.002098,0.002098,0.002022,0.002174,0.002136,0.002136,0.002174,0.002251,0.002213,0.002213,0.002213,0.002251,0.002289,0.002251,0.002289,0.002213,0.002213,0.002251,0.002251,0.002251,0.002251,0.002251,0.002213,0.002174,0.002251,0.002174,0.002174,0.002174,0.002174,0.002174,0.002213,0.002213,0.002213,0.002136,0.002136,0.002174,0.002174,0.002136,0.002136,0.002174,0.002136,0.002174,0.002174,0.002136,0.002098,0.002136,0.002136,0.002136,0.002174,0.002136,0.002136,0.002060,0.002098,0.002136,0.002098,0.002136,0.002098,0.002060,0.002098,0.002022,0.002060,0.002098,0.002060,0.001984,0.001984,0.001984,0.002060,0.002022,0.001984,0.001984,0.001984,0.001984,0.001984,0.002022,0.002060,0.002022,0.001984,0.002022,0.002022,0.002022,0.002022,0.002060,0.002060,0.002022,0.002022,0.002060,0.002060,0.002022,0.002098,0.002060,0.002098,0.002098,0.002060,0.002098,0.002060,0.002098,0.002060,0.002098,0.002098,0.002098,0.002098,0.002060,0.002098,0.002098,0.002098,0.002098,0.002136,0.002136,0.002098,0.002098,0.002098,0.002060,0.002098,0.002136,0.002098,0.002136,0.002136,0.002136,0.002098,0.002098,0.002098,0.002060,0.002060,0.002022,0.002022,0.002022,0.002022,0.001984,0.001984,0.001984,0.001945,0.001907,0.001945,0.001945,0.001945,0.001945,0.001907,0.001945,0.001907,0.001907,0.001869,0.001945,0.001945,0.001945,0.001984,0.002022,0.001984,0.002022,0.001945,0.001945,0.001984,0.001945,0.001984,0.001984,0.001945,0.001945,0.001984,0.001984,0.001984,0.002022,0.001907,0.001907,0.001945,0.001984,0.002022,0.001984,0.002022,0.002022,0.002022,0.002060,0.002060,0.002060,0.002060,0.002098,0.002060,0.002098,0.002098,0.002060,0.002022,0.002060,0.002136,0.002098,0.002060,0.002060,0.002098,0.002098,0.002098,0.002136,0.002098,0.002060,0.002060,0.002022,0.001984,0.002022,0.002022,0.002022,0.002022,0.001945,0.001984,0.001945,0.001984,0.002022,0.002022,0.001984,0.002022,0.002060,0.002098,0.002060,0.002098,0.002098,0.002098,0.002098,0.002098,0.002098,0.002060,0.002060,0.002174,0.002174,0.002213,0.002213,0.002213,0.002213,0.002213,0.002174,0.002213,0.002213,0.002174,0.002213,0.002213,0.002251,0.002213,0.002213,0.002213,0.002136,0.002174,0.002174,0.002174,0.002136,0.002136,0.002098,0.002136,0.002136,0.002098,0.002136,0.002136,0.002136,0.002098,0.002136,0.002136,0.002060,0.002098,0.002098,0.002098,0.002060,0.002098,0.002098,0.002060,0.002022,0.002060,0.002060,0.002060,0.001945,0.002022,0.002022,0.002022,0.002022,0.001945,0.001984,0.002022,0.002022,0.001984,0.001945,0.001907,0.001945,0.001984,0.001945,0.001907,0.001945,0.001907,0.001907,0.001869,0.001869,0.001984,0.001945,0.001984,0.001945,0.001945,0.001907,0.001907,0.001869,0.001945,0.001907,0.001907,0.001907,0.001907,0.002022,0.001945,0.001945,0.001984,0.001945,0.001945,0.001945,0.002022,0.001984,0.001907,0.001945,0.002022,0.002022,0.002098,0.002022,0.002060,0.002060,0.002060,0.002098,0.002098,0.002098,0.002060,0.002136,0.002136,0.002174,0.002174,0.002213,0.002174,0.002213,0.002174,0.002213,0.002213,0.002174,0.002174,0.002251,0.002251,0.002251,0.002213,0.002289,0.002289,0.002251,0.002213,0.002251,0.002251,0.002289,0.002251,0.002251,0.002289,0.002251,0.002213,0.002213,0.002213,0.002213,0.002213,0.002136,0.002174,0.002098,0.002136,0.002136,0.002213,0.002174,0.002136,0.002174,0.002174,0.002136,0.002098,0.002136,0.002098,0.002136,0.002174,0.002136,0.002136,0.002098,0.002098,0.002136,0.002136,0.002098,0.002136,0.002098,0.002098,0.002098,0.002098,0.002136,0.002174,0.002174,0.002136,0.002136,0.002174,0.002174,0.002098,0.002136,0.002136,0.002098,0.002098,0.002098,0.002098,0.002098,0.002060,0.002098,0.001984,0.002022,0.002022,0.001984,0.001945,0.001984,0.001945,0.001831,0.001793,0.001907,0.001869,0.001831,0.001869,0.001907,0.001945,0.001945,0.001984,0.002060,0.002022,0.002060,0.002098,0.002136,0.002136,0.002136,0.002213,0.002327,0.002365,0.002327,0.002365,0.002289,0.002365,0.002327,0.002365,0.002365,0.002289,0.002289,0.002251,0.002251,0.002174,0.002136,0.002060,0.002022,0.001984,0.001945,0.001907,0.001945,0.001945,0.001907,0.001869,0.001869,0.001907,0.001869,0.001907,0.001945,0.001945,0.001984,0.002022,0.002022,0.002022,0.002060,0.002098,0.002098,0.002098,0.002136,0.002136,0.002213,0.002174,0.002174,0.002174,0.002174,0.002174,0.002174,0.002174,0.002136,0.002213,0.002136,0.002136,0.002174,0.002136,0.002136,0.002098,0.002098,0.002136,0.002174,0.002136,0.002136,0.002098,0.002174,0.002213,0.002136,0.002174,0.002174,0.002174,0.002174,0.002213,0.002251,0.002251,0.002174,0.002213,0.002213,0.002213,0.002289,0.002174,0.002251,0.002251,0.002251,0.002174,0.002174,0.002174,0.002174,0.002213,0.002174,0.002213,0.002174,0.002174,0.002174,0.002136,0.002136,0.002136,0.002098,0.002098,0.002098,0.002098,0.002136,0.002060,0.002098,0.002136,0.002098,0.002098,0.002098,0.002098,0.002098,0.002098,0.002098,0.002060,0.002098,0.002098,0.002098,0.002060,0.002022,0.002022,0.002060,0.002022,0.002022,0.002022,0.002060,0.002022,0.002022,0.001984,0.001984,0.001984,0.002098,0.002022,0.001945,0.001945,0.002022,0.002060,0.002098,0.002022,0.002060,0.002060,0.002098,0.002136,0.002174,0.002136,0.002174,0.002098,0.002136,0.002136,0.002098,0.002098,0.002136,0.002174,0.002098,0.002136,0.002098,0.002060,0.002060,0.002060,0.002060,0.002060,0.002060,0.002022,0.002060,0.002098,0.002136,0.002022,0.002060,0.002098,0.002098,0.002060,0.002098,0.002098,0.002098,0.002098,0.002136,0.002136,0.002098,0.002060,0.002136,0.002136,0.002136,0.002136,0.002060,0.002060,0.002098,0.002136,0.002098,0.002098,0.002174,0.002136,0.002136,0.002060,0.002098,0.002098,0.002098,0.002136,0.002136,0.002136,0.002136,0.002174,0.002060,0.002136,0.002174,0.002174,0.002174,0.002136,0.002174,0.002136,0.002136,0.002174,0.002174,0.002174,0.002136,0.002174,0.002174,0.002136,0.002098,0.002098,0.002174,0.002136,0.002136,0.002060,0.002098,0.002098,0.002136,0.002098,0.002060,0.002060,0.002098,0.002098,0.002022,0.002060,0.002022,0.001984,0.002022,0.001984,0.001945,0.001984,0.001984,0.002022,0.001984,0.001945,0.001984,0.002022,0.001984,0.001907,0.001945,0.001984,0.002022,0.001984,0.001984,0.001984,0.001984,0.001984,0.002022,0.002022,0.002022,0.002060,0.002098,0.002136,0.002174,0.002098,0.002060,0.002060,0.002060,0.002060,0.002060,0.002060,0.002060,0.002060,0.002060,0.002136,0.002060,0.002060,0.002098,0.002098,0.002098,0.002136,0.002213,0.002174,0.002174,0.002174,0.002174,0.002136,0.002213,0.002213,0.002174,0.002213,0.002251,0.002174,0.002213,0.002251,0.002213,0.002251,0.002213,0.002213,0.002213,0.002136,0.002213,0.002136,0.002136,0.002174,0.002136,0.002098,0.002098,0.002136,0.002136,0.002098,0.002060,0.002060,0.002022,0.002022,0.002060,0.002060,0.002060,0.002022,0.002060,0.002022,0.001984,0.002022,0.001984,0.001984,0.001984,0.001945,0.001984,0.001984,0.001984,0.001945,0.001945,0.001907,0.001984,0.001945,0.001869,0.001907,0.001907,0.001907,0.001907,0.001945,0.001945,0.001907,0.001907,0.001945,0.001945,0.001945,0.001907,0.001945,0.002022,0.001945,0.001984,0.001984,0.002060,0.002022,0.002060,0.002060,0.002098,0.002098,0.002060,0.002098,0.002136,0.002060,0.002098,0.002136,0.002174,0.002098,0.002174,0.002251,0.002174,0.002174,0.002251,0.002213,0.002213,0.002174,0.002174,0.002174,0.002174,0.002174,0.002213,0.002213,0.002174,0.002174,0.002174,0.002098,0.002060,0.002098,0.002136,0.002098,0.002022,0.002022,0.002022,0.001984,0.001945,0.001945,0.001907,0.001945,0.001907,0.001869,0.001869,0.001793,0.001793,0.001793,0.001755,0.001755,0.001831,0.001793,0.001793,0.001831,0.001831,0.001869,0.001869,0.001831,0.001869,0.001945,0.001945,0.002022,0.002022,0.002136,0.002060,0.002136,0.002098,0.002136,0.002136,0.002174,0.002174,0.002174,0.002174,0.002136,0.002136,0.002213,0.002174,0.002213,0.002136,0.002136,0.002174,0.002174,0.002174,0.002174,0.002174,0.002174,0.002174,0.002213,0.002251,0.002213,0.002213,0.002251,0.002174,0.002251,0.002251,0.002213,0.002174,0.002174,0.002213,0.002213,0.002213,0.002213,0.002213,0.002174,0.002213,0.002213,0.002213,0.002174,0.002174,0.002174,0.002251,0.002213,0.002174,0.002174,0.002098,0.002136,0.002098,0.002136,0.002098,0.002060,0.002060,0.002060,0.002098,0.002022,0.002022,0.001984,0.001984,0.002060,0.002022,0.002022,0.002060,0.002060,0.002060,0.001984,0.002022,0.002060,0.002060,0.001984,0.001945,0.001984,0.001945,0.001984,0.002022,0.001945,0.001907,0.001945,0.001984,0.001984,0.001945,0.002022,0.001984,0.002060,0.002098,0.002098,0.002098,0.002060,0.002060,0.002060,0.002060,0.002022,0.002098,0.002022,0.001984,0.001945,0.001907,0.001793,0.001831,0.001793,0.001831,0.001793,0.001793,0.001793,0.001755,0.001793,0.001793,0.001831,0.001869,0.001869,0.001907,0.001907,0.001907,0.001907,0.001907,0.001869,0.001907,0.001869,0.001869,0.001869,0.001907,0.001907,0.001869,0.001831,0.001831,0.001831,0.001831,0.001831,0.001793,0.001793,0.001831,0.001907,0.001907,0.001907,0.001907,0.001907,0.001945,0.001945,0.001945,0.001984,0.001945,0.001984,0.001984,0.001984,0.001984,0.001984,0.002022,0.001984,0.001984,0.002022,0.002022,0.002022,0.002022,0.002022,0.002022,0.002022,0.002098,0.002060,0.002060,0.002098,0.002136,0.002136,0.002213,0.002213,0.002251,0.002251,0.002289,0.002289,0.002327,0.002327,0.002327,0.002327,0.002327,0.002327,0.002327,0.002289,0.002327,0.002327,0.002327,0.002251,0.002213,0.002213,0.002174,0.002098,0.002098,0.002098,0.002022,0.002022,0.002022,0.002022,0.002022,0.001984,0.001945,0.001907,0.001945,0.001945,0.001984,0.002022,0.002022,0.002022,0.002060,0.002022,0.002060,0.002060,0.002098,0.002136,0.002098,0.002136,0.002174,0.002174,0.002174,0.002213,0.002174,0.002213,0.002213,0.002213,0.002213,0.002174,0.002174,0.002174,0.002136,0.002098,0.002174,0.002174,0.002136,0.002098,0.002136,0.002174,0.002136,0.002136,0.002136,0.002136,0.002174,0.002136,0.002098,0.002098,0.002098,0.002136,0.002136,0.002174,0.002136,0.002136,0.002136,0.002136,0.002098,0.002098,0.002098,0.002136,0.002136,0.002136,0.002060,0.002136,0.002098,0.002098,0.002098,0.002060,0.002060,0.002060,0.002022,0.001984,0.002060,0.002060,0.002098,0.002060,0.001984,0.001984,0.002022,0.002060,0.002098,0.002060,0.002098,0.002060,0.002098,0.002136,0.002098,0.002136,0.002098,0.002098,0.002136,0.002174,0.002174,0.002136,0.002098,0.002060,0.002060,0.002098,0.002060,0.002098,0.002060,0.002060,0.002060,0.002060,0.002060,0.002060,0.002060,0.002098,0.002060,0.002060,0.002098,0.002136,0.002136,0.002098,0.002136,0.002060,0.002136,0.002136,0.002174,0.002136,0.002136,0.002174,0.002098,0.002174,0.002174,0.002098,0.002098,0.002136,0.002174,0.002098,0.002098,0.002060,0.002098,0.002098,0.002060,0.002136,0.002174,0.002098,0.002098,0.002098,0.002098,0.002098,0.002136,0.002136,0.002136,0.002136,0.002098,0.002136,0.002060,0.002060,0.002098,0.002060,0.002098,0.002136,0.002136,0.002098,0.002136,0.002022,0.002022,0.002060,0.002060,0.002060,0.002022,0.002022,0.002098,0.002022,0.002022,0.002060,0.002098,0.002098,0.002060,0.002022,0.001984,0.001984,0.002022,0.001984,0.001984,0.001945,0.001907,0.001945,0.001984,0.001945,0.001907,0.001945,0.001984,0.001945,0.001945,0.001984,0.001984,0.002060,0.002022,0.002060,0.002060,0.002098,0.002098,0.002060,0.002136,0.002098,0.002136,0.002136,0.002136,0.002251,0.002174,0.002174,0.002136,0.002251,0.002251,0.002213,0.002251,0.002213,0.002289,0.002289,0.002289,0.002213,0.002251,0.002251,0.002251,0.002289,0.002289,0.002251,0.002251,0.002251,0.002289,0.002251,0.002174,0.002213,0.002213,0.002251,0.002213,0.002098,0.002060,0.002098,0.002098,0.002098,0.002098,0.002098,0.002098,0.002174,0.002098,0.002060,0.002098,0.002136,0.002136,0.002098,0.002136,0.002136,0.002098,0.002136,0.002174,0.002213,0.002213,0.002213,0.002174,0.002213,0.002174,0.002213,0.002213,0.002174,0.002251,0.002251,0.002251,0.002174,0.002213,0.002251,0.002251,0.002213,0.002213,0.002213,0.002251,0.002213,0.002213,0.002251,0.002174,0.002136,0.002213,0.002174,0.002098,0.002098,0.002136,0.002098,0.002060,0.002098,0.002060,0.002022,0.001984,0.001984,0.001984,0.001945,0.001945,0.001869,0.001869,0.001831,0.001831,0.001869,0.001831,0.001831,0.001831,0.001869,0.001831,0.001831,0.001831,0.001907,0.001907,0.001907,0.001984,0.001984,0.001907,0.001984,0.002098,0.002060,0.002060,0.002136,0.002136,0.002136,0.002136,0.002174,0.002213,0.002251,0.002289,0.002289,0.002327,0.002289,0.002251,0.002251,0.002289,0.002327,0.002289,0.002213,0.002251,0.002251,0.002174,0.002251,0.002213,0.002213,0.002289,0.002136,0.002174,0.002174,0.002098,0.002136,0.002136,0.002098,0.002136,0.002136,0.002098,0.002174,0.002174,0.002060,0.002098,0.002098,0.002136,0.002098,0.002098,0.002136,0.002213,0.002174,0.002174,0.002174,0.002136,0.002213,0.002213,0.002251,0.002251,0.002251,0.002289,0.002289,0.002251,0.002251,0.002251,0.002251,0.002213,0.002213,0.002251,0.002213,0.002251,0.002213,0.002136,0.002213,0.002174,0.002174,0.002213,0.002174,0.002213,0.002213,0.002174,0.002136,0.002098,0.002174,0.002098,0.002136,0.002136,0.002174,0.002174,0.002174,0.002136,0.002136,0.002174,0.002136,0.002174,0.002174,0.002174,0.002174,0.002213,0.002213,0.002136,0.002174,0.002174,0.002174,0.002098,0.002098,0.002060,0.002060,0.002060,0.002098,0.002060,0.002060,0.002098,0.002060,0.002022,0.002022,0.002060,0.002022,0.001984,0.001984,0.002022,0.001945,0.001907,0.001907,0.001984,0.002022,0.001984,0.001984,0.002060,0.002022,0.001945,0.001984,0.001984,0.001907,0.001984,0.001945,0.002022,0.001907,0.001945,0.001984,0.001907,0.001945,0.001945,0.001984,0.001984,0.002022,0.002022,0.002022,0.002022,0.001984,0.002022,0.002022,0.002060,0.002060,0.002022,0.002022,0.001984,0.002022,0.002022,0.001945,0.001984,0.001945,0.001984,0.001945,0.001984,0.002022,0.001945,0.001945,0.001945,0.002022,0.001984,0.001984,0.001984,0.001984,0.002022,0.001945,0.001984,0.002022,0.002022,0.002060,0.002022,0.002022,0.002022,0.002060,0.002060,0.002098,0.002060,0.002060,0.002022,0.002060,0.002060,0.002098,0.002060,0.002060,0.002098,0.002098,0.002098,0.002098,0.002022,0.002060,0.002098,0.002060,0.001984,0.002022,0.002060,0.002060,0.002060,0.001984,0.002022,0.001984,0.001984,0.001984,0.001984,0.002022,0.001984,0.002060,0.001984,0.001984,0.002022,0.001984,0.001984,0.001984,0.001945,0.001945,0.001984,0.001984,0.001945,0.001945,0.001945,0.001945,0.001945,0.001945,0.001984,0.001984,0.002022,0.001984,0.001984,0.001945,0.001945,0.001945,0.002022,0.001984,0.002022,0.002022,0.002060,0.001984,0.002022,0.002098,0.002060,0.002060,0.002098,0.002098,0.002098,0.002060,0.002060,0.002022,0.002060,0.002098,0.002098,0.002136,0.002060,0.002098,0.002060,0.002060,0.002098,0.002060,0.002060,0.002098,0.002022,0.002022,0.002022,0.002098,0.002060,0.002060,0.002060,0.002060,0.002098,0.002098,0.002060,0.002098,0.002136,0.002060,0.002098,0.002060,0.002098,0.002136,0.002060,0.002098,0.002098,0.002060,0.002098,0.002060,0.002136,0.002098,0.002136,0.002136,0.002060,0.002136,0.002136,0.002136,0.002174,0.002174,0.002174,0.002174,0.002136,0.002174,0.002174,0.002174,0.002174,0.002251,0.002213,0.002213,0.002251,0.002174,0.002289,0.002251,0.002251,0.002251,0.002251,0.002251,0.002213,0.002213,0.002213,0.002251,0.002213,0.002174,0.002251,0.002289,0.002213,0.002174,0.002136,0.002174,0.002098,0.002098,0.002174,0.002136,0.002098,0.002060,0.002098,0.002098,0.002098,0.002098,0.002060,0.002022,0.001984,0.002060,0.001984,0.002022,0.002060,0.001945,0.001945,0.001945,0.001984,0.001984,0.001945,0.001984,0.001907,0.001945,0.001945,0.001984,0.001984,0.001907,0.001984,0.002022,0.001984,0.001907,0.001945,0.001945,0.001945,0.001907,0.001984,0.001945,0.001907,0.001945,0.001984,0.001907,0.001945,0.001869,0.001945,0.001945,0.001984,0.001945,0.001907,0.001945,0.001984,0.001984,0.001945,0.002022,0.001945,0.001984,0.002022,0.001984,0.001984,0.002022,0.001984,0.002022,0.001984,0.001945,0.001945,0.002022,0.002060,0.002060,0.002022,0.002060,0.002022,0.002022,0.002098,0.002022,0.002098,0.001984,0.002098,0.002098,0.002136,0.002136,0.002098,0.002136,0.002136,0.002098,0.002136,0.002060,0.002174,0.002136,0.002098,0.002213,0.002174,0.002174,0.002174,0.002174,0.002213,0.002174,0.002174,0.002136,0.002136,0.002098,0.002136,0.002060,0.002022,0.002022,0.002022,0.002022,0.001984,0.001945,0.001945,0.001831,0.001869,0.001831,0.001869,0.001831,0.001793,0.001831,0.001869,0.001793,0.001755,0.001793,0.001793,0.001755,0.001793,0.001831,0.001831,0.001869,0.001831,0.001793,0.001793,0.001869,0.001869,0.001945,0.001984,0.001945,0.001945,0.001907,0.001945,0.001945,0.001907,0.001945,0.001907,0.001869,0.001869,0.001869,0.001869,0.001907,0.001869,0.001831,0.001831,0.001793,0.001793,0.001793,0.001831,0.001793,0.001793,0.001793,0.001831,0.001793,0.001793,0.001793,0.001793,0.001869,0.001831,0.001793,0.001793,0.001869,0.001869,0.001869,0.001945,0.001907,0.001945,0.002022,0.002098,0.002060,0.002022,0.002060,0.002098,0.002098,0.002136,0.002136,0.002174,0.002136,0.002213,0.002289,0.002251,0.002251,0.002289,0.002251,0.002289,0.002289,0.002327,0.002327,0.002403,0.002365,0.002403,0.002403,0.002327,0.002365,0.002403,0.002403,0.002403,0.002441,0.002518,0.002480,0.002518,0.002480,0.002480,0.002480,0.002518,0.002480,0.002480,0.002480,0.002480,0.002403,0.002441,0.002403,0.002480,0.002441,0.002403,0.002480,0.002403,0.002403,0.002365,0.002403,0.002365,0.002289,0.002289,0.002251,0.002289,0.002213,0.002174,0.002213,0.002213,0.002136,0.002174,0.002213,0.002098,0.002174,0.002174,0.002136,0.002136,0.002098,0.002098,0.002098,0.002060,0.002098,0.002060,0.002098,0.002098,0.002022,0.002136,0.002098,0.002060,0.002022,0.002060,0.002060,0.002060,0.002098,0.002022,0.001984,0.002022,0.002022,0.002022,0.002022,0.002060,0.002022,0.001984,0.001945,0.001945,0.001907,0.001907,0.001945,0.001831,0.001869,0.001907,0.001907,0.001907,0.001831,0.001831,0.001869,0.001869,0.001907,0.001869,0.001869,0.001869,0.001869,0.001869,0.001831,0.001869,0.001793,0.001869,0.001869,0.001831,0.001869,0.001907,0.001945,0.001869,0.001869,0.001907,0.001907,0.001907,0.001945,0.001945,0.001945,0.001945,0.002022,0.001984,0.001984,0.001984,0.002022,0.002060,0.002022,0.002022,0.001984,0.002022,0.002060,0.002060,0.002022,0.001984,0.002022,0.001984,0.001984,0.001984,0.001984,0.001945,0.002022,0.002022,0.001984,0.001907,0.001984,0.002060,0.002098,0.002022,0.002060,0.002060,0.002022,0.002060,0.002060,0.002060,0.002060,0.002060,0.002060,0.002060,0.002060,0.002060,0.002098,0.002136,0.002098,0.002136,0.002098,0.002060,0.002136,0.002174,0.002174,0.002174,0.002098,0.002174,0.002136,0.002136,0.002060,0.002098,0.002098,0.002136,0.002174,0.002174,0.002060,0.002098,0.002136,0.002098,0.002098,0.002098,0.002098,0.002098,0.002098,0.002098,0.002098,0.002174,0.002213,0.002213,0.002213,0.002174,0.002213,0.002174,0.002213,0.002213,0.002174,0.002213,0.002213,0.002213,0.002174,0.002174,0.002174,0.002251,0.002213,0.002174,0.002174,0.002213,0.002098,0.002136,0.002213,0.002136,0.002060,0.002098,0.002174,0.002098,0.002136,0.002098,0.002136,0.002213,0.002174,0.002174,0.002098,0.002098,0.002136,0.002174,0.002174,0.002136,0.002136,0.002098,0.002136,0.002213,0.002136,0.002174,0.002136,0.002174,0.002174,0.002136,0.002174,0.002136,0.002136,0.002174,0.002174,0.002213,0.002136,0.002174,0.002060,0.002098,0.002136,0.002136,0.002174,0.002136,0.002174,0.002213,0.002174,0.002174,0.002136,0.002136,0.002098,0.002098,0.002098,0.002098,0.002098,0.002098,0.002136,0.002136,0.002098,0.002098,0.002136,0.002136,0.002098,0.002136,0.002174,0.002136,0.002136,0.002060,0.002098,0.002174,0.002098,0.002174,0.002060,0.002098,0.002022,0.002022,0.002098,0.002022,0.002060,0.001984,0.002022,0.002022,0.002060,0.002098,0.002098,0.002060,0.002060,0.002098,0.002060,0.002022,0.002060,0.002060,0.002060,0.002022,0.002060,0.001984,0.002060,0.002060,0.002022,0.002022,0.002098,0.002098,0.002060,0.002060,0.002098,0.002098,0.002136,0.002136,0.002098,0.002174,0.002174,0.002174,0.002213,0.002174,0.002213,0.002174,0.002213,0.002213,0.002213,0.002251,0.002174,0.002251,0.002213,0.002213,0.002213,0.002136,0.002213,0.002213,0.002251,0.002251,0.002213,0.002289,0.002251,0.002213,0.002213,0.002136,0.002213,0.002174,0.002213,0.002174,0.002174,0.002174,0.002174,0.002174,0.002136,0.002136,0.002174,0.002098,0.002136,0.002136,0.002136,0.002174,0.002098,0.002060,0.002060,0.002060,0.002060,0.002060,0.001984,0.001984,0.002060,0.002022,0.001984,0.001945,0.001984,0.001907,0.001907,0.001907,0.001907,0.001907,0.001907,0.001869,0.001869,0.001907,0.001945,0.001907,0.001945,0.001945,0.001869,0.001945,0.001945,0.001945,0.001945,0.001984,0.001984,0.002022,0.002022,0.001984,0.002022,0.002022,0.002060,0.002098,0.002098,0.002098,0.002098,0.002136,0.002136,0.002060,0.002174,0.002136,0.002098,0.002098,0.002098,0.002174,0.002098,0.002098,0.002136,0.002136,0.002136,0.002098,0.002098,0.002136,0.002136,0.002060,0.002060,0.002098,0.002060,0.002060,0.002060,0.002060,0.002060,0.002098,0.002060,0.002060,0.002060,0.002098,0.001984,0.002060,0.002060,0.002098,0.002022,0.002060,0.002060,0.002060,0.002098,0.002098,0.002060,0.001984,0.002060,0.002098,0.002060,0.002098,0.002022,0.002060,0.002022,0.002022,0.002022,0.001984,0.002022,0.001984,0.001984,0.002022,0.001984,0.002022,0.002022,0.001984,0.001945,0.001984,0.001984,0.001907,0.001984,0.001945,0.001907,0.001945,0.001945,0.001984,0.002022,0.002022,0.002022,0.001945,0.001945,0.002060,0.002098,0.002060,0.002174,0.002136,0.002098,0.002174,0.002174,0.002174,0.002136,0.002174,0.002174,0.002136,0.002174,0.002174,0.002098,0.002098,0.002174,0.002174,0.002174,0.002136,0.002098,0.002098,0.002060,0.002060,0.002174,0.002098,0.002098,0.002136,0.002136,0.002136,0.002174,0.002174,0.002136,0.002060,0.002136,0.002136,0.002174,0.002174,0.002174,0.002136,0.002213,0.002174,0.002098,0.002136,0.002213,0.002213,0.002174,0.002136,0.002136,0.002098,0.002098,0.002098,0.002098,0.002098,0.002060,0.002098,0.002060,0.002136,0.002098,0.002060,0.002060,0.002022,0.002060,0.002022,0.002022,0.001984,0.001984,0.002060,0.001984,0.002060,0.002022,0.002060,0.001984,0.001984,0.001984,0.001945,0.001984,0.001984,0.001945,0.001984,0.001945,0.001984,0.001945,0.001945,0.001984,0.001945,0.001945,0.001945,0.001984,0.002022,0.002022,0.002022,0.002022,0.002022,0.002060,0.002060,0.001984,0.001945,0.001984,0.002022,0.001984,0.001984,0.002022,0.002060,0.002098,0.002022,0.002022,0.002098,0.002060,0.002022,0.002098,0.002060,0.002098,0.002098,0.002060,0.002060,0.002098,0.002098,0.002098,0.002098,0.002098,0.002098,0.002098,0.002098,0.002098,0.002098,0.002098,0.002098,0.002060,0.002060,0.002060,0.002098,0.002060,0.002022,0.002098,0.002060,0.002060,0.002060,0.002098,0.002136,0.002098,0.002098,0.002098,0.002136,0.002098,0.002098,0.002098,0.002098,0.002098,0.002098,0.002060,0.002098,0.002022,0.002022,0.002022,0.002022,0.002022,0.002022,0.002022,0.001984,0.001984,0.002022,0.002022,0.001869,0.001945,0.001907,0.001869,0.001907,0.001907,0.001907,0.001869,0.001831,0.001831,0.001831,0.001907,0.001869,0.001831,0.001831,0.001831,0.001907,0.001869,0.001907,0.001907,0.001869,0.001945,0.001907,0.001945,0.001945,0.001984,0.001945,0.001984,0.001984,0.002022,0.002060,0.002022,0.002060,0.002060,0.002060,0.002098,0.002060,0.002136,0.002098,0.002098,0.002136,0.002098,0.002136,0.002136,0.002136,0.002174,0.002060,0.002136,0.002098,0.002098,0.002060,0.002060,0.002098,0.002060,0.002060,0.002060,0.002022,0.002022,0.002136,0.002098,0.002098,0.002098,0.002022,0.002060,0.002022,0.002098,0.002098,0.002060,0.002060,0.002098,0.002098,0.002174,0.002060,0.002098,0.002098,0.002098,0.002098,0.002098,0.002136,0.002098,0.002098,0.002174,0.002251,0.002174,0.002136,0.002174,0.002213,0.002136,0.002098,0.002136,0.002136,0.002174,0.002213,0.002174,0.002213,0.002174,0.002136,0.002136,0.002213,0.002174,0.002136,0.002098,0.002098,0.002136,0.002174,0.002098,0.002174,0.002136,0.002136,0.002098,0.002136,0.002136,0.002098,0.002060,0.002098,0.002098,0.002060,0.002022,0.002060,0.002060,0.002022,0.002098,0.002022,0.001984,0.001984,0.002060,0.002060,0.002022,0.002060,0.001984,0.002022,0.002022,0.001945,0.001984,0.001984,0.002022,0.001945,0.001984,0.001984,0.001984,0.001984,0.001945,0.001984,0.002022,0.002060,0.001984,0.001945,0.002060,0.001984,0.002022,0.001984,0.001984,0.002022,0.001984,0.002060,0.002022,0.002022,0.002060,0.002098,0.002060,0.002022,0.002022,0.001984,0.001984,0.002022,0.002060,0.002060,0.002022,0.002060,0.002022,0.002022,0.001984,0.002060,0.001984,0.002022,0.001984,0.002022,0.002022,0.002060,0.002060,0.002060,0.001984,0.002060,0.002022,0.002022,0.002022,0.002022,0.002060,0.001984,0.002060,0.002022,0.002060,0.002060,0.002060,0.002022,0.002022,0.002022,0.002022,0.002060,0.002060,0.002060,0.002060,0.002022,0.002060,0.002060,0.002098,0.002098,0.002098,0.002098,0.002136,0.002174,0.002174,0.002136,0.002098,0.002213,0.002289,0.002213,0.002174,0.002251,0.002251,0.002251,0.002251,0.002251,0.002289,0.002289,0.002289,0.002327,0.002289,0.002289,0.002327,0.002289,0.002365,0.002289,0.002289,0.002289,0.002251,0.002251,0.002251,0.002213,0.002251,0.002213,0.002136,0.002174,0.002213,0.002213,0.002174,0.002136,0.002174,0.002136,0.002060,0.002098,0.002060,0.002060,0.002098,0.002098,0.002060,0.002022,0.001984,0.002022,0.002022,0.002060,0.001984,0.002022,0.002060,0.001984,0.002022,0.002060,0.002060,0.002060,0.002098,0.002136,0.002060,0.002022,0.002060,0.002060,0.002098,0.002060,0.002136,0.002098,0.002060,0.002098,0.002060,0.002022,0.002060,0.002098,0.002136,0.002098,0.002098,0.002098,0.002136,0.002174,0.002136,0.002174,0.002174,0.002136,0.002136,0.002174,0.002174,0.002174,0.002174,0.002213,0.002174,0.002174,0.002213,0.002251,0.002213,0.002289,0.002213,0.002251,0.002213,0.002251,0.002251,0.002213,0.002251,0.002251,0.002213,0.002213,0.002174,0.002136,0.002136,0.002174,0.002136,0.002136,0.002098,0.002136,0.002060,0.002060,0.002022,0.002060,0.002022,0.002060,0.001984,0.001984,0.001984,0.001984,0.001984,0.002022,0.002060,0.001984,0.001984,0.002022,0.001945,0.002022,0.001984,0.002022,0.001984,0.002022,0.002060,0.001984,0.002022,0.002022,0.001984,0.001945,0.001984,0.001984,0.002022,0.001984,0.002022,0.002060,0.002060,0.002060,0.002022,0.002022,0.002060,0.002060,0.002098,0.002136,0.002174,0.002136,0.002136,0.002136,0.002174,0.002213,0.002174,0.002136,0.002174,0.002174,0.002174,0.002136,0.002136,0.002174,0.002136,0.002136,0.002060,0.002098,0.002060,0.002098,0.002060,0.002022,0.002022,0.002060,0.002022,0.001984,0.002022,0.002022,0.001984,0.001984,0.001984,0.001945,0.001869,0.001945,0.001984,0.001907,0.001869,0.001907,0.001984,0.001984,0.001945,0.001984,0.002022,0.001984,0.002022,0.002060,0.002098,0.002060,0.002098,0.002136,0.002136,0.002174,0.002136,0.002174,0.002213,0.002174,0.002174,0.002251,0.002251,0.002251,0.002251,0.002251,0.002289,0.002289,0.002289,0.002289,0.002251,0.002289,0.002251,0.002213,0.002289,0.002213,0.002251,0.002251,0.002251,0.002289,0.002251,0.002174,0.002213,0.002251,0.002289,0.002251,0.002213,0.002251,0.002251,0.002213,0.002251,0.002251,0.002289,0.002251,0.002289,0.002289,0.002289,0.002327,0.002251,0.002213,0.002251,0.002213,0.002174,0.002136,0.002213,0.002251,0.002213,0.002251,0.002251,0.002213,0.002213,0.002213,0.002251,0.002213,0.002251,0.002251,0.002251,0.002327,0.002289,0.002251,0.002251,0.002289,0.002251,0.002251,0.002289,0.002289,0.002251,0.002213,0.002289,0.002251,0.002289,0.002251,0.002213,0.002213,0.002251,0.002251,0.002213,0.002213,0.002213,0.002251,0.002213,0.002213,0.002213,0.002213,0.002174,0.002136,0.002174,0.002136,0.002174,0.002136,0.002060,0.002098,0.002098,0.002136,0.002060,0.002136,0.002098,0.002136,0.002098,0.002098,0.002060,0.002060,0.002098,0.002060,0.002060,0.002022,0.002022,0.002022,0.001984,0.002060,0.001984,0.001945,0.001869,0.001945,0.001907,0.001907,0.001869,0.001869,0.001907,0.001907,0.001907,0.001869,0.001869,0.001831,0.001831,0.001831,0.001831,0.001831,0.001907,0.001869,0.001869,0.001869,0.001869,0.001869,0.001945,0.001984,0.001907,0.001945,0.001945,0.001984,0.001984,0.001984,0.001984,0.001984,0.002022,0.002060,0.002098,0.002060,0.002060,0.002060,0.002060,0.002022,0.002022,0.002060,0.002022,0.002060,0.002060,0.002060,0.002060,0.002060,0.002098,0.002098,0.002098,0.002098,0.002136,0.002098,0.002136,0.002136,0.002213,0.002136,0.002213,0.002174,0.002174,0.002213,0.002251,0.002251,0.002251,0.002213,0.002213,0.002251,0.002251,0.002213,0.002213,0.002251,0.002174,0.002174,0.002213,0.002136,0.002136,0.002174,0.002136,0.002098,0.002098,0.002060,0.002098,0.002098,0.002060,0.002022,0.002022,0.002022,0.001984,0.002022,0.002022,0.002060,0.001984,0.001945,0.001945,0.001907,0.001984,0.001907,0.001945,0.001945,0.001984,0.001945,0.001945,0.001945,0.001984,0.001945,0.001984,0.002022,0.001984,0.001984,0.001984,0.001984,0.001945,0.001945,0.001907,0.001907,0.001945,0.001907,0.001945,0.001945,0.001945,0.001945,0.001907,0.001945,0.001945,0.001907,0.001945,0.001945,0.002022,0.001984,0.001945,0.001945,0.002022,0.001945,0.002022,0.002060,0.002022,0.002060,0.002022,0.002060,0.002136,0.002098,0.002136,0.002060,0.002098,0.002136,0.002136,0.002174,0.002136,0.002136,0.002098,0.002098,0.002098,0.002136,0.002098,0.002098,0.002060,0.002060,0.002174,0.002098,0.002098,0.002060,0.002060,0.002098,0.002098,0.002098,0.002060,0.002098,0.002098,0.002098,0.002060,0.002098,0.002098,0.002174,0.002174,0.002136,0.002136,0.002174,0.002174,0.002098,0.002098,0.002098,0.002136,0.002136,0.002098,0.002098,0.002136,0.002136,0.002098,0.002098,0.002060,0.002098,0.002060,0.002060,0.002098,0.002060,0.002022,0.001984,0.001945,0.001984,0.002022,0.001945,0.001945,0.002022,0.002022,0.001984,0.001945,0.001984,0.001984,0.001984,0.001907,0.001984,0.001984,0.001945,0.001869,0.001945,0.001984,0.001984,0.001945,0.001907,0.001984,0.001984,0.002022,0.001945,0.001984,0.002022,0.002022,0.002022,0.002022,0.002060,0.002060,0.002060
19,19:00:00.000,12/31/1903,0.000000,0.100000,UNKNOWN,1,0/0,0.000000,0.000000,0.000000,0.000000,0.000000,0.000000,0.000000,0.000000,0,0,0,0,0.002136,0.002174,0.002136,0.002174,0.002174,0.002174,0.002136,0.002174,0.002174,0.002174,0.002213,0.002213,0.002098,0.002136,0.002174,0.002174,0.002136,0.002174,0.002174,0.002098,0.002098,0.002136,0.002136,0.002098,0.002098,0.002060,0.002098,0.002098,0.002098,0.002098,0.002060,0.002098,0.002060,0.002098,0.002098,0.002098,0.002098,0.002098,0.002174,0.002098,0.002098,0.002098,0.002136,0.002098,0.002060,0.002060,0.002060,0.002098,0.002060,0.002060,0.002098,0.002060,0.002060,0.002060,0.002022,0.002060,0.002022,0.001984,0.002098,0.002060,0.002060,0.002060,0.002060,0.002060,0.002022,0.002098,0.001945,0.002022,0.002022,0.002022,0.002060,0.001984,0.002060,0.001984,0.001984,0.001984,0.002022,0.002022,0.002060,0.002022,0.001984,0.002022,0.001984,0.001945,0.001984,0.002022,0.001984,0.002060,0.002022,0.002022,0.002022,0.002022,0.002022,0.001984,0.002022,0.002060,0.002022,0.002060,0.002022,0.002022,0.001984,0.002060,0.002022,0.002022,0.001984,0.002060,0.002022,0.001984,0.002022,0.002060,0.002060,0.002022,0.002022,0.002060,0.002060,0.002060,0.002022,0.002060,0.002022,0.002060,0.002098,0.002060,0.002060,0.002060,0.001984,0.002060,0.002098,0.002060,0.002060,0.002022,0.002022,0.002022,0.002060,0.002060,0.002060,0.002060,0.002136,0.002098,0.002060,0.002060,0.002098,0.002060,0.002022,0.002060,0.001984,0.002022,0.002022,0.002098,0.002098,0.002060,0.002060,0.002098,0.002098,0.002098,0.002098,0.002060,0.002060,0.002098,0.002098,0.002060,0.002098,0.002136,0.002098,0.002060,0.002098,0.002136,0.002060,0.002136,0.002136,0.002098,0.002136,0.002098,0.002060,0.002136,0.002136,0.002136,0.002136,0.002098,0.002098,0.002098,0.002174,0.002098,0.002136,0.002098,0.002136,0.002136,0.002136,0.002136,0.002098,0.002136,0.002174,0.002136,0.002098,0.002060,0.002060,0.002098,0.002098,0.002136,0.002136,0.002060,0.002060,0.002136,0.002136,0.002098,0.002098,0.002098,0.002098,0.002060,0.002098,0.002136,0.002098,0.002098,0.002136,0.002136,0.002060,0.002098,0.002136,0.002136,0.002098,0.002098,0.002136,0.002098,0.002136,0.002136,0.002098,0.002136,0.002174,0.002136,0.002098,0.002136,0.002136,0.002098,0.002098,0.002174,0.002136,0.002174,0.002136,0.002136,0.002136,0.002174,0.002136,0.002136,0.002174,0.002136,0.002136,0.002098,0.002174,0.002213,0.002136,0.002098,0.002174,0.002098,0.002136,0.002098,0.002136,0.002174,0.002174,0.002098,0.002098,0.002136,0.002136,0.002136,0.002136,0.002174,0.002098,0.002136,0.002136,0.002136,0.002174,0.002174,0.002136,0.002098,0.002098,0.002060,0.002098,0.002060,0.002022,0.002022,0.002098,0.002136,0.002136,0.002060,0.002060,0.002022,0.002098,0.002060,0.002060,0.002060,0.002060,0.002060,0.002022,0.002022,0.002060,0.002022,0.002060,0.002060,0.002022,0.002060,0.002022,0.002022,0.002060,0.002060,0.002022,0.002060,0.002022,0.002060,0.002022,0.002060,0.002022,0.002022,0.002022,0.001984,0.002022,0.002022,0.002022,0.002022,0.002022,0.002060,0.002060,0.002022,0.002022,0.002022,0.002022,0.002098,0.002098,0.002060,0.002022,0.002022,0.002022,0.001984,0.002022,0.001984,0.002022,0.001984,0.002022,0.002060,0.002098,0.002022,0.002060,0.001984,0.002022,0.002022,0.002098,0.002022,0.002060,0.002022,0.002022,0.002060,0.002098,0.001984,0.002022,0.002060,0.002098,0.002098,0.002022,0.001984,0.002060,0.002060,0.001984,0.002022,0.002022,0.002098,0.001984,0.002060,0.002022,0.002022,0.002060,0.002060,0.002022,0.002060,0.002022,0.002060,0.002060,0.002060,0.002022,0.002098,0.002022,0.002022,0.002060,0.002098,0.002098,0.002022,0.002060,0.002136,0.002098,0.002098,0.002098,0.002098,0.002098,0.002098,0.002022,0.002098,0.002098,0.002060,0.002060,0.002060,0.002098,0.002060,0.002136,0.002136,0.002174,0.002174,0.002098,0.002098,0.002174,0.002136,0.002098,0.002136,0.002098,0.002136,0.002098,0.002136,0.002136,0.002136,0.002098,0.002174,0.002136,0.002136,0.002136,0.002136,0.002174,0.002136,0.002136,0.002174,0.002174,0.002174,0.002174,0.002174,0.002213,0.002213,0.002136,0.002174,0.002174,0.002136,0.002174,0.002136,0.002136,0.002136,0.002174,0.002136,0.002136,0.002060,0.002098,0.002098,0.002136,0.002136,0.002060,0.002098,0.002136,0.002136,0.002136,0.002098,0.002136,0.002136,0.002098,0.002136,0.002136,0.002060,0.002022,0.002060,0.002022,0.002022,0.002060,0.002060,0.002060,0.002060,0.002098,0.002060,0.002060,0.002022,0.002060,0.002022,0.001984,0.001984,0.002060,0.002022,0.001984,0.002022,0.001984,0.001984,0.001984,0.001984,0.001945,0.001945,0.001984,0.001984,0.001984,0.001984,0.001945,0.002022,0.001984,0.001984,0.002022,0.002022,0.001945,0.001984,0.002022,0.001984,0.001984,0.001945,0.002022,0.002022,0.002022,0.001984,0.002022,0.001984,0.002022,0.002022,0.002022,0.001984,0.001945,0.001945,0.001907,0.001945,0.001984,0.002022,0.001984,0.001984,0.001984,0.002022,0.002022,0.002022,0.002022,0.001945,0.001984,0.002022,0.001945,0.002022,0.001984,0.002022,0.001984,0.001984,0.002022,0.002022,0.002022,0.002022,0.002098,0.002022,0.002060,0.002098,0.002098,0.002060,0.002022,0.002060,0.002098,0.002098,0.002098,0.002060,0.002098,0.002060,0.002060,0.002136,0.002098,0.002136,0.002136,0.002136,0.002098,0.002060,0.002136,0.002136,0.002136,0.002136,0.002174,0.002174,0.002098,0.002060,0.002136,0.002136,0.002136,0.002174,0.002174,0.002174,0.002174,0.002136,0.002136,0.002098,0.002098,0.002098,0.002098,0.002098,0.002174,0.002136,0.002098,0.002174,0.002136,0.002136,0.002098,0.002098,0.002136,0.002136,0.002060,0.002060,0.002098,0.002060,0.002098,0.002136,0.002098,0.002098,0.002136,0.002098,0.002098,0.002060,0.002098,0.002022,0.002022,0.002060,0.001984,0.002022,0.002022,0.002022,0.002060,0.002060,0.002136,0.001984,0.002060,0.002060,0.002060,0.002060,0.002022,0.002022,0.002060,0.002022,0.002022,0.002098,0.002098,0.002098,0.002060,0.002098,0.002060,0.002098,0.002060,0.002022,0.002060,0.002060,0.002060,0.002022,0.002060,0.002060,0.002098,0.002060,0.002060,0.002098,0.002098,0.002060,0.002060,0.002060,0.002060,0.002060,0.002136,0.002098,0.002060,0.002060,0.002022,0.002022,0.002098,0.002060,0.002060,0.002022,0.002022,0.002060,0.002022,0.002060,0.002060,0.001984,0.002060,0.001984,0.002060,0.001984,0.001984,0.002022,0.001984,0.002022,0.002060,0.002060,0.002060,0.002060,0.002022,0.002022,0.002098,0.002060,0.002022,0.002022,0.002022,0.002022,0.002022,0.002022,0.002022,0.002060,0.002060,0.002022,0.001945,0.001984,0.001984,0.001984,0.001945,0.001984,0.001945,0.001907,0.001907,0.001869,0.001907,0.001907,0.001869,0.001831,0.001831,0.001793,0.001755,0.001717,0.001755,0.001678,0.001717,0.001717,0.001640,0.001640,0.001640,0.001526,0.001526,0.001526,0.001488,0.001488,0.001488,0.001450,0.001488,0.001526,0.001526,0.001526,0.001602,0.001678,0.001793,0.001907,0.001984,0.002174,0.002403,0.002594,0.002861,0.003090,0.003319,0.003624,0.003967,0.004311,0.004616,0.004997,0.005302,0.005684,0.006027,0.006447,0.006714,0.006943,0.007210,0.007401,0.007515,0.007553,0.007515,0.007286,0.007019,0.006752,0.006371,0.005913,0.005379,0.004883,0.004349,0.003700,0.003128,0.002480,0.001945,0.001373,0.000763,0.000153,-0.000420,-0.001030,-0.001678,-0.002289,-0.002823,-0.003395,-0.003967,-0.004425,-0.004807,-0.005112,-0.005226,-0.005341,-0.005302,-0.005188,-0.004997,-0.004730,-0.004349,-0.003853,-0.003433,-0.002861,-0.002403,-0.001869,-0.001335,-0.000801,-0.000305,0.000038,0.000381,0.000801,0.001068,0.001373,0.001640,0.001831,0.001984,0.002136,0.002251,0.002365,0.002480,0.002480,0.002556,0.002708,0.002785,0.002823,0.002899,0.002937,0.002975,0.003052,0.003090,0.003204,0.003242,0.003319,0.003395,0.003433,0.003510,0.003662,0.003738,0.003853,0.003967,0.004082,0.004234,0.004272,0.004425,0.004539,0.004616,0.004692,0.004692,0.004730,0.004730,0.004692,0.004768,0.004654,0.004616,0.004578,0.004463,0.004387,0.004311,0.004158,0.004005,0.003929,0.003815,0.003662,0.003510,0.003395,0.003281,0.003204,0.003014,0.002937,0.002861,0.002670,0.002632,0.002556,0.002441,0.002403,0.002289,0.002174,0.002174,0.002098,0.002060,0.002022,0.001945,0.001907,0.001869,0.001831,0.001869,0.001793,0.001717,0.001793,0.001755,0.001793,0.001831,0.001793,0.001869,0.001945,0.002022,0.001984,0.001984,0.002060,0.002022,0.002060,0.002098,0.002098,0.002098,0.001984,0.001984,0.001907,0.001869,0.001831,0.001793,0.001831,0.001793,0.001755,0.001717,0.001755,0.001717,0.001755,0.001678,0.001717,0.001678,0.001717,0.001640,0.001526,0.001488,0.001526,0.001450,0.001411,0.001450,0.001450,0.001450,0.001526,0.001488,0.001526,0.001602,0.001678,0.001717,0.001793,0.001869,0.001831,0.001869,0.001869,0.001907,0.001945,0.001869,0.001869,0.001869,0.001755,0.001831,0.001831,0.001793,0.001831,0.001869,0.001869,0.001869,0.001945,0.001907,0.001984,0.001984,0.001984,0.001907,0.001945,0.001984,0.001945,0.001984,0.001907,0.001869,0.001869,0.001869,0.001907,0.001907,0.001869,0.001793,0.001869,0.001907,0.001869,0.001945,0.001984,0.002022,0.002098,0.002174,0.002213,0.002327,0.002365,0.002441,0.002480,0.002556,0.002594,0.002594,0.002594,0.002632,0.002632,0.002594,0.002518,0.002441,0.002365,0.002327,0.002213,0.002136,0.002060,0.002022,0.001907,0.001945,0.001907,0.001793,0.001793,0.001793,0.001869,0.001831,0.001869,0.001907,0.001907,0.001907,0.001907,0.001907,0.001869,0.001869,0.001869,0.001793,0.001717,0.001640,0.001602,0.001602,0.001564,0.001526,0.001488,0.001450,0.001450,0.001411,0.001411,0.001411,0.001411,0.001411,0.001373,0.001373,0.001411,0.001411,0.001450,0.001411,0.001450,0.001450,0.001564,0.001526,0.001640,0.001640,0.001717,0.001755,0.001831,0.001907,0.002022,0.002060,0.002136,0.002251,0.002327,0.002365,0.002403,0.002518,0.002556,0.002632,0.002670,0.002708,0.002747,0.002785,0.002785,0.002823,0.002861,0.002823,0.002747,0.002747,0.002785,0.002747,0.002708,0.002632,0.002670,0.002670,0.002670,0.002632,0.002632,0.002632,0.002632,0.002594,0.002632,0.002594,0.002518,0.002518,0.002556,0.002518,0.002480,0.002403,0.002327,0.002327,0.002289,0.002213,0.002251,0.002213,0.002174,0.002174,0.002213,0.002174,0.002174,0.002136,0.002136,0.002136,0.002213,0.002174,0.002136,0.002136,0.002136,0.002136,0.002136,0.002136,0.002098,0.002098,0.002098,0.002060,0.002098,0.002098,0.002136,0.002098,0.002098,0.002136,0.002136,0.002174,0.002136,0.002251,0.002327,0.002365,0.002403,0.002403,0.002441,0.002480,0.002556,0.002594,0.002670,0.002670,0.002670,0.002632,0.002670,0.002594,0.002518,0.002518,0.002480,0.002403,0.002327,0.002289,0.002213,0.002174,0.002060,0.002022,0.001984,0.001945,0.001869,0.001831,0.001793,0.001717,0.001678,0.001678,0.001717,0.001755,0.001717,0.001755,0.001793,0.001869,0.001907,0.001907,0.001984,0.002060,0.002098,0.002098,0.002136,0.002136,0.002174,0.002213,0.002174,0.002098,0.002213,0.002213,0.002136,0.002098,0.002060,0.002098,0.002098,0.001984,0.001945,0.001907,0.001869,0.001907,0.001793,0.001793,0.001831,0.001755,0.001755,0.001678,0.001602,0.001640,0.001640,0.001564,0.001564,0.001564,0.001602,0.001602,0.001564,0.001526,0.001526,0.001602,0.001640,0.001678,0.001717,0.001793,0.001755,0.001755,0.001793,0.001831,0.001907,0.001907,0.001945,0.001945,0.002022,0.002022,0.002060,0.002060,0.002022,0.002060,0.002098,0.002060,0.002136,0.002174,0.002174,0.002174,0.002174,0.002174,0.002174,0.002136,0.002174,0.002174,0.002213,0.002251,0.002251,0.002213,0.002174,0.002213,0.002213,0.002174,0.002213,0.002213,0.002174,0.002136,0.002136,0.002098,0.002174,0.002174,0.002174,0.002136,0.002136,0.002174,0.002174,0.002174,0.002174,0.002251,0.002213,0.002213,0.002174,0.002251,0.002213,0.002213,0.002213,0.002251,0.002174,0.002136,0.002136,0.002060,0.002098,0.002136,0.002022,0.002098,0.002022,0.002022,0.001945,0.001869,0.001945,0.001907,0.001831,0.001831,0.001831,0.001793,0.001717,0.001755,0.001678,0.001640,0.001678,0.001717,0.001717,0.001678,0.001678,0.001640,0.001678,0.001678,0.001640,0.001717,0.001717,0.001717,0.001717,0.001755,0.001793,0.001831,0.001831,0.001907,0.001945,0.001945,0.001984,0.002060,0.002098,0.002174,0.002213,0.002289,0.002289,0.002289,0.002327,0.002365,0.002365,0.002365,0.002403,0.002403,0.002403,0.002441,0.002480,0.002480,0.002441,0.002480,0.002480,0.002480,0.002556,0.002518,0.002556,0.002594,0.002518,0.002518,0.002441,0.002480,0.002441,0.002480,0.002441,0.002480,0.002480,0.002441,0.002403,0.002365,0.002403,0.002327,0.002289,0.002327,0.002251,0.002174,0.002174,0.002174,0.002136,0.002022,0.002022,0.002060,0.001984,0.001945,0.001907,0.001984,0.001945,0.001907,0.001984,0.002022,0.002098,0.002060,0.002060,0.002098,0.002174,0.002213,0.002213,0.002213,0.002213,0.002289,0.002289,0.002251,0.002289,0.002289,0.002327,0.002365,0.002289,0.002327,0.002289,0.002251,0.002251,0.002251,0.002174,0.002174,0.002136,0.002060,0.002060,0.002022,0.002022,0.001945,0.001945,0.001869,0.001907,0.001869,0.001869,0.001793,0.001755,0.001831,0.001755,0.001755,0.001717,0.001717,0.001755,0.001755,0.001755,0.001793,0.001755,0.001755,0.001717,0.001755,0.001755,0.001793,0.001831,0.001755,0.001755,0.001717,0.001755,0.001755,0.001793,0.001755,0.001717,0.001717,0.001755,0.001717,0.001793,0.001717,0.001793,0.001793,0.001755,0.001717,0.001755,0.001793,0.001831,0.001831,0.001945,0.001984,0.001984,0.001984,0.002022,0.002098,0.002060,0.002136,0.002136,0.002174,0.002213,0.002213,0.002213,0.002251,0.002289,0.002289,0.002289,0.002327,0.002289,0.002289,0.002289,0.002251,0.002213,0.002251,0.002213,0.002174,0.002174,0.002174,0.002098,0.002174,0.002136,0.002136,0.002060,0.002136,0.002060,0.002060,0.002060,0.002060,0.002022,0.002136,0.002136,0.002022,0.002098,0.002098,0.002098,0.002060,0.002098,0.002060,0.002060,0.002136,0.002098,0.002136,0.002098,0.002060,0.002098,0.002136,0.002098,0.002060,0.002098,0.002136,0.002098,0.002098,0.002098,0.002098,0.002098,0.002174,0.002136,0.002136,0.002136,0.002174,0.002136,0.002174,0.002213,0.002174,0.002213,0.002213,0.002213,0.002213,0.002136,0.002174,0.002098,0.002098,0.002136,0.002136,0.002136,0.002098,0.002060,0.002060,0.002060,0.002022,0.002022,0.002022,0.001984,0.002022,0.002022,0.002060,0.002060,0.002060,0.002060,0.002022,0.002060,0.002060,0.002022,0.002060,0.002060,0.002060,0.002060,0.002060,0.002060,0.002098,0.002136,0.002022,0.002136,0.002174,0.002136,0.002136,0.002174,0.002174,0.002174,0.002136,0.002174,0.002213,0.002174,0.002174,0.002213,0.002136,0.002136,0.002098,0.002060,0.002022,0.002022,0.002060,0.002022,0.001945,0.001945,0.001984,0.001945,0.001945,0.001907,0.001907,0.001869,0.001869,0.001869,0.001831,0.001869,0.001907,0.001869,0.001945,0.001945,0.001984,0.001984,0.001945,0.002022,0.001984,0.001984,0.002098,0.002098,0.002060,0.002060,0.002098,0.002098,0.002098,0.002098,0.002060,0.002098,0.002098,0.002098,0.002098,0.002060,0.002098,0.002098,0.002098,0.002022,0.002060,0.002060,0.002060,0.002022,0.001984,0.002022,0.002022,0.002022,0.002022,0.001984,0.001907,0.001984,0.001869,0.001869,0.001869,0.001869,0.001907,0.001907,0.001907,0.001907,0.001945,0.001945,0.001945,0.001984,0.001984,0.001984,0.002022,0.002022,0.002060,0.002060,0.002098,0.002136,0.002174,0.002136,0.002136,0.002174,0.002213,0.002213,0.002289,0.002213,0.002289,0.002289,0.002251,0.002289,0.002251,0.002327,0.002251,0.002289,0.002289,0.002327,0.002251,0.002251,0.002289,0.002289,0.002327,0.002289,0.002251,0.002251,0.002213,0.002251,0.002251,0.002213,0.002213,0.002174,0.002213,0.002174,0.002136,0.002136,0.002136,0.002098,0.002174,0.002136,0.002136,0.002098,0.002060,0.002060,0.002022,0.002022,0.002022,0.002060,0.002022,0.001984,0.002022,0.002022,0.002022,0.002060,0.002098,0.002213,0.002136,0.002174,0.002174,0.002136,0.002251,0.002327,0.002365,0.002403,0.002403,0.002480,0.002480,0.002594,0.002556,0.002594,0.002594,0.002632,0.002670,0.002670,0.002670,0.002708,0.002747,0.002708,0.002670,0.002670,0.002632,0.002594,0.002594,0.002556,0.002518,0.002480,0.002480,0.002403,0.002365,0.002403,0.002289,0.002251,0.002251,0.002174,0.002174,0.002098,0.002022,0.002022,0.001945,0.001907,0.001831,0.001755,0.001678,0.001564,0.001526,0.001411,0.001297,0.001183,0.001144,0.001068,0.000992,0.000916,0.000954,0.000839,0.000877,0.000877,0.000916,0.000954,0.001030,0.001144,0.001221,0.001335,0.001373,0.001488,0.001526,0.001640,0.001717,0.001831,0.001907,0.002022,0.002098,0.002136,0.002213,0.002289,0.002289,0.002251,0.002365,0.002327,0.002365,0.002403,0.002327,0.002327,0.002327,0.002327,0.002289,0.002213,0.002213,0.002213,0.002213,0.002174,0.002174,0.002213,0.002136,0.002174,0.002213,0.002213,0.002174,0.002251,0.002289,0.002289,0.002327,0.002327,0.002365,0.002403,0.002403,0.002480,0.002518,0.002480,0.002556,0.002518,0.002518,0.002556,0.002594,0.002556,0.002480,0.002441,0.002403,0.002403,0.002365,0.002327,0.002289,0.002251,0.002213,0.002174,0.002136,0.002136,0.002022,0.001984,0.002022,0.002022,0.002022,0.001945,0.002022,0.001984,0.001945,0.001984,0.001907,0.001945,0.001907,0.001984,0.001945,0.001907,0.001945,0.001945,0.001907,0.001945,0.001907,0.002022,0.001945,0.002022,0.001945,0.001984,0.001984,0.001984,0.002022,0.001907,0.001984,0.001984,0.001869,0.001945,0.001984,0.001945,0.001945,0.001984,0.002022,0.001984,0.001984,0.002022,0.002022,0.002060,0.002022,0.001984,0.002022,0.001984,0.001984,0.002022,0.002022,0.002022,0.002022,0.002060,0.002060,0.002098,0.002060,0.002098,0.002098,0.002174,0.002136,0.002174,0.002213,0.002213,0.002251,0.002251,0.002289,0.002289,0.002327,0.002327,0.002365,0.002327,0.002365,0.002403,0.002365,0.002365,0.002327,0.002289,0.002327,0.002365,0.002327,0.002289,0.002327,0.002289,0.002251,0.002289,0.002251,0.002251,0.002251,0.002213,0.002174,0.002213,0.002174,0.002136,0.002060,0.002060,0.002060,0.002098,0.002098,0.002098,0.002060,0.002098,0.002098,0.002098,0.002060,0.002060,0.002022,0.002098,0.002098,0.002098,0.002136,0.002098,0.002136,0.002174,0.002174,0.002213,0.002174,0.002251,0.002251,0.002213,0.002251,0.002251,0.002289,0.002289,0.002289,0.002365,0.002365,0.002327,0.002365,0.002403,0.002403,0.002365,0.002403,0.002365,0.002327,0.002327,0.002289,0.002251,0.002289,0.002251,0.002136,0.002174,0.002136,0.002098,0.002098,0.001984,0.002022,0.001984,0.001945,0.001984,0.001907,0.001945,0.001869,0.001869,0.001869,0.001831,0.001831,0.001793,0.001793,0.001831,0.001793,0.001831,0.001755,0.001755,0.001793,0.001831,0.001755,0.001755,0.001793,0.001717,0.001793,0.001831,0.001831,0.001793,0.001793,0.001869,0.001907,0.001907,0.001869,0.001907,0.001945,0.001907,0.001907,0.001984,0.001984,0.001984,0.001984,0.001984,0.002022,0.002022,0.002060,0.002060,0.002060,0.002136,0.002060,0.002098,0.002174,0.002136,0.002174,0.002174,0.002174,0.002213,0.002174,0.002174,0.002136,0.002174,0.002174,0.002213,0.002174,0.002136,0.002098,0.002098,0.002136,0.002060,0.002098,0.002060,0.002098,0.002060,0.002060,0.002098,0.002060,0.002022,0.002060,0.002098,0.002060,0.002174,0.002174,0.002136,0.002136,0.002098,0.002098,0.002098,0.002136,0.002136,0.002174,0.002174,0.002098,0.002136,0.002060,0.002060,0.002022,0.002060,0.002098,0.002060,0.002022,0.002022,0.001945,0.001945,0.001945,0.001945,0.001869,0.001907,0.001907,0.001869,0.001907,0.001984,0.001869,0.001869,0.001831,0.001869,0.001907,0.001945,0.001907,0.001907,0.001907,0.001945,0.001984,0.001984,0.001984,0.002022,0.002022,0.002022,0.001984,0.002060,0.002060,0.002060,0.002060,0.002060,0.002098,0.002098,0.002060,0.002098,0.002098,0.002022,0.002136,0.002060,0.002060,0.002098,0.002022,0.002060,0.002060,0.002022,0.002060,0.002022,0.002022,0.001984,0.002022,0.002022,0.002060,0.002098,0.002098,0.002060,0.002060,0.002060,0.002136,0.002136,0.002136,0.002174,0.002213,0.002213,0.002251,0.002251,0.002251,0.002251,0.002251,0.002251,0.002251,0.002251,0.002251,0.002213,0.002251,0.002365,0.002289,0.002289,0.002213,0.002174,0.002213,0.002136,0.002136,0.002136,0.002136,0.002098,0.002136,0.002136,0.002098,0.002060,0.002098,0.002098,0.002022,0.002060,0.002098,0.002098,0.002098,0.002060,0.002022,0.002060,0.002060,0.002060,0.002098,0.002098,0.002136,0.002098,0.002136,0.002136,0.002174,0.002213,0.002213,0.002213,0.002251,0.002251,0.002251,0.002289,0.002251,0.002327,0.002327,0.002289,0.002289,0.002289,0.002289,0.002251,0.002251,0.002251,0.002213,0.002251,0.002251,0.002213,0.002213,0.002174,0.002136,0.002136,0.002136,0.002136,0.002098,0.002060,0.002060,0.002022,0.001984,0.001945,0.001869,0.001945,0.001907,0.001869,0.001831,0.001869,0.001831,0.001793,0.001793,0.001755,0.001678,0.001755,0.001717,0.001678,0.001717,0.001717,0.001717,0.001717,0.001678,0.001678,0.001640,0.001678,0.001717,0.001717,0.001717,0.001678,0.001717,0.001717,0.001678,0.001755,0.001717,0.001717,0.001717,0.001793,0.001755,0.001717,0.001793,0.001831,0.001831,0.001755,0.001793,0.001831,0.001793,0.001831,0.001869,0.001907,0.001869,0.001945,0.001984,0.001984,0.001984,0.001984,0.002060,0.002098,0.002060,0.002136,0.002136,0.002136,0.002174,0.002174,0.002213,0.002213,0.002213,0.002289,0.002289,0.002327,0.002289,0.002289,0.002327,0.002327,0.002365,0.002327,0.002327,0.002365,0.002365,0.002403,0.002365,0.002327,0.002365,0.002327,0.002327,0.002289,0.002289,0.002289,0.002251,0.002251,0.002213,0.002251,0.002251,0.002174,0.002174,0.002174,0.002098,0.002098,0.002098,0.002098,0.002098,0.002060,0.002022,0.002060,0.002022,0.001984,0.002022,0.002022,0.001984,0.001984,0.001984,0.001907,0.001945,0.001984,0.002022,0.002098,0.002060,0.001984,0.002060,0.002022,0.002022,0.002022,0.001984,0.002022,0.001984,0.001984,0.002022,0.001945,0.001984,0.001907,0.001907,0.001945,0.001907,0.001945,0.001945,0.001945,0.001907,0.001984,0.001945,0.001907,0.001945,0.001907,0.001984,0.001945,0.001984,0.001984,0.001984,0.001984,0.001984,0.002022,0.002022,0.002022,0.002098,0.002060,0.002098,0.002213,0.002136,0.002098,0.002098,0.002174,0.002098,0.002098,0.002098,0.002136,0.002060,0.002098,0.002060,0.002098,0.002136,0.002098,0.002098,0.002098,0.002022,0.002022,0.002098,0.002098,0.002098,0.002136,0.002098,0.002060,0.002060,0.002098,0.002098,0.002136,0.002174,0.002213,0.002213,0.002174,0.002213,0.002174,0.002213,0.002213,0.002213,0.002213,0.002251,0.002213,0.002251,0.002174,0.002174,0.002136,0.002174,0.002136,0.002136,0.002174,0.002136,0.002098,0.002136,0.002213,0.002213,0.002213,0.002136,0.002174,0.002136,0.002136,0.002136,0.002098,0.002136,0.002098,0.002060,0.002098,0.002136,0.002136,0.002098,0.002136,0.002136,0.002136,0.002136,0.002098,0.002136,0.002060,0.002060,0.002098,0.002022,0.002098,0.002098,0.002060,0.002022,0.002022,0.002022,0.001945,0.002022,0.001984,0.002022,0.001984,0.001945,0.001945,0.001984,0.001869,0.001907,0.001907,0.001907,0.001945,0.001945,0.001945,0.001907,0.001945,0.001945,0.001907,0.001945,0.001907,0.001869,0.001907,0.001984,0.001945,0.001945,0.001984,0.001907,0.001907,0.001945,0.001907,0.001907,0.001945,0.001945,0.001907,0.001984,0.001984,0.001907,0.001945,0.001984,0.001984,0.002060,0.002022,0.002060,0.002060,0.002098,0.002060,0.002098,0.002136,0.002098,0.002136,0.002136,0.002098,0.002136,0.002174,0.002136,0.002213,0.002213,0.002174,0.002174,0.002174,0.002213,0.002174,0.002098,0.002136,0.002136,0.002213,0.002174,0.002174,0.002174,0.002174,0.002174,0.002136,0.002136,0.002136,0.002098,0.002098,0.002060,0.002136,0.002098,0.002136,0.002174,0.002098,0.002136,0.002174,0.002136,0.002136,0.002174,0.002174,0.002136,0.002136,0.002174,0.002136,0.002174,0.002098,0.002174,0.002136,0.002174,0.002213,0.002174,0.002251,0.002174,0.002251,0.002213,0.002174,0.002174,0.002174,0.002174,0.002213,0.002213,0.002174,0.002136,0.002174,0.002174,0.002174,0.002136,0.002136,0.002098,0.002098,0.002060,0.002098,0.002098,0.002174,0.002098,0.002098,0.002136,0.002136,0.002136,0.002136,0.002136,0.002136,0.002136,0.002174,0.002174,0.002174,0.002136,0.002136,0.002174,0.002060,0.002098,0.002098,0.002098,0.002174,0.002060,0.002098,0.002098,0.002136,0.002136,0.002136,0.002136,0.002174,0.002136,0.002098,0.002136,0.002136,0.002136,0.002136,0.002136,0.002098,0.002174,0.002136,0.002136,0.002136,0.002174,0.002213,0.002251,0.002174,0.002136,0.002136,0.002136,0.002136,0.002098,0.002098,0.002136,0.002098,0.002022,0.002136,0.002060,0.001984,0.001984,0.002060,0.002022,0.002022,0.001984,0.002060,0.002022,0.002022,0.002060,0.002022,0.001984,0.002060,0.002022,0.002022,0.002022,0.002060,0.002060,0.002060,0.002022,0.002060,0.002022,0.002060,0.002136,0.002060,0.002098,0.002174,0.002136,0.002213,0.002174,0.002213,0.002213,0.002251,0.002251,0.002289,0.002327,0.002327,0.002365,0.002365,0.002365,0.002365,0.002365,0.002403,0.002441,0.002365,0.002441,0.002403,0.002403,0.002327,0.002327,0.002327,0.002213,0.002213,0.002213,0.002174,0.002136,0.002098,0.002098,0.002060,0.002022,0.001984,0.001945,0.001907,0.001869,0.001907,0.001869,0.001831,0.001793,0.001831,0.001831,0.001793,0.001793,0.001793,0.001831,0.001831,0.001831,0.001869,0.001869,0.001907,0.001945,0.001945,0.001984,0.002060,0.002022,0.002060,0.002022,0.002098,0.002060,0.002022,0.002098,0.002098,0.002022,0.002022,0.002022,0.002060,0.001984,0.002022,0.001984,0.001984,0.001984,0.001984,0.001984,0.002022,0.002022,0.001984,0.001984,0.002022,0.002022,0.002022,0.002060,0.002060,0.002060,0.002098,0.002136,0.002098,0.002136,0.002136,0.002174,0.002174,0.002213,0.002174,0.002213,0.002251,0.002251,0.002213,0.002251,0.002289,0.002251,0.002289,0.002289,0.002213,0.002251,0.002251,0.002251,0.002251,0.002289,0.002251,0.002251,0.002251,0.002251,0.002213,0.002251,0.002213,0.002213,0.002213,0.002251,0.002213,0.002251,0.002289,0.002289,0.002289,0.002289,0.002289,0.002289,0.002289,0.002251,0.002251,0.002289,0.002251,0.002213,0.002213,0.002174,0.002213,0.002136,0.002136,0.002098,0.002098,0.002060,0.002060,0.002022,0.001984,0.001984,0.001984,0.001907,0.001869,0.001831,0.001869,0.001831,0.001831,0.001831,0.001831,0.001755,0.001831,0.001755,0.001793,0.001755,0.001755,0.001755,0.001755,0.001793,0.001793,0.001793,0.001793,0.001831,0.001869,0.001869,0.001869,0.001907,0.001945,0.001945,0.001945,0.001945,0.001945,0.001945,0.002022,0.001984,0.002022,0.002060,0.002022,0.002060,0.002022,0.002098,0.002098,0.002022,0.002060,0.002060,0.002098,0.002022,0.002060,0.002136,0.002098,0.002098,0.002098,0.002060,0.002098,0.002060,0.002060,0.002060,0.002136,0.002136,0.002060,0.002098,0.002098,0.002098,0.002060,0.002098,0.002060,0.002060,0.002060,0.002136,0.002098,0.002098,0.002098,0.002136,0.002136,0.002174,0.002174,0.002136,0.002174,0.002174,0.002136,0.002098,0.002136,0.002213,0.002213,0.002213,0.002174,0.002251,0.002213,0.002213,0.002174,0.002136,0.002174,0.002251,0.002213,0.002251,0.002251,0.002174,0.002251,0.002213,0.002251,0.002251,0.002136,0.002174,0.002098,0.002098,0.002098,0.002098,0.002098,0.002060,0.002060,0.001984,0.002022,0.002022,0.001984,0.001984,0.001984,0.002022,0.002022,0.002022,0.002022,0.002022,0.002022,0.002060,0.002060,0.002060,0.002098,0.002174,0.002098,0.002136,0.002098,0.002136,0.002136,0.002136,0.002060,0.002098,0.002060,0.002060,0.002060,0.002022,0.002022,0.001984,0.001945,0.001907,0.001907,0.001945,0.001907,0.001869,0.001869,0.001869,0.001793,0.001793,0.001869,0.001831,0.001869,0.001907,0.001869,0.001907,0.001945,0.001945,0.001984,0.001984,0.001984,0.002060,0.002060,0.002098,0.002136,0.002098,0.002174,0.002174,0.002136,0.002136,0.002136,0.002174,0.002174,0.002174,0.002174,0.002098,0.002060,0.002060,0.002098,0.002098,0.002060,0.002022,0.002022,0.002022,0.002060,0.002022,0.001945,0.001984,0.002022,0.001984,0.001984,0.002022,0.002022,0.001945,0.001984,0.001984,0.002022,0.002060,0.002022,0.001984,0.002022,0.002136,0.002060,0.002022,0.002098,0.002060,0.002098,0.002136,0.002098,0.002136,0.002136,0.002174,0.002136,0.002251,0.002213,0.002213,0.002251,0.002251,0.002289,0.002251,0.002251,0.002289,0.002289,0.002289,0.002327,0.002327,0.002251,0.002251,0.002289,0.002251,0.002251,0.002251,0.002251,0.002251,0.002213,0.002213,0.002136,0.002098,0.002136,0.002136,0.002136,0.002098,0.002098,0.002060,0.002022,0.002060,0.001984,0.002060,0.002022,0.002022,0.002022,0.001984,0.002060,0.002060,0.001984,0.002022,0.002022,0.001984,0.002022,0.001984,0.001984,0.001984,0.001984,0.001945,0.001984,0.001984,0.001945,0.001907,0.001907,0.001907,0.001869,0.001831,0.001831,0.001793,0.001793,0.001831,0.001831,0.001793,0.001793,0.001793,0.001793,0.001831,0.001831,0.001831,0.001869,0.001831,0.001831,0.001907,0.001869,0.001793,0.001869,0.001907,0.001907,0.001907,0.001907,0.001907,0.001945,0.001907,0.001907,0.001945,0.001907,0.001945,0.001984,0.001945,0.001945,0.001945,0.001984,0.001907,0.001907,0.001945,0.001945,0.001984,0.001907,0.001907,0.001907,0.001984,0.001945,0.001945,0.001984,0.001945,0.002022,0.001945,0.001945,0.002022,0.001984,0.001984,0.002022,0.002022,0.002060,0.002060,0.001984,0.002098,0.002136,0.002098,0.002098,0.002136,0.002136,0.002098,0.002174,0.002174,0.002174,0.002174,0.002136,0.002213,0.002213,0.002251,0.002251,0.002289,0.002289,0.002289,0.002327,0.002327,0.002365,0.002289,0.002327,0.002289,0.002365,0.002365,0.002403,0.002403,0.002403,0.002403,0.002403,0.002403,0.002327,0.002327,0.002365,0.002403,0.002365,0.002289,0.002251,0.002251,0.002251,0.002213,0.002136,0.002098,0.002060,0.002098,0.002022,0.001984,0.002022,0.001945,0.001869,0.001831,0.001793,0.001831,0.001793,0.001793,0.001755,0.001755,0.001755,0.001717,0.001755,0.001793,0.001793,0.001831,0.001755,0.001831,0.001793,0.001793,0.001831,0.001831,0.001831,0.001869,0.001869,0.001831,0.001869,0.001907,0.001945,0.001945,0.001907,0.002022,0.002022,0.002022,0.002098,0.002022,0.002060,0.002098,0.002098,0.002060,0.002098,0.002136,0.002136,0.002136,0.002174,0.002136,0.002174,0.002213,0.002213,0.002289,0.002213,0.002251,0.002251,0.002251,0.002327,0.002327,0.002289,0.002289,0.002289,0.002289,0.002251,0.002251,0.002289,0.002251,0.002289,0.002289,0.002327,0.002327,0.002251,0.002289,0.002251,0.002289,0.002251,0.002289,0.002289,0.002251,0.002289,0.002289,0.002289,0.002251,0.002251,0.002251,0.002289,0.002213,0.002213,0.002213,0.002213,0.002136,0.002213,0.002213,0.002251,0.002136,0.002213,0.002174,0.002136,0.002136,0.002136,0.002213,0.002174,0.002136,0.002136,0.002174,0.002098,0.002098,0.002098,0.002098,0.002136,0.002098,0.002098,0.002136,0.002098,0.002022,0.002022,0.002022,0.001984,0.002060,0.002022,0.001984,0.002022,0.001945,0.001984,0.001945,0.001945,0.001869,0.001945,0.001945,0.001869,0.001831,0.001869,0.001945,0.001869,0.001945,0.001945,0.001907,0.001945,0.001945,0.001907,0.001984,0.001945,0.001945,0.001945,0.001945,0.001984,0.001984,0.001984,0.002022,0.001984,0.002022,0.001984,0.002022,0.002022,0.002022,0.002022,0.001984,0.002060,0.001984,0.002060,0.002060,0.002022,0.002060,0.002022,0.002060,0.002174,0.002136,0.002136,0.002136,0.002174,0.002174,0.002213,0.002213,0.002213,0.002174,0.002174,0.002251,0.002251,0.002213,0.002213,0.002174,0.002289,0.002251,0.002289,0.002251,0.002213,0.002251,0.002251,0.002213,0.002251,0.002251,0.002251,0.002213,0.002289,0.002213,0.002174,0.002213,0.002136,0.002136,0.002174,0.002174,0.002136,0.002174,0.002098,0.002098,0.002136,0.002060,0.002098,0.002136,0.002098,0.002060,0.002098,0.002136,0.002098,0.002060,0.002022,0.002098,0.002098,0.002098,0.002060,0.002098,0.002060,0.002060,0.002098,0.002060,0.002098,0.002060,0.002098,0.002136,0.002098,0.002060,0.002060,0.002022,0.002060,0.001945,0.002022,0.001945,0.001945,0.001984,0.001907,0.001907,0.001907,0.001945,0.001869,0.001831,0.001869,0.001869,0.001831,0.001793,0.001831,0.001869,0.001793,0.001831,0.001831,0.001831,0.001831,0.001793,0.001793,0.001831,0.001869,0.001869,0.001869,0.001907,0.001831,0.001831,0.001907,0.001869,0.001945,0.001945,0.001945,0.001907,0.001907,0.002022,0.001945,0.001984,0.002022,0.001984,0.002022,0.002022,0.002060,0.002022,0.002060,0.002098,0.002098,0.002098,0.002136,0.002098,0.002098,0.002174,0.002213,0.002251,0.002213,0.002213,0.002213,0.002289,0.002251,0.002251,0.002289,0.002251,0.002327,0.002251,0.002289,0.002251,0.002213,0.002289,0.002289,0.002289,0.002213,0.002251,0.002213,0.002251,0.002251,0.002174,0.002174,0.002213,0.002174,0.002213,0.002174,0.002136,0.002174,0.002174,0.002174,0.002136,0.002136,0.002098,0.002174,0.002136,0.002098,0.002136,0.002098,0.002136,0.002098,0.002136,0.002098,0.002136,0.002136,0.002098,0.002098,0.002136,0.002098,0.002098,0.002136,0.002098,0.002136,0.002136,0.002136,0.002098,0.002098,0.002174,0.002136,0.002136,0.002213,0.002213,0.002136,0.002136,0.002136,0.002098,0.002174,0.002174,0.002174,0.002174,0.002174,0.002136,0.002213,0.002174,0.002174,0.002098,0.002136,0.002174,0.002136,0.002174,0.002136,0.002136,0.002136,0.002136,0.002136,0.002136,0.002136,0.002060,0.002174,0.002136,0.002136,0.002136,0.002098,0.002136,0.002060,0.002136,0.002136,0.002136,0.002098,0.002136,0.002174,0.002174,0.002136,0.002060,0.002098,0.002136,0.002213,0.002174,0.002136,0.002098,0.002174,0.002213,0.002174,0.002174,0.002213,0.002174,0.002174,0.002213,0.002213,0.002174,0.002251,0.002174,0.002213,0.002174,0.002136,0.002213,0.002136,0.002098,0.002098,0.002060,0.002060,0.002022,0.002022,0.002022,0.002022,0.001984,0.001945,0.001984,0.001945,0.001945,0.001869,0.001869,0.001869,0.001869,0.001869,0.001869,0.001907,0.001831,0.001793,0.001755,0.001831,0.001793,0.001869,0.001755,0.001793,0.001793,0.001755,0.001869,0.001831,0.001831,0.001869,0.001869,0.001907,0.001869,0.001907,0.001907,0.001945,0.002022,0.002022,0.002060,0.002022,0.002060,0.002060,0.002098,0.002098,0.002098,0.002174,0.002213,0.002213,0.002251,0.002289,0.002251,0.002251,0.002251,0.002251,0.002213,0.002213,0.002251,0.002136,0.002174,0.002174,0.002213,0.002174,0.002174,0.002174,0.002136,0.002136,0.002098,0.002098,0.002022,0.002098,0.002136,0.002136,0.002098,0.002060,0.002136,0.002136,0.002098,0.002174,0.002136,0.002136,0.002213,0.002174,0.002213,0.002174,0.002251,0.002251,0.002213,0.002213,0.002136,0.002251,0.002251,0.002251,0.002251,0.002213,0.002174,0.002060,0.002136,0.002060,0.002022,0.001945,0.001984,0.001984,0.001945,0.001869,0.001869,0.001831,0.001793,0.001717,0.001755,0.001717,0.001793,0.001717,0.001755,0.001717,0.001678,0.001678,0.001755,0.001755,0.001793,0.001831,0.001831,0.001831,0.001907,0.001945,0.001945,0.001907,0.001945,0.001984,0.001945,0.001984,0.002022,0.002098,0.002022,0.002022,0.001984,0.002022,0.002022,0.001984,0.001945,0.001945,0.002060,0.001984,0.001984,0.002022,0.001984,0.001984,0.002022,0.002022,0.001984,0.002060,0.002022,0.002060,0.002060,0.002098,0.002098,0.002098,0.002136,0.002136,0.002136,0.002174,0.002213,0.002174,0.002174,0.002251,0.002289,0.002213,0.002289,0.002327,0.002289,0.002251,0.002251,0.002289,0.002289,0.002213,0.002213,0.002213,0.002213,0.002213,0.002136,0.002213,0.002174,0.002174,0.002136,0.002098,0.002136,0.002174,0.002098,0.002213,0.002136,0.002098,0.002098,0.002136,0.002136,0.002098,0.002174,0.002098,0.002060,0.002136,0.002136,0.002136,0.002060,0.002098,0.002060,0.002136,0.002098,0.002060,0.002060,0.002060,0.002060,0.002022,0.002022,0.002060,0.002022,0.002060,0.002060,0.002022,0.002022,0.002022,0.001984,0.001984,0.001945,0.001984,0.002060,0.002060,0.002022,0.001945,0.002022,0.002060,0.002060,0.002022,0.001984,0.002022,0.001984,0.002022,0.002060,0.002022,0.002022,0.002060,0.002060,0.002098,0.002098,0.002060,0.002060,0.002060,0.002098,0.002098,0.002136,0.002060,0.002098,0.002060,0.002060,0.002136,0.002098,0.002136,0.002098,0.002098,0.002098,0.002098,0.002060,0.002098,0.002136,0.002174,0.002136,0.002136,0.002098,0.002136,0.002098,0.002136,0.002098,0.002098,0.002136,0.002098,0.002022,0.002060,0.002022,0.002060,0.001984,0.002022,0.002060,0.001984,0.001945,0.001945,0.001984,0.001984,0.001984,0.001945,0.001907,0.001984,0.001907,0.001945,0.001945,0.001907,0.001945,0.001984,0.001907,0.001945,0.001984,0.001984,0.001984,0.001945,0.002060,0.001984,0.001945,0.001907,0.001984,0.001907,0.001984,0.001945,0.001945,0.001945,0.001984,0.001945,0.002022,0.002022,0.002022,0.001984,0.002022,0.001984,0.002060,0.002098,0.002022,0.002022,0.002060,0.002136,0.002060,0.002022,0.002060,0.002060,0.002136,0.002098,0.002098,0.002098,0.002060,0.002098,0.002098,0.002136,0.002136,0.002098,0.002060,0.002060,0.002098,0.002098,0.002098,0.002060,0.001984,0.001984,0.002022,0.001984,0.002022,0.001945,0.002022,0.002022,0.001984,0.001984,0.001945,0.002022,0.002022,0.001984,0.002022,0.002060,0.002060,0.002022,0.002098,0.002098,0.002060,0.002136,0.002174,0.002213,0.002174,0.002174,0.002174,0.002213,0.002289,0.002213,0.002213,0.002251,0.002213,0.002289,0.002213,0.002174,0.002251,0.002251,0.002174,0.002174,0.002213,0.002174,0.002174,0.002174,0.002174,0.002136,0.002213,0.002136,0.002136,0.002174,0.002098,0.002098,0.002060,0.002136,0.002098,0.002136,0.002060,0.002136,0.002060,0.002060,0.002060,0.002060,0.002060,0.002022,0.002098,0.002022,0.001984,0.002060,0.002022,0.002022,0.002022,0.002022,0.001945,0.001984,0.002022,0.002022,0.002022,0.001984,0.001945,0.001945,0.001907,0.001984,0.001984,0.001945,0.001984,0.001984,0.001945,0.001945,0.001945,0.001984,0.001984,0.001945,0.001945,0.001869,0.001869,0.001945,0.001984,0.001945,0.001945,0.001945,0.001984,0.001907,0.001907,0.001984,0.001984,0.001984,0.001984,0.001984,0.001984,0.001984,0.001984,0.001945,0.002022,0.002022,0.002022,0.001984,0.002060,0.002098,0.002060,0.002060,0.002060,0.002098,0.002136,0.002174,0.002174,0.002174,0.002174,0.002174,0.002174,0.002174,0.002213,0.002213,0.002251,0.002289,0.002289,0.002251,0.002251,0.002251,0.002251,0.002327,0.002251,0.002289,0.002289,0.002213,0.002251,0.002289,0.002289,0.002251,0.002213,0.002213,0.002213,0.002251,0.002213,0.002251,0.002174,0.002174,0.002174,0.002136,0.002213,0.002213,0.002174,0.002136,0.002174,0.002174,0.002098,0.002136,0.002136,0.002098,0.002136,0.002174,0.002213,0.002136,0.002136,0.002174,0.002174,0.002213,0.002174,0.002174,0.002098,0.002136,0.002213,0.002098,0.002136,0.002136,0.002174,0.002174,0.002136,0.002136,0.002136,0.002136,0.002136,0.002136,0.002060,0.002174,0.002174,0.002136,0.002136,0.002098,0.002060,0.002060,0.002098,0.002098,0.002060,0.002022,0.002022,0.001984,0.002022,0.001945,0.001907,0.001945,0.001907,0.001869,0.001869,0.001869,0.001907,0.001945,0.001945,0.001984,0.001984,0.002022,0.002060,0.002098,0.002060,0.002136,0.002098,0.002213,0.002289,0.002327,0.002289,0.002365,0.002403,0.002403,0.002365,0.002365,0.002327,0.002327,0.002327,0.002251,0.002289,0.002251,0.002174,0.002136,0.002098,0.002022,0.001984,0.001984,0.001945,0.001945,0.001907,0.001907,0.001869,0.001869,0.001869,0.001945,0.001907,0.001869,0.001945,0.001984,0.002022,0.002060,0.002022,0.002060,0.002098,0.002098,0.002098,0.002136,0.002174,0.002251,0.002174,0.002213,0.002174,0.002213,0.002174,0.002136,0.002174,0.002174,0.002136,0.002213,0.002174,0.002174,0.002213,0.002174,0.002174,0.002174,0.002174,0.002060,0.002136,0.002174,0.002213,0.002098,0.002136,0.002174,0.002136,0.002098,0.002213,0.002174,0.002136,0.002213,0.002213,0.002213,0.002174,0.002213,0.002174,0.002251,0.002251,0.002213,0.002251,0.002174,0.002213,0.002213,0.002251,0.002213,0.002251,0.002174,0.002136,0.002251,0.002213,0.002136,0.002060,0.002136,0.002174,0.002136,0.002098,0.002098,0.002136,0.002098,0.002174,0.002136,0.002136,0.002213,0.002213,0.002136,0.002098,0.002136,0.002136,0.002098,0.002060,0.002060,0.002060,0.002022,0.002060,0.002060,0.002060,0.002022,0.001984,0.001984,0.002022,0.002022,0.001984,0.001945,0.001945,0.001984,0.002022,0.001984,0.002022,0.002022,0.002022,0.002060,0.002060,0.002022,0.002098,0.002098,0.002060,0.002060,0.002060,0.002098,0.002098,0.002136,0.002174,0.002136,0.002136,0.002136,0.002174,0.002060,0.002098,0.002060,0.002060,0.002098,0.002098,0.002060,0.002098,0.002098,0.002136,0.002060,0.002060,0.002098,0.002098,0.002098,0.002022,0.002060,0.002022,0.002060,0.002022,0.002060,0.002098,0.002060,0.002060,0.002098,0.002136,0.002136,0.002136,0.002098,0.002060,0.002060,0.002136,0.002136,0.002098,0.002098,0.002136,0.002098,0.002098,0.002060,0.002060,0.002060,0.002098,0.002060,0.002136,0.002098,0.002098,0.002098,0.002136,0.002136,0.002136,0.002136,0.002136,0.002174,0.002213,0.002098,0.002174,0.002174,0.002174,0.002136,0.002136,0.002136,0.002098,0.002060,0.002136,0.002136,0.002098,0.002136,0.002174,0.002136,0.002174,0.002136,0.002174,0.002136,0.002098,0.002098,0.002098,0.002098,0.002098,0.002060,0.002022,0.002022,0.002060,0.002022,0.002022,0.001984,0.001984,0.002022,0.002022,0.001945,0.001945,0.001945,0.002022,0.001984,0.001945,0.001984,0.001945,0.001907,0.001984,0.001984,0.001984,0.001984,0.002022,0.001984,0.002022,0.002060,0.002098,0.002098,0.002022,0.002022,0.002022,0.002060,0.002060,0.002098,0.002022,0.002022,0.002022,0.002098,0.002060,0.002098,0.002098,0.002098,0.002098,0.002060,0.002136,0.002136,0.002060,0.002060,0.002136,0.002136,0.002174,0.002174,0.002174,0.002136,0.002174,0.002213,0.002213,0.002251,0.002174,0.002213,0.002251,0.002213,0.002251,0.002213,0.002213,0.002174,0.002213,0.002136,0.002213,0.002136,0.002136,0.002098,0.002136,0.002174,0.002098,0.002098,0.002060,0.002060,0.002060,0.001984,0.002136,0.002022,0.002022,0.002060,0.001984,0.002060,0.002022,0.002022,0.001984,0.002022,0.002022,0.001984,0.002060,0.002022,0.001945,0.001945,0.001945,0.001945,0.001984,0.001945,0.002022,0.001945,0.001907,0.001945,0.001907,0.001945,0.001907,0.001869,0.001907,0.001907,0.001907,0.001907,0.001907,0.001907,0.001945,0.001945,0.001945,0.001945,0.001907,0.002022,0.001984,0.001984,0.002022,0.001984,0.001984,0.001984,0.002022,0.002060,0.002060,0.002098,0.002098,0.002098,0.002136,0.002098,0.002136,0.002174,0.002174,0.002174,0.002098,0.002174,0.002213,0.002174,0.002174,0.002174,0.002174,0.002213,0.002136,0.002060,0.002174,0.002136,0.002136,0.002098,0.002098,0.002098,0.002060,0.002098,0.002022,0.002060,0.002022,0.001984,0.002022,0.001984,0.001945,0.001907,0.001869,0.001831,0.001831,0.001717,0.001755,0.001793,0.001755,0.001755,0.001793,0.001755,0.001717,0.001755,0.001755,0.001793,0.001793,0.001869,0.001907,0.001907,0.001945,0.001984,0.001945,0.002022,0.002022,0.002022,0.002060,0.002060,0.002174,0.002136,0.002136,0.002174,0.002174,0.002136,0.002174,0.002213,0.002213,0.002174,0.002174,0.002174,0.002136,0.002136,0.002136,0.002136,0.002174,0.002174,0.002174,0.002174,0.002213,0.002174,0.002213,0.002251,0.002213,0.002251,0.002213,0.002174,0.002174,0.002174,0.002174,0.002213,0.002251,0.002213,0.002213,0.002174,0.002289,0.002289,0.002174,0.002174,0.002213,0.002251,0.002174,0.002213,0.002174,0.002136,0.002098,0.002098,0.002098,0.002060,0.002060,0.002022,0.002022,0.002098,0.002060,0.002022,0.002060,0.002022,0.001984,0.002022,0.002060,0.002022,0.002022,0.002022,0.002022,0.002098,0.002022,0.002022,0.002060,0.002022,0.002022,0.001984,0.001945,0.001984,0.001945,0.001984,0.001984,0.001984,0.001984,0.001984,0.001984,0.001984,0.001984,0.002022,0.002022,0.002098,0.002098,0.002060,0.002098,0.002098,0.002060,0.002060,0.002022,0.001984,0.001984,0.001984,0.001945,0.001907,0.001945,0.001793,0.001831,0.001869,0.001793,0.001831,0.001755,0.001793,0.001793,0.001755,0.001793,0.001869,0.001907,0.001831,0.001907,0.001907,0.001907,0.001907,0.001945,0.001907,0.001869,0.001907,0.001907,0.001869,0.001869,0.001831,0.001869,0.001831,0.001869,0.001831,0.001831,0.001793,0.001793,0.001869,0.001907,0.001869,0.001869,0.001831,0.001945,0.001945,0.001907,0.001984,0.001984,0.001945,0.001907,0.001984,0.002022,0.001984,0.001945,0.001907,0.001984,0.001945,0.001945,0.001984,0.001984,0.001984,0.001984,0.002022,0.002022,0.002098,0.002136,0.002060,0.002098,0.002098,0.002174,0.002174,0.002213,0.002251,0.002251,0.002289,0.002289,0.002289,0.002365,0.002365,0.002327,0.002365,0.002365,0.002327,0.002289,0.002289,0.002289,0.002213,0.002251,0.002213,0.002213,0.002136,0.002174,0.002136,0.002060,0.002060,0.002022,0.002060,0.001984,0.001945,0.001945,0.001945,0.001907,0.002060,0.002022,0.002022,0.002022,0.002022,0.002022,0.002022,0.002060,0.002060,0.002098,0.002098,0.002136,0.002136,0.002136,0.002174,0.002213,0.002251,0.002213,0.002213,0.002213,0.002213,0.002251,0.002174,0.002213,0.002174,0.002136,0.002136,0.002136,0.002136,0.002136,0.002098,0.002060,0.002098,0.002136,0.002136,0.002098,0.002136,0.002098,0.002098,0.002136,0.002174,0.002060,0.002174,0.002174,0.002136,0.002174,0.002060,0.002174,0.002174,0.002098,0.002136,0.002174,0.002136,0.002136,0.002136,0.002136,0.002174,0.002136,0.002098,0.002136,0.002098,0.002098,0.002136,0.002098,0.002098,0.002060,0.002022,0.002060,0.002098,0.002136,0.002098,0.002098,0.002098,0.002098,0.002022,0.002060,0.002098,0.002098,0.002098,0.002098,0.002136,0.002136,0.002060,0.002098,0.002098,0.002098,0.002136,0.002136,0.002098,0.002098,0.002060,0.002098,0.002098,0.002060,0.002060,0.002098,0.002098,0.002098,0.002098,0.002022,0.002060,0.002098,0.002060,0.002060,0.002022,0.002060,0.002098,0.002098,0.002098,0.002136,0.002136,0.002136,0.002060,0.002098,0.002098,0.002136,0.002098,0.002098,0.002136,0.002136,0.002098,0.002136,0.002136,0.002174,0.002136,0.002174,0.002098,0.002098,0.002098,0.002098,0.002136,0.002098,0.002098,0.002136,0.002136,0.002098,0.002098,0.002098,0.002098,0.002136,0.002098,0.002098,0.002174,0.002098,0.002136,0.002098,0.002060,0.002098,0.002060,0.002098,0.002098,0.002060,0.002060,0.002022,0.002060,0.002098,0.002060,0.002022,0.002060,0.002022,0.001984,0.002022,0.002060,0.002022,0.001984,0.001984,0.002022,0.001984,0.001945,0.001945,0.001945,0.001907,0.001907,0.001945,0.001907,0.001869,0.001907,0.001907,0.001945,0.001907,0.001984,0.001907,0.001945,0.001984,0.001984,0.002098,0.002060,0.002022,0.002060,0.002060,0.002098,0.002098,0.002136,0.002136,0.002136,0.002213,0.002136,0.002136,0.002174,0.002136,0.002174,0.002213,0.002213,0.002213,0.002213,0.002251,0.002289,0.002213,0.002213,0.002289,0.002289,0.002213,0.002251,0.002251,0.002251,0.002251,0.002174,0.002213,0.002174,0.002213,0.002174,0.002174,0.002174,0.002174,0.002136,0.002022,0.002098,0.002136,0.002098,0.002060,0.002098,0.002098,0.002098,0.002060,0.002098,0.002098,0.002136,0.002136,0.002174,0.002136,0.002136,0.002174,0.002136,0.002174,0.002174,0.002174,0.002213,0.002213,0.002251,0.002251,0.002213,0.002213,0.002251,0.002213,0.002213,0.002213,0.002213,0.002174,0.002213,0.002213,0.002213,0.002251,0.002251,0.002251,0.002174,0.002213,0.002174,0.002213,0.002174,0.002098,0.002136,0.002136,0.002098,0.002098,0.002098,0.002136,0.002060,0.002022,0.001984,0.001984,0.001984,0.001945,0.001945,0.001869,0.001869,0.001831,0.001831,0.001831,0.001831,0.001793,0.001831,0.001831,0.001831,0.001831,0.001831,0.001869,0.001869,0.001907,0.001907,0.001945,0.001945,0.001945,0.001945,0.002060,0.002098,0.002098,0.002060,0.002174,0.002174,0.002174,0.002251,0.002251,0.002251,0.002289,0.002289,0.002251,0.002251,0.002289,0.002327,0.002289,0.002251,0.002289,0.002251,0.002251,0.002213,0.002289,0.002213,0.002174,0.002213,0.002174,0.002136,0.002098,0.002098,0.002136,0.002098,0.002174,0.002136,0.002098,0.002136,0.002098,0.002136,0.002098,0.002098,0.002098,0.002098,0.002136,0.002098,0.002098,0.002098,0.002174,0.002174,0.002136,0.002174,0.002213,0.002213,0.002174,0.002213,0.002213,0.002213,0.002251,0.002251,0.002289,0.002289,0.002251,0.002251,0.002174,0.002174,0.002213,0.002174,0.002213,0.002136,0.002174,0.002213,0.002174,0.002136,0.002136,0.002174,0.002174,0.002213,0.002136,0.002098,0.002098,0.002136,0.002136,0.002098,0.002136,0.002098,0.002136,0.002136,0.002136,0.002174,0.002213,0.002174,0.002174,0.002136,0.002174,0.002136,0.002174,0.002213,0.002136,0.002136,0.002098,0.002098,0.002136,0.002060,0.002060,0.002022,0.002060,0.002060,0.002022,0.002060,0.001984,0.001984,0.001984,0.001984,0.001984,0.001984,0.001984,0.001945,0.001945,0.001945,0.001945,0.002022,0.001984,0.001984,0.001907,0.001945,0.001907,0.002022,0.001984,0.001945,0.001945,0.001945,0.001907,0.002022,0.001984,0.001984,0.001945,0.001984,0.001984,0.002022,0.001984,0.001945,0.002060,0.002022,0.002022,0.002022,0.002060,0.002060,0.001984,0.001984,0.002060,0.002022,0.002022,0.001984,0.002022,0.002022,0.001984,0.001984,0.001945,0.001945,0.001984,0.001984,0.002022,0.001945,0.001945,0.001907,0.001945,0.001984,0.001945,0.002022,0.002022,0.001945,0.001984,0.001945,0.002022,0.002060,0.002022,0.002022,0.002060,0.002022,0.002022,0.002022,0.002098,0.002060,0.002022,0.002060,0.002060,0.002098,0.002098,0.002098,0.002060,0.002098,0.002060,0.002060,0.002060,0.002098,0.002060,0.002098,0.002060,0.002060,0.002060,0.002060,0.002022,0.002060,0.002022,0.002022,0.002022,0.002060,0.002022,0.001984,0.001984,0.001984,0.002022,0.002022,0.001984,0.001945,0.001984,0.001984,0.002022,0.001907,0.001907,0.001984,0.001984,0.001984,0.001945,0.001945,0.001945,0.001945,0.001945,0.001984,0.001945,0.001984,0.001984,0.001984,0.001984,0.002022,0.002022,0.002060,0.002022,0.002022,0.002060,0.002060,0.001984,0.002022,0.002022,0.002022,0.002060,0.002060,0.002098,0.002098,0.002098,0.002098,0.002060,0.002060,0.002098,0.002060,0.002098,0.002136,0.002060,0.002060,0.002098,0.002098,0.002060,0.002098,0.002098,0.002098,0.002060,0.002098,0.002060,0.002098,0.002136,0.002136,0.002060,0.002098,0.002098,0.002098,0.002060,0.002060,0.002098,0.002136,0.002136,0.002136,0.002098,0.002098,0.002060,0.002060,0.002098,0.002136,0.002136,0.002060,0.002060,0.002098,0.002136,0.002136,0.002098,0.002098,0.002174,0.002098,0.002136,0.002098,0.002213,0.002174,0.002213,0.002213,0.002174,0.002213,0.002174,0.002213,0.002251,0.002289,0.002213,0.002213,0.002213,0.002251,0.002213,0.002213,0.002213,0.002213,0.002251,0.002251,0.002251,0.002213,0.002251,0.002251,0.002213,0.002213,0.002213,0.002251,0.002174,0.002174,0.002136,0.002136,0.002098,0.002098,0.002022,0.002098,0.002060,0.002060,0.002060,0.001984,0.001945,0.001984,0.002022,0.001945,0.001984,0.001984,0.001945,0.001907,0.001945,0.001945,0.001945,0.001907,0.001907,0.001945,0.001945,0.001945,0.001907,0.001945,0.001945,0.001945,0.001945,0.001945,0.001945,0.001945,0.001945,0.001945,0.001945,0.001984,0.001907,0.001984,0.001984,0.001945,0.001945,0.001945,0.001945,0.001945,0.001984,0.001984,0.002022,0.001984,0.002022,0.001984,0.001984,0.001984,0.001945,0.001945,0.001984,0.002022,0.002022,0.002022,0.002060,0.002060,0.001984,0.001984,0.001984,0.001984,0.001945,0.001984,0.002060,0.002060,0.002022,0.002022,0.002060,0.002022,0.002022,0.002060,0.002060,0.002098,0.002098,0.002098,0.002098,0.002098,0.002098,0.002098,0.002098,0.002136,0.002136,0.002136,0.002174,0.002213,0.002213,0.002213,0.002213,0.002136,0.002213,0.002174,0.002174,0.002136,0.002136,0.002136,0.002098,0.002098,0.002098,0.002098,0.002022,0.001945,0.001945,0.001984,0.001984,0.001907,0.001869,0.001907,0.001831,0.001831,0.001831,0.001831,0.001793,0.001831,0.001831,0.001793,0.001793,0.001793,0.001755,0.001831,0.001869,0.001869,0.001869,0.001869,0.001831,0.001869,0.001945,0.001907,0.001945,0.001945,0.001945,0.001907,0.001907,0.001984,0.001945,0.001907,0.001869,0.001907,0.001907,0.001907,0.001869,0.001907,0.001869,0.001831,0.001831,0.001831,0.001793,0.001869,0.001831,0.001793,0.001831,0.001793,0.001793,0.001869,0.001831,0.001831,0.001869,0.001869,0.001869,0.001869,0.001869,0.001869,0.001945,0.001945,0.001907,0.001984,0.001984,0.002022,0.002022,0.002022,0.002022,0.002060,0.002174,0.002136,0.002174,0.002098,0.002174,0.002174,0.002174,0.002251,0.002213,0.002289,0.002289,0.002289,0.002327,0.002327,0.002327,0.002327,0.002365,0.002327,0.002403,0.002403,0.002403,0.002441,0.002441,0.002441,0.002441,0.002441,0.002518,0.002480,0.002441,0.002518,0.002480,0.002480,0.002556,0.002480,0.002518,0.002518,0.002441,0.002480,0.002441,0.002518,0.002480,0.002441,0.002403,0.002403,0.002480,0.002441,0.002365,0.002365,0.002365,0.002365,0.002327,0.002327,0.002289,0.002251,0.002289,0.002213,0.002174,0.002174,0.002213,0.002174,0.002174,0.002174,0.002136,0.002136,0.002098,0.002136,0.002060,0.002060,0.002136,0.002060,0.002136,0.002098,0.002098,0.002060,0.002098,0.002060,0.002098,0.002136,0.002136,0.002098,0.002098,0.002060,0.002022,0.002022,0.002022,0.001945,0.002022,0.001984,0.001984,0.001984,0.001945,0.001984,0.001984,0.001945,0.001907,0.001907,0.001945,0.001907,0.001869,0.001907,0.001907,0.001907,0.001869,0.001869,0.001869,0.001869,0.001869,0.001869,0.001831,0.001831,0.001831,0.001869,0.001831,0.001755,0.001831,0.001831,0.001831,0.001869,0.001869,0.001869,0.001907,0.001869,0.001869,0.001907,0.001945,0.001945,0.001907,0.001945,0.001945,0.001945,0.002022,0.002022,0.001984,0.002022,0.002022,0.002022,0.002060,0.002022,0.002060,0.002022,0.001984,0.001984,0.001984,0.001984,0.001984,0.001945,0.002022,0.001984,0.001984,0.001984,0.001984,0.002022,0.001984,0.001984,0.002022,0.002022,0.001984,0.001945,0.002022,0.002098,0.002098,0.002098,0.002060,0.002098,0.002060,0.002060,0.002098,0.002098,0.002098,0.002098,0.002060,0.002060,0.002060,0.002136,0.002098,0.002098,0.002136,0.002174,0.002136,0.002136,0.002174,0.002136,0.002174,0.002136,0.002174,0.002098,0.002060,0.002136,0.002098,0.002098,0.002098,0.002136,0.002098,0.002136,0.002098,0.002136,0.002136,0.002174,0.002136,0.002136,0.002174,0.002136,0.002136,0.002136,0.002174,0.002174,0.002174,0.002213,0.002174,0.002213,0.002136,0.002213,0.002251,0.002174,0.002213,0.002213,0.002213,0.002136,0.002174,0.002174,0.002136,0.002174,0.002174,0.002174,0.002174,0.002213,0.002174,0.002174,0.002174,0.002174,0.002136,0.002174,0.002174,0.002174,0.002098,0.002136,0.002174,0.002098,0.002174,0.002136,0.002098,0.002136,0.002174,0.002136,0.002174,0.002174,0.002136,0.002174,0.002136,0.002136,0.002174,0.002251,0.002251,0.002174,0.002213,0.002213,0.002174,0.002213,0.002136,0.002174,0.002136,0.002136,0.002136,0.002174,0.002174,0.002174,0.002174,0.002174,0.002098,0.002098,0.002174,0.002213,0.002136,0.002174,0.002174,0.002213,0.002136,0.002174,0.002174,0.002136,0.002136,0.002136,0.002098,0.002098,0.002174,0.002136,0.002098,0.002098,0.002213,0.002136,0.002136,0.002136,0.002098,0.002098,0.002098,0.002098,0.002060,0.002060,0.002060,0.002060,0.002060,0.002098,0.002098,0.002098,0.002098,0.001984,0.002022,0.002098,0.002022,0.002022,0.002022,0.002060,0.002060,0.002022,0.002060,0.002022,0.002060,0.002022,0.002060,0.002022,0.002022,0.002022,0.002060,0.002098,0.002136,0.002022,0.002022,0.002060,0.002022,0.002136,0.002174,0.002136,0.002136,0.002174,0.002174,0.002174,0.002213,0.002174,0.002174,0.002174,0.002174,0.002213,0.002136,0.002136,0.002213,0.002251,0.002174,0.002213,0.002213,0.002213,0.002174,0.002289,0.002289,0.002213,0.002251,0.002251,0.002251,0.002251,0.002213,0.002213,0.002213,0.002136,0.002174,0.002213,0.002136,0.002174,0.002136,0.002136,0.002174,0.002174,0.002174,0.002174,0.002136,0.002136,0.002136,0.002098,0.002022,0.002060,0.002022,0.002060,0.002060,0.002022,0.002022,0.001945,0.001984,0.001945,0.001945,0.001945,0.001984,0.001945,0.001945,0.001907,0.001907,0.001907,0.001869,0.001869,0.001907,0.001945,0.001907,0.001945,0.001907,0.001907,0.001907,0.001945,0.001945,0.001945,0.001945,0.001984,0.001984,0.001945,0.002022,0.002060,0.002022,0.002060,0.002060,0.002060,0.002136,0.002174,0.002098,0.002136,0.002174,0.002136,0.002174,0.002136,0.002174,0.002098,0.002174,0.002174,0.002174,0.002136,0.002136,0.002098,0.002098,0.002098,0.002098,0.002174,0.002098,0.002098,0.002060,0.002060,0.002060,0.002060,0.002098,0.002022,0.001984,0.002022,0.001984,0.002060,0.002022,0.002022,0.002060,0.002060,0.002098,0.002060,0.002060,0.002022,0.002060,0.002060,0.002098,0.002098,0.002060,0.002060,0.002060,0.002022,0.002022,0.001984,0.002022,0.002022,0.002060,0.002060,0.002060,0.002022,0.002022,0.002022,0.002022,0.001984,0.001945,0.001984,0.001945,0.001984,0.001984,0.001945,0.001945,0.001984,0.001984,0.001945,0.001984,0.001984,0.001984,0.001984,0.002022,0.002022,0.002022,0.002060,0.002098,0.002098,0.002098,0.002098,0.002098,0.002098,0.002136,0.002098,0.002098,0.002136,0.002136,0.002098,0.002098,0.002136,0.002136,0.002136,0.002136,0.002098,0.002098,0.002060,0.002098,0.002098,0.002060,0.002136,0.002022,0.002098,0.002136,0.002098,0.002098,0.002098,0.002098,0.002098,0.002098,0.002136,0.002136,0.002136,0.002136,0.002136,0.002174,0.002174,0.002213,0.002174,0.002136,0.002174,0.002213,0.002136,0.002098,0.002136,0.002136,0.002098,0.002098,0.002098,0.002136,0.002098,0.002098,0.002136,0.002060,0.002098,0.002098,0.002022,0.002022,0.002060,0.002060,0.002022,0.002060,0.001984,0.001984,0.002060,0.002022,0.002022,0.002022,0.002060,0.001984,0.001945,0.002022,0.001984,0.002060,0.001984,0.001984,0.001984,0.001984,0.001984,0.001945,0.001984,0.001945,0.001945,0.001984,0.001945,0.001984,0.001984,0.001945,0.001945,0.001945,0.002022,0.002022,0.001984,0.001945,0.001984,0.001907,0.001945,0.001984,0.001945,0.002022,0.002022,0.001984,0.002022,0.002022,0.002098,0.002022,0.002022,0.002022,0.002022,0.002098,0.002022,0.002022,0.001984,0.002060,0.002098,0.002022,0.002060,0.002060,0.002022,0.001984,0.002060,0.002060,0.002022,0.002060,0.002098,0.002022,0.002022,0.002022,0.002022,0.002022,0.001984,0.002060,0.002060,0.002022,0.002060,0.002098,0.002022,0.002060,0.002098,0.002098,0.002022,0.002022,0.002022,0.002098,0.002098,0.002060,0.002022,0.001984,0.001984,0.002060,0.002060,0.002022,0.001984,0.001984,0.002060,0.002022,0.001984,0.001984,0.001945,0.001945,0.001945,0.001907,0.001869,0.001831,0.001869,0.001831,0.001907,0.001907,0.001869,0.001869,0.001793,0.001869,0.001869,0.001831,0.001831,0.001793,0.001793,0.001869,0.001869,0.001869,0.001907,0.001945,0.001945,0.001907,0.001907,0.001945,0.001945,0.001984,0.001945,0.002022,0.002060,0.002098,0.002060,0.002098,0.002060,0.002174,0.002136,0.002136,0.002136,0.002098,0.002098,0.002098,0.002098,0.002098,0.002098,0.002136,0.002098,0.002060,0.002060,0.002060,0.002060,0.002098,0.002098,0.002060,0.002060,0.002060,0.002098,0.002098,0.002022,0.002060,0.002022,0.002060,0.002060,0.002098,0.002136,0.002060,0.002060,0.002060,0.002060,0.002098,0.002098,0.002136,0.002098,0.002098,0.002060,0.002098,0.002098,0.002098,0.002136,0.002098,0.002098,0.002098,0.002136,0.002098,0.002098,0.002136,0.002174,0.002136,0.002136,0.002136,0.002174,0.002136,0.002136,0.002136,0.002136,0.002136,0.002136,0.002098,0.002136,0.002136,0.002174,0.002174,0.002098,0.002098,0.002098,0.002098,0.002098,0.002098,0.002060,0.002060,0.002098,0.002060,0.002060,0.002060,0.002060,0.002022,0.002060,0.002022,0.001984,0.002022,0.002022,0.001984,0.002022,0.002060,0.002022,0.002060,0.002022,0.002022,0.001984,0.001945,0.001984,0.001984,0.001984,0.001984,0.001907,0.002022,0.002022,0.002022,0.001945,0.001945,0.001984,0.001984,0.001945,0.001984,0.001984,0.001984,0.001984,0.002022,0.001945,0.001945,0.002022,0.002022,0.001984,0.001984,0.002022,0.001984,0.001984,0.002022,0.002022,0.002022,0.002022,0.002022,0.002022,0.002022,0.001984,0.001945,0.002060,0.001984,0.002022,0.002022,0.002022,0.002060,0.002060,0.001984,0.001984,0.002022,0.002022,0.001984,0.001984,0.001984,0.002098,0.001984,0.002022,0.002022,0.002060,0.002060,0.002060,0.002060,0.002060,0.002022,0.002098,0.002060,0.002022,0.002022,0.002022,0.001984,0.002022,0.002022,0.002060,0.002022,0.002022,0.002022,0.002022,0.002022,0.002022,0.002060,0.002098,0.002098,0.002136,0.002098,0.002136,0.002174,0.002174,0.002174,0.002174,0.002174,0.002213,0.002174,0.002213,0.002251,0.002213,0.002289,0.002213,0.002251,0.002251,0.002251,0.002289,0.002251,0.002289,0.002251,0.002289,0.002251,0.002327,0.002289,0.002251,0.002251,0.002213,0.002213,0.002213,0.002251,0.002213,0.002213,0.002213,0.002213,0.002136,0.002136,0.002136,0.002174,0.002136,0.002136,0.002060,0.002060,0.002098,0.002060,0.002060,0.002022,0.002022,0.002022,0.001945,0.002022,0.001984,0.001984,0.002022,0.002022,0.002022,0.002022,0.002022,0.002060,0.002060,0.002022,0.002060,0.002022,0.002022,0.002098,0.002060,0.002022,0.002060,0.002060,0.002098,0.002022,0.002060,0.002060,0.002022,0.002060,0.002060,0.002098,0.002060,0.002098,0.002174,0.002136,0.002098,0.002098,0.002136,0.002136,0.002098,0.002174,0.002136,0.002213,0.002174,0.002174,0.002213,0.002251,0.002174,0.002174,0.002251,0.002213,0.002213,0.002213,0.002174,0.002251,0.002174,0.002289,0.002251,0.002251,0.002213,0.002174,0.002213,0.002174,0.002136,0.002136,0.002136,0.002136,0.002136,0.002098,0.002098,0.002098,0.002098,0.002098,0.002022,0.002022,0.002022,0.002022,0.002098,0.002022,0.001984,0.001984,0.001984,0.002022,0.002022,0.001984,0.001984,0.002022,0.002022,0.001984,0.001984,0.001907,0.001945,0.001945,0.001945,0.001984,0.001984,0.001945,0.001984,0.001984,0.001945,0.001984,0.001984,0.001945,0.002060,0.002022,0.001984,0.002060,0.002022,0.002098,0.002060,0.002136,0.002098,0.002098,0.002098,0.002060,0.002136,0.002213,0.002174,0.002136,0.002174,0.002174,0.002174,0.002136,0.002098,0.002136,0.002136,0.002098,0.002136,0.002136,0.002060,0.002060,0.001945,0.002060,0.002060,0.002022,0.001984,0.001945,0.001984,0.001907,0.001907,0.001907,0.001945,0.001945,0.001984,0.001945,0.001984,0.001984,0.001907,0.001945,0.001907,0.001907,0.001907,0.001984,0.001984,0.001945,0.001984,0.001984,0.002060,0.002060,0.002098,0.002098,0.002098,0.002136,0.002174,0.002136,0.002213,0.002174,0.002174,0.002174,0.002174,0.002213,0.002174,0.002213,0.002289,0.002289,0.002289,0.002213,0.002251,0.002251,0.002251,0.002327,0.002251,0.002213,0.002213,0.002213,0.002213,0.002251,0.002251,0.002136,0.002289,0.002213,0.002213,0.002213,0.002251,0.002251,0.002174,0.002251,0.002213,0.002213,0.002213,0.002174,0.002289,0.002213,0.002213,0.002174,0.002213,0.002289,0.002213,0.002213,0.002213,0.002213,0.002213,0.002213,0.002251,0.002213,0.002251,0.002251,0.002289,0.002251,0.002174,0.002213,0.002174,0.002251,0.002251,0.002213,0.002213,0.002174,0.002289,0.002289,0.002289,0.002213,0.002213,0.002251,0.002251,0.002251,0.002251,0.002251,0.002213,0.002174,0.002213,0.002213,0.002289,0.002174,0.002213,0.002174,0.002174,0.002251,0.002213,0.002174,0.002174,0.002174,0.002174,0.002060,0.002098,0.002174,0.002174,0.002174,0.002213,0.002136,0.002060,0.002174,0.002136,0.002098,0.002098,0.002136,0.002098,0.002060,0.002098,0.002098,0.002022,0.002060,0.002060,0.002060,0.001984,0.002022,0.001984,0.001984,0.001984,0.001984,0.001984,0.001907,0.001945,0.001907,0.001869,0.001869,0.001869,0.001869,0.001831,0.001869,0.001831,0.001869,0.001869,0.001793,0.001831,0.001907,0.001869,0.001793,0.001869,0.001869,0.001831,0.001869,0.001869,0.001831,0.001907,0.001869,0.001945,0.002022,0.001984,0.002022,0.001945,0.001984,0.001984,0.002022,0.002022,0.002060,0.002060,0.002060,0.002060,0.001984,0.002022,0.002022,0.002060,0.002060,0.002022,0.002060,0.002060,0.002098,0.002060,0.002060,0.002098,0.002098,0.002136,0.002136,0.002136,0.002136,0.002174,0.002213,0.002174,0.002213,0.002213,0.002213,0.002174,0.002213,0.002174,0.002174,0.002251,0.002213,0.002213,0.002174,0.002174,0.002213,0.002174,0.002174,0.002174,0.002174,0.002174,0.002136,0.002136,0.002098,0.002136,0.002098,0.002022,0.002060,0.002060,0.002098,0.002022,0.002060,0.002022,0.001984,0.002022,0.001984,0.001984,0.001907,0.001945,0.001945,0.001945,0.001945,0.001907,0.001869,0.001907,0.001907,0.001945,0.001907,0.001945,0.001869,0.001945,0.001984,0.001984,0.001945,0.001869,0.001984,0.001907,0.001869,0.001984,0.001907,0.001945,0.001907,0.001907,0.001907,0.001907,0.001945,0.001945,0.001984,0.001907,0.001984,0.001945,0.001907,0.001984,0.001945,0.001984,0.001945,0.002022,0.001984,0.001984,0.002060,0.001984,0.002022,0.001984,0.002060,0.002060,0.002098,0.002098,0.002098,0.002098,0.002098,0.002174,0.002136,0.002098,0.002174,0.002136,0.002174,0.002098,0.002098,0.002022,0.002060,0.002136,0.002136,0.002136,0.002098,0.002098,0.002098,0.002060,0.002136,0.002174,0.002174,0.002136,0.002098,0.002136,0.002098,0.002136,0.002136,0.002136,0.002098,0.002060,0.002098,0.002098,0.002136,0.002098,0.002098,0.002098,0.002098,0.002060,0.002098,0.002174,0.002098,0.002060,0.002098,0.002136,0.002060,0.002060,0.002060,0.002022,0.002060,0.002060,0.001984,0.002060,0.002060,0.001984,0.001945,0.001907,0.001984,0.002022,0.001984,0.001984,0.001984,0.001984,0.001984,0.001945,0.001907,0.001984,0.001984,0.001945,0.001945,0.001984,0.002022,0.001945,0.002022,0.001907,0.001945,0.001984,0.001945,0.001984,0.001945,0.001984,0.001984,0.001984,0.001984,0.001945,0.002022,0.001984,0.002022,0.001984
20,19:00:00.000,12/31/1903,0.000000,0.100000,UNKNOWN,1,0/0,0.000000,0.000000,0.000000,0.000000,0.000000,0.000000,0.000000,0.000000,0,0,0,0,0.002213,0.002213,0.002251,0.002174,0.002136,0.002174,0.002136,0.002251,0.002251,0.002213,0.002251,0.002174,0.002213,0.002213,0.002174,0.002213,0.002213,0.002174,0.002174,0.002174,0.002174,0.002136,0.002174,0.002174,0.002213,0.002174,0.002174,0.002174,0.002136,0.002136,0.002136,0.002136,0.002174,0.002174,0.002136,0.002136,0.002136,0.002136,0.002060,0.002136,0.002136,0.002136,0.002098,0.002136,0.002174,0.002136,0.002098,0.002136,0.002098,0.002136,0.002060,0.002136,0.002136,0.002060,0.002098,0.002022,0.002098,0.002060,0.002098,0.002136,0.002060,0.002136,0.002060,0.002098,0.002022,0.002022,0.002022,0.002060,0.002098,0.002060,0.002060,0.002098,0.002098,0.002098,0.002060,0.002022,0.002060,0.002098,0.002060,0.002060,0.002022,0.002060,0.002022,0.002022,0.002060,0.002022,0.002022,0.002022,0.002098,0.001984,0.001984,0.002022,0.002022,0.002022,0.001984,0.002022,0.002060,0.002060,0.002060,0.002022,0.002060,0.002098,0.002060,0.002060,0.002022,0.002022,0.002060,0.002136,0.002098,0.002060,0.002098,0.002098,0.002098,0.002098,0.002060,0.002060,0.002060,0.002060,0.002060,0.002060,0.002098,0.002060,0.002098,0.002098,0.002136,0.002060,0.002060,0.002098,0.002060,0.002060,0.002098,0.002098,0.002136,0.002098,0.002098,0.002098,0.002098,0.002098,0.002098,0.002060,0.002060,0.002098,0.002136,0.002136,0.002060,0.002136,0.002098,0.002136,0.002060,0.002098,0.002098,0.002060,0.002098,0.002098,0.002098,0.002098,0.002098,0.002098,0.002060,0.002060,0.002098,0.002136,0.002098,0.002098,0.002136,0.002136,0.002136,0.002098,0.002098,0.002136,0.002136,0.002174,0.002136,0.002136,0.002174,0.002098,0.002174,0.002136,0.002136,0.002136,0.002136,0.002136,0.002174,0.002251,0.002174,0.002213,0.002174,0.002136,0.002174,0.002136,0.002174,0.002174,0.002174,0.002174,0.002174,0.002174,0.002174,0.002213,0.002174,0.002098,0.002136,0.002174,0.002174,0.002136,0.002136,0.002098,0.002136,0.002174,0.002174,0.002098,0.002174,0.002174,0.002136,0.002098,0.002098,0.002136,0.002174,0.002174,0.002098,0.002136,0.002136,0.002098,0.002136,0.002174,0.002174,0.002174,0.002213,0.002213,0.002213,0.002213,0.002136,0.002174,0.002213,0.002213,0.002174,0.002136,0.002136,0.002213,0.002136,0.002174,0.002213,0.002213,0.002213,0.002174,0.002136,0.002136,0.002136,0.002174,0.002174,0.002213,0.002174,0.002136,0.002174,0.002174,0.002174,0.002136,0.002174,0.002174,0.002136,0.002174,0.002213,0.002174,0.002136,0.002136,0.002136,0.002174,0.002213,0.002136,0.002098,0.002136,0.002136,0.002136,0.002174,0.002136,0.002098,0.002136,0.002098,0.002136,0.002174,0.002136,0.002098,0.002136,0.002136,0.002136,0.002136,0.002098,0.002136,0.002098,0.002098,0.002098,0.002098,0.002136,0.002098,0.002098,0.002022,0.002098,0.002060,0.002060,0.002098,0.002098,0.002098,0.002098,0.002098,0.002098,0.002060,0.002098,0.002098,0.002098,0.002136,0.002060,0.002060,0.002098,0.002136,0.002098,0.002098,0.002136,0.002098,0.002098,0.002060,0.002022,0.002060,0.002136,0.002060,0.002098,0.002136,0.002136,0.002136,0.002098,0.002098,0.002098,0.002060,0.002098,0.002098,0.002060,0.002136,0.002060,0.002060,0.002060,0.002060,0.002022,0.002060,0.002060,0.002060,0.001945,0.002060,0.002060,0.002098,0.002060,0.002060,0.002098,0.002136,0.002136,0.002060,0.002022,0.002098,0.002098,0.002098,0.002060,0.002060,0.002098,0.002098,0.002098,0.002098,0.002022,0.002060,0.002098,0.002098,0.002060,0.002098,0.002098,0.002060,0.002136,0.002136,0.002174,0.002098,0.002060,0.002098,0.002098,0.002098,0.002136,0.002136,0.002098,0.002098,0.002098,0.002098,0.002098,0.002098,0.002098,0.002174,0.002136,0.002098,0.002098,0.002098,0.002098,0.002098,0.002136,0.002136,0.002136,0.002098,0.002060,0.002136,0.002098,0.002174,0.002213,0.002136,0.002136,0.002098,0.002136,0.002174,0.002174,0.002174,0.002098,0.002136,0.002136,0.002174,0.002174,0.002174,0.002213,0.002213,0.002174,0.002213,0.002213,0.002213,0.002251,0.002213,0.002174,0.002136,0.002136,0.002213,0.002251,0.002251,0.002213,0.002174,0.002174,0.002098,0.002174,0.002174,0.002174,0.002213,0.002136,0.002174,0.002213,0.002213,0.002174,0.002174,0.002174,0.002213,0.002213,0.002136,0.002213,0.002136,0.002098,0.002098,0.002098,0.002136,0.002098,0.002136,0.002174,0.002136,0.002098,0.002098,0.002136,0.002136,0.002098,0.002022,0.002060,0.002060,0.002060,0.002098,0.002060,0.002060,0.002060,0.002060,0.002098,0.002022,0.002022,0.002022,0.002060,0.002022,0.002022,0.002060,0.002022,0.002060,0.002022,0.002060,0.002022,0.002022,0.001984,0.002022,0.002022,0.001984,0.001984,0.002098,0.002022,0.001984,0.002060,0.002022,0.002022,0.001984,0.002060,0.002022,0.002022,0.002022,0.002022,0.002060,0.002060,0.002098,0.002022,0.002022,0.001984,0.002022,0.002022,0.001984,0.002022,0.001984,0.002022,0.002022,0.002060,0.002022,0.002060,0.002022,0.002022,0.002098,0.002060,0.002022,0.002060,0.002060,0.002136,0.002098,0.002022,0.002098,0.002136,0.002136,0.002098,0.002098,0.002098,0.002098,0.002098,0.002136,0.002098,0.002060,0.002060,0.002098,0.002098,0.002060,0.002098,0.002060,0.002098,0.002136,0.002136,0.002136,0.002136,0.002136,0.002098,0.002098,0.002174,0.002098,0.002136,0.002174,0.002174,0.002174,0.002136,0.002174,0.002136,0.002213,0.002213,0.002174,0.002213,0.002136,0.002174,0.002174,0.002213,0.002174,0.002174,0.002251,0.002174,0.002136,0.002174,0.002174,0.002174,0.002136,0.002174,0.002174,0.002174,0.002213,0.002136,0.002136,0.002136,0.002136,0.002174,0.002174,0.002136,0.002098,0.002136,0.002098,0.002060,0.002098,0.002174,0.002136,0.002060,0.002098,0.002098,0.002060,0.002098,0.002022,0.002098,0.002098,0.002022,0.002022,0.002060,0.002022,0.002022,0.002022,0.002060,0.002060,0.002098,0.002060,0.002060,0.002060,0.002060,0.002060,0.002060,0.002022,0.002022,0.002060,0.002022,0.002060,0.002060,0.002136,0.002098,0.002022,0.002098,0.002060,0.002022,0.002060,0.002098,0.002060,0.002098,0.002098,0.002060,0.002060,0.002098,0.002174,0.002060,0.002060,0.002060,0.002060,0.002060,0.002060,0.002136,0.002136,0.002060,0.002060,0.002060,0.002060,0.002098,0.002060,0.002060,0.002022,0.002060,0.002060,0.002022,0.002060,0.002022,0.002022,0.002060,0.002098,0.002060,0.002060,0.002060,0.002022,0.002060,0.002060,0.002060,0.002098,0.002060,0.002022,0.002022,0.002060,0.002022,0.002060,0.002060,0.002060,0.002060,0.002060,0.002060,0.002060,0.002022,0.002060,0.002022,0.001984,0.002022,0.002022,0.001907,0.001945,0.001984,0.001984,0.001907,0.001869,0.001945,0.001945,0.001907,0.001869,0.001869,0.001831,0.001755,0.001793,0.001793,0.001717,0.001755,0.001640,0.001717,0.001678,0.001640,0.001564,0.001564,0.001526,0.001526,0.001602,0.001526,0.001488,0.001526,0.001564,0.001564,0.001488,0.001564,0.001640,0.001678,0.001907,0.001984,0.002098,0.002251,0.002403,0.002594,0.002861,0.003166,0.003357,0.003624,0.004005,0.004349,0.004654,0.004997,0.005379,0.005722,0.006065,0.006409,0.006752,0.007019,0.007324,0.007439,0.007553,0.007515,0.007553,0.007324,0.007057,0.006752,0.006371,0.005913,0.005341,0.004845,0.004349,0.003738,0.003166,0.002518,0.001869,0.001335,0.000725,0.000114,-0.000420,-0.001068,-0.001640,-0.002213,-0.002861,-0.003433,-0.003967,-0.004463,-0.004807,-0.005074,-0.005302,-0.005341,-0.005264,-0.005226,-0.004921,-0.004654,-0.004272,-0.003853,-0.003357,-0.002823,-0.002365,-0.001793,-0.001297,-0.000763,-0.000305,0.000076,0.000496,0.000801,0.001106,0.001411,0.001717,0.001831,0.002060,0.002174,0.002327,0.002365,0.002441,0.002556,0.002594,0.002632,0.002708,0.002785,0.002899,0.003014,0.003052,0.003090,0.003128,0.003204,0.003281,0.003357,0.003433,0.003471,0.003510,0.003662,0.003777,0.003853,0.003967,0.004158,0.004272,0.004387,0.004501,0.004578,0.004616,0.004692,0.004692,0.004730,0.004768,0.004768,0.004730,0.004654,0.004616,0.004578,0.004425,0.004387,0.004272,0.004196,0.004005,0.003929,0.003815,0.003700,0.003548,0.003433,0.003319,0.003166,0.003090,0.002975,0.002823,0.002747,0.002632,0.002518,0.002480,0.002403,0.002289,0.002251,0.002136,0.002098,0.002060,0.002022,0.001984,0.001945,0.001907,0.001831,0.001907,0.001793,0.001793,0.001831,0.001793,0.001755,0.001755,0.001869,0.001907,0.001907,0.001945,0.002022,0.002098,0.002060,0.002060,0.002060,0.002060,0.002022,0.002022,0.001984,0.001945,0.001945,0.001945,0.001907,0.001869,0.001907,0.001869,0.001869,0.001831,0.001793,0.001793,0.001831,0.001793,0.001717,0.001717,0.001717,0.001640,0.001602,0.001564,0.001526,0.001450,0.001450,0.001411,0.001411,0.001450,0.001450,0.001488,0.001602,0.001717,0.001717,0.001717,0.001831,0.001831,0.001907,0.001945,0.001945,0.001907,0.001984,0.001945,0.001907,0.001831,0.001831,0.001869,0.001869,0.001831,0.001831,0.001907,0.001984,0.001869,0.001945,0.001984,0.001984,0.002022,0.001984,0.002022,0.002022,0.002022,0.001984,0.001984,0.001945,0.001907,0.001945,0.001907,0.001869,0.001831,0.001831,0.001945,0.001907,0.001945,0.001945,0.001984,0.002098,0.002098,0.002136,0.002289,0.002327,0.002365,0.002403,0.002480,0.002556,0.002518,0.002594,0.002594,0.002670,0.002632,0.002632,0.002556,0.002518,0.002441,0.002365,0.002365,0.002213,0.002136,0.002060,0.001984,0.001907,0.001907,0.001907,0.001869,0.001831,0.001869,0.001945,0.001945,0.001907,0.001907,0.001907,0.001907,0.001984,0.001984,0.001945,0.001907,0.001831,0.001793,0.001755,0.001678,0.001717,0.001640,0.001602,0.001564,0.001526,0.001488,0.001450,0.001488,0.001411,0.001411,0.001411,0.001373,0.001450,0.001373,0.001411,0.001488,0.001488,0.001450,0.001488,0.001488,0.001526,0.001602,0.001602,0.001640,0.001717,0.001793,0.001869,0.001984,0.002022,0.002098,0.002174,0.002251,0.002289,0.002403,0.002480,0.002518,0.002594,0.002632,0.002708,0.002785,0.002785,0.002785,0.002823,0.002785,0.002823,0.002823,0.002823,0.002785,0.002785,0.002785,0.002785,0.002708,0.002670,0.002632,0.002708,0.002747,0.002670,0.002632,0.002670,0.002670,0.002594,0.002670,0.002594,0.002556,0.002518,0.002518,0.002518,0.002441,0.002403,0.002365,0.002327,0.002365,0.002251,0.002251,0.002213,0.002213,0.002251,0.002213,0.002213,0.002136,0.002174,0.002174,0.002136,0.002213,0.002174,0.002174,0.002213,0.002174,0.002213,0.002174,0.002174,0.002136,0.002174,0.002174,0.002136,0.002060,0.002098,0.002136,0.002136,0.002098,0.002174,0.002213,0.002213,0.002289,0.002327,0.002365,0.002403,0.002403,0.002518,0.002556,0.002556,0.002594,0.002632,0.002632,0.002556,0.002632,0.002670,0.002670,0.002594,0.002518,0.002480,0.002403,0.002365,0.002289,0.002213,0.002213,0.002098,0.002098,0.001984,0.001945,0.001793,0.001793,0.001755,0.001717,0.001717,0.001717,0.001755,0.001755,0.001717,0.001793,0.001831,0.001831,0.001945,0.001945,0.002022,0.002060,0.002060,0.002136,0.002136,0.002174,0.002213,0.002174,0.002251,0.002213,0.002213,0.002174,0.002136,0.002136,0.002136,0.002136,0.002060,0.002022,0.001945,0.001945,0.001907,0.001907,0.001869,0.001793,0.001755,0.001793,0.001755,0.001793,0.001717,0.001640,0.001640,0.001678,0.001640,0.001602,0.001564,0.001564,0.001564,0.001564,0.001640,0.001640,0.001717,0.001640,0.001640,0.001717,0.001793,0.001793,0.001869,0.001907,0.001869,0.001945,0.001945,0.001984,0.002060,0.002098,0.002060,0.002060,0.002098,0.002098,0.002098,0.002136,0.002098,0.002174,0.002174,0.002213,0.002213,0.002213,0.002251,0.002289,0.002251,0.002251,0.002251,0.002251,0.002251,0.002213,0.002251,0.002251,0.002251,0.002251,0.002213,0.002213,0.002213,0.002213,0.002174,0.002213,0.002174,0.002174,0.002174,0.002174,0.002213,0.002174,0.002174,0.002174,0.002251,0.002174,0.002213,0.002251,0.002251,0.002251,0.002289,0.002251,0.002251,0.002136,0.002174,0.002174,0.002174,0.002098,0.002136,0.002136,0.002060,0.002022,0.002060,0.002060,0.001945,0.001907,0.001907,0.001907,0.001907,0.001831,0.001869,0.001793,0.001755,0.001793,0.001793,0.001831,0.001755,0.001717,0.001793,0.001717,0.001717,0.001640,0.001678,0.001678,0.001717,0.001755,0.001755,0.001755,0.001793,0.001793,0.001869,0.001831,0.001869,0.001945,0.001984,0.001984,0.002022,0.002098,0.002060,0.002174,0.002174,0.002251,0.002289,0.002289,0.002403,0.002403,0.002403,0.002441,0.002403,0.002441,0.002480,0.002480,0.002441,0.002480,0.002518,0.002480,0.002518,0.002518,0.002441,0.002518,0.002556,0.002518,0.002594,0.002556,0.002556,0.002556,0.002556,0.002556,0.002480,0.002556,0.002480,0.002480,0.002403,0.002365,0.002403,0.002327,0.002365,0.002327,0.002289,0.002251,0.002174,0.002136,0.002136,0.002136,0.002098,0.002098,0.001984,0.001945,0.002022,0.002022,0.001984,0.001984,0.001984,0.001984,0.002022,0.002060,0.002060,0.002098,0.002174,0.002213,0.002251,0.002251,0.002251,0.002289,0.002251,0.002289,0.002365,0.002289,0.002365,0.002365,0.002403,0.002365,0.002289,0.002327,0.002251,0.002289,0.002213,0.002174,0.002136,0.002098,0.002098,0.002060,0.002022,0.002022,0.002022,0.001907,0.001945,0.001907,0.001945,0.001831,0.001869,0.001793,0.001831,0.001869,0.001793,0.001755,0.001755,0.001755,0.001678,0.001755,0.001793,0.001717,0.001755,0.001755,0.001755,0.001793,0.001755,0.001831,0.001793,0.001755,0.001831,0.001793,0.001755,0.001755,0.001755,0.001793,0.001755,0.001755,0.001793,0.001793,0.001793,0.001831,0.001793,0.001793,0.001831,0.001907,0.001945,0.001945,0.001907,0.001984,0.001984,0.002022,0.002022,0.002098,0.002174,0.002136,0.002174,0.002213,0.002213,0.002289,0.002289,0.002365,0.002403,0.002327,0.002365,0.002327,0.002327,0.002327,0.002289,0.002289,0.002289,0.002327,0.002251,0.002174,0.002213,0.002174,0.002136,0.002136,0.002136,0.002136,0.002098,0.002098,0.002060,0.002060,0.002136,0.002060,0.002098,0.002098,0.002098,0.002060,0.002060,0.002098,0.002098,0.002136,0.002098,0.002098,0.002098,0.002098,0.002098,0.002136,0.002098,0.002098,0.002098,0.002136,0.002098,0.002098,0.002136,0.002136,0.002136,0.002136,0.002174,0.002136,0.002174,0.002136,0.002136,0.002136,0.002174,0.002174,0.002213,0.002251,0.002213,0.002213,0.002213,0.002251,0.002213,0.002174,0.002136,0.002174,0.002174,0.002098,0.002136,0.002136,0.002136,0.002060,0.002098,0.002022,0.002060,0.002098,0.002060,0.002060,0.002060,0.002022,0.002060,0.002098,0.002022,0.002060,0.002060,0.002060,0.002060,0.001984,0.002060,0.002060,0.002098,0.002060,0.002098,0.002098,0.002098,0.002136,0.002098,0.002136,0.002098,0.002136,0.002174,0.002174,0.002213,0.002213,0.002251,0.002289,0.002174,0.002174,0.002213,0.002174,0.002213,0.002213,0.002136,0.002136,0.002098,0.002060,0.002060,0.002060,0.001945,0.001984,0.002022,0.001984,0.002022,0.001907,0.001907,0.001984,0.001945,0.001907,0.001869,0.001869,0.001907,0.001907,0.001945,0.001907,0.001945,0.002022,0.001945,0.002022,0.001984,0.002022,0.002022,0.002060,0.002060,0.002060,0.002060,0.002098,0.002060,0.002098,0.002060,0.002098,0.002098,0.002174,0.002136,0.002060,0.002098,0.002060,0.002098,0.002098,0.002022,0.002060,0.001984,0.002022,0.002022,0.002060,0.002060,0.002022,0.001984,0.001984,0.001984,0.001984,0.001945,0.001984,0.001945,0.001869,0.001945,0.001907,0.001945,0.001907,0.001907,0.001984,0.001984,0.001984,0.001945,0.002022,0.002022,0.002022,0.002098,0.002174,0.002098,0.002174,0.002174,0.002213,0.002174,0.002251,0.002213,0.002213,0.002251,0.002213,0.002289,0.002251,0.002289,0.002327,0.002213,0.002251,0.002327,0.002289,0.002289,0.002327,0.002289,0.002251,0.002289,0.002289,0.002251,0.002327,0.002327,0.002289,0.002251,0.002251,0.002289,0.002251,0.002289,0.002251,0.002251,0.002174,0.002174,0.002174,0.002174,0.002213,0.002213,0.002174,0.002136,0.002136,0.002136,0.002136,0.002098,0.002060,0.002060,0.002060,0.002060,0.002060,0.002060,0.002022,0.002060,0.002022,0.002098,0.002136,0.002098,0.002098,0.002136,0.002213,0.002289,0.002289,0.002365,0.002327,0.002365,0.002480,0.002441,0.002518,0.002556,0.002594,0.002632,0.002670,0.002670,0.002708,0.002670,0.002708,0.002708,0.002747,0.002747,0.002708,0.002708,0.002632,0.002594,0.002594,0.002556,0.002518,0.002556,0.002441,0.002365,0.002365,0.002327,0.002251,0.002327,0.002251,0.002251,0.002213,0.002174,0.002136,0.002060,0.002022,0.001984,0.001907,0.001793,0.001717,0.001602,0.001488,0.001373,0.001297,0.001144,0.001144,0.001068,0.000992,0.000916,0.000954,0.000916,0.000916,0.000992,0.000954,0.001030,0.001144,0.001183,0.001183,0.001297,0.001411,0.001526,0.001602,0.001678,0.001793,0.001869,0.001945,0.002022,0.002098,0.002174,0.002213,0.002289,0.002251,0.002403,0.002365,0.002403,0.002403,0.002327,0.002327,0.002365,0.002327,0.002327,0.002327,0.002327,0.002251,0.002289,0.002251,0.002251,0.002251,0.002213,0.002213,0.002136,0.002213,0.002213,0.002174,0.002327,0.002289,0.002327,0.002327,0.002365,0.002403,0.002441,0.002518,0.002556,0.002518,0.002556,0.002556,0.002556,0.002556,0.002556,0.002594,0.002518,0.002556,0.002480,0.002480,0.002441,0.002327,0.002327,0.002289,0.002289,0.002289,0.002251,0.002213,0.002098,0.002136,0.002060,0.002060,0.002022,0.001945,0.001945,0.001907,0.001945,0.001984,0.001984,0.001945,0.001869,0.001945,0.001984,0.001945,0.001984,0.002022,0.002022,0.002022,0.001984,0.002022,0.001984,0.002022,0.001984,0.002022,0.002022,0.001945,0.001984,0.002060,0.001984,0.002022,0.001984,0.001984,0.001984,0.002060,0.002022,0.001984,0.001984,0.001907,0.001984,0.001984,0.001984,0.001984,0.001984,0.001984,0.002022,0.002022,0.002022,0.001984,0.002022,0.002022,0.002022,0.002060,0.002060,0.002098,0.002098,0.002098,0.002098,0.002174,0.002174,0.002213,0.002213,0.002213,0.002213,0.002251,0.002251,0.002289,0.002365,0.002365,0.002403,0.002365,0.002365,0.002441,0.002327,0.002365,0.002365,0.002365,0.002403,0.002365,0.002403,0.002365,0.002403,0.002365,0.002289,0.002327,0.002289,0.002365,0.002289,0.002213,0.002251,0.002174,0.002213,0.002251,0.002213,0.002174,0.002136,0.002136,0.002136,0.002136,0.002098,0.002098,0.002174,0.002060,0.002098,0.002098,0.002136,0.002136,0.002098,0.002136,0.002174,0.002136,0.002174,0.002174,0.002174,0.002174,0.002251,0.002289,0.002289,0.002289,0.002251,0.002327,0.002327,0.002327,0.002365,0.002365,0.002365,0.002403,0.002441,0.002441,0.002327,0.002480,0.002441,0.002403,0.002480,0.002403,0.002365,0.002365,0.002327,0.002327,0.002251,0.002251,0.002213,0.002213,0.002213,0.002098,0.002060,0.002060,0.001945,0.001984,0.002022,0.001984,0.001945,0.001907,0.001945,0.001945,0.001945,0.001869,0.001831,0.001869,0.001869,0.001869,0.001869,0.001869,0.001793,0.001793,0.001755,0.001755,0.001831,0.001793,0.001831,0.001793,0.001793,0.001869,0.001831,0.001869,0.001869,0.001907,0.001907,0.001945,0.001984,0.001984,0.001984,0.001945,0.002060,0.002022,0.002060,0.002022,0.002060,0.002022,0.002060,0.002022,0.002136,0.002136,0.002060,0.002174,0.002174,0.002213,0.002251,0.002174,0.002174,0.002251,0.002251,0.002251,0.002213,0.002174,0.002174,0.002213,0.002213,0.002213,0.002174,0.002136,0.002174,0.002174,0.002136,0.002136,0.002060,0.002136,0.002136,0.002098,0.002136,0.002098,0.002174,0.002174,0.002136,0.002098,0.002136,0.002136,0.002174,0.002174,0.002136,0.002174,0.002213,0.002136,0.002136,0.002136,0.002174,0.002251,0.002174,0.002098,0.002098,0.002060,0.002098,0.002060,0.002060,0.002060,0.002022,0.002022,0.001984,0.001945,0.001907,0.001907,0.001945,0.001907,0.001907,0.001831,0.001907,0.001869,0.001907,0.001869,0.001869,0.001907,0.001984,0.001907,0.001907,0.001907,0.001984,0.001984,0.001984,0.001945,0.001945,0.002098,0.002098,0.002098,0.002098,0.002098,0.002098,0.002136,0.002098,0.002174,0.002098,0.002098,0.002060,0.002174,0.002098,0.002060,0.002060,0.002060,0.002060,0.002022,0.002060,0.002060,0.001984,0.002060,0.002060,0.002098,0.002098,0.002098,0.002098,0.002098,0.002098,0.002136,0.002136,0.002174,0.002174,0.002213,0.002213,0.002251,0.002251,0.002213,0.002174,0.002251,0.002213,0.002289,0.002213,0.002327,0.002327,0.002365,0.002365,0.002289,0.002251,0.002251,0.002251,0.002251,0.002213,0.002251,0.002251,0.002213,0.002213,0.002174,0.002174,0.002213,0.002213,0.002174,0.002174,0.002174,0.002098,0.002136,0.002098,0.002098,0.002174,0.002022,0.002060,0.002098,0.002136,0.002098,0.002098,0.002098,0.002136,0.002136,0.002174,0.002136,0.002213,0.002136,0.002213,0.002213,0.002174,0.002213,0.002213,0.002251,0.002251,0.002251,0.002327,0.002289,0.002251,0.002365,0.002251,0.002251,0.002289,0.002289,0.002327,0.002327,0.002289,0.002251,0.002251,0.002251,0.002213,0.002136,0.002174,0.002174,0.002136,0.002136,0.002098,0.002098,0.002136,0.002098,0.002060,0.002098,0.001984,0.002022,0.001984,0.001945,0.001831,0.001945,0.001869,0.001793,0.001831,0.001793,0.001755,0.001755,0.001755,0.001717,0.001717,0.001678,0.001717,0.001678,0.001717,0.001717,0.001755,0.001678,0.001717,0.001755,0.001678,0.001717,0.001755,0.001717,0.001755,0.001755,0.001717,0.001755,0.001717,0.001793,0.001755,0.001755,0.001755,0.001755,0.001793,0.001793,0.001831,0.001831,0.001793,0.001793,0.001793,0.001907,0.001907,0.001907,0.001945,0.001984,0.002022,0.001984,0.002022,0.002060,0.002098,0.002136,0.002098,0.002174,0.002213,0.002251,0.002251,0.002251,0.002251,0.002289,0.002365,0.002365,0.002327,0.002403,0.002365,0.002403,0.002327,0.002327,0.002365,0.002441,0.002441,0.002480,0.002365,0.002403,0.002327,0.002327,0.002403,0.002365,0.002403,0.002365,0.002327,0.002327,0.002251,0.002213,0.002213,0.002213,0.002213,0.002213,0.002213,0.002213,0.002174,0.002174,0.002136,0.002136,0.002060,0.002098,0.002098,0.002060,0.002060,0.002060,0.001984,0.002022,0.002098,0.002098,0.002060,0.002060,0.002060,0.002098,0.002022,0.002022,0.002060,0.002022,0.001984,0.001984,0.002098,0.002022,0.001984,0.002022,0.001984,0.001984,0.001984,0.001945,0.001945,0.001945,0.001984,0.001984,0.001907,0.001945,0.001945,0.001945,0.001984,0.001984,0.001945,0.001907,0.001984,0.001945,0.001945,0.001984,0.002022,0.002098,0.002060,0.002060,0.002022,0.002060,0.002098,0.002060,0.002098,0.002136,0.002098,0.002098,0.002136,0.002174,0.002174,0.002174,0.002136,0.002136,0.002098,0.002136,0.002136,0.002174,0.002136,0.002098,0.002098,0.002098,0.002098,0.002098,0.002098,0.002098,0.002098,0.002098,0.002136,0.002136,0.002136,0.002174,0.002174,0.002136,0.002213,0.002174,0.002174,0.002174,0.002213,0.002213,0.002174,0.002213,0.002251,0.002251,0.002213,0.002213,0.002213,0.002174,0.002213,0.002213,0.002251,0.002213,0.002174,0.002174,0.002174,0.002136,0.002136,0.002136,0.002136,0.002136,0.002174,0.002174,0.002136,0.002136,0.002174,0.002174,0.002213,0.002174,0.002174,0.002136,0.002098,0.002174,0.002136,0.002136,0.002136,0.002136,0.002136,0.002098,0.002174,0.002136,0.002098,0.002136,0.002098,0.002098,0.002022,0.002060,0.002060,0.002098,0.002098,0.002060,0.001984,0.002022,0.002022,0.002022,0.002022,0.001984,0.001945,0.001945,0.001907,0.001945,0.001945,0.001984,0.001945,0.001907,0.001907,0.001984,0.001984,0.001907,0.001984,0.001984,0.001945,0.001907,0.001984,0.001945,0.001945,0.001907,0.001945,0.001984,0.001945,0.001907,0.001945,0.001945,0.001984,0.001945,0.001984,0.001984,0.002022,0.002022,0.002022,0.001984,0.002022,0.001984,0.002022,0.002098,0.002098,0.002136,0.002136,0.002136,0.002098,0.002174,0.002251,0.002213,0.002174,0.002098,0.002174,0.002213,0.002174,0.002174,0.002174,0.002136,0.002213,0.002251,0.002174,0.002213,0.002251,0.002174,0.002213,0.002213,0.002213,0.002213,0.002174,0.002174,0.002174,0.002136,0.002136,0.002174,0.002174,0.002174,0.002174,0.002213,0.002136,0.002174,0.002174,0.002174,0.002098,0.002213,0.002251,0.002174,0.002174,0.002136,0.002174,0.002213,0.002213,0.002213,0.002213,0.002174,0.002213,0.002213,0.002174,0.002174,0.002213,0.002213,0.002174,0.002174,0.002213,0.002174,0.002213,0.002136,0.002251,0.002213,0.002136,0.002136,0.002213,0.002213,0.002136,0.002213,0.002251,0.002174,0.002213,0.002174,0.002136,0.002136,0.002174,0.002174,0.002136,0.002174,0.002174,0.002136,0.002136,0.002098,0.002174,0.002213,0.002174,0.002174,0.002136,0.002174,0.002060,0.002136,0.002136,0.002136,0.002136,0.002136,0.002174,0.002136,0.002174,0.002136,0.002098,0.002136,0.002174,0.002174,0.002136,0.002136,0.002174,0.002136,0.002213,0.002251,0.002136,0.002098,0.002136,0.002136,0.002213,0.002174,0.002174,0.002174,0.002174,0.002213,0.002136,0.002174,0.002213,0.002213,0.002174,0.002174,0.002213,0.002174,0.002174,0.002136,0.002060,0.002136,0.002060,0.002098,0.002060,0.002098,0.002060,0.002060,0.002060,0.002060,0.002022,0.002060,0.002098,0.002060,0.002022,0.002060,0.002060,0.002060,0.002022,0.002098,0.002060,0.002098,0.002136,0.002098,0.002136,0.002136,0.002136,0.002174,0.002174,0.002174,0.002213,0.002213,0.002251,0.002251,0.002327,0.002327,0.002289,0.002289,0.002365,0.002365,0.002365,0.002403,0.002441,0.002441,0.002365,0.002441,0.002441,0.002403,0.002441,0.002441,0.002365,0.002327,0.002365,0.002327,0.002251,0.002289,0.002213,0.002213,0.002098,0.002022,0.002022,0.002022,0.001984,0.001984,0.001869,0.001907,0.001869,0.001869,0.001869,0.001755,0.001793,0.001793,0.001831,0.001793,0.001869,0.001945,0.001869,0.001869,0.001869,0.001869,0.001945,0.001945,0.001984,0.001984,0.001984,0.002060,0.002060,0.002098,0.002098,0.002174,0.002060,0.002098,0.002098,0.002098,0.002098,0.001984,0.001984,0.002060,0.002022,0.002022,0.002022,0.001984,0.001984,0.002022,0.002060,0.002060,0.002060,0.002060,0.002022,0.002022,0.002060,0.002098,0.002098,0.002136,0.002098,0.002174,0.002098,0.002136,0.002174,0.002174,0.002213,0.002213,0.002213,0.002251,0.002289,0.002251,0.002251,0.002251,0.002327,0.002289,0.002289,0.002327,0.002289,0.002365,0.002327,0.002289,0.002251,0.002289,0.002327,0.002289,0.002251,0.002251,0.002251,0.002251,0.002213,0.002289,0.002251,0.002251,0.002327,0.002251,0.002289,0.002289,0.002327,0.002327,0.002365,0.002289,0.002327,0.002289,0.002289,0.002365,0.002289,0.002213,0.002213,0.002213,0.002289,0.002213,0.002136,0.002098,0.002098,0.002098,0.002060,0.002060,0.002022,0.001945,0.001984,0.001945,0.001945,0.001945,0.001945,0.001907,0.001869,0.001869,0.001831,0.001831,0.001831,0.001831,0.001793,0.001793,0.001793,0.001793,0.001831,0.001831,0.001869,0.001869,0.001869,0.001869,0.001831,0.001907,0.001907,0.001869,0.001907,0.001945,0.001984,0.001945,0.002022,0.001945,0.001945,0.002022,0.002022,0.002098,0.002022,0.002022,0.001984,0.002060,0.002098,0.002098,0.002136,0.002136,0.002136,0.002136,0.002174,0.002098,0.002022,0.002098,0.002098,0.002174,0.002136,0.002136,0.002174,0.002174,0.002213,0.002098,0.002136,0.002098,0.002136,0.002136,0.002098,0.002098,0.002098,0.002136,0.002174,0.002174,0.002136,0.002098,0.002174,0.002213,0.002174,0.002251,0.002174,0.002174,0.002174,0.002213,0.002213,0.002251,0.002289,0.002213,0.002251,0.002251,0.002289,0.002213,0.002213,0.002251,0.002251,0.002213,0.002289,0.002251,0.002213,0.002251,0.002289,0.002251,0.002251,0.002251,0.002174,0.002213,0.002251,0.002213,0.002098,0.002174,0.002136,0.002098,0.002136,0.002098,0.002098,0.002098,0.002022,0.002022,0.002022,0.001984,0.001984,0.001984,0.002060,0.001984,0.001984,0.002098,0.002098,0.002136,0.002174,0.002098,0.002136,0.002136,0.002098,0.002136,0.002136,0.002136,0.002098,0.002098,0.002098,0.002136,0.002060,0.001984,0.002060,0.002060,0.002022,0.001984,0.001945,0.001984,0.001945,0.001907,0.001869,0.001869,0.001831,0.001869,0.001869,0.001945,0.001907,0.001869,0.001907,0.001907,0.001945,0.001984,0.001984,0.001907,0.002022,0.002022,0.002060,0.002060,0.002060,0.002098,0.002098,0.002136,0.002136,0.002136,0.002174,0.002174,0.002136,0.002213,0.002136,0.002136,0.002136,0.002136,0.002098,0.002136,0.002136,0.002098,0.002098,0.002060,0.002060,0.002060,0.002022,0.001984,0.002060,0.002060,0.002022,0.001984,0.001984,0.001984,0.002022,0.001984,0.001984,0.001984,0.001984,0.002098,0.002098,0.002060,0.002060,0.002022,0.002098,0.002136,0.002136,0.002136,0.002136,0.002136,0.002174,0.002213,0.002251,0.002213,0.002251,0.002213,0.002251,0.002251,0.002289,0.002327,0.002289,0.002251,0.002327,0.002327,0.002365,0.002365,0.002365,0.002327,0.002289,0.002251,0.002251,0.002289,0.002251,0.002289,0.002251,0.002174,0.002174,0.002213,0.002174,0.002174,0.002136,0.002098,0.002060,0.002098,0.002136,0.002098,0.002098,0.002060,0.002060,0.002060,0.002098,0.002060,0.002060,0.002060,0.002022,0.002060,0.002060,0.002098,0.002060,0.002060,0.002098,0.002060,0.002022,0.002022,0.002022,0.002022,0.002022,0.001984,0.001945,0.001907,0.001984,0.001945,0.001869,0.001907,0.001869,0.001869,0.001907,0.001793,0.001831,0.001793,0.001793,0.001793,0.001755,0.001831,0.001793,0.001869,0.001869,0.001831,0.001869,0.001831,0.001907,0.001831,0.001869,0.001945,0.001984,0.001907,0.001945,0.001945,0.001945,0.001907,0.001945,0.001945,0.001945,0.001984,0.002022,0.001907,0.001945,0.001945,0.002022,0.001984,0.001945,0.001945,0.001945,0.001907,0.001907,0.001945,0.001945,0.001945,0.001945,0.001984,0.001945,0.001984,0.001945,0.001984,0.001984,0.001984,0.002022,0.002022,0.002022,0.002022,0.002060,0.002060,0.002098,0.002060,0.002098,0.002098,0.002136,0.002174,0.002136,0.002136,0.002174,0.002213,0.002174,0.002213,0.002213,0.002251,0.002251,0.002251,0.002289,0.002289,0.002289,0.002289,0.002251,0.002327,0.002365,0.002327,0.002365,0.002403,0.002403,0.002441,0.002365,0.002403,0.002441,0.002441,0.002441,0.002518,0.002403,0.002365,0.002403,0.002403,0.002365,0.002365,0.002289,0.002327,0.002289,0.002213,0.002213,0.002136,0.002136,0.002136,0.002060,0.001945,0.001945,0.001907,0.001907,0.001907,0.001831,0.001869,0.001831,0.001793,0.001793,0.001793,0.001755,0.001755,0.001755,0.001793,0.001793,0.001793,0.001793,0.001793,0.001793,0.001793,0.001869,0.001831,0.001831,0.001831,0.001869,0.001945,0.001945,0.001984,0.001984,0.001945,0.001945,0.001984,0.002060,0.002022,0.002060,0.002060,0.002022,0.002098,0.002136,0.002174,0.002136,0.002136,0.002174,0.002251,0.002174,0.002174,0.002174,0.002213,0.002251,0.002251,0.002251,0.002327,0.002327,0.002289,0.002289,0.002327,0.002289,0.002289,0.002327,0.002327,0.002327,0.002289,0.002365,0.002365,0.002327,0.002365,0.002213,0.002327,0.002327,0.002289,0.002289,0.002289,0.002327,0.002289,0.002289,0.002327,0.002365,0.002327,0.002289,0.002327,0.002251,0.002327,0.002289,0.002251,0.002289,0.002213,0.002251,0.002251,0.002174,0.002213,0.002213,0.002213,0.002174,0.002098,0.002174,0.002136,0.002174,0.002174,0.002136,0.002136,0.002098,0.002174,0.002174,0.002174,0.002136,0.002098,0.002098,0.002098,0.002060,0.002060,0.002098,0.002098,0.002060,0.002060,0.002060,0.002022,0.002098,0.002022,0.001984,0.001984,0.001945,0.001984,0.002022,0.001984,0.001945,0.001945,0.001945,0.001984,0.001984,0.001984,0.001945,0.001907,0.001945,0.001945,0.001945,0.001984,0.002022,0.001945,0.001984,0.001984,0.002022,0.002022,0.002022,0.002022,0.002022,0.002022,0.002022,0.002022,0.002060,0.002022,0.001984,0.002060,0.002060,0.002022,0.002098,0.002098,0.002060,0.002060,0.002136,0.002136,0.002136,0.002136,0.002174,0.002213,0.002136,0.002174,0.002174,0.002174,0.002213,0.002213,0.002213,0.002213,0.002213,0.002289,0.002289,0.002289,0.002251,0.002289,0.002327,0.002327,0.002289,0.002289,0.002289,0.002327,0.002289,0.002251,0.002251,0.002289,0.002251,0.002213,0.002251,0.002251,0.002251,0.002251,0.002213,0.002289,0.002213,0.002174,0.002174,0.002174,0.002213,0.002136,0.002174,0.002060,0.002022,0.002098,0.002136,0.002136,0.002098,0.002136,0.002174,0.002060,0.002136,0.002136,0.002098,0.002098,0.002060,0.002136,0.002136,0.002136,0.002098,0.002098,0.002060,0.002098,0.002098,0.002060,0.002098,0.002098,0.002098,0.002022,0.002022,0.002022,0.001984,0.001984,0.002022,0.001984,0.001945,0.001984,0.001984,0.001945,0.001945,0.001984,0.001945,0.001907,0.001945,0.001907,0.001907,0.001831,0.001869,0.001831,0.001793,0.001831,0.001793,0.001831,0.001831,0.001869,0.001869,0.001831,0.001869,0.001869,0.001831,0.001907,0.001869,0.001907,0.001907,0.001907,0.001907,0.001984,0.002022,0.001984,0.001984,0.002060,0.002022,0.002098,0.002060,0.002022,0.002060,0.002098,0.002098,0.002136,0.002136,0.002098,0.002174,0.002174,0.002174,0.002174,0.002136,0.002213,0.002213,0.002251,0.002289,0.002251,0.002213,0.002251,0.002327,0.002327,0.002289,0.002327,0.002327,0.002327,0.002327,0.002289,0.002289,0.002289,0.002289,0.002251,0.002251,0.002289,0.002251,0.002251,0.002251,0.002251,0.002213,0.002213,0.002174,0.002213,0.002251,0.002174,0.002174,0.002174,0.002174,0.002174,0.002213,0.002174,0.002174,0.002136,0.002136,0.002136,0.002174,0.002174,0.002174,0.002174,0.002174,0.002174,0.002136,0.002098,0.002174,0.002174,0.002174,0.002174,0.002136,0.002174,0.002213,0.002174,0.002136,0.002136,0.002174,0.002098,0.002136,0.002174,0.002213,0.002213,0.002213,0.002174,0.002174,0.002174,0.002213,0.002174,0.002174,0.002174,0.002174,0.002213,0.002136,0.002174,0.002213,0.002213,0.002213,0.002213,0.002213,0.002136,0.002136,0.002213,0.002174,0.002213,0.002213,0.002060,0.002174,0.002213,0.002251,0.002098,0.002174,0.002174,0.002174,0.002136,0.002174,0.002174,0.002136,0.002136,0.002174,0.002213,0.002174,0.002174,0.002136,0.002213,0.002213,0.002136,0.002136,0.002174,0.002213,0.002213,0.002251,0.002213,0.002213,0.002213,0.002213,0.002251,0.002174,0.002174,0.002174,0.002213,0.002213,0.002213,0.002174,0.002098,0.002060,0.002174,0.002136,0.002098,0.002098,0.002060,0.002022,0.002060,0.002060,0.002022,0.002022,0.001907,0.001945,0.001945,0.001907,0.001945,0.001907,0.001907,0.001907,0.001907,0.001869,0.001831,0.001831,0.001831,0.001831,0.001907,0.001869,0.001831,0.001831,0.001831,0.001869,0.001869,0.001831,0.001869,0.001869,0.001869,0.001869,0.001907,0.001907,0.001945,0.001984,0.001984,0.002022,0.002060,0.002060,0.002022,0.002098,0.002136,0.002136,0.002174,0.002213,0.002213,0.002251,0.002251,0.002251,0.002251,0.002251,0.002251,0.002289,0.002213,0.002251,0.002213,0.002213,0.002213,0.002251,0.002174,0.002174,0.002213,0.002098,0.002098,0.002060,0.002098,0.002060,0.002022,0.002098,0.002060,0.002098,0.002098,0.002136,0.002098,0.002136,0.002174,0.002098,0.002136,0.002174,0.002213,0.002251,0.002213,0.002213,0.002213,0.002213,0.002289,0.002213,0.002251,0.002251,0.002251,0.002251,0.002136,0.002174,0.002098,0.002098,0.002136,0.002136,0.002060,0.002060,0.001984,0.001907,0.001869,0.001907,0.001831,0.001755,0.001793,0.001717,0.001755,0.001640,0.001717,0.001717,0.001678,0.001717,0.001678,0.001717,0.001717,0.001793,0.001869,0.001869,0.001831,0.001831,0.001869,0.001945,0.001907,0.001945,0.001945,0.001984,0.001984,0.002060,0.002060,0.001984,0.001984,0.001984,0.001945,0.001984,0.001984,0.002022,0.001984,0.002022,0.001984,0.001945,0.002060,0.001984,0.001984,0.001984,0.002022,0.002060,0.002060,0.002060,0.002098,0.002136,0.002136,0.002098,0.002098,0.002098,0.002213,0.002174,0.002213,0.002213,0.002213,0.002213,0.002251,0.002289,0.002289,0.002251,0.002251,0.002289,0.002289,0.002327,0.002289,0.002289,0.002289,0.002213,0.002251,0.002213,0.002213,0.002174,0.002213,0.002213,0.002213,0.002213,0.002174,0.002174,0.002136,0.002251,0.002174,0.002174,0.002136,0.002174,0.002136,0.002136,0.002098,0.002136,0.002174,0.002136,0.002136,0.002136,0.002136,0.002136,0.002136,0.002174,0.002098,0.002098,0.002098,0.002136,0.002098,0.002098,0.002136,0.002060,0.002098,0.002098,0.002022,0.002136,0.002022,0.002022,0.002022,0.002022,0.001984,0.002022,0.002022,0.002098,0.001984,0.001984,0.001984,0.002022,0.002022,0.002022,0.002060,0.002022,0.002060,0.001984,0.002060,0.002136,0.002098,0.002098,0.002022,0.002060,0.002098,0.002136,0.002136,0.002098,0.002136,0.002136,0.002098,0.002098,0.002098,0.002098,0.002060,0.002060,0.002174,0.002174,0.002174,0.002136,0.002098,0.002174,0.002174,0.002213,0.002136,0.002174,0.002136,0.002136,0.002174,0.002174,0.002136,0.002060,0.002136,0.002174,0.002136,0.002136,0.002098,0.002060,0.002098,0.002098,0.002098,0.002060,0.001984,0.001984,0.001984,0.002060,0.002022,0.001984,0.002022,0.002022,0.001984,0.001945,0.001984,0.001945,0.001907,0.001945,0.002022,0.002022,0.001907,0.001984,0.001984,0.001945,0.002022,0.001984,0.001984,0.001984,0.002022,0.002022,0.001984,0.002022,0.001984,0.001984,0.002022,0.001984,0.002022,0.002022,0.002060,0.001984,0.001945,0.002060,0.002060,0.002022,0.002022,0.001984,0.002060,0.002060,0.002060,0.002060,0.002060,0.002098,0.002098,0.002136,0.002098,0.002098,0.002098,0.002136,0.002174,0.002136,0.002136,0.002136,0.002174,0.002136,0.002098,0.002060,0.002098,0.002060,0.002098,0.002060,0.002098,0.002098,0.002060,0.002060,0.002060,0.002060,0.001984,0.002060,0.002060,0.002022,0.002022,0.001984,0.002060,0.002022,0.002022,0.002136,0.002098,0.002060,0.002098,0.002098,0.002136,0.002136,0.002213,0.002174,0.002174,0.002213,0.002174,0.002213,0.002213,0.002213,0.002251,0.002213,0.002251,0.002213,0.002289,0.002213,0.002289,0.002251,0.002289,0.002289,0.002251,0.002251,0.002213,0.002136,0.002213,0.002174,0.002174,0.002213,0.002174,0.002174,0.002136,0.002174,0.002136,0.002098,0.002098,0.002098,0.002098,0.002136,0.002136,0.002174,0.002098,0.002136,0.002098,0.002060,0.002098,0.002098,0.002098,0.002022,0.002136,0.002060,0.002022,0.002098,0.002022,0.002022,0.002022,0.002022,0.002060,0.001945,0.002022,0.001984,0.001984,0.002022,0.002022,0.001984,0.001945,0.001984,0.002022,0.001945,0.001945,0.001984,0.002022,0.002022,0.002022,0.002022,0.001945,0.001984,0.001907,0.001945,0.001907,0.001907,0.001945,0.001907,0.001945,0.001945,0.001984,0.001984,0.001907,0.002022,0.001945,0.001984,0.002022,0.001984,0.002022,0.001984,0.002022,0.002060,0.002022,0.002060,0.002060,0.002022,0.002060,0.002060,0.002136,0.002098,0.002174,0.002174,0.002098,0.002213,0.002213,0.002174,0.002213,0.002174,0.002251,0.002174,0.002213,0.002213,0.002251,0.002251,0.002251,0.002251,0.002289,0.002251,0.002213,0.002251,0.002327,0.002327,0.002327,0.002289,0.002251,0.002289,0.002289,0.002289,0.002251,0.002251,0.002251,0.002213,0.002213,0.002213,0.002251,0.002174,0.002136,0.002174,0.002174,0.002136,0.002060,0.002136,0.002174,0.002136,0.002174,0.002136,0.002174,0.002136,0.002098,0.002098,0.002174,0.002213,0.002174,0.002174,0.002174,0.002174,0.002174,0.002174,0.002136,0.002213,0.002213,0.002136,0.002174,0.002174,0.002213,0.002174,0.002174,0.002098,0.002136,0.002136,0.002098,0.002136,0.002098,0.002136,0.002098,0.002136,0.002098,0.002136,0.002098,0.002060,0.002060,0.002098,0.001984,0.001984,0.001945,0.001945,0.001945,0.001907,0.001945,0.001907,0.001869,0.001869,0.001945,0.001945,0.001907,0.001984,0.002022,0.002022,0.002098,0.002098,0.002174,0.002174,0.002251,0.002251,0.002251,0.002289,0.002365,0.002365,0.002403,0.002327,0.002403,0.002365,0.002403,0.002403,0.002327,0.002327,0.002289,0.002289,0.002213,0.002098,0.002098,0.002022,0.001984,0.001984,0.001984,0.001945,0.001945,0.001945,0.001907,0.001907,0.001907,0.001869,0.001907,0.001945,0.001984,0.001945,0.001984,0.002098,0.002060,0.002060,0.002098,0.002174,0.002174,0.002174,0.002213,0.002213,0.002251,0.002174,0.002136,0.002213,0.002136,0.002213,0.002174,0.002174,0.002213,0.002213,0.002174,0.002136,0.002174,0.002174,0.002174,0.002174,0.002174,0.002174,0.002213,0.002098,0.002213,0.002213,0.002174,0.002136,0.002213,0.002251,0.002251,0.002213,0.002213,0.002213,0.002289,0.002251,0.002251,0.002174,0.002251,0.002251,0.002251,0.002213,0.002251,0.002213,0.002251,0.002213,0.002289,0.002174,0.002213,0.002213,0.002251,0.002213,0.002136,0.002174,0.002136,0.002174,0.002213,0.002136,0.002136,0.002098,0.002174,0.002136,0.002098,0.002174,0.002174,0.002174,0.002174,0.002098,0.002136,0.002060,0.002098,0.002098,0.002098,0.002098,0.002136,0.002060,0.002060,0.002060,0.002022,0.002060,0.002060,0.002022,0.002022,0.001984,0.001945,0.001984,0.001984,0.001984,0.002022,0.002022,0.002022,0.001984,0.001984,0.002022,0.002060,0.002060,0.002060,0.002098,0.002098,0.002098,0.002136,0.002136,0.002136,0.002136,0.002136,0.002136,0.002136,0.002136,0.002098,0.002098,0.002136,0.002136,0.002174,0.002136,0.002136,0.002136,0.002060,0.002060,0.002060,0.002060,0.002022,0.002098,0.002022,0.002060,0.002060,0.002022,0.002060,0.002060,0.002060,0.002098,0.002098,0.002098,0.002060,0.002098,0.002022,0.002022,0.002098,0.002060,0.002136,0.002098,0.002060,0.002136,0.002136,0.002136,0.002174,0.002174,0.002136,0.002174,0.002136,0.002098,0.002136,0.002136,0.002098,0.002136,0.002136,0.002136,0.002098,0.002174,0.002174,0.002174,0.002136,0.002174,0.002136,0.002174,0.002213,0.002174,0.002098,0.002174,0.002174,0.002136,0.002174,0.002213,0.002213,0.002213,0.002174,0.002174,0.002136,0.002251,0.002098,0.002136,0.002174,0.002098,0.002098,0.002098,0.002098,0.002098,0.002060,0.002098,0.002060,0.002060,0.002060,0.002022,0.002060,0.001984,0.002060,0.002022,0.002022,0.002022,0.001984,0.001984,0.001984,0.002022,0.002022,0.001984,0.001907,0.001945,0.002022,0.002022,0.002022,0.002060,0.002022,0.002060,0.002060,0.002022,0.002136,0.002060,0.002022,0.002022,0.002098,0.002136,0.002022,0.002098,0.002136,0.002098,0.002136,0.002098,0.002174,0.002098,0.002098,0.002060,0.002098,0.002098,0.002136,0.002174,0.002098,0.002174,0.002213,0.002213,0.002213,0.002174,0.002213,0.002174,0.002213,0.002251,0.002213,0.002289,0.002174,0.002174,0.002213,0.002213,0.002251,0.002251,0.002251,0.002213,0.002213,0.002213,0.002174,0.002213,0.002174,0.002136,0.002136,0.002174,0.002136,0.002098,0.002060,0.002098,0.002060,0.002098,0.002098,0.002098,0.002060,0.001984,0.002060,0.002022,0.002022,0.002022,0.002022,0.002060,0.001984,0.002022,0.001984,0.001984,0.002098,0.001984,0.002022,0.001907,0.001945,0.001984,0.001869,0.001945,0.001869,0.001945,0.001984,0.001907,0.001907,0.001869,0.001907,0.001945,0.001907,0.001945,0.001907,0.001984,0.001907,0.001945,0.001984,0.001945,0.001984,0.001945,0.002022,0.002022,0.001984,0.002060,0.002022,0.002136,0.002060,0.002022,0.002098,0.002136,0.002174,0.002174,0.002174,0.002174,0.002213,0.002174,0.002136,0.002213,0.002174,0.002213,0.002213,0.002174,0.002213,0.002251,0.002213,0.002213,0.002174,0.002213,0.002213,0.002174,0.002136,0.002098,0.002136,0.002060,0.002098,0.002098,0.002060,0.002060,0.002022,0.002022,0.002060,0.001984,0.001945,0.001907,0.001945,0.001869,0.001831,0.001793,0.001755,0.001793,0.001755,0.001755,0.001793,0.001755,0.001831,0.001755,0.001831,0.001831,0.001869,0.001907,0.001869,0.001907,0.001945,0.001984,0.002060,0.002060,0.002098,0.002060,0.002174,0.002174,0.002174,0.002213,0.002174,0.002213,0.002174,0.002213,0.002213,0.002136,0.002251,0.002213,0.002251,0.002174,0.002174,0.002251,0.002136,0.002174,0.002174,0.002213,0.002251,0.002213,0.002213,0.002213,0.002136,0.002251,0.002174,0.002289,0.002289,0.002174,0.002213,0.002174,0.002251,0.002213,0.002251,0.002213,0.002251,0.002251,0.002213,0.002213,0.002136,0.002213,0.002213,0.002213,0.002213,0.002174,0.002174,0.002136,0.002136,0.002174,0.002174,0.002136,0.002060,0.002060,0.002098,0.002060,0.002098,0.002022,0.002022,0.002060,0.002098,0.002022,0.001984,0.002022,0.002060,0.002060,0.002098,0.002022,0.002060,0.002060,0.002022,0.002060,0.001984,0.002022,0.001984,0.001907,0.001984,0.001945,0.001945,0.001945,0.001984,0.002022,0.002022,0.002022,0.002022,0.002098,0.002098,0.002098,0.002136,0.002136,0.002136,0.002136,0.002098,0.002060,0.002060,0.002060,0.001984,0.002022,0.001984,0.001907,0.001945,0.001831,0.001831,0.001831,0.001755,0.001869,0.001793,0.001831,0.001793,0.001831,0.001869,0.001831,0.001945,0.001869,0.001907,0.001869,0.001945,0.001945,0.001945,0.001945,0.001945,0.001907,0.001945,0.001831,0.001869,0.001869,0.001907,0.001831,0.001831,0.001869,0.001831,0.001831,0.001793,0.001869,0.001907,0.001869,0.001907,0.001907,0.001984,0.002022,0.001907,0.002022,0.001984,0.001984,0.001984,0.001945,0.002022,0.001984,0.001984,0.002022,0.001984,0.002022,0.001984,0.002022,0.002022,0.002022,0.002022,0.002060,0.002060,0.002060,0.002136,0.002136,0.002136,0.002136,0.002174,0.002213,0.002213,0.002251,0.002327,0.002289,0.002289,0.002327,0.002365,0.002327,0.002327,0.002327,0.002365,0.002365,0.002289,0.002327,0.002327,0.002327,0.002251,0.002213,0.002213,0.002174,0.002174,0.002174,0.002098,0.002098,0.002060,0.001984,0.002022,0.002022,0.002022,0.001984,0.001945,0.001984,0.002022,0.002022,0.002022,0.002022,0.002060,0.002060,0.002098,0.002098,0.002098,0.002136,0.002136,0.002174,0.002174,0.002213,0.002213,0.002174,0.002213,0.002174,0.002174,0.002213,0.002213,0.002174,0.002213,0.002213,0.002174,0.002213,0.002174,0.002136,0.002174,0.002136,0.002136,0.002174,0.002174,0.002174,0.002136,0.002136,0.002136,0.002136,0.002136,0.002098,0.002098,0.002174,0.002174,0.002213,0.002174,0.002174,0.002098,0.002174,0.002136,0.002213,0.002174,0.002098,0.002136,0.002136,0.002136,0.002174,0.002174,0.002098,0.002136,0.002174,0.002136,0.002098,0.002136,0.002060,0.002136,0.002136,0.002136,0.002098,0.002060,0.002136,0.002060,0.002174,0.002136,0.002060,0.002136,0.002098,0.002136,0.002136,0.002098,0.002136,0.002098,0.002136,0.002136,0.002174,0.002136,0.002098,0.002213,0.002213,0.002174,0.002174,0.002098,0.002098,0.002098,0.002098,0.002098,0.002098,0.002136,0.002060,0.002098,0.002060,0.002098,0.002060,0.002098,0.002098,0.002060,0.002136,0.002060,0.002136,0.002174,0.002136,0.002213,0.002174,0.002136,0.002174,0.002136,0.002136,0.002136,0.002136,0.002174,0.002174,0.002098,0.002174,0.002174,0.002098,0.002136,0.002136,0.002136,0.002174,0.002060,0.002174,0.002174,0.002098,0.002174,0.002136,0.002136,0.002098,0.002098,0.002136,0.002060,0.002098,0.002098,0.002098,0.002136,0.002136,0.002136,0.002060,0.002098,0.002060,0.002060,0.002060,0.002060,0.002098,0.002060,0.002098,0.002098,0.002098,0.002136,0.002060,0.002098,0.002136,0.002060,0.002060,0.002060,0.002060,0.002060,0.002022,0.001945,0.002022,0.002022,0.001984,0.001945,0.001984,0.001984,0.001984,0.001984,0.001945,0.001945,0.001984,0.002022,0.001984,0.002022,0.002022,0.002022,0.002022,0.002022,0.002060,0.002098,0.002098,0.002174,0.002213,0.002174,0.002174,0.002174,0.002251,0.002213,0.002213,0.002174,0.002213,0.002251,0.002251,0.002289,0.002251,0.002289,0.002251,0.002251,0.002327,0.002327,0.002251,0.002289,0.002289,0.002327,0.002289,0.002289,0.002251,0.002289,0.002251,0.002289,0.002289,0.002213,0.002213,0.002174,0.002174,0.002136,0.002136,0.002098,0.002136,0.002136,0.002136,0.002136,0.002136,0.002098,0.002174,0.002098,0.002098,0.002136,0.002136,0.002174,0.002174,0.002174,0.002136,0.002213,0.002213,0.002213,0.002213,0.002174,0.002213,0.002174,0.002251,0.002251,0.002251,0.002327,0.002251,0.002213,0.002289,0.002251,0.002289,0.002251,0.002251,0.002289,0.002289,0.002289,0.002251,0.002289,0.002251,0.002289,0.002213,0.002174,0.002213,0.002174,0.002174,0.002174,0.002136,0.002098,0.002098,0.002060,0.002022,0.002022,0.001984,0.001984,0.001984,0.001907,0.001907,0.001907,0.001907,0.001907,0.001869,0.001907,0.001869,0.001869,0.001831,0.001831,0.001907,0.001831,0.001869,0.001869,0.001945,0.001945,0.001907,0.001945,0.002022,0.001984,0.002022,0.002022,0.002060,0.002098,0.002136,0.002174,0.002213,0.002213,0.002251,0.002213,0.002251,0.002289,0.002327,0.002289,0.002327,0.002327,0.002289,0.002289,0.002251,0.002289,0.002251,0.002251,0.002251,0.002251,0.002213,0.002251,0.002213,0.002251,0.002213,0.002136,0.002174,0.002136,0.002174,0.002136,0.002136,0.002098,0.002098,0.002174,0.002098,0.002098,0.002098,0.002136,0.002174,0.002213,0.002174,0.002174,0.002213,0.002174,0.002213,0.002213,0.002174,0.002174,0.002213,0.002251,0.002213,0.002251,0.002289,0.002251,0.002289,0.002251,0.002327,0.002289,0.002289,0.002327,0.002289,0.002289,0.002213,0.002251,0.002251,0.002289,0.002213,0.002213,0.002174,0.002174,0.002213,0.002213,0.002174,0.002174,0.002174,0.002213,0.002213,0.002174,0.002213,0.002174,0.002213,0.002136,0.002174,0.002213,0.002213,0.002213,0.002174,0.002174,0.002174,0.002174,0.002174,0.002174,0.002251,0.002251,0.002174,0.002136,0.002136,0.002174,0.002136,0.002098,0.002136,0.002098,0.002098,0.002098,0.002060,0.002098,0.002060,0.001984,0.002022,0.002022,0.002022,0.002022,0.001984,0.001984,0.001984,0.001984,0.002022,0.002022,0.002022,0.001945,0.001945,0.002022,0.002022,0.001984,0.002022,0.002022,0.002060,0.002022,0.001984,0.002022,0.002022,0.001984,0.001945,0.001945,0.002060,0.002060,0.002060,0.002060,0.002022,0.002022,0.002022,0.002022,0.002022,0.002022,0.002060,0.002060,0.002022,0.002022,0.002060,0.002060,0.002022,0.002022,0.002022,0.002060,0.001984,0.001984,0.002022,0.002022,0.001984,0.001984,0.001945,0.002022,0.002022,0.001984,0.002022,0.002060,0.002060,0.002060,0.001984,0.002022,0.002136,0.002098,0.002060,0.002060,0.002136,0.002136,0.002098,0.002060,0.002060,0.002136,0.002098,0.002136,0.002251,0.002136,0.002060,0.002098,0.002136,0.002136,0.002136,0.002136,0.002136,0.002174,0.002136,0.002136,0.002174,0.002136,0.002136,0.002060,0.002060,0.002136,0.002098,0.002022,0.002060,0.002060,0.002098,0.002060,0.002022,0.001984,0.001984,0.002060,0.001984,0.002022,0.002022,0.001984,0.001984,0.002022,0.002022,0.002022,0.002060,0.002022,0.002022,0.001984,0.001984,0.001984,0.001984,0.002022,0.002022,0.002060,0.002022,0.002060,0.002022,0.002022,0.002060,0.002022,0.002098,0.002060,0.002022,0.002060,0.002098,0.002060,0.002060,0.002060,0.002098,0.002098,0.002136,0.002098,0.002098,0.002213,0.002136,0.002136,0.002174,0.002136,0.002136,0.002136,0.002098,0.002060,0.002098,0.002136,0.002098,0.002136,0.002098,0.002060,0.002098,0.002098,0.002136,0.002098,0.002098,0.002136,0.002098,0.002136,0.002136,0.002060,0.002060,0.002098,0.002136,0.002136,0.002174,0.002174,0.002174,0.002174,0.002136,0.002174,0.002136,0.002098,0.002136,0.002213,0.002174,0.002136,0.002136,0.002136,0.002174,0.002174,0.002213,0.002174,0.002213,0.002174,0.002213,0.002213,0.002174,0.002174,0.002251,0.002251,0.002213,0.002213,0.002213,0.002213,0.002213,0.002289,0.002251,0.002251,0.002251,0.002289,0.002289,0.002213,0.002251,0.002327,0.002289,0.002251,0.002289,0.002251,0.002174,0.002251,0.002213,0.002213,0.002174,0.002136,0.002174,0.002174,0.002136,0.002136,0.002060,0.002098,0.002022,0.002022,0.002022,0.002022,0.002060,0.002022,0.002022,0.001984,0.001984,0.002022,0.002022,0.001984,0.001984,0.001984,0.001984,0.001945,0.001984,0.002022,0.001984,0.001984,0.001945,0.001984,0.001945,0.001984,0.002060,0.001984,0.001907,0.001945,0.001984,0.001984,0.001984,0.001945,0.001984,0.001945,0.001984,0.001984,0.002022,0.001984,0.001984,0.001984,0.001984,0.001984,0.002022,0.002022,0.001945,0.002022,0.002022,0.002060,0.002098,0.002060,0.002022,0.002022,0.001984,0.002060,0.002060,0.002060,0.001984,0.002022,0.001984,0.002060,0.002060,0.002022,0.002022,0.002060,0.002098,0.002098,0.002098,0.002098,0.002136,0.002136,0.002098,0.002098,0.002174,0.002098,0.002060,0.002098,0.002098,0.002136,0.002213,0.002174,0.002174,0.002174,0.002213,0.002174,0.002213,0.002251,0.002174,0.002251,0.002213,0.002174,0.002174,0.002174,0.002136,0.002174,0.002098,0.002098,0.002136,0.002098,0.002060,0.001984,0.002060,0.002022,0.001945,0.001907,0.001907,0.001907,0.001907,0.001907,0.001869,0.001831,0.001831,0.001869,0.001831,0.001793,0.001869,0.001831,0.001869,0.001869,0.001793,0.001869,0.001869,0.001869,0.001907,0.001945,0.001907,0.001945,0.001945,0.001984,0.001984,0.001945,0.001945,0.001945,0.001945,0.001945,0.001984,0.001907,0.001907,0.001984,0.001945,0.001907,0.001907,0.001869,0.001869,0.001907,0.001869,0.001869,0.001907,0.001869,0.001869,0.001869,0.001831,0.001831,0.001831,0.001793,0.001869,0.001869,0.001831,0.001945,0.001907,0.001869,0.001984,0.001984,0.001984,0.002022,0.002060,0.002060,0.002060,0.002098,0.002098,0.002136,0.002174,0.002174,0.002174,0.002213,0.002251,0.002213,0.002289,0.002327,0.002289,0.002327,0.002251,0.002327,0.002365,0.002365,0.002403,0.002403,0.002403,0.002403,0.002441,0.002441,0.002480,0.002480,0.002480,0.002441,0.002480,0.002480,0.002480,0.002480,0.002556,0.002480,0.002518,0.002556,0.002556,0.002556,0.002518,0.002518,0.002480,0.002518,0.002556,0.002480,0.002480,0.002480,0.002480,0.002480,0.002480,0.002441,0.002441,0.002441,0.002365,0.002441,0.002403,0.002327,0.002365,0.002289,0.002251,0.002251,0.002251,0.002251,0.002213,0.002174,0.002213,0.002174,0.002174,0.002174,0.002136,0.002174,0.002136,0.002098,0.002098,0.002098,0.002098,0.002174,0.002098,0.002098,0.002136,0.002098,0.002136,0.002098,0.002098,0.002060,0.002022,0.002098,0.002060,0.002060,0.002060,0.002060,0.002098,0.002060,0.002022,0.002022,0.002060,0.001984,0.001945,0.002022,0.002022,0.001907,0.001945,0.001945,0.001945,0.001869,0.001869,0.001945,0.001869,0.001869,0.001869,0.001869,0.001831,0.001869,0.001869,0.001907,0.001907,0.001907,0.001831,0.001831,0.001869,0.001945,0.001869,0.001869,0.001869,0.001869,0.001945,0.001907,0.001945,0.001945,0.001984,0.001945,0.001984,0.001984,0.001984,0.002022,0.002060,0.002098,0.002022,0.002022,0.002060,0.002022,0.002060,0.002060,0.002022,0.002022,0.002060,0.002060,0.002060,0.002022,0.002022,0.002022,0.002022,0.002022,0.002060,0.002060,0.002022,0.002060,0.002060,0.002060,0.002022,0.002022,0.002098,0.002098,0.002136,0.002060,0.002098,0.002098,0.002098,0.002098,0.002098,0.002174,0.002136,0.002136,0.002136,0.002098,0.002174,0.002098,0.002136,0.002213,0.002251,0.002174,0.002174,0.002136,0.002174,0.002174,0.002174,0.002136,0.002136,0.002174,0.002174,0.002136,0.002136,0.002213,0.002251,0.002174,0.002174,0.002136,0.002136,0.002136,0.002213,0.002136,0.002213,0.002213,0.002213,0.002289,0.002213,0.002251,0.002213,0.002213,0.002213,0.002251,0.002251,0.002251,0.002251,0.002289,0.002289,0.002289,0.002289,0.002289,0.002251,0.002251,0.002327,0.002213,0.002213,0.002213,0.002213,0.002213,0.002174,0.002213,0.002213,0.002213,0.002174,0.002174,0.002174,0.002174,0.002213,0.002136,0.002174,0.002136,0.002213,0.002174,0.002213,0.002213,0.002174,0.002174,0.002213,0.002213,0.002251,0.002213,0.002213,0.002174,0.002213,0.002213,0.002174,0.002174,0.002174,0.002174,0.002213,0.002213,0.002213,0.002174,0.002174,0.002174,0.002213,0.002136,0.002136,0.002213,0.002136,0.002174,0.002174,0.002213,0.002174,0.002136,0.002136,0.002136,0.002213,0.002174,0.002174,0.002174,0.002174,0.002174,0.002136,0.002174,0.002213,0.002174,0.002213,0.002174,0.002136,0.002174,0.002174,0.002136,0.002174,0.002174,0.002098,0.002136,0.002174,0.002136,0.002098,0.002098,0.002136,0.002136,0.002136,0.002136,0.002136,0.002136,0.002022,0.002060,0.002098,0.002060,0.002060,0.002098,0.002098,0.002060,0.002060,0.002022,0.002022,0.002060,0.002060,0.002060,0.002060,0.002060,0.002098,0.002098,0.002098,0.002060,0.002060,0.002098,0.002136,0.002136,0.002060,0.002136,0.002136,0.002174,0.002213,0.002136,0.002136,0.002174,0.002251,0.002136,0.002136,0.002213,0.002251,0.002251,0.002251,0.002251,0.002251,0.002251,0.002174,0.002251,0.002251,0.002213,0.002251,0.002289,0.002213,0.002251,0.002251,0.002289,0.002251,0.002251,0.002251,0.002251,0.002251,0.002251,0.002251,0.002251,0.002213,0.002213,0.002289,0.002213,0.002136,0.002174,0.002174,0.002174,0.002174,0.002174,0.002174,0.002174,0.002098,0.002098,0.002098,0.002136,0.002136,0.002098,0.002060,0.002060,0.002060,0.002022,0.002022,0.002060,0.002022,0.001984,0.001945,0.001984,0.001984,0.001945,0.001945,0.001907,0.001907,0.001945,0.001907,0.001945,0.001945,0.001984,0.001945,0.001984,0.001984,0.002022,0.002060,0.002060,0.002060,0.002060,0.002022,0.002022,0.002060,0.002136,0.002098,0.002098,0.002060,0.002060,0.002136,0.002136,0.002136,0.002136,0.002098,0.002174,0.002213,0.002213,0.002174,0.002174,0.002213,0.002213,0.002213,0.002174,0.002174,0.002213,0.002136,0.002174,0.002136,0.002098,0.002136,0.002174,0.002136,0.002098,0.002136,0.002060,0.002136,0.002136,0.002060,0.002098,0.002060,0.002060,0.002060,0.002098,0.002060,0.002060,0.002098,0.002060,0.002098,0.002098,0.002098,0.002098,0.002136,0.002060,0.002060,0.002098,0.002098,0.002060,0.002060,0.002060,0.002098,0.002060,0.002060,0.002060,0.002060,0.002098,0.002060,0.002022,0.002022,0.002060,0.001984,0.002022,0.002022,0.001945,0.002060,0.002060,0.001984,0.002022,0.002022,0.001945,0.001984,0.001984,0.002060,0.001984,0.002060,0.002022,0.002098,0.002098,0.002098,0.002136,0.002136,0.002098,0.002098,0.002174,0.002174,0.002174,0.002213,0.002098,0.002174,0.002174,0.002174,0.002174,0.002174,0.002174,0.002174,0.002174,0.002136,0.002174,0.002174,0.002136,0.002174,0.002136,0.002098,0.002098,0.002098,0.002136,0.002174,0.002213,0.002251,0.002174,0.002174,0.002213,0.002174,0.002174,0.002213,0.002174,0.002174,0.002213,0.002174,0.002213,0.002213,0.002174,0.002251,0.002174,0.002213,0.002174,0.002136,0.002213,0.002098,0.002098,0.002060,0.002098,0.002098,0.002098,0.002098,0.002098,0.002098,0.002060,0.002098,0.002060,0.002098,0.002060,0.002060,0.002098,0.002060,0.002022,0.002022,0.002022,0.002022,0.002022,0.001984,0.002022,0.001984,0.001984,0.001945,0.001945,0.001984,0.002022,0.001984,0.001945,0.001984,0.001984,0.002022,0.001984,0.001984,0.002022,0.002022,0.002022,0.001984,0.002022,0.002022,0.001984,0.001984,0.002022,0.002060,0.002022,0.002022,0.002022,0.002022,0.002022,0.002022,0.002060,0.002022,0.001984,0.002060,0.002022,0.002022,0.002022,0.002060,0.002060,0.002060,0.002098,0.002060,0.002060,0.002098,0.002098,0.002098,0.002098,0.002098,0.002098,0.002060,0.002022,0.002060,0.002060,0.002098,0.002098,0.002060,0.002060,0.002060,0.002022,0.002098,0.002098,0.002136,0.002098,0.002098,0.002136,0.002136,0.002136,0.002136,0.002136,0.002098,0.002098,0.002136,0.002174,0.002174,0.002136,0.002098,0.002060,0.002098,0.002098,0.002136,0.002098,0.002098,0.002060,0.002022,0.002060,0.002022,0.002022,0.001945,0.002022,0.001984,0.001984,0.001907,0.001945,0.001907,0.001945,0.001907,0.001907,0.001907,0.001869,0.001831,0.001869,0.001869,0.001907,0.001869,0.001907,0.001869,0.001869,0.001869,0.001907,0.001869,0.001869,0.001945,0.001907,0.001945,0.001945,0.001945,0.001984,0.001984,0.002098,0.002060,0.002060,0.002060,0.002060,0.002098,0.002098,0.002136,0.002174,0.002098,0.002174,0.002136,0.002174,0.002174,0.002098,0.002174,0.002174,0.002136,0.002136,0.002060,0.002136,0.002136,0.002136,0.002060,0.002136,0.002098,0.002136,0.002098,0.002098,0.002098,0.002098,0.002098,0.002136,0.002098,0.002060,0.002098,0.002098,0.002060,0.002098,0.002098,0.002098,0.002136,0.002136,0.002174,0.002098,0.002098,0.002098,0.002098,0.002136,0.002098,0.002098,0.002174,0.002136,0.002136,0.002174,0.002174,0.002213,0.002174,0.002136,0.002136,0.002174,0.002136,0.002213,0.002174,0.002213,0.002174,0.002174,0.002213,0.002213,0.002213,0.002251,0.002136,0.002174,0.002174,0.002174,0.002174,0.002098,0.002136,0.002136,0.002136,0.002098,0.002136,0.002136,0.002098,0.002098,0.002060,0.002098,0.002098,0.002060,0.002060,0.002098,0.002098,0.002098,0.002022,0.002098,0.002060,0.002022,0.001984,0.002022,0.002060,0.002098,0.002060,0.001984,0.002022,0.001984,0.002060,0.002098,0.001984,0.002022,0.001984,0.002060,0.002022,0.002060,0.001984,0.001984,0.001984,0.001984,0.002060,0.002098,0.002060,0.002060,0.002060,0.002022,0.002060,0.002098,0.002060,0.002098,0.002060,0.002022,0.002022,0.002022,0.002022,0.002022,0.002022,0.002060,0.002022,0.002060,0.002022,0.002022,0.001984,0.002022,0.002098,0.002060,0.002060,0.002022,0.002060,0.002060,0.002060,0.002060,0.002060,0.002098,0.002060,0.002022,0.002060,0.002060,0.002098,0.002022,0.002022,0.002098,0.002060,0.002098,0.002098,0.002060,0.002022,0.002060,0.002098,0.002022,0.002060,0.002060,0.002098,0.002022,0.002060,0.002060,0.002098,0.002136,0.002060,0.002136,0.002098,0.002136,0.002098,0.002098,0.002136,0.002174,0.002213,0.002213,0.002174,0.002213,0.002213,0.002251,0.002213,0.002289,0.002251,0.002251,0.002289,0.002289,0.002289,0.002251,0.002251,0.002289,0.002289,0.002327,0.002327,0.002327,0.002251,0.002289,0.002327,0.002289,0.002327,0.002327,0.002289,0.002251,0.002289,0.002289,0.002251,0.002289,0.002213,0.002213,0.002213,0.002213,0.002174,0.002174,0.002174,0.002174,0.002098,0.002136,0.002136,0.002098,0.002098,0.002136,0.002098,0.002060,0.002098,0.002060,0.002098,0.002060,0.002060,0.002060,0.002098,0.002060,0.002060,0.002098,0.002060,0.002098,0.002098,0.002060,0.002098,0.002060,0.002060,0.002136,0.002060,0.002098,0.002098,0.002060,0.002098,0.002098,0.002174,0.002098,0.002098,0.002174,0.002136,0.002136,0.002098,0.002174,0.002098,0.002136,0.002213,0.002174,0.002174,0.002174,0.002174,0.002213,0.002213,0.002213,0.002213,0.002251,0.002289,0.002289,0.002289,0.002289,0.002289,0.002213,0.002251,0.002251,0.002289,0.002251,0.002289,0.002289,0.002251,0.002213,0.002213,0.002213,0.002213,0.002174,0.002174,0.002136,0.002174,0.002174,0.002174,0.002098,0.002098,0.002098,0.002098,0.002060,0.002060,0.002022,0.002022,0.001984,0.002022,0.002060,0.001984,0.001984,0.001984,0.002022,0.001945,0.001984,0.001984,0.001984,0.002022,0.001945,0.001984,0.002022,0.002022,0.002022,0.002022,0.002022,0.001984,0.002022,0.002022,0.002098,0.002060,0.002022,0.002022,0.002098,0.002098,0.002098,0.002098,0.002098,0.002136,0.002098,0.002136,0.002213,0.002213,0.002213,0.002174,0.002174,0.002251,0.002251,0.002251,0.002213,0.002251,0.002251,0.002213,0.002213,0.002174,0.002213,0.002213,0.002213,0.002136,0.002136,0.002098,0.002136,0.002060,0.002060,0.002022,0.002060,0.001984,0.001984,0.001984,0.001984,0.001945,0.001945,0.001907,0.001945,0.001945,0.001907,0.001945,0.001984,0.002022,0.001945,0.001945,0.001984,0.001984,0.002022,0.002098,0.002022,0.002060,0.002060,0.002174,0.002136,0.002174,0.002213,0.002174,0.002213,0.002213,0.002213,0.002251,0.002251,0.002327,0.002327,0.002327,0.002289,0.002289,0.002365,0.002289,0.002327,0.002289,0.002327,0.002251,0.002289,0.002327,0.002327,0.002289,0.002213,0.002213,0.002289,0.002251,0.002213,0.002289,0.002251,0.002251,0.002251,0.002289,0.002251,0.002327,0.002327,0.002289,0.002251,0.002327,0.002327,0.002213,0.002289,0.002327,0.002289,0.002251,0.002251,0.002251,0.002289,0.002251,0.002289,0.002289,0.002251,0.002289,0.002289,0.002213,0.002251,0.002251,0.002251,0.002289,0.002289,0.002251,0.002251,0.002289,0.002251,0.002289,0.002251,0.002251,0.002289,0.002289,0.002289,0.002289,0.002213,0.002251,0.002289,0.002251,0.002213,0.002213,0.002251,0.002251,0.002213,0.002251,0.002251,0.002251,0.002289,0.002251,0.002213,0.002251,0.002251,0.002251,0.002251,0.002213,0.002174,0.002213,0.002213,0.002174,0.002174,0.002174,0.002174,0.002174,0.002136,0.002174,0.002136,0.002098,0.002098,0.002060,0.002136,0.002098,0.002136,0.002098,0.002098,0.002060,0.002060,0.002060,0.002136,0.002098,0.001984,0.002022,0.001984,0.001945,0.001945,0.001945,0.001945,0.001945,0.001907,0.001945,0.001907,0.001907,0.001945,0.001907,0.001869,0.001831,0.001831,0.001831,0.001869,0.001869,0.001831,0.001907,0.001869,0.001907,0.001945,0.001945,0.001907,0.001945,0.002022,0.002022,0.001984,0.002060,0.002022,0.002060,0.002022,0.002060,0.002022,0.002060,0.002060,0.002136,0.002098,0.002060,0.002060,0.002098,0.002060,0.002098,0.002060,0.002098,0.002098,0.001984,0.002098,0.002136,0.002174,0.002136,0.002098,0.002136,0.002098,0.002174,0.002213,0.002213,0.002136,0.002213,0.002174,0.002174,0.002213,0.002213,0.002213,0.002174,0.002251,0.002213,0.002174,0.002174,0.002174,0.002174,0.002174,0.002174,0.002174,0.002213,0.002213,0.002213,0.002174,0.002136,0.002136,0.002136,0.002098,0.002136,0.002098,0.002098,0.002098,0.002098,0.002022,0.002022,0.001984,0.002022,0.002060,0.002060,0.002022,0.001945,0.001945,0.001984,0.001945,0.001945,0.001907,0.002022,0.001984,0.001945,0.001984,0.001984,0.001984,0.001984,0.001984,0.002022,0.001984,0.001984,0.001945,0.001984,0.002022,0.001984,0.002022,0.001984,0.001984,0.001984,0.002022,0.001945,0.001869,0.001984,0.001984,0.001984,0.001984,0.001945,0.001945,0.001945,0.001984,0.001984,0.002022,0.002022,0.002022,0.002136,0.002060,0.002060,0.002098,0.002098,0.002098,0.002136,0.002136,0.002098,0.002098,0.002060,0.002098,0.002136,0.002174,0.002098,0.002136,0.002174,0.002174,0.002136,0.002213,0.002174,0.002136,0.002136,0.002136,0.002136,0.002136,0.002060,0.002098,0.002060,0.002136,0.002136,0.002136,0.002098,0.002174,0.002136,0.002098,0.002136,0.002136,0.002098,0.002098,0.002174,0.002174,0.002136,0.002136,0.002136,0.002136,0.002213,0.002174,0.002136,0.002098,0.002098,0.002098,0.002136,0.002098,0.002136,0.002098,0.002136,0.002060,0.002098,0.002136,0.002060,0.002098,0.002098,0.002060,0.002060,0.001984,0.002022,0.002022,0.002022,0.002022,0.002022,0.001984,0.001984,0.001945,0.001945,0.001984,0.001984,0.002022,0.002022,0.001984,0.002022,0.001984,0.002022,0.001984,0.002060,0.002060,0.002022,0.002022,0.001984,0.002022,0.002022,0.002060,0.002022,0.002098,0.002060,0.002060,0.002098,0.002060,0.002060
21,19:00:00.000,12/31/1903,0.000000,0.100000,UNKNOWN,1,0/0,0.000000,0.000000,0.000000,0.000000,0.000000,0.000000,0.000000,0.000000,0,0,0,0,0.002174,0.002213,0.002174,0.002213,0.002213,0.002213,0.002251,0.002213,0.002251,0.002174,0.002251,0.002251,0.002174,0.002174,0.002174,0.002213,0.002174,0.002174,0.002136,0.002098,0.002174,0.002174,0.002174,0.002174,0.002136,0.002174,0.002136,0.002136,0.002136,0.002136,0.002174,0.002136,0.002136,0.002136,0.002136,0.002174,0.002136,0.002213,0.002174,0.002174,0.002098,0.002136,0.002136,0.002174,0.002136,0.002098,0.002022,0.002098,0.002060,0.002098,0.002136,0.002136,0.002098,0.002098,0.002136,0.002136,0.002136,0.002136,0.002098,0.002098,0.002098,0.002060,0.002098,0.002060,0.002098,0.002022,0.002060,0.002136,0.002022,0.002060,0.002060,0.002098,0.002060,0.001984,0.002060,0.002022,0.002060,0.002060,0.002060,0.002060,0.002022,0.002060,0.002022,0.002022,0.002060,0.001984,0.001984,0.001984,0.001984,0.002060,0.001984,0.002060,0.002022,0.002060,0.002060,0.002022,0.002060,0.002060,0.002136,0.002098,0.002060,0.002060,0.002022,0.002022,0.002060,0.002098,0.002098,0.002060,0.002022,0.002060,0.002060,0.002098,0.002060,0.002098,0.002060,0.002060,0.002098,0.002098,0.002098,0.002136,0.002098,0.002098,0.002060,0.002060,0.002022,0.002098,0.002136,0.002098,0.002174,0.002098,0.002136,0.002098,0.002136,0.002136,0.002022,0.002098,0.002098,0.002136,0.002098,0.002098,0.002136,0.002060,0.002098,0.002098,0.002098,0.002174,0.002098,0.002136,0.002060,0.002060,0.002098,0.002060,0.002136,0.002136,0.002098,0.002136,0.002098,0.002098,0.002060,0.002098,0.002136,0.002174,0.002136,0.002136,0.002136,0.002136,0.002174,0.002213,0.002136,0.002174,0.002098,0.002213,0.002213,0.002174,0.002213,0.002213,0.002174,0.002174,0.002136,0.002098,0.002098,0.002174,0.002174,0.002174,0.002213,0.002174,0.002213,0.002213,0.002174,0.002174,0.002136,0.002213,0.002136,0.002174,0.002174,0.002136,0.002098,0.002174,0.002174,0.002174,0.002136,0.002251,0.002174,0.002136,0.002174,0.002136,0.002174,0.002098,0.002136,0.002174,0.002136,0.002136,0.002136,0.002098,0.002174,0.002174,0.002213,0.002174,0.002213,0.002174,0.002174,0.002213,0.002174,0.002136,0.002174,0.002174,0.002213,0.002213,0.002174,0.002174,0.002213,0.002174,0.002174,0.002251,0.002174,0.002174,0.002213,0.002213,0.002213,0.002136,0.002174,0.002213,0.002174,0.002251,0.002213,0.002251,0.002174,0.002213,0.002213,0.002213,0.002213,0.002136,0.002213,0.002251,0.002174,0.002174,0.002136,0.002174,0.002174,0.002098,0.002136,0.002174,0.002213,0.002174,0.002174,0.002174,0.002136,0.002174,0.002136,0.002213,0.002174,0.002136,0.002174,0.002136,0.002136,0.002136,0.002136,0.002174,0.002098,0.002098,0.002136,0.002136,0.002136,0.002098,0.002098,0.002136,0.002060,0.002136,0.002060,0.002098,0.002136,0.002174,0.002174,0.002136,0.002136,0.002060,0.002060,0.002136,0.002098,0.002098,0.002098,0.002098,0.002098,0.002136,0.002136,0.002060,0.002098,0.002060,0.002098,0.002060,0.002060,0.002174,0.002098,0.002098,0.002060,0.002060,0.002098,0.002098,0.002060,0.002098,0.002060,0.002060,0.002136,0.002098,0.002060,0.002098,0.002022,0.002022,0.002098,0.002060,0.002022,0.002022,0.002060,0.002098,0.002098,0.002174,0.002098,0.002060,0.002098,0.002060,0.002098,0.002098,0.002098,0.002136,0.002098,0.002136,0.002060,0.002060,0.002136,0.002060,0.002022,0.002098,0.002098,0.002098,0.002060,0.002098,0.002136,0.002098,0.002136,0.002060,0.002098,0.002136,0.002098,0.002098,0.002136,0.002136,0.002060,0.002098,0.002098,0.002060,0.002136,0.002136,0.002136,0.002136,0.002098,0.002060,0.002022,0.002060,0.002098,0.002098,0.002136,0.002098,0.002136,0.002098,0.002136,0.002098,0.002060,0.002136,0.002098,0.002174,0.002174,0.002136,0.002174,0.002136,0.002098,0.002098,0.002136,0.002174,0.002136,0.002136,0.002174,0.002174,0.002213,0.002213,0.002213,0.002174,0.002136,0.002174,0.002098,0.002174,0.002136,0.002174,0.002136,0.002136,0.002174,0.002174,0.002213,0.002213,0.002213,0.002213,0.002213,0.002213,0.002174,0.002213,0.002213,0.002289,0.002213,0.002213,0.002251,0.002251,0.002213,0.002213,0.002251,0.002174,0.002213,0.002174,0.002213,0.002136,0.002213,0.002251,0.002213,0.002213,0.002213,0.002174,0.002174,0.002136,0.002174,0.002174,0.002136,0.002098,0.002098,0.002098,0.002136,0.002136,0.002098,0.002136,0.002098,0.002098,0.002174,0.002136,0.002136,0.002098,0.002060,0.002098,0.002098,0.002098,0.002098,0.002136,0.002098,0.002060,0.002098,0.002098,0.002098,0.002060,0.002022,0.002136,0.002022,0.002060,0.002136,0.002022,0.002098,0.002060,0.002060,0.002060,0.002060,0.002060,0.002022,0.002022,0.002060,0.002060,0.002060,0.002022,0.002098,0.002022,0.002098,0.002060,0.002022,0.001984,0.002060,0.002022,0.002022,0.002022,0.002022,0.002060,0.002060,0.002060,0.002022,0.002060,0.002022,0.002060,0.002136,0.002060,0.002022,0.002022,0.002060,0.002060,0.002022,0.002060,0.002022,0.002060,0.002098,0.002060,0.002098,0.002060,0.002098,0.002060,0.002060,0.002060,0.002098,0.002060,0.002060,0.002098,0.002098,0.002098,0.002136,0.002060,0.002060,0.002098,0.002136,0.002098,0.002098,0.002098,0.002098,0.002098,0.002136,0.002098,0.002174,0.002098,0.002174,0.002213,0.002136,0.002174,0.002136,0.002174,0.002174,0.002174,0.002213,0.002136,0.002213,0.002213,0.002174,0.002136,0.002098,0.002136,0.002213,0.002174,0.002213,0.002136,0.002174,0.002213,0.002174,0.002213,0.002213,0.002174,0.002174,0.002213,0.002174,0.002174,0.002174,0.002174,0.002174,0.002213,0.002213,0.002213,0.002136,0.002098,0.002136,0.002136,0.002174,0.002136,0.002136,0.002136,0.002136,0.002136,0.002136,0.002174,0.002174,0.002136,0.002098,0.002136,0.002136,0.002098,0.002098,0.002098,0.002136,0.002098,0.002136,0.002098,0.002098,0.002060,0.002136,0.002060,0.002136,0.002098,0.002060,0.002136,0.002098,0.002098,0.002060,0.002136,0.002136,0.002098,0.002136,0.002098,0.002136,0.002098,0.002098,0.002060,0.002060,0.002098,0.002098,0.002060,0.002060,0.002060,0.002060,0.002060,0.002136,0.002098,0.002098,0.002060,0.002098,0.002060,0.002136,0.002098,0.002136,0.002098,0.002098,0.002098,0.002098,0.002098,0.002022,0.002136,0.002098,0.002060,0.002060,0.002098,0.002098,0.002060,0.002060,0.002098,0.002022,0.002060,0.002098,0.002022,0.002060,0.002098,0.002060,0.002060,0.002098,0.002060,0.002060,0.002098,0.002060,0.002060,0.002098,0.002060,0.002098,0.002060,0.002098,0.002098,0.002098,0.002098,0.002022,0.002022,0.002060,0.002060,0.002060,0.002060,0.002022,0.002022,0.002060,0.002022,0.002022,0.001984,0.001984,0.001945,0.001984,0.001984,0.001984,0.001907,0.001945,0.001907,0.001869,0.001869,0.001793,0.001793,0.001831,0.001831,0.001793,0.001678,0.001678,0.001717,0.001678,0.001678,0.001678,0.001602,0.001564,0.001564,0.001564,0.001526,0.001564,0.001488,0.001526,0.001526,0.001526,0.001640,0.001678,0.001755,0.001831,0.001945,0.002136,0.002289,0.002441,0.002632,0.002899,0.003128,0.003395,0.003700,0.004005,0.004349,0.004692,0.005035,0.005379,0.005760,0.006104,0.006485,0.006752,0.006981,0.007286,0.007439,0.007591,0.007553,0.007477,0.007324,0.007095,0.006790,0.006409,0.005989,0.005455,0.004921,0.004349,0.003777,0.003204,0.002594,0.002060,0.001373,0.000839,0.000229,-0.000343,-0.000916,-0.001602,-0.002213,-0.002823,-0.003433,-0.003853,-0.004349,-0.004768,-0.005074,-0.005264,-0.005302,-0.005264,-0.005188,-0.004959,-0.004692,-0.004196,-0.003853,-0.003357,-0.002899,-0.002403,-0.001869,-0.001297,-0.000763,-0.000381,0.000000,0.000420,0.000801,0.001144,0.001411,0.001640,0.001831,0.002022,0.002136,0.002289,0.002403,0.002480,0.002594,0.002632,0.002670,0.002785,0.002823,0.002899,0.003052,0.003052,0.003166,0.003166,0.003204,0.003281,0.003357,0.003395,0.003471,0.003548,0.003662,0.003777,0.003853,0.003967,0.004158,0.004272,0.004311,0.004463,0.004578,0.004730,0.004730,0.004768,0.004807,0.004807,0.004807,0.004730,0.004692,0.004654,0.004539,0.004501,0.004425,0.004272,0.004196,0.004120,0.004005,0.003777,0.003738,0.003624,0.003471,0.003357,0.003242,0.003090,0.002975,0.002899,0.002785,0.002632,0.002556,0.002441,0.002365,0.002327,0.002213,0.002213,0.002136,0.002136,0.002136,0.002022,0.001945,0.001907,0.001869,0.001831,0.001831,0.001793,0.001793,0.001831,0.001869,0.001907,0.001907,0.001869,0.001945,0.001984,0.001984,0.002060,0.002098,0.002136,0.002098,0.002098,0.002060,0.002022,0.002022,0.001984,0.001984,0.001945,0.001831,0.001869,0.001831,0.001831,0.001869,0.001793,0.001831,0.001755,0.001755,0.001831,0.001755,0.001717,0.001678,0.001678,0.001640,0.001564,0.001526,0.001564,0.001450,0.001488,0.001450,0.001450,0.001488,0.001526,0.001564,0.001717,0.001717,0.001793,0.001869,0.001869,0.001907,0.001945,0.001945,0.001945,0.001907,0.001869,0.001869,0.001907,0.001945,0.001869,0.001907,0.001869,0.001869,0.001907,0.001869,0.001945,0.001984,0.001984,0.002022,0.002022,0.001984,0.001984,0.002022,0.001984,0.001984,0.001945,0.001907,0.001945,0.001945,0.001945,0.001945,0.001869,0.001869,0.001831,0.001869,0.001945,0.001984,0.001984,0.002060,0.002098,0.002174,0.002213,0.002289,0.002403,0.002441,0.002480,0.002556,0.002594,0.002594,0.002594,0.002670,0.002670,0.002632,0.002594,0.002556,0.002518,0.002403,0.002327,0.002289,0.002174,0.002098,0.002060,0.001984,0.001945,0.001907,0.001907,0.001907,0.001907,0.001907,0.001945,0.001945,0.001945,0.001869,0.001945,0.001984,0.001907,0.001945,0.001869,0.001831,0.001793,0.001755,0.001755,0.001678,0.001564,0.001564,0.001564,0.001564,0.001526,0.001411,0.001488,0.001488,0.001526,0.001488,0.001450,0.001488,0.001411,0.001411,0.001411,0.001450,0.001488,0.001450,0.001488,0.001526,0.001526,0.001640,0.001640,0.001793,0.001831,0.001907,0.001945,0.002022,0.002060,0.002213,0.002213,0.002327,0.002403,0.002441,0.002556,0.002632,0.002632,0.002708,0.002785,0.002823,0.002823,0.002861,0.002823,0.002861,0.002823,0.002823,0.002823,0.002747,0.002747,0.002670,0.002670,0.002708,0.002670,0.002670,0.002632,0.002708,0.002670,0.002670,0.002594,0.002632,0.002670,0.002632,0.002594,0.002556,0.002518,0.002480,0.002403,0.002441,0.002403,0.002327,0.002327,0.002327,0.002289,0.002251,0.002213,0.002213,0.002174,0.002174,0.002174,0.002213,0.002174,0.002213,0.002174,0.002174,0.002136,0.002174,0.002213,0.002174,0.002174,0.002174,0.002136,0.002174,0.002098,0.002136,0.002174,0.002098,0.002136,0.002174,0.002174,0.002213,0.002213,0.002251,0.002213,0.002251,0.002365,0.002441,0.002480,0.002594,0.002518,0.002556,0.002594,0.002594,0.002632,0.002670,0.002708,0.002747,0.002670,0.002632,0.002594,0.002556,0.002441,0.002403,0.002403,0.002251,0.002136,0.002098,0.002022,0.001984,0.001945,0.001831,0.001831,0.001793,0.001717,0.001793,0.001717,0.001717,0.001755,0.001793,0.001831,0.001793,0.001831,0.001907,0.001945,0.001984,0.002060,0.002060,0.002136,0.002174,0.002251,0.002251,0.002213,0.002251,0.002213,0.002251,0.002174,0.002174,0.002136,0.002098,0.002098,0.002060,0.002022,0.002060,0.001945,0.001945,0.001945,0.001907,0.001869,0.001869,0.001793,0.001717,0.001755,0.001678,0.001717,0.001678,0.001640,0.001678,0.001564,0.001602,0.001602,0.001602,0.001640,0.001640,0.001602,0.001640,0.001717,0.001755,0.001678,0.001793,0.001831,0.001907,0.001907,0.001945,0.001984,0.001984,0.001984,0.002022,0.002060,0.002098,0.002060,0.002136,0.002136,0.002060,0.002136,0.002213,0.002213,0.002213,0.002213,0.002213,0.002213,0.002289,0.002251,0.002174,0.002289,0.002251,0.002213,0.002213,0.002213,0.002251,0.002213,0.002251,0.002251,0.002251,0.002174,0.002213,0.002251,0.002174,0.002174,0.002251,0.002136,0.002174,0.002174,0.002213,0.002213,0.002213,0.002251,0.002136,0.002251,0.002289,0.002289,0.002251,0.002251,0.002174,0.002213,0.002213,0.002213,0.002251,0.002174,0.002174,0.002174,0.002174,0.002136,0.002098,0.002098,0.002022,0.002022,0.001984,0.001984,0.001945,0.001907,0.001907,0.001869,0.001869,0.001793,0.001793,0.001793,0.001793,0.001717,0.001717,0.001755,0.001717,0.001717,0.001755,0.001755,0.001717,0.001678,0.001678,0.001717,0.001755,0.001793,0.001793,0.001831,0.001869,0.001831,0.001869,0.001869,0.001945,0.001984,0.002022,0.002098,0.002136,0.002213,0.002213,0.002251,0.002327,0.002365,0.002365,0.002365,0.002403,0.002480,0.002403,0.002441,0.002480,0.002518,0.002518,0.002480,0.002480,0.002518,0.002518,0.002556,0.002518,0.002556,0.002518,0.002556,0.002594,0.002594,0.002556,0.002518,0.002594,0.002518,0.002556,0.002480,0.002441,0.002518,0.002518,0.002480,0.002441,0.002403,0.002403,0.002289,0.002251,0.002213,0.002213,0.002136,0.002174,0.002098,0.002060,0.002022,0.002060,0.002022,0.002022,0.001984,0.002022,0.002022,0.002022,0.002060,0.002022,0.002060,0.002098,0.002098,0.002213,0.002213,0.002251,0.002289,0.002289,0.002327,0.002365,0.002365,0.002327,0.002365,0.002327,0.002365,0.002327,0.002327,0.002327,0.002327,0.002327,0.002213,0.002251,0.002213,0.002174,0.002136,0.002136,0.002136,0.002060,0.002022,0.001945,0.001945,0.001907,0.001945,0.001945,0.001869,0.001869,0.001869,0.001793,0.001831,0.001831,0.001793,0.001793,0.001793,0.001717,0.001793,0.001793,0.001793,0.001755,0.001755,0.001755,0.001793,0.001831,0.001755,0.001793,0.001793,0.001793,0.001793,0.001831,0.001793,0.001831,0.001869,0.001793,0.001831,0.001831,0.001831,0.001831,0.001831,0.001869,0.001831,0.001869,0.001907,0.001869,0.001945,0.001945,0.001945,0.002022,0.002060,0.002060,0.002098,0.002174,0.002174,0.002213,0.002251,0.002213,0.002251,0.002327,0.002365,0.002365,0.002327,0.002327,0.002365,0.002403,0.002327,0.002327,0.002289,0.002289,0.002289,0.002251,0.002251,0.002251,0.002213,0.002251,0.002213,0.002174,0.002174,0.002098,0.002098,0.002060,0.002098,0.002174,0.002136,0.002136,0.002098,0.002174,0.002136,0.002060,0.002136,0.002136,0.002174,0.002136,0.002098,0.002098,0.002136,0.002174,0.002213,0.002136,0.002174,0.002098,0.002136,0.002136,0.002136,0.002136,0.002136,0.002136,0.002136,0.002098,0.002174,0.002174,0.002174,0.002174,0.002213,0.002251,0.002251,0.002213,0.002251,0.002251,0.002213,0.002213,0.002289,0.002213,0.002213,0.002213,0.002174,0.002136,0.002098,0.002098,0.002136,0.002098,0.002098,0.002060,0.002098,0.002060,0.002022,0.002060,0.002098,0.002060,0.002098,0.002098,0.002060,0.002060,0.002060,0.002060,0.002022,0.002060,0.002136,0.002098,0.002060,0.002060,0.002060,0.002060,0.002098,0.002174,0.002136,0.002136,0.002174,0.002213,0.002174,0.002213,0.002213,0.002213,0.002174,0.002213,0.002289,0.002251,0.002213,0.002251,0.002251,0.002251,0.002174,0.002136,0.002174,0.002060,0.002098,0.002136,0.002060,0.002060,0.002022,0.002022,0.001945,0.001984,0.001945,0.001907,0.001907,0.001907,0.001945,0.001984,0.001907,0.001907,0.001945,0.001984,0.001984,0.001984,0.002022,0.001984,0.002060,0.002060,0.002022,0.002060,0.002060,0.002098,0.002098,0.002060,0.002098,0.002098,0.002098,0.002098,0.002098,0.002174,0.002136,0.002060,0.002098,0.002136,0.002098,0.002136,0.002136,0.002060,0.002098,0.002098,0.002060,0.002060,0.002022,0.002060,0.002022,0.002022,0.002022,0.002022,0.002022,0.001984,0.002022,0.001945,0.001945,0.001945,0.001869,0.001907,0.001945,0.001984,0.001984,0.002022,0.002022,0.001984,0.001984,0.002060,0.002060,0.002098,0.002136,0.002098,0.002136,0.002136,0.002174,0.002174,0.002213,0.002213,0.002251,0.002289,0.002289,0.002327,0.002289,0.002251,0.002327,0.002251,0.002289,0.002365,0.002289,0.002365,0.002327,0.002327,0.002365,0.002365,0.002365,0.002327,0.002327,0.002327,0.002327,0.002289,0.002251,0.002289,0.002327,0.002213,0.002251,0.002251,0.002213,0.002213,0.002174,0.002213,0.002213,0.002213,0.002136,0.002213,0.002098,0.002098,0.002136,0.002136,0.002136,0.002098,0.002060,0.002060,0.002060,0.002098,0.002060,0.002098,0.002098,0.002098,0.002098,0.002098,0.002136,0.002174,0.002213,0.002251,0.002251,0.002289,0.002365,0.002441,0.002480,0.002441,0.002480,0.002556,0.002594,0.002632,0.002632,0.002632,0.002670,0.002708,0.002747,0.002708,0.002747,0.002708,0.002747,0.002747,0.002708,0.002670,0.002632,0.002594,0.002594,0.002480,0.002480,0.002441,0.002403,0.002365,0.002327,0.002289,0.002289,0.002213,0.002213,0.002213,0.002174,0.002098,0.002060,0.001945,0.001869,0.001793,0.001717,0.001602,0.001526,0.001450,0.001335,0.001259,0.001221,0.001106,0.001106,0.000992,0.000992,0.000877,0.000877,0.000954,0.000992,0.000992,0.001030,0.001106,0.001183,0.001335,0.001450,0.001488,0.001602,0.001717,0.001793,0.001831,0.001984,0.001984,0.002060,0.002174,0.002174,0.002289,0.002327,0.002365,0.002365,0.002441,0.002480,0.002403,0.002403,0.002365,0.002365,0.002403,0.002365,0.002327,0.002289,0.002289,0.002251,0.002251,0.002251,0.002213,0.002213,0.002213,0.002213,0.002136,0.002174,0.002251,0.002251,0.002251,0.002327,0.002403,0.002441,0.002518,0.002441,0.002518,0.002518,0.002556,0.002594,0.002556,0.002632,0.002632,0.002594,0.002594,0.002556,0.002518,0.002480,0.002480,0.002403,0.002365,0.002327,0.002289,0.002251,0.002213,0.002251,0.002213,0.002136,0.002098,0.002022,0.002022,0.002022,0.002022,0.002022,0.001984,0.001984,0.001945,0.001984,0.002022,0.001984,0.002098,0.002022,0.001945,0.002022,0.002022,0.002060,0.002022,0.002060,0.002022,0.002060,0.002060,0.001984,0.002098,0.002060,0.002022,0.002098,0.002060,0.001984,0.001984,0.002022,0.002022,0.001984,0.001945,0.001984,0.002022,0.002022,0.001945,0.001984,0.002022,0.002022,0.002022,0.002022,0.002022,0.002060,0.002060,0.002022,0.002060,0.002098,0.002098,0.002060,0.002060,0.002098,0.002098,0.002136,0.002174,0.002136,0.002213,0.002213,0.002213,0.002251,0.002251,0.002289,0.002327,0.002327,0.002327,0.002365,0.002365,0.002403,0.002403,0.002441,0.002365,0.002480,0.002441,0.002441,0.002365,0.002365,0.002365,0.002441,0.002365,0.002327,0.002327,0.002365,0.002327,0.002289,0.002327,0.002251,0.002251,0.002213,0.002213,0.002213,0.002174,0.002174,0.002136,0.002174,0.002174,0.002098,0.002098,0.002136,0.002136,0.002060,0.002060,0.002098,0.002136,0.002098,0.002136,0.002136,0.002136,0.002136,0.002213,0.002174,0.002213,0.002213,0.002213,0.002289,0.002289,0.002289,0.002289,0.002327,0.002365,0.002327,0.002327,0.002327,0.002403,0.002480,0.002403,0.002441,0.002365,0.002441,0.002480,0.002441,0.002441,0.002403,0.002327,0.002365,0.002365,0.002289,0.002251,0.002213,0.002174,0.002136,0.002136,0.002060,0.002060,0.002022,0.002022,0.002022,0.001984,0.002022,0.001984,0.001945,0.001984,0.001907,0.001945,0.001907,0.001907,0.001869,0.001831,0.001869,0.001869,0.001831,0.001831,0.001831,0.001869,0.001831,0.001869,0.001831,0.001793,0.001907,0.001831,0.001869,0.001907,0.001869,0.001907,0.001945,0.001907,0.001907,0.001945,0.001945,0.001984,0.001945,0.001984,0.002022,0.002060,0.002060,0.002060,0.002060,0.002060,0.002060,0.002098,0.002136,0.002174,0.002136,0.002213,0.002174,0.002136,0.002174,0.002174,0.002213,0.002098,0.002213,0.002213,0.002213,0.002213,0.002174,0.002213,0.002213,0.002174,0.002174,0.002136,0.002174,0.002098,0.002136,0.002174,0.002098,0.002136,0.002174,0.002098,0.002098,0.002136,0.002174,0.002098,0.002136,0.002136,0.002136,0.002213,0.002174,0.002174,0.002213,0.002213,0.002174,0.002136,0.002174,0.002136,0.002174,0.002174,0.002098,0.002098,0.002060,0.002136,0.002098,0.002060,0.002022,0.002022,0.002022,0.001984,0.001984,0.001907,0.001907,0.001907,0.001907,0.001907,0.001907,0.001869,0.001945,0.001907,0.001945,0.001984,0.001869,0.001945,0.001945,0.001945,0.001984,0.001945,0.002022,0.002022,0.002060,0.002060,0.002098,0.002098,0.002060,0.002174,0.002136,0.002136,0.002136,0.002136,0.002136,0.002098,0.002098,0.002136,0.002060,0.002098,0.002136,0.002136,0.002060,0.002098,0.002136,0.002098,0.002060,0.002060,0.002060,0.002098,0.002060,0.002022,0.002060,0.002136,0.002136,0.002060,0.002098,0.002136,0.002136,0.002174,0.002174,0.002251,0.002213,0.002251,0.002213,0.002213,0.002289,0.002289,0.002289,0.002289,0.002327,0.002289,0.002251,0.002327,0.002327,0.002251,0.002327,0.002289,0.002289,0.002327,0.002289,0.002289,0.002213,0.002289,0.002289,0.002251,0.002174,0.002174,0.002174,0.002136,0.002136,0.002136,0.002098,0.002174,0.002060,0.002098,0.002174,0.002098,0.002098,0.002098,0.002060,0.002098,0.002098,0.002174,0.002174,0.002174,0.002174,0.002213,0.002213,0.002213,0.002251,0.002251,0.002251,0.002251,0.002251,0.002289,0.002327,0.002289,0.002289,0.002289,0.002327,0.002327,0.002327,0.002289,0.002327,0.002327,0.002289,0.002327,0.002251,0.002174,0.002213,0.002251,0.002213,0.002174,0.002174,0.002136,0.002098,0.002098,0.002098,0.002060,0.002060,0.002022,0.002022,0.001984,0.001984,0.001945,0.001945,0.001945,0.001907,0.001869,0.001869,0.001831,0.001755,0.001755,0.001793,0.001755,0.001717,0.001755,0.001717,0.001717,0.001717,0.001717,0.001793,0.001717,0.001717,0.001717,0.001793,0.001755,0.001793,0.001793,0.001717,0.001793,0.001793,0.001755,0.001755,0.001755,0.001793,0.001793,0.001717,0.001793,0.001755,0.001793,0.001793,0.001831,0.001869,0.001831,0.001907,0.001869,0.001907,0.001907,0.001945,0.001945,0.001984,0.002060,0.002098,0.002098,0.002136,0.002136,0.002136,0.002136,0.002174,0.002213,0.002251,0.002251,0.002289,0.002327,0.002327,0.002327,0.002327,0.002365,0.002365,0.002403,0.002441,0.002403,0.002365,0.002403,0.002365,0.002403,0.002365,0.002403,0.002403,0.002365,0.002365,0.002441,0.002327,0.002289,0.002327,0.002327,0.002441,0.002327,0.002251,0.002213,0.002213,0.002213,0.002213,0.002213,0.002174,0.002174,0.002136,0.002098,0.002098,0.002136,0.002098,0.002174,0.002136,0.002098,0.002098,0.002060,0.002022,0.002022,0.002022,0.002022,0.002098,0.002098,0.002060,0.002060,0.002022,0.002060,0.002060,0.002060,0.002098,0.002022,0.002060,0.002022,0.001984,0.002022,0.002098,0.002022,0.001945,0.001984,0.002022,0.001984,0.001984,0.001945,0.001984,0.001984,0.002022,0.001984,0.001984,0.001984,0.001945,0.001945,0.002022,0.001984,0.002022,0.002022,0.002022,0.002060,0.002022,0.002098,0.002060,0.002022,0.002098,0.002136,0.002136,0.002136,0.002136,0.002136,0.002174,0.002174,0.002136,0.002174,0.002213,0.002098,0.002136,0.002174,0.002136,0.002098,0.002098,0.002098,0.002060,0.002060,0.002098,0.002060,0.002174,0.002136,0.002098,0.002136,0.002136,0.002213,0.002174,0.002174,0.002174,0.002174,0.002213,0.002174,0.002174,0.002213,0.002213,0.002213,0.002174,0.002213,0.002251,0.002213,0.002251,0.002251,0.002251,0.002213,0.002251,0.002251,0.002213,0.002213,0.002174,0.002174,0.002174,0.002213,0.002213,0.002136,0.002174,0.002174,0.002213,0.002174,0.002136,0.002136,0.002174,0.002136,0.002136,0.002136,0.002174,0.002136,0.002174,0.002136,0.002174,0.002174,0.002136,0.002174,0.002174,0.002136,0.002136,0.002136,0.002136,0.002098,0.002136,0.002098,0.002060,0.002060,0.002060,0.002060,0.002098,0.002060,0.002022,0.001984,0.002022,0.002022,0.002022,0.002022,0.001984,0.002022,0.002022,0.001984,0.001945,0.002022,0.002022,0.002022,0.001984,0.002022,0.001945,0.001984,0.001984,0.001984,0.001945,0.001907,0.002022,0.001945,0.001984,0.001984,0.001945,0.001907,0.001945,0.001945,0.001907,0.001984,0.001984,0.001945,0.002022,0.002022,0.001984,0.002022,0.002022,0.002060,0.002060,0.002098,0.002060,0.002098,0.002098,0.002060,0.002060,0.002136,0.002098,0.002174,0.002174,0.002174,0.002213,0.002213,0.002251,0.002213,0.002174,0.002213,0.002213,0.002251,0.002213,0.002213,0.002213,0.002174,0.002213,0.002213,0.002213,0.002213,0.002251,0.002213,0.002174,0.002174,0.002213,0.002174,0.002174,0.002213,0.002213,0.002174,0.002174,0.002136,0.002136,0.002174,0.002213,0.002213,0.002251,0.002174,0.002213,0.002213,0.002136,0.002174,0.002213,0.002289,0.002251,0.002213,0.002136,0.002213,0.002174,0.002213,0.002213,0.002174,0.002213,0.002213,0.002251,0.002251,0.002251,0.002174,0.002213,0.002251,0.002251,0.002213,0.002174,0.002213,0.002213,0.002174,0.002174,0.002174,0.002174,0.002213,0.002174,0.002174,0.002136,0.002136,0.002174,0.002098,0.002174,0.002136,0.002136,0.002136,0.002136,0.002098,0.002136,0.002136,0.002174,0.002174,0.002136,0.002174,0.002136,0.002174,0.002174,0.002136,0.002136,0.002174,0.002213,0.002174,0.002174,0.002174,0.002136,0.002213,0.002213,0.002136,0.002136,0.002136,0.002251,0.002174,0.002174,0.002136,0.002174,0.002174,0.002213,0.002174,0.002213,0.002251,0.002213,0.002251,0.002174,0.002213,0.002174,0.002136,0.002136,0.002213,0.002136,0.002174,0.002174,0.002136,0.002098,0.002098,0.002136,0.002136,0.002136,0.002098,0.002098,0.002098,0.002098,0.002098,0.002060,0.002098,0.002060,0.002022,0.002022,0.002060,0.002136,0.002098,0.002022,0.002098,0.002098,0.002060,0.002098,0.002060,0.002136,0.002174,0.002213,0.002136,0.002174,0.002174,0.002136,0.002174,0.002213,0.002289,0.002251,0.002251,0.002327,0.002365,0.002327,0.002289,0.002365,0.002441,0.002480,0.002441,0.002441,0.002441,0.002480,0.002441,0.002480,0.002441,0.002403,0.002441,0.002441,0.002365,0.002365,0.002365,0.002289,0.002136,0.002174,0.002136,0.002060,0.002098,0.002060,0.001984,0.001945,0.001945,0.001945,0.001869,0.001831,0.001831,0.001831,0.001831,0.001869,0.001831,0.001831,0.001831,0.001869,0.001907,0.001907,0.001907,0.001907,0.001945,0.002022,0.001984,0.001984,0.002022,0.002060,0.002098,0.002098,0.002060,0.002060,0.002060,0.002098,0.002136,0.002060,0.002098,0.002060,0.002098,0.002098,0.002098,0.002060,0.001984,0.001984,0.001984,0.002060,0.002022,0.002022,0.002022,0.002022,0.002060,0.002060,0.002060,0.002060,0.002060,0.002060,0.002136,0.002136,0.002136,0.002136,0.002174,0.002251,0.002213,0.002174,0.002213,0.002213,0.002251,0.002289,0.002289,0.002251,0.002251,0.002289,0.002365,0.002327,0.002327,0.002327,0.002327,0.002289,0.002251,0.002289,0.002251,0.002251,0.002289,0.002289,0.002213,0.002251,0.002251,0.002213,0.002289,0.002289,0.002289,0.002289,0.002289,0.002327,0.002403,0.002365,0.002327,0.002327,0.002327,0.002365,0.002327,0.002289,0.002289,0.002289,0.002327,0.002289,0.002289,0.002213,0.002174,0.002136,0.002213,0.002098,0.002098,0.002098,0.002022,0.001945,0.001984,0.001945,0.001984,0.001945,0.001907,0.001869,0.001869,0.001831,0.001869,0.001869,0.001831,0.001869,0.001831,0.001831,0.001869,0.001831,0.001831,0.001831,0.001793,0.001831,0.001831,0.001869,0.001793,0.001831,0.001907,0.001907,0.001945,0.002022,0.002022,0.001984,0.001984,0.002022,0.002022,0.002098,0.002098,0.002060,0.002060,0.002060,0.002060,0.002098,0.002098,0.002098,0.002136,0.002136,0.002136,0.002174,0.002136,0.002136,0.002136,0.002098,0.002136,0.002213,0.002174,0.002174,0.002174,0.002174,0.002136,0.002136,0.002136,0.002136,0.002098,0.002136,0.002174,0.002136,0.002136,0.002098,0.002098,0.002174,0.002174,0.002174,0.002174,0.002136,0.002174,0.002174,0.002213,0.002213,0.002251,0.002174,0.002174,0.002251,0.002251,0.002213,0.002213,0.002174,0.002251,0.002289,0.002213,0.002251,0.002289,0.002251,0.002289,0.002251,0.002251,0.002251,0.002213,0.002289,0.002251,0.002251,0.002251,0.002251,0.002251,0.002174,0.002251,0.002213,0.002174,0.002136,0.002174,0.002098,0.002098,0.002060,0.002022,0.002022,0.002022,0.002060,0.002022,0.002060,0.002022,0.002098,0.002060,0.001984,0.002022,0.002098,0.002136,0.002136,0.002136,0.002174,0.002213,0.002136,0.002174,0.002174,0.002213,0.002174,0.002136,0.002174,0.002098,0.002098,0.002022,0.002022,0.002022,0.002022,0.001984,0.001984,0.001984,0.001984,0.001907,0.001907,0.001907,0.001945,0.001907,0.001945,0.001907,0.001869,0.001945,0.001945,0.001945,0.001907,0.001945,0.002022,0.002022,0.002022,0.002060,0.002136,0.002136,0.002136,0.002136,0.002174,0.002136,0.002174,0.002174,0.002251,0.002213,0.002174,0.002136,0.002174,0.002174,0.002136,0.002174,0.002136,0.002136,0.002060,0.002098,0.002098,0.002098,0.002060,0.002060,0.002060,0.002098,0.002022,0.001984,0.002022,0.002022,0.002022,0.001984,0.001984,0.002022,0.002022,0.002022,0.002022,0.002060,0.002136,0.002098,0.002098,0.002060,0.002136,0.002174,0.002136,0.002098,0.002098,0.002213,0.002213,0.002213,0.002213,0.002213,0.002289,0.002251,0.002289,0.002327,0.002251,0.002289,0.002365,0.002327,0.002327,0.002327,0.002365,0.002365,0.002365,0.002289,0.002327,0.002327,0.002289,0.002327,0.002213,0.002251,0.002251,0.002213,0.002213,0.002174,0.002174,0.002174,0.002136,0.002136,0.002098,0.002136,0.002098,0.002098,0.002060,0.002060,0.002136,0.002098,0.002098,0.002098,0.002060,0.002098,0.002098,0.002098,0.002060,0.002060,0.002060,0.002098,0.002022,0.002022,0.002060,0.002060,0.002022,0.002022,0.001984,0.001984,0.001984,0.001945,0.001984,0.001907,0.001907,0.001945,0.001869,0.001869,0.001869,0.001869,0.001831,0.001831,0.001907,0.001869,0.001831,0.001831,0.001831,0.001869,0.001907,0.001907,0.001907,0.001869,0.001869,0.001907,0.001945,0.001907,0.001869,0.001945,0.001907,0.001907,0.001907,0.001945,0.002022,0.001984,0.001984,0.001945,0.002022,0.002022,0.002022,0.002022,0.001984,0.001984,0.002022,0.001984,0.002022,0.002022,0.002022,0.002022,0.001984,0.001984,0.001984,0.001945,0.001945,0.002022,0.002022,0.001984,0.002098,0.002060,0.002022,0.002098,0.002022,0.002098,0.002174,0.002098,0.002136,0.002174,0.002136,0.002136,0.002213,0.002136,0.002136,0.002213,0.002213,0.002213,0.002174,0.002213,0.002251,0.002251,0.002289,0.002327,0.002289,0.002327,0.002365,0.002289,0.002327,0.002327,0.002403,0.002403,0.002441,0.002441,0.002441,0.002480,0.002403,0.002441,0.002403,0.002441,0.002480,0.002441,0.002441,0.002441,0.002403,0.002403,0.002327,0.002327,0.002251,0.002289,0.002251,0.002213,0.002174,0.002098,0.002060,0.002060,0.001945,0.001945,0.001907,0.001907,0.001907,0.001831,0.001831,0.001831,0.001831,0.001831,0.001831,0.001831,0.001831,0.001831,0.001755,0.001793,0.001831,0.001793,0.001831,0.001793,0.001907,0.001869,0.001831,0.001907,0.001907,0.001945,0.001984,0.001984,0.001907,0.001945,0.002022,0.001945,0.001984,0.002022,0.001984,0.002022,0.002060,0.002098,0.002098,0.002136,0.002174,0.002174,0.002174,0.002174,0.002213,0.002289,0.002289,0.002289,0.002289,0.002289,0.002365,0.002327,0.002365,0.002289,0.002251,0.002327,0.002327,0.002289,0.002327,0.002365,0.002327,0.002289,0.002365,0.002327,0.002327,0.002327,0.002327,0.002365,0.002289,0.002289,0.002327,0.002327,0.002327,0.002365,0.002327,0.002289,0.002327,0.002365,0.002289,0.002327,0.002327,0.002327,0.002289,0.002289,0.002289,0.002251,0.002289,0.002213,0.002251,0.002251,0.002213,0.002213,0.002174,0.002136,0.002213,0.002174,0.002174,0.002174,0.002174,0.002174,0.002213,0.002213,0.002174,0.002174,0.002174,0.002136,0.002136,0.002098,0.002098,0.002098,0.002136,0.002098,0.002022,0.002098,0.002060,0.002060,0.002022,0.002022,0.002060,0.002060,0.002022,0.001984,0.001984,0.001984,0.001945,0.001907,0.001945,0.001907,0.001945,0.001945,0.001907,0.001945,0.001907,0.001984,0.001984,0.001984,0.001945,0.002022,0.001984,0.001945,0.001984,0.001984,0.001945,0.002022,0.002060,0.002098,0.002022,0.002060,0.002060,0.002022,0.002060,0.002060,0.002098,0.002098,0.002136,0.002060,0.002022,0.002060,0.002060,0.002098,0.002136,0.002098,0.002136,0.002213,0.002213,0.002174,0.002213,0.002174,0.002136,0.002251,0.002213,0.002251,0.002289,0.002289,0.002289,0.002327,0.002327,0.002289,0.002289,0.002327,0.002251,0.002251,0.002365,0.002327,0.002289,0.002289,0.002251,0.002289,0.002251,0.002327,0.002289,0.002289,0.002251,0.002251,0.002289,0.002251,0.002251,0.002213,0.002213,0.002174,0.002174,0.002213,0.002213,0.002136,0.002136,0.002136,0.002136,0.002136,0.002136,0.002136,0.002098,0.002136,0.002136,0.002136,0.002136,0.002136,0.002136,0.002136,0.002174,0.002136,0.002136,0.002136,0.002098,0.002136,0.002136,0.002098,0.002098,0.002060,0.002098,0.002098,0.002060,0.002022,0.002060,0.002060,0.002060,0.002098,0.002060,0.001984,0.002022,0.001984,0.001984,0.001984,0.001869,0.001907,0.001869,0.001831,0.001907,0.001869,0.001907,0.001907,0.001907,0.001869,0.001831,0.001869,0.001831,0.001793,0.001831,0.001869,0.001945,0.001869,0.001945,0.001907,0.001907,0.001869,0.001945,0.001945,0.001945,0.001984,0.001984,0.001984,0.002022,0.002060,0.002060,0.002022,0.002060,0.002060,0.002098,0.002136,0.002136,0.002136,0.002136,0.002213,0.002174,0.002136,0.002213,0.002174,0.002174,0.002289,0.002289,0.002251,0.002289,0.002251,0.002327,0.002289,0.002327,0.002289,0.002365,0.002365,0.002289,0.002289,0.002327,0.002327,0.002365,0.002327,0.002327,0.002251,0.002327,0.002251,0.002251,0.002327,0.002251,0.002251,0.002251,0.002213,0.002251,0.002136,0.002174,0.002213,0.002174,0.002174,0.002213,0.002251,0.002174,0.002213,0.002213,0.002174,0.002213,0.002174,0.002213,0.002213,0.002213,0.002251,0.002174,0.002136,0.002174,0.002174,0.002213,0.002136,0.002174,0.002213,0.002174,0.002213,0.002174,0.002213,0.002174,0.002174,0.002213,0.002174,0.002289,0.002213,0.002174,0.002174,0.002213,0.002251,0.002174,0.002213,0.002213,0.002289,0.002213,0.002213,0.002213,0.002251,0.002251,0.002251,0.002136,0.002213,0.002213,0.002213,0.002174,0.002213,0.002251,0.002174,0.002213,0.002136,0.002136,0.002213,0.002213,0.002174,0.002174,0.002251,0.002213,0.002136,0.002251,0.002174,0.002174,0.002174,0.002136,0.002174,0.002213,0.002174,0.002174,0.002174,0.002213,0.002136,0.002213,0.002174,0.002251,0.002213,0.002213,0.002251,0.002213,0.002251,0.002251,0.002251,0.002289,0.002289,0.002251,0.002251,0.002251,0.002213,0.002174,0.002213,0.002213,0.002213,0.002213,0.002213,0.002174,0.002213,0.002136,0.002098,0.002098,0.002098,0.002060,0.002060,0.002060,0.001984,0.002022,0.002022,0.002060,0.001945,0.001907,0.001945,0.001869,0.001869,0.001945,0.001869,0.001907,0.001831,0.001869,0.001869,0.001907,0.001907,0.001831,0.001831,0.001831,0.001869,0.001869,0.001831,0.001869,0.001869,0.001945,0.001945,0.001907,0.001945,0.001984,0.002022,0.001984,0.002060,0.002060,0.002098,0.002136,0.002174,0.002174,0.002213,0.002213,0.002213,0.002251,0.002251,0.002251,0.002213,0.002289,0.002289,0.002289,0.002289,0.002289,0.002251,0.002251,0.002213,0.002251,0.002251,0.002289,0.002136,0.002174,0.002174,0.002136,0.002174,0.002098,0.002174,0.002174,0.002136,0.002136,0.002136,0.002213,0.002174,0.002174,0.002174,0.002174,0.002213,0.002251,0.002213,0.002251,0.002251,0.002289,0.002213,0.002251,0.002289,0.002289,0.002251,0.002251,0.002251,0.002289,0.002251,0.002289,0.002289,0.002213,0.002136,0.002136,0.002098,0.002098,0.002098,0.002022,0.001945,0.001984,0.001984,0.001984,0.001907,0.001869,0.001793,0.001793,0.001793,0.001717,0.001755,0.001755,0.001755,0.001755,0.001793,0.001831,0.001831,0.001907,0.001907,0.001869,0.001945,0.001907,0.001984,0.001945,0.001984,0.001984,0.002022,0.002022,0.002022,0.002022,0.002060,0.002022,0.002022,0.002060,0.002022,0.002060,0.002060,0.002098,0.002022,0.002060,0.002060,0.002022,0.002022,0.002022,0.002060,0.002060,0.002060,0.002060,0.002060,0.002060,0.002098,0.002136,0.002174,0.002136,0.002174,0.002174,0.002213,0.002251,0.002251,0.002289,0.002251,0.002251,0.002289,0.002289,0.002365,0.002289,0.002289,0.002251,0.002251,0.002289,0.002251,0.002251,0.002251,0.002289,0.002251,0.002213,0.002289,0.002251,0.002213,0.002213,0.002174,0.002174,0.002213,0.002213,0.002174,0.002174,0.002174,0.002251,0.002136,0.002174,0.002174,0.002251,0.002174,0.002213,0.002213,0.002174,0.002174,0.002136,0.002174,0.002098,0.002213,0.002174,0.002098,0.002174,0.002060,0.002136,0.002174,0.002174,0.002136,0.002098,0.002060,0.002098,0.002060,0.002060,0.001984,0.002022,0.002022,0.001984,0.002060,0.002022,0.002022,0.002022,0.002022,0.002022,0.002022,0.002060,0.002098,0.002022,0.002022,0.002022,0.002022,0.001984,0.002098,0.002098,0.002060,0.002098,0.002098,0.002136,0.002174,0.002136,0.002136,0.002136,0.002136,0.002098,0.002136,0.002098,0.002174,0.002136,0.002136,0.002174,0.002136,0.002213,0.002213,0.002098,0.002174,0.002136,0.002174,0.002213,0.002174,0.002213,0.002174,0.002251,0.002213,0.002213,0.002174,0.002174,0.002174,0.002174,0.002174,0.002213,0.002098,0.002060,0.002136,0.002060,0.002098,0.002098,0.002174,0.002098,0.002136,0.002060,0.002022,0.002098,0.001945,0.001945,0.002022,0.002060,0.002022,0.001945,0.002022,0.002022,0.001984,0.002022,0.001984,0.001984,0.001984,0.002022,0.001984,0.002022,0.002022,0.001984,0.001984,0.001945,0.001984,0.002060,0.001984,0.002022,0.002022,0.002022,0.002060,0.002022,0.002022,0.002022,0.002022,0.002060,0.002060,0.002060,0.002022,0.002022,0.002098,0.002136,0.002098,0.002060,0.002136,0.002136,0.002098,0.002174,0.002098,0.002136,0.002174,0.002136,0.002136,0.002136,0.002174,0.002136,0.002098,0.002136,0.002098,0.002136,0.002098,0.002098,0.002098,0.002060,0.002060,0.002060,0.002022,0.002060,0.002060,0.002098,0.002022,0.002060,0.002060,0.002022,0.002098,0.002060,0.002098,0.002022,0.002098,0.002098,0.002060,0.002136,0.002136,0.002174,0.002136,0.002136,0.002174,0.002174,0.002213,0.002251,0.002213,0.002213,0.002251,0.002289,0.002289,0.002289,0.002213,0.002251,0.002327,0.002251,0.002251,0.002327,0.002213,0.002251,0.002289,0.002289,0.002213,0.002289,0.002251,0.002136,0.002213,0.002213,0.002174,0.002174,0.002136,0.002251,0.002174,0.002174,0.002213,0.002060,0.002136,0.002136,0.002174,0.002136,0.002098,0.002136,0.002060,0.002136,0.002174,0.002060,0.002098,0.002098,0.002060,0.002098,0.002022,0.002060,0.002060,0.002060,0.002022,0.002060,0.002060,0.002022,0.002022,0.002022,0.002022,0.001984,0.001984,0.001945,0.002022,0.002022,0.001984,0.001984,0.001984,0.001945,0.001984,0.001984,0.001984,0.001984,0.001945,0.002022,0.001945,0.001945,0.001984,0.001945,0.002022,0.001984,0.001945,0.002022,0.002022,0.001945,0.002022,0.001984,0.002022,0.002060,0.002060,0.002022,0.002098,0.002098,0.002098,0.002098,0.002022,0.002098,0.002060,0.002060,0.002136,0.002136,0.002136,0.002174,0.002174,0.002174,0.002136,0.002136,0.002136,0.002251,0.002251,0.002251,0.002213,0.002251,0.002289,0.002251,0.002327,0.002327,0.002289,0.002289,0.002327,0.002289,0.002327,0.002289,0.002327,0.002327,0.002289,0.002289,0.002289,0.002289,0.002289,0.002327,0.002251,0.002289,0.002289,0.002251,0.002289,0.002213,0.002213,0.002174,0.002213,0.002213,0.002213,0.002213,0.002174,0.002213,0.002174,0.002174,0.002213,0.002213,0.002136,0.002136,0.002174,0.002174,0.002174,0.002174,0.002213,0.002174,0.002251,0.002213,0.002174,0.002174,0.002213,0.002174,0.002213,0.002213,0.002136,0.002136,0.002213,0.002213,0.002213,0.002136,0.002174,0.002213,0.002136,0.002174,0.002174,0.002136,0.002098,0.002098,0.002136,0.002098,0.002174,0.002060,0.002060,0.002060,0.002022,0.001984,0.001945,0.001984,0.001945,0.001907,0.001907,0.001907,0.001945,0.001907,0.001945,0.001984,0.001945,0.002022,0.002060,0.002136,0.002174,0.002136,0.002251,0.002251,0.002289,0.002327,0.002365,0.002365,0.002365,0.002441,0.002403,0.002441,0.002441,0.002403,0.002441,0.002365,0.002327,0.002327,0.002213,0.002251,0.002174,0.002174,0.002136,0.002060,0.002022,0.001945,0.001945,0.001984,0.001945,0.001945,0.001945,0.001945,0.001984,0.001945,0.002022,0.001984,0.002022,0.002022,0.002098,0.002136,0.002060,0.002136,0.002136,0.002136,0.002098,0.002174,0.002213,0.002213,0.002213,0.002213,0.002174,0.002213,0.002213,0.002251,0.002174,0.002251,0.002251,0.002213,0.002213,0.002174,0.002213,0.002251,0.002174,0.002098,0.002136,0.002174,0.002213,0.002213,0.002213,0.002213,0.002213,0.002213,0.002213,0.002289,0.002289,0.002251,0.002251,0.002289,0.002289,0.002327,0.002289,0.002251,0.002213,0.002289,0.002289,0.002251,0.002251,0.002251,0.002213,0.002251,0.002213,0.002251,0.002251,0.002174,0.002251,0.002213,0.002174,0.002174,0.002136,0.002174,0.002136,0.002136,0.002098,0.002174,0.002174,0.002174,0.002174,0.002213,0.002174,0.002174,0.002213,0.002213,0.002174,0.002136,0.002174,0.002174,0.002174,0.002136,0.002136,0.002098,0.002098,0.002098,0.002098,0.002022,0.002060,0.002022,0.002022,0.002022,0.002022,0.002022,0.002022,0.002022,0.001984,0.002022,0.002022,0.002060,0.002098,0.002060,0.002060,0.002098,0.002098,0.002174,0.002174,0.002174,0.002136,0.002174,0.002098,0.002174,0.002174,0.002136,0.002174,0.002174,0.002174,0.002174,0.002098,0.002136,0.002174,0.002136,0.002136,0.002136,0.002136,0.002060,0.002060,0.002098,0.002098,0.002098,0.002098,0.002060,0.002098,0.002098,0.002098,0.002136,0.002174,0.002098,0.002136,0.002136,0.002098,0.002174,0.002136,0.002174,0.002136,0.002136,0.002174,0.002174,0.002136,0.002136,0.002136,0.002136,0.002098,0.002098,0.002136,0.002098,0.002136,0.002136,0.002174,0.002174,0.002098,0.002174,0.002174,0.002174,0.002136,0.002136,0.002174,0.002136,0.002136,0.002174,0.002174,0.002136,0.002213,0.002174,0.002136,0.002213,0.002174,0.002174,0.002136,0.002136,0.002213,0.002174,0.002251,0.002213,0.002174,0.002136,0.002174,0.002136,0.002174,0.002174,0.002098,0.002098,0.002136,0.002060,0.002136,0.002098,0.002060,0.002060,0.002098,0.002098,0.002060,0.002060,0.002022,0.002022,0.002022,0.002022,0.002060,0.002022,0.001984,0.002022,0.002060,0.002022,0.002022,0.002022,0.002022,0.002022,0.002022,0.002060,0.001984,0.002022,0.002022,0.002060,0.002098,0.002060,0.002098,0.002136,0.002060,0.002060,0.002060,0.002060,0.002098,0.002060,0.002098,0.002136,0.002098,0.002174,0.002136,0.002098,0.002174,0.002098,0.002136,0.002213,0.002174,0.002136,0.002174,0.002136,0.002213,0.002251,0.002174,0.002213,0.002213,0.002251,0.002213,0.002213,0.002213,0.002289,0.002213,0.002251,0.002289,0.002174,0.002251,0.002289,0.002289,0.002213,0.002174,0.002251,0.002213,0.002213,0.002174,0.002136,0.002136,0.002098,0.002136,0.002098,0.002098,0.002098,0.002060,0.002060,0.002098,0.002098,0.002060,0.002022,0.002022,0.002060,0.002060,0.002022,0.002098,0.002022,0.001984,0.002022,0.002060,0.002060,0.002022,0.001984,0.001984,0.001984,0.001984,0.001945,0.001984,0.001945,0.001907,0.001907,0.001945,0.001945,0.001945,0.001945,0.001945,0.001945,0.001945,0.001945,0.001984,0.001945,0.001945,0.002060,0.001984,0.002022,0.002098,0.002022,0.002098,0.002136,0.002022,0.002060,0.002098,0.002136,0.002136,0.002136,0.002136,0.002174,0.002174,0.002213,0.002174,0.002251,0.002213,0.002174,0.002251,0.002289,0.002251,0.002251,0.002251,0.002251,0.002251,0.002213,0.002213,0.002251,0.002251,0.002174,0.002136,0.002213,0.002136,0.002136,0.002174,0.002136,0.002022,0.002022,0.002060,0.002022,0.001907,0.001945,0.001907,0.001984,0.001869,0.001907,0.001869,0.001831,0.001869,0.001831,0.001831,0.001831,0.001793,0.001793,0.001793,0.001793,0.001869,0.001831,0.001907,0.001869,0.001907,0.001984,0.001984,0.002060,0.002022,0.002060,0.002098,0.002136,0.002174,0.002174,0.002213,0.002213,0.002213,0.002213,0.002213,0.002251,0.002251,0.002213,0.002213,0.002213,0.002213,0.002251,0.002251,0.002174,0.002174,0.002213,0.002213,0.002174,0.002213,0.002289,0.002213,0.002251,0.002251,0.002251,0.002327,0.002327,0.002251,0.002251,0.002251,0.002327,0.002251,0.002251,0.002327,0.002365,0.002289,0.002251,0.002213,0.002289,0.002251,0.002289,0.002251,0.002213,0.002174,0.002213,0.002213,0.002174,0.002213,0.002213,0.002174,0.002174,0.002098,0.002136,0.002136,0.002060,0.002060,0.002060,0.002098,0.002060,0.002098,0.002136,0.002022,0.002098,0.002098,0.002060,0.002060,0.002098,0.002098,0.002060,0.002060,0.002060,0.001984,0.001984,0.001945,0.001984,0.001984,0.001945,0.002022,0.002022,0.002022,0.002060,0.002022,0.002060,0.002098,0.002136,0.002098,0.002136,0.002174,0.002174,0.002174,0.002136,0.002136,0.002060,0.002060,0.002060,0.001984,0.001945,0.001907,0.001945,0.001869,0.001869,0.001869,0.001831,0.001869,0.001793,0.001793,0.001831,0.001869,0.001869,0.001869,0.001869,0.001869,0.001907,0.001907,0.001945,0.001907,0.001945,0.001984,0.001945,0.001907,0.001945,0.001907,0.001945,0.001907,0.001907,0.001869,0.001869,0.001831,0.001869,0.001869,0.001831,0.001869,0.001945,0.001907,0.001945,0.001907,0.001907,0.001945,0.002022,0.001984,0.001945,0.001984,0.002022,0.001984,0.002060,0.001984,0.002060,0.002022,0.001984,0.002022,0.002022,0.002060,0.002060,0.002060,0.002022,0.002022,0.002098,0.002060,0.002098,0.002098,0.002174,0.002174,0.002174,0.002213,0.002213,0.002251,0.002289,0.002289,0.002327,0.002327,0.002327,0.002365,0.002327,0.002365,0.002365,0.002403,0.002403,0.002327,0.002327,0.002327,0.002327,0.002251,0.002213,0.002174,0.002213,0.002174,0.002136,0.002098,0.002060,0.002060,0.002022,0.001984,0.002022,0.002060,0.002022,0.002022,0.002060,0.002060,0.002022,0.002060,0.002022,0.002098,0.002022,0.002098,0.002098,0.002136,0.002136,0.002174,0.002174,0.002251,0.002251,0.002251,0.002213,0.002251,0.002251,0.002213,0.002251,0.002289,0.002251,0.002251,0.002251,0.002213,0.002174,0.002174,0.002174,0.002136,0.002098,0.002136,0.002213,0.002213,0.002174,0.002174,0.002213,0.002174,0.002174,0.002174,0.002174,0.002136,0.002174,0.002174,0.002213,0.002174,0.002174,0.002136,0.002213,0.002174,0.002213,0.002174,0.002174,0.002136,0.002098,0.002136,0.002174,0.002174,0.002136,0.002136,0.002213,0.002174,0.002136,0.002136,0.002136,0.002136,0.002136,0.002136,0.002098,0.002136,0.002098,0.002136,0.002136,0.002136,0.002136,0.002174,0.002174,0.002136,0.002098,0.002136,0.002136,0.002136,0.002174,0.002174,0.002174,0.002136,0.002174,0.002213,0.002174,0.002174,0.002213,0.002213,0.002098,0.002098,0.002136,0.002136,0.002136,0.002136,0.002174,0.002174,0.002136,0.002098,0.002098,0.002136,0.002098,0.002098,0.002174,0.002136,0.002136,0.002174,0.002213,0.002213,0.002098,0.002136,0.002174,0.002174,0.002174,0.002136,0.002213,0.002174,0.002213,0.002136,0.002174,0.002136,0.002136,0.002174,0.002136,0.002136,0.002174,0.002174,0.002136,0.002098,0.002136,0.002136,0.002136,0.002136,0.002136,0.002174,0.002136,0.002136,0.002136,0.002136,0.002136,0.002136,0.002136,0.002098,0.002174,0.002136,0.002136,0.002098,0.002060,0.002136,0.002098,0.002098,0.002060,0.002136,0.002098,0.002060,0.002060,0.002060,0.002060,0.002098,0.002022,0.002022,0.002060,0.002022,0.001984,0.001984,0.002022,0.001984,0.001907,0.001984,0.001907,0.001945,0.001945,0.001984,0.001984,0.001945,0.002022,0.001984,0.002022,0.002022,0.002060,0.002098,0.002098,0.002098,0.002098,0.002136,0.002136,0.002136,0.002174,0.002136,0.002136,0.002213,0.002174,0.002213,0.002174,0.002251,0.002251,0.002213,0.002213,0.002213,0.002327,0.002289,0.002289,0.002289,0.002289,0.002327,0.002289,0.002365,0.002365,0.002289,0.002289,0.002289,0.002327,0.002289,0.002327,0.002289,0.002289,0.002174,0.002174,0.002213,0.002213,0.002136,0.002174,0.002136,0.002174,0.002136,0.002136,0.002098,0.002136,0.002174,0.002174,0.002136,0.002174,0.002174,0.002174,0.002174,0.002213,0.002213,0.002174,0.002251,0.002174,0.002251,0.002289,0.002289,0.002251,0.002213,0.002289,0.002251,0.002289,0.002289,0.002289,0.002251,0.002289,0.002327,0.002327,0.002251,0.002251,0.002251,0.002251,0.002289,0.002289,0.002289,0.002213,0.002213,0.002174,0.002174,0.002251,0.002098,0.002174,0.002060,0.002098,0.002098,0.002136,0.002060,0.001984,0.001984,0.001907,0.001945,0.002022,0.001907,0.001945,0.001907,0.001907,0.001907,0.001831,0.001907,0.001869,0.001907,0.001869,0.001907,0.001907,0.001907,0.001907,0.001907,0.001984,0.001984,0.002022,0.002022,0.001984,0.002060,0.002022,0.002098,0.002174,0.002213,0.002251,0.002289,0.002251,0.002251,0.002289,0.002289,0.002289,0.002365,0.002327,0.002289,0.002365,0.002289,0.002327,0.002289,0.002289,0.002289,0.002251,0.002289,0.002289,0.002289,0.002289,0.002251,0.002213,0.002136,0.002174,0.002213,0.002213,0.002174,0.002136,0.002174,0.002174,0.002174,0.002136,0.002136,0.002174,0.002136,0.002213,0.002213,0.002213,0.002251,0.002213,0.002213,0.002213,0.002213,0.002213,0.002213,0.002213,0.002251,0.002251,0.002251,0.002289,0.002289,0.002251,0.002365,0.002327,0.002289,0.002365,0.002327,0.002327,0.002289,0.002327,0.002327,0.002289,0.002289,0.002327,0.002213,0.002289,0.002251,0.002251,0.002213,0.002251,0.002251,0.002289,0.002251,0.002213,0.002213,0.002213,0.002251,0.002213,0.002174,0.002213,0.002174,0.002251,0.002213,0.002213,0.002174,0.002213,0.002174,0.002251,0.002251,0.002213,0.002213,0.002213,0.002213,0.002213,0.002174,0.002174,0.002174,0.002136,0.002136,0.002136,0.002136,0.002136,0.002060,0.002022,0.002060,0.002060,0.002022,0.002060,0.002022,0.002022,0.001984,0.001984,0.002022,0.001984,0.001945,0.001984,0.001984,0.001984,0.001984,0.001984,0.002022,0.002022,0.002060,0.002022,0.002060,0.001984,0.001984,0.002060,0.002022,0.002060,0.002060,0.002060,0.002060,0.001984,0.002098,0.002098,0.002098,0.002136,0.002060,0.002098,0.002060,0.002060,0.002022,0.002060,0.002022,0.002022,0.001984,0.002060,0.002022,0.001984,0.001984,0.002060,0.002022,0.002022,0.001945,0.001945,0.002022,0.001907,0.001945,0.001984,0.001984,0.002022,0.001984,0.001984,0.001984,0.002022,0.002022,0.001984,0.002060,0.002060,0.002060,0.002098,0.002136,0.002136,0.002060,0.002060,0.002098,0.002136,0.002174,0.002136,0.002136,0.002060,0.002136,0.002174,0.002136,0.002174,0.002136,0.002174,0.002098,0.002098,0.002136,0.002136,0.002098,0.002060,0.002060,0.002136,0.002098,0.002136,0.002060,0.002098,0.002060,0.002022,0.002022,0.002060,0.002098,0.002022,0.001984,0.002022,0.002022,0.001984,0.002060,0.002022,0.001984,0.001945,0.001984,0.001984,0.002022,0.001984,0.002022,0.002060,0.001984,0.002022,0.002022,0.002022,0.001984,0.001984,0.002060,0.001984,0.002060,0.002060,0.002060,0.002060,0.002022,0.002098,0.002098,0.002060,0.002060,0.002060,0.002098,0.002098,0.002136,0.002098,0.002136,0.002136,0.002060,0.002136,0.002136,0.002136,0.002174,0.002136,0.002136,0.002098,0.002136,0.002174,0.002136,0.002136,0.002060,0.002098,0.002060,0.002098,0.002060,0.002098,0.002098,0.002098,0.002136,0.002098,0.002136,0.002174,0.002098,0.002136,0.002213,0.002136,0.002136,0.002136,0.002174,0.002136,0.002136,0.002174,0.002136,0.002136,0.002060,0.002136,0.002136,0.002174,0.002174,0.002136,0.002174,0.002174,0.002174,0.002174,0.002174,0.002213,0.002174,0.002213,0.002213,0.002213,0.002251,0.002289,0.002251,0.002251,0.002213,0.002289,0.002289,0.002327,0.002289,0.002289,0.002251,0.002251,0.002327,0.002289,0.002289,0.002289,0.002327,0.002365,0.002289,0.002289,0.002251,0.002251,0.002251,0.002251,0.002213,0.002174,0.002136,0.002213,0.002213,0.002174,0.002136,0.002136,0.002098,0.002060,0.002098,0.002060,0.002022,0.002022,0.002098,0.002022,0.002060,0.002060,0.002098,0.002098,0.002060,0.002022,0.002022,0.002022,0.002022,0.002022,0.002060,0.001984,0.001984,0.002022,0.002022,0.002022,0.001945,0.001945,0.001945,0.001984,0.002022,0.001984,0.002022,0.001945,0.001984,0.002022,0.001984,0.002060,0.002060,0.002022,0.001945,0.001984,0.002060,0.001984,0.002022,0.002022,0.002022,0.002060,0.002022,0.001984,0.001984,0.002022,0.001984,0.002022,0.002098,0.002060,0.002098,0.002060,0.002022,0.002060,0.001984,0.002060,0.002060,0.002022,0.002098,0.002098,0.002098,0.002098,0.002060,0.002060,0.002098,0.002098,0.002060,0.002060,0.002136,0.002174,0.002174,0.002136,0.002136,0.002136,0.002174,0.002174,0.002174,0.002251,0.002174,0.002213,0.002213,0.002251,0.002251,0.002174,0.002213,0.002213,0.002251,0.002174,0.002213,0.002251,0.002174,0.002174,0.002174,0.002136,0.002136,0.002060,0.002022,0.002022,0.002022,0.001945,0.001984,0.001945,0.001945,0.001869,0.001907,0.001907,0.001831,0.001869,0.001831,0.001793,0.001793,0.001755,0.001831,0.001831,0.001831,0.001831,0.001869,0.001907,0.001945,0.001945,0.001945,0.001945,0.001945,0.001984,0.001945,0.001984,0.001945,0.001984,0.002022,0.002022,0.001984,0.001945,0.001984,0.001945,0.002022,0.001984,0.001907,0.001907,0.001907,0.001869,0.001869,0.001907,0.001907,0.001869,0.001907,0.001831,0.001907,0.001907,0.001869,0.001831,0.001869,0.001907,0.001869,0.001869,0.001907,0.001869,0.001907,0.001869,0.001945,0.001945,0.002022,0.001984,0.002022,0.002060,0.002098,0.002098,0.002136,0.002174,0.002174,0.002136,0.002213,0.002251,0.002251,0.002289,0.002289,0.002289,0.002289,0.002251,0.002289,0.002327,0.002365,0.002403,0.002365,0.002403,0.002403,0.002403,0.002441,0.002441,0.002441,0.002518,0.002480,0.002480,0.002518,0.002556,0.002480,0.002518,0.002518,0.002518,0.002518,0.002556,0.002556,0.002556,0.002594,0.002556,0.002518,0.002480,0.002556,0.002556,0.002480,0.002480,0.002441,0.002518,0.002480,0.002403,0.002441,0.002365,0.002403,0.002365,0.002327,0.002327,0.002365,0.002289,0.002289,0.002289,0.002251,0.002213,0.002213,0.002174,0.002174,0.002174,0.002174,0.002174,0.002213,0.002213,0.002136,0.002136,0.002174,0.002136,0.002136,0.002098,0.002136,0.002060,0.002098,0.002136,0.002098,0.002136,0.002098,0.002098,0.002060,0.002136,0.002098,0.002022,0.002098,0.002098,0.002060,0.002060,0.002060,0.002022,0.001984,0.001984,0.001945,0.001945,0.002022,0.001945,0.001984,0.001984,0.001984,0.001945,0.001907,0.001907,0.001869,0.001945,0.001945,0.001907,0.001869,0.001869,0.001869,0.001907,0.001907,0.001945,0.001869,0.001907,0.001869,0.001945,0.001945,0.001869,0.001907,0.001907,0.001945,0.001984,0.002022,0.001984,0.001984,0.001984,0.001984,0.001984,0.002022,0.001984,0.002022,0.002022,0.002098,0.002098,0.002060,0.002098,0.002060,0.002060,0.002060,0.002098,0.002022,0.002022,0.002060,0.002060,0.002098,0.002098,0.002060,0.002098,0.002060,0.002060,0.002022,0.002060,0.002022,0.002098,0.002136,0.002022,0.002098,0.002098,0.002098,0.002060,0.002136,0.002136,0.002098,0.002136,0.002098,0.002136,0.002136,0.002136,0.002136,0.002136,0.002174,0.002136,0.002174,0.002136,0.002136,0.002174,0.002213,0.002213,0.002213,0.002174,0.002213,0.002213,0.002174,0.002174,0.002174,0.002174,0.002136,0.002213,0.002136,0.002136,0.002174,0.002136,0.002174,0.002136,0.002136,0.002174,0.002174,0.002174,0.002174,0.002213,0.002213,0.002174,0.002213,0.002213,0.002251,0.002251,0.002289,0.002251,0.002251,0.002327,0.002213,0.002251,0.002289,0.002251,0.002251,0.002251,0.002251,0.002251,0.002327,0.002251,0.002251,0.002213,0.002174,0.002251,0.002251,0.002251,0.002213,0.002174,0.002213,0.002174,0.002174,0.002136,0.002136,0.002213,0.002213,0.002213,0.002136,0.002213,0.002213,0.002213,0.002213,0.002174,0.002174,0.002213,0.002213,0.002213,0.002174,0.002174,0.002251,0.002251,0.002213,0.002174,0.002174,0.002213,0.002213,0.002213,0.002136,0.002174,0.002174,0.002174,0.002174,0.002213,0.002251,0.002213,0.002174,0.002213,0.002174,0.002174,0.002174,0.002136,0.002136,0.002213,0.002213,0.002251,0.002174,0.002174,0.002174,0.002136,0.002213,0.002174,0.002213,0.002174,0.002174,0.002174,0.002174,0.002213,0.002136,0.002136,0.002136,0.002213,0.002174,0.002098,0.002136,0.002136,0.002136,0.002136,0.002136,0.002174,0.002098,0.002136,0.002136,0.002060,0.002098,0.002060,0.002060,0.002098,0.002022,0.002098,0.002060,0.002098,0.002060,0.002022,0.002098,0.002060,0.002060,0.002098,0.002098,0.002098,0.002098,0.002098,0.002098,0.002098,0.002098,0.002060,0.002060,0.002098,0.002136,0.002174,0.002174,0.002174,0.002174,0.002174,0.002174,0.002213,0.002174,0.002213,0.002251,0.002213,0.002174,0.002251,0.002213,0.002289,0.002289,0.002289,0.002251,0.002289,0.002251,0.002289,0.002251,0.002251,0.002289,0.002213,0.002289,0.002327,0.002251,0.002251,0.002251,0.002251,0.002213,0.002213,0.002251,0.002251,0.002213,0.002213,0.002251,0.002213,0.002213,0.002213,0.002213,0.002213,0.002174,0.002098,0.002136,0.002213,0.002136,0.002060,0.002098,0.002098,0.002060,0.002060,0.002098,0.002098,0.002022,0.001945,0.001945,0.001945,0.002022,0.001984,0.002022,0.001984,0.001831,0.001907,0.001945,0.001945,0.001945,0.001984,0.001945,0.001945,0.002022,0.001945,0.002060,0.002022,0.001984,0.002022,0.002022,0.002060,0.002098,0.002136,0.002136,0.002136,0.002098,0.002098,0.002136,0.002136,0.002174,0.002174,0.002136,0.002174,0.002174,0.002136,0.002213,0.002136,0.002213,0.002174,0.002174,0.002213,0.002174,0.002213,0.002213,0.002174,0.002136,0.002174,0.002174,0.002174,0.002136,0.002098,0.002060,0.002136,0.002136,0.002136,0.002098,0.002136,0.002098,0.002098,0.002098,0.002098,0.002136,0.002098,0.002098,0.002136,0.002136,0.002136,0.002098,0.002060,0.002098,0.002098,0.002136,0.002098,0.002098,0.002136,0.002174,0.002174,0.002136,0.002098,0.002174,0.002136,0.002174,0.002174,0.002136,0.002060,0.002060,0.002060,0.002022,0.002060,0.001984,0.002060,0.002022,0.002098,0.002022,0.002022,0.002022,0.002022,0.002022,0.002022,0.002022,0.002022,0.002022,0.002022,0.002060,0.002060,0.002022,0.002098,0.002098,0.002098,0.002136,0.002174,0.002098,0.002174,0.002098,0.002174,0.002213,0.002213,0.002174,0.002136,0.002174,0.002213,0.002213,0.002213,0.002136,0.002136,0.002174,0.002174,0.002174,0.002098,0.002098,0.002136,0.002136,0.002174,0.002136,0.002136,0.002136,0.002098,0.002136,0.002213,0.002174,0.002213,0.002136,0.002174,0.002174,0.002213,0.002213,0.002213,0.002251,0.002213,0.002174,0.002174,0.002174,0.002251,0.002174,0.002213,0.002174,0.002213,0.002213,0.002174,0.002213,0.002136,0.002136,0.002136,0.002098,0.002060,0.002060,0.002136,0.002098,0.002098,0.002060,0.002136,0.002098,0.002136,0.002136,0.002060,0.002060,0.002022,0.001984,0.002060,0.002022,0.002022,0.002060,0.002022,0.001984,0.002022,0.001984,0.001984,0.002022,0.001984,0.001984,0.001984,0.002022,0.002060,0.002060,0.002022,0.002022,0.002060,0.002060,0.002022,0.002022,0.002060,0.002022,0.002060,0.002022,0.002022,0.002022,0.002022,0.002022,0.001984,0.002060,0.002022,0.002022,0.002098,0.002060,0.002060,0.002060,0.002098,0.002060,0.002060,0.002098,0.002098,0.002060,0.002098,0.002060,0.002174,0.002213,0.002098,0.002098,0.002098,0.002098,0.002098,0.002174,0.002098,0.002136,0.002098,0.002098,0.002098,0.002060,0.002098,0.002136,0.002136,0.002136,0.002136,0.002136,0.002136,0.002098,0.002098,0.002174,0.002136,0.002060,0.002174,0.002213,0.002136,0.002174,0.002136,0.002174,0.002098,0.002136,0.002098,0.002060,0.002136,0.002098,0.002060,0.002060,0.002022,0.002022,0.002022,0.002022,0.002060,0.002060,0.001984,0.002022,0.001984,0.001984,0.001945,0.001907,0.001945,0.001869,0.001907,0.001869,0.001869,0.001869,0.001869,0.001945,0.001907,0.001869,0.001907,0.001907,0.001945,0.001907,0.001907,0.001907,0.001907,0.001984,0.001945,0.001945,0.001945,0.001984,0.002022,0.002098,0.002060,0.002060,0.002098,0.002022,0.002098,0.002136,0.002136,0.002174,0.002174,0.002174,0.002098,0.002174,0.002174,0.002136,0.002174,0.002174,0.002174,0.002098,0.002136,0.002174,0.002098,0.002136,0.002136,0.002174,0.002136,0.002098,0.002098,0.002060,0.002060,0.002098,0.002098,0.002098,0.002098,0.002098,0.002098,0.002136,0.002136,0.002060,0.002022,0.002098,0.002098,0.002098,0.002098,0.002136,0.002174,0.002098,0.002136,0.002098,0.002136,0.002098,0.002136,0.002136,0.002098,0.002213,0.002213,0.002213,0.002213,0.002174,0.002251,0.002213,0.002174,0.002213,0.002251,0.002251,0.002213,0.002213,0.002251,0.002174,0.002174,0.002251,0.002174,0.002174,0.002174,0.002136,0.002136,0.002174,0.002213,0.002136,0.002174,0.002174,0.002174,0.002174,0.002136,0.002136,0.002136,0.002174,0.002098,0.002060,0.002098,0.002174,0.002098,0.002060,0.002136,0.002060,0.002022,0.001984,0.002022,0.002098,0.002022,0.002022,0.002022,0.001984,0.002022,0.002022,0.002022,0.001984,0.002022,0.002060,0.002060,0.002022,0.002022,0.002022,0.002060,0.002060,0.002060,0.002060,0.002060,0.002098,0.002060,0.002060,0.001984,0.002060,0.002098,0.002060,0.002022,0.002022,0.002060,0.002060,0.002022,0.002060,0.001984,0.002136,0.002098,0.002060,0.002022,0.002098,0.002022,0.002060,0.002060,0.002060,0.002098,0.002060,0.002060,0.002098,0.002098,0.002136,0.002060,0.002098,0.002098,0.002060,0.002098,0.002098,0.002098,0.002136,0.002098,0.002136,0.002098,0.002098,0.002098,0.002098,0.002060,0.002060,0.002098,0.002136,0.002060,0.002098,0.002098,0.002098,0.002098,0.002098,0.002136,0.002136,0.002136,0.002060,0.002098,0.002174,0.002174,0.002213,0.002174,0.002213,0.002136,0.002213,0.002251,0.002213,0.002251,0.002174,0.002289,0.002251,0.002289,0.002251,0.002289,0.002365,0.002327,0.002327,0.002251,0.002289,0.002365,0.002327,0.002289,0.002365,0.002403,0.002289,0.002327,0.002365,0.002289,0.002327,0.002289,0.002327,0.002289,0.002251,0.002251,0.002251,0.002289,0.002251,0.002251,0.002251,0.002251,0.002136,0.002174,0.002213,0.002174,0.002213,0.002174,0.002098,0.002136,0.002098,0.002060,0.002060,0.002060,0.002136,0.002098,0.002098,0.002060,0.002060,0.002098,0.002174,0.002098,0.002060,0.002136,0.002136,0.002136,0.002136,0.002136,0.002136,0.002098,0.002098,0.002098,0.002136,0.002174,0.002174,0.002136,0.002136,0.002136,0.002136,0.002136,0.002174,0.002174,0.002213,0.002213,0.002174,0.002213,0.002213,0.002213,0.002213,0.002213,0.002174,0.002251,0.002174,0.002174,0.002213,0.002251,0.002251,0.002213,0.002289,0.002251,0.002289,0.002251,0.002213,0.002251,0.002289,0.002289,0.002327,0.002289,0.002213,0.002251,0.002213,0.002289,0.002213,0.002251,0.002213,0.002174,0.002174,0.002251,0.002213,0.002136,0.002136,0.002136,0.002098,0.002136,0.002098,0.002098,0.002098,0.002060,0.002060,0.002060,0.002060,0.002060,0.002060,0.002022,0.002060,0.001984,0.002060,0.002060,0.002022,0.001984,0.002060,0.002022,0.001984,0.002022,0.002060,0.002060,0.002060,0.002022,0.002060,0.002060,0.002022,0.002060,0.002060,0.002022,0.002022,0.002060,0.002098,0.002098,0.002136,0.002098,0.002098,0.002098,0.002136,0.002174,0.002174,0.002213,0.002213,0.002174,0.002174,0.002251,0.002327,0.002289,0.002251,0.002213,0.002213,0.002251,0.002213,0.002174,0.002174,0.002213,0.002136,0.002136,0.002098,0.002098,0.002060,0.002098,0.002060,0.002060,0.002022,0.001984,0.002060,0.002060,0.001984,0.002022,0.001984,0.001984,0.001984,0.002022,0.001984,0.001945,0.001945,0.001945,0.001984,0.002060,0.002098,0.002098,0.002098,0.002060,0.002060,0.002060,0.002136,0.002136,0.002174,0.002174,0.002213,0.002174,0.002174,0.002289,0.002327,0.002213,0.002251,0.002289,0.002327,0.002289,0.002327,0.002327,0.002327,0.002327,0.002365,0.002289,0.002327,0.002289,0.002289,0.002289,0.002289,0.002327,0.002327,0.002251,0.002289,0.002289,0.002213,0.002213,0.002251,0.002289,0.002251,0.002251,0.002289,0.002327,0.002327,0.002289,0.002289,0.002251,0.002289,0.002289,0.002251,0.002289,0.002327,0.002289,0.002289,0.002251,0.002251,0.002174,0.002327,0.002289,0.002327,0.002327,0.002289,0.002365,0.002289,0.002251,0.002365,0.002289,0.002251,0.002289,0.002289,0.002327,0.002327,0.002289,0.002289,0.002289,0.002289,0.002289,0.002289,0.002251,0.002365,0.002289,0.002251,0.002327,0.002289,0.002289,0.002327,0.002289,0.002251,0.002289,0.002251,0.002327,0.002289,0.002289,0.002251,0.002213,0.002289,0.002251,0.002213,0.002136,0.002213,0.002251,0.002174,0.002213,0.002213,0.002213,0.002174,0.002098,0.002174,0.002136,0.002213,0.002136,0.002174,0.002098,0.002174,0.002174,0.002174,0.002136,0.002136,0.002098,0.002098,0.002098,0.002098,0.002022,0.002022,0.002098,0.001984,0.002060,0.001945,0.001984,0.001945,0.001945,0.001945,0.001945,0.001945,0.001907,0.001945,0.001869,0.001907,0.001907,0.001907,0.001907,0.001907,0.001907,0.001945,0.001907,0.001907,0.001869,0.001945,0.001945,0.001945,0.001984,0.001945,0.002022,0.002060,0.002022,0.002022,0.002022,0.002022,0.002060,0.002022,0.002098,0.002136,0.002098,0.002098,0.002098,0.002022,0.002098,0.002136,0.002060,0.002098,0.002174,0.002136,0.002136,0.002174,0.002098,0.002136,0.002136,0.002136,0.002174,0.002174,0.002213,0.002136,0.002174,0.002213,0.002213,0.002213,0.002251,0.002251,0.002251,0.002251,0.002289,0.002213,0.002213,0.002251,0.002289,0.002289,0.002251,0.002251,0.002213,0.002213,0.002213,0.002213,0.002213,0.002174,0.002174,0.002136,0.002136,0.002098,0.002098,0.002098,0.002060,0.002136,0.002060,0.002098,0.002060,0.002060,0.002022,0.001984,0.002060,0.001984,0.001984,0.001984,0.001984,0.001984,0.001984,0.001984,0.001984,0.002022,0.001945,0.001984,0.001984,0.001984,0.001984,0.001984,0.001984,0.001984,0.002022,0.002022,0.001945,0.001984,0.001945,0.001984,0.001945,0.001984,0.002022,0.001984,0.001945,0.002022,0.001945,0.001945,0.001945,0.001984,0.001945,0.002022,0.001984,0.001984,0.001984,0.002022,0.002098,0.002098,0.002022,0.002022,0.002060,0.002060,0.002098,0.002098,0.002098,0.002098,0.002098,0.002098,0.002136,0.002136,0.002213,0.002174,0.002136,0.002136,0.002136,0.002136,0.002136,0.002213,0.002174,0.002098,0.002136,0.002098,0.002174,0.002098,0.002136,0.002136,0.002136,0.002174,0.002136,0.002136,0.002136,0.002174,0.002136,0.002136,0.002251,0.002174,0.002174,0.002136,0.002174,0.002136,0.002174,0.002174,0.002251,0.002213,0.002060,0.002174,0.002136,0.002136,0.002174,0.002174,0.002136,0.002098,0.002136,0.002136,0.002098,0.002098,0.002098,0.002098,0.002098,0.002060,0.002022,0.001984,0.002060,0.002022,0.002060,0.002060,0.002060,0.002060,0.001945,0.002022,0.002022,0.001984,0.002022,0.001984,0.001984,0.001945,0.001984,0.001984,0.001984,0.001984,0.001984,0.001984,0.002022,0.001984,0.001984,0.002060,0.001984,0.002022,0.002022,0.002098,0.002060,0.002060,0.002022,0.002022,0.002060,0.002060
22,19:00:00.000,12/31/1903,0.000000,0.100000,UNKNOWN,1,0/0,0.000000,0.000000,0.000000,0.000000,0.000000,0.000000,0.000000,0.000000,0,0,0,0,0.002251,0.002213,0.002251,0.002251,0.002251,0.002174,0.002174,0.002174,0.002174,0.002213,0.002174,0.002174,0.002174,0.002174,0.002174,0.002251,0.002213,0.002213,0.002174,0.002174,0.002213,0.002174,0.002174,0.002136,0.002213,0.002136,0.002174,0.002136,0.002174,0.002136,0.002174,0.002174,0.002136,0.002174,0.002174,0.002136,0.002136,0.002174,0.002174,0.002174,0.002136,0.002213,0.002136,0.002098,0.002174,0.002174,0.002098,0.002136,0.002098,0.002098,0.002174,0.002136,0.002136,0.002060,0.002060,0.002098,0.002098,0.002098,0.002098,0.002174,0.002098,0.002098,0.002098,0.002098,0.002060,0.002022,0.002060,0.002060,0.002060,0.002136,0.002098,0.002060,0.002022,0.002060,0.002022,0.002022,0.002098,0.002098,0.002060,0.002060,0.002060,0.002060,0.001984,0.001984,0.002060,0.002060,0.002022,0.002022,0.002022,0.002022,0.002060,0.002098,0.002060,0.002060,0.002022,0.002022,0.002060,0.002060,0.001984,0.002022,0.002022,0.002060,0.002060,0.002060,0.002022,0.002022,0.002098,0.002060,0.002098,0.002098,0.002098,0.002098,0.002060,0.002098,0.002136,0.002098,0.002098,0.002060,0.002060,0.002136,0.002098,0.002098,0.002060,0.002136,0.002098,0.002098,0.002098,0.002098,0.002136,0.002098,0.002136,0.002136,0.002098,0.002060,0.002060,0.002098,0.002136,0.002098,0.002098,0.002098,0.002098,0.002060,0.002060,0.002060,0.002098,0.002098,0.002098,0.002060,0.002136,0.002098,0.002136,0.002098,0.002098,0.002098,0.002098,0.002098,0.002136,0.002098,0.002098,0.002136,0.002136,0.002098,0.002136,0.002136,0.002136,0.002174,0.002174,0.002136,0.002098,0.002174,0.002136,0.002098,0.002174,0.002098,0.002136,0.002213,0.002213,0.002213,0.002174,0.002213,0.002251,0.002213,0.002213,0.002213,0.002174,0.002098,0.002174,0.002213,0.002136,0.002136,0.002213,0.002136,0.002174,0.002136,0.002136,0.002136,0.002136,0.002136,0.002136,0.002098,0.002136,0.002213,0.002136,0.002136,0.002174,0.002098,0.002136,0.002098,0.002136,0.002098,0.002136,0.002136,0.002136,0.002136,0.002136,0.002136,0.002174,0.002136,0.002174,0.002213,0.002213,0.002174,0.002174,0.002174,0.002136,0.002213,0.002174,0.002174,0.002213,0.002174,0.002174,0.002174,0.002174,0.002174,0.002098,0.002174,0.002213,0.002213,0.002174,0.002174,0.002174,0.002174,0.002174,0.002174,0.002174,0.002213,0.002174,0.002174,0.002213,0.002174,0.002213,0.002174,0.002213,0.002213,0.002213,0.002213,0.002213,0.002174,0.002174,0.002136,0.002213,0.002174,0.002098,0.002136,0.002136,0.002136,0.002136,0.002174,0.002174,0.002136,0.002174,0.002213,0.002136,0.002174,0.002174,0.002136,0.002136,0.002136,0.002136,0.002136,0.002060,0.002136,0.002136,0.002098,0.002098,0.002136,0.002098,0.002060,0.002098,0.002098,0.002098,0.002098,0.002098,0.002098,0.002098,0.002060,0.002060,0.002060,0.002098,0.002098,0.002060,0.002098,0.002136,0.002098,0.002060,0.002098,0.002136,0.002098,0.002060,0.002098,0.002098,0.002098,0.002060,0.002060,0.002098,0.002098,0.002136,0.002136,0.002060,0.002098,0.002098,0.002060,0.002098,0.002098,0.002060,0.002136,0.002098,0.002098,0.002098,0.002136,0.002136,0.002136,0.002098,0.002098,0.002098,0.002098,0.002098,0.002060,0.002022,0.002136,0.002098,0.002136,0.002098,0.002098,0.002098,0.002098,0.002136,0.002098,0.002136,0.002098,0.002060,0.002098,0.002098,0.002098,0.002098,0.002098,0.002136,0.002136,0.002136,0.002136,0.002136,0.002098,0.002136,0.002174,0.002136,0.002098,0.002098,0.002060,0.002136,0.002098,0.002098,0.002060,0.002098,0.002136,0.002174,0.002136,0.002098,0.002060,0.002098,0.002098,0.002098,0.002136,0.002098,0.002098,0.002098,0.002174,0.002098,0.002098,0.002098,0.002136,0.002098,0.002136,0.002136,0.002060,0.002174,0.002136,0.002136,0.002174,0.002136,0.002174,0.002136,0.002136,0.002136,0.002174,0.002136,0.002136,0.002136,0.002213,0.002136,0.002174,0.002174,0.002213,0.002251,0.002213,0.002174,0.002213,0.002174,0.002174,0.002174,0.002213,0.002251,0.002213,0.002251,0.002174,0.002213,0.002213,0.002251,0.002251,0.002213,0.002174,0.002213,0.002174,0.002174,0.002213,0.002213,0.002174,0.002174,0.002174,0.002213,0.002174,0.002136,0.002174,0.002174,0.002136,0.002174,0.002136,0.002174,0.002174,0.002174,0.002174,0.002136,0.002136,0.002136,0.002174,0.002174,0.002098,0.002098,0.002098,0.002136,0.002174,0.002136,0.002136,0.002098,0.002098,0.002098,0.002060,0.002098,0.002136,0.002098,0.002060,0.002098,0.002098,0.002060,0.002136,0.002098,0.002022,0.002022,0.002060,0.002060,0.002098,0.002022,0.002022,0.002060,0.002098,0.002022,0.002022,0.002060,0.002060,0.002022,0.002022,0.002022,0.001984,0.002022,0.002022,0.002022,0.002060,0.002060,0.002060,0.002022,0.001945,0.002022,0.002022,0.002060,0.002060,0.002060,0.002022,0.002022,0.001984,0.002022,0.002022,0.002060,0.002060,0.002022,0.002060,0.002022,0.002060,0.002098,0.002060,0.002022,0.002060,0.002060,0.002022,0.002060,0.002022,0.002022,0.002098,0.002060,0.001984,0.002060,0.002060,0.002060,0.002098,0.002098,0.002098,0.002060,0.002060,0.002098,0.002136,0.002098,0.002098,0.002098,0.002098,0.002098,0.002098,0.002136,0.002098,0.002136,0.002174,0.002136,0.002174,0.002136,0.002136,0.002213,0.002174,0.002174,0.002136,0.002174,0.002174,0.002213,0.002213,0.002174,0.002174,0.002136,0.002174,0.002213,0.002174,0.002174,0.002213,0.002213,0.002213,0.002174,0.002174,0.002174,0.002174,0.002251,0.002174,0.002174,0.002174,0.002213,0.002213,0.002174,0.002136,0.002136,0.002251,0.002251,0.002174,0.002174,0.002174,0.002174,0.002174,0.002174,0.002136,0.002136,0.002174,0.002098,0.002136,0.002098,0.002098,0.002136,0.002174,0.002136,0.002098,0.002098,0.002136,0.002098,0.002098,0.002098,0.002060,0.002060,0.002098,0.002060,0.002136,0.002098,0.002098,0.002060,0.002098,0.002098,0.002060,0.002098,0.002060,0.002098,0.002098,0.002098,0.002060,0.002060,0.002060,0.002060,0.002098,0.002098,0.002098,0.002098,0.002098,0.002098,0.002098,0.002098,0.002098,0.002022,0.002098,0.002060,0.002060,0.002136,0.002098,0.002098,0.002022,0.002060,0.002098,0.002060,0.002060,0.002060,0.002136,0.002136,0.002136,0.002098,0.002098,0.002136,0.002136,0.002098,0.002098,0.002060,0.002098,0.002136,0.002060,0.002098,0.002060,0.002098,0.002098,0.002136,0.002060,0.002060,0.002098,0.002060,0.002098,0.002098,0.002060,0.002098,0.002098,0.002060,0.002060,0.002098,0.002060,0.002060,0.002060,0.002098,0.002060,0.002022,0.002060,0.002060,0.002022,0.002060,0.002022,0.002022,0.002022,0.002022,0.001984,0.001984,0.001945,0.001984,0.001907,0.001869,0.001907,0.001984,0.001945,0.001907,0.001907,0.001831,0.001793,0.001869,0.001755,0.001755,0.001755,0.001717,0.001717,0.001640,0.001602,0.001602,0.001602,0.001678,0.001526,0.001526,0.001450,0.001526,0.001564,0.001526,0.001526,0.001488,0.001564,0.001640,0.001717,0.001831,0.001984,0.001984,0.002213,0.002441,0.002708,0.002899,0.003090,0.003357,0.003700,0.004044,0.004272,0.004654,0.004997,0.005379,0.005722,0.006027,0.006447,0.006752,0.007057,0.007248,0.007439,0.007553,0.007553,0.007477,0.007286,0.007095,0.006790,0.006332,0.005913,0.005417,0.004845,0.004349,0.003700,0.003128,0.002556,0.001945,0.001373,0.000763,0.000153,-0.000420,-0.000992,-0.001640,-0.002251,-0.002823,-0.003433,-0.003967,-0.004425,-0.004768,-0.005035,-0.005302,-0.005379,-0.005341,-0.005188,-0.004921,-0.004654,-0.004272,-0.003815,-0.003395,-0.002899,-0.002365,-0.001869,-0.001297,-0.000801,-0.000267,0.000076,0.000496,0.000801,0.001106,0.001450,0.001640,0.001907,0.002022,0.002136,0.002251,0.002403,0.002518,0.002556,0.002632,0.002670,0.002747,0.002823,0.002861,0.002899,0.003014,0.003090,0.003166,0.003166,0.003281,0.003319,0.003357,0.003471,0.003548,0.003700,0.003777,0.003891,0.004082,0.004120,0.004234,0.004349,0.004501,0.004578,0.004654,0.004768,0.004768,0.004768,0.004807,0.004768,0.004730,0.004692,0.004654,0.004578,0.004501,0.004387,0.004311,0.004234,0.004044,0.003967,0.003853,0.003738,0.003586,0.003471,0.003357,0.003166,0.003052,0.002975,0.002899,0.002747,0.002556,0.002556,0.002518,0.002365,0.002289,0.002213,0.002174,0.002174,0.002060,0.002060,0.001945,0.001945,0.001869,0.001831,0.001831,0.001869,0.001793,0.001831,0.001793,0.001869,0.001755,0.001869,0.001907,0.001907,0.001984,0.001984,0.002060,0.002060,0.002060,0.002098,0.002098,0.002060,0.002022,0.001984,0.001984,0.001984,0.001945,0.001907,0.001869,0.001869,0.001831,0.001831,0.001793,0.001793,0.001793,0.001755,0.001793,0.001717,0.001717,0.001755,0.001640,0.001640,0.001564,0.001564,0.001526,0.001526,0.001450,0.001450,0.001488,0.001488,0.001526,0.001640,0.001678,0.001678,0.001755,0.001831,0.001907,0.001869,0.001907,0.001907,0.001945,0.001984,0.001907,0.001907,0.001907,0.001945,0.001907,0.001869,0.001907,0.001907,0.001907,0.001869,0.001945,0.001945,0.001945,0.001984,0.002022,0.002022,0.002060,0.001984,0.002022,0.001984,0.001945,0.001945,0.001907,0.001945,0.001869,0.001869,0.001831,0.001831,0.001869,0.001869,0.001907,0.001907,0.001984,0.001984,0.002098,0.002136,0.002174,0.002289,0.002365,0.002403,0.002441,0.002518,0.002594,0.002632,0.002632,0.002632,0.002632,0.002594,0.002556,0.002518,0.002441,0.002403,0.002365,0.002251,0.002174,0.002098,0.002060,0.002060,0.001984,0.001907,0.001945,0.001907,0.001907,0.001907,0.001907,0.001984,0.001945,0.001907,0.001907,0.001945,0.001945,0.001907,0.001907,0.001831,0.001793,0.001678,0.001717,0.001678,0.001640,0.001602,0.001450,0.001526,0.001488,0.001450,0.001450,0.001450,0.001450,0.001488,0.001373,0.001450,0.001411,0.001411,0.001450,0.001450,0.001526,0.001564,0.001526,0.001564,0.001602,0.001678,0.001717,0.001717,0.001831,0.001869,0.001945,0.002022,0.002136,0.002213,0.002213,0.002289,0.002327,0.002403,0.002556,0.002594,0.002632,0.002708,0.002747,0.002747,0.002823,0.002823,0.002785,0.002899,0.002823,0.002823,0.002823,0.002785,0.002785,0.002785,0.002785,0.002747,0.002670,0.002747,0.002670,0.002670,0.002632,0.002632,0.002632,0.002594,0.002632,0.002632,0.002594,0.002556,0.002518,0.002518,0.002441,0.002403,0.002403,0.002289,0.002289,0.002251,0.002213,0.002251,0.002213,0.002174,0.002174,0.002213,0.002136,0.002251,0.002174,0.002174,0.002174,0.002174,0.002136,0.002174,0.002213,0.002136,0.002136,0.002098,0.002098,0.002098,0.002174,0.002098,0.002136,0.002136,0.002098,0.002174,0.002174,0.002174,0.002213,0.002251,0.002289,0.002365,0.002403,0.002441,0.002441,0.002518,0.002480,0.002556,0.002594,0.002632,0.002670,0.002632,0.002632,0.002670,0.002670,0.002632,0.002518,0.002518,0.002480,0.002365,0.002289,0.002213,0.002174,0.002136,0.002060,0.001984,0.001907,0.001907,0.001869,0.001755,0.001755,0.001678,0.001755,0.001755,0.001755,0.001793,0.001793,0.001793,0.001793,0.001907,0.001984,0.001984,0.002060,0.002098,0.002136,0.002136,0.002136,0.002251,0.002251,0.002289,0.002213,0.002213,0.002136,0.002098,0.002174,0.002098,0.002060,0.002022,0.002022,0.001984,0.001984,0.001945,0.001869,0.001907,0.001869,0.001831,0.001793,0.001717,0.001678,0.001678,0.001640,0.001678,0.001640,0.001602,0.001602,0.001602,0.001564,0.001564,0.001602,0.001602,0.001602,0.001640,0.001755,0.001755,0.001717,0.001793,0.001793,0.001869,0.001907,0.001907,0.001945,0.002022,0.001984,0.002022,0.002022,0.002098,0.002098,0.002098,0.002136,0.002060,0.002098,0.002136,0.002174,0.002174,0.002136,0.002213,0.002251,0.002213,0.002289,0.002289,0.002251,0.002251,0.002213,0.002251,0.002251,0.002251,0.002251,0.002327,0.002251,0.002213,0.002251,0.002174,0.002136,0.002174,0.002136,0.002213,0.002136,0.002174,0.002174,0.002174,0.002174,0.002251,0.002174,0.002136,0.002213,0.002174,0.002213,0.002251,0.002251,0.002251,0.002251,0.002213,0.002213,0.002213,0.002174,0.002213,0.002174,0.002174,0.002136,0.002136,0.002098,0.002022,0.002022,0.001984,0.002022,0.001945,0.001945,0.001945,0.001869,0.001869,0.001869,0.001831,0.001831,0.001831,0.001755,0.001755,0.001755,0.001755,0.001755,0.001755,0.001678,0.001717,0.001678,0.001678,0.001755,0.001755,0.001755,0.001869,0.001831,0.001831,0.001869,0.001945,0.001945,0.001907,0.001984,0.001984,0.002060,0.002098,0.002174,0.002251,0.002289,0.002289,0.002365,0.002365,0.002403,0.002403,0.002441,0.002480,0.002480,0.002441,0.002480,0.002594,0.002556,0.002518,0.002480,0.002518,0.002556,0.002518,0.002594,0.002594,0.002556,0.002556,0.002518,0.002556,0.002556,0.002518,0.002556,0.002518,0.002480,0.002518,0.002441,0.002480,0.002403,0.002403,0.002365,0.002327,0.002289,0.002251,0.002289,0.002174,0.002136,0.002098,0.002098,0.002136,0.002060,0.002022,0.001945,0.001945,0.001984,0.002022,0.002022,0.002022,0.002022,0.002060,0.002098,0.002098,0.002136,0.002213,0.002174,0.002213,0.002289,0.002289,0.002365,0.002327,0.002327,0.002365,0.002365,0.002403,0.002365,0.002327,0.002365,0.002365,0.002327,0.002251,0.002213,0.002251,0.002174,0.002174,0.002136,0.002098,0.002098,0.002022,0.002022,0.002022,0.001945,0.001984,0.001945,0.001907,0.001793,0.001831,0.001793,0.001793,0.001831,0.001831,0.001755,0.001793,0.001831,0.001831,0.001755,0.001793,0.001793,0.001831,0.001831,0.001793,0.001755,0.001793,0.001831,0.001831,0.001831,0.001793,0.001831,0.001831,0.001793,0.001793,0.001831,0.001831,0.001793,0.001793,0.001793,0.001793,0.001793,0.001793,0.001755,0.001793,0.001907,0.001869,0.001945,0.001984,0.002022,0.002022,0.002022,0.002098,0.002098,0.002174,0.002213,0.002174,0.002289,0.002289,0.002251,0.002289,0.002365,0.002365,0.002327,0.002327,0.002327,0.002327,0.002403,0.002289,0.002289,0.002327,0.002213,0.002251,0.002251,0.002174,0.002213,0.002174,0.002251,0.002174,0.002174,0.002098,0.002136,0.002136,0.002098,0.002174,0.002060,0.002098,0.002174,0.002136,0.002174,0.002098,0.002136,0.002136,0.002174,0.002174,0.002098,0.002136,0.002136,0.002098,0.002098,0.002098,0.002213,0.002213,0.002136,0.002136,0.002136,0.002174,0.002136,0.002136,0.002174,0.002174,0.002174,0.002136,0.002213,0.002213,0.002098,0.002136,0.002213,0.002174,0.002251,0.002213,0.002251,0.002213,0.002251,0.002213,0.002136,0.002136,0.002136,0.002136,0.002136,0.002174,0.002213,0.002136,0.002098,0.002060,0.002098,0.002060,0.002060,0.002022,0.002022,0.002060,0.002022,0.002060,0.002060,0.002060,0.002060,0.002098,0.002060,0.002098,0.002022,0.002060,0.002060,0.002060,0.002098,0.002098,0.002098,0.002098,0.002098,0.002174,0.002136,0.002174,0.002098,0.002174,0.002174,0.002174,0.002174,0.002213,0.002213,0.002213,0.002251,0.002289,0.002174,0.002213,0.002213,0.002213,0.002136,0.002136,0.002098,0.002060,0.002098,0.002098,0.001984,0.001984,0.001984,0.001945,0.001945,0.001907,0.001984,0.001907,0.001869,0.001907,0.001907,0.001907,0.001907,0.001945,0.001945,0.001945,0.001984,0.001984,0.001984,0.002060,0.002022,0.002098,0.002098,0.002098,0.002098,0.002136,0.002098,0.002136,0.002174,0.002098,0.002174,0.002136,0.002174,0.002136,0.002060,0.002136,0.002136,0.002060,0.002098,0.002098,0.002060,0.002136,0.002098,0.002060,0.002022,0.002060,0.002060,0.002022,0.002022,0.002022,0.002022,0.002022,0.001984,0.001984,0.001945,0.001984,0.001907,0.001945,0.002022,0.001945,0.001945,0.001945,0.001984,0.002022,0.002022,0.002060,0.002098,0.002098,0.002136,0.002098,0.002136,0.002136,0.002174,0.002213,0.002213,0.002213,0.002251,0.002251,0.002213,0.002251,0.002327,0.002289,0.002365,0.002289,0.002327,0.002327,0.002365,0.002403,0.002327,0.002365,0.002365,0.002327,0.002365,0.002327,0.002327,0.002289,0.002289,0.002289,0.002289,0.002251,0.002289,0.002174,0.002251,0.002251,0.002213,0.002174,0.002213,0.002174,0.002174,0.002213,0.002098,0.002098,0.002136,0.002174,0.002060,0.002098,0.002136,0.002098,0.002060,0.002060,0.002022,0.001984,0.002060,0.002022,0.002060,0.002136,0.002136,0.002136,0.002213,0.002251,0.002174,0.002251,0.002289,0.002251,0.002365,0.002403,0.002441,0.002480,0.002556,0.002556,0.002670,0.002670,0.002632,0.002708,0.002670,0.002708,0.002785,0.002747,0.002747,0.002747,0.002747,0.002708,0.002670,0.002708,0.002632,0.002556,0.002556,0.002518,0.002480,0.002441,0.002365,0.002403,0.002365,0.002327,0.002251,0.002289,0.002213,0.002174,0.002098,0.002098,0.002022,0.001945,0.001831,0.001755,0.001678,0.001602,0.001526,0.001450,0.001373,0.001259,0.001144,0.001068,0.000992,0.000954,0.000954,0.000916,0.000877,0.000954,0.000992,0.000992,0.001106,0.001183,0.001259,0.001373,0.001411,0.001488,0.001564,0.001717,0.001793,0.001907,0.001945,0.002022,0.002136,0.002213,0.002213,0.002289,0.002289,0.002327,0.002327,0.002327,0.002365,0.002327,0.002365,0.002365,0.002403,0.002327,0.002289,0.002289,0.002251,0.002251,0.002251,0.002174,0.002213,0.002136,0.002213,0.002213,0.002174,0.002213,0.002174,0.002213,0.002251,0.002251,0.002289,0.002365,0.002365,0.002403,0.002441,0.002518,0.002556,0.002556,0.002518,0.002518,0.002556,0.002594,0.002556,0.002556,0.002556,0.002518,0.002441,0.002480,0.002365,0.002403,0.002365,0.002289,0.002251,0.002174,0.002136,0.002136,0.002098,0.002098,0.002022,0.002022,0.002022,0.001984,0.002022,0.001945,0.001907,0.001984,0.001945,0.002022,0.001945,0.001945,0.001907,0.001945,0.002022,0.001984,0.002022,0.002022,0.002060,0.002098,0.002022,0.002060,0.002022,0.002022,0.002060,0.002060,0.002060,0.002022,0.002022,0.001984,0.002060,0.001984,0.002022,0.001984,0.001984,0.002022,0.002022,0.001945,0.001984,0.001984,0.002022,0.002022,0.002022,0.002022,0.002060,0.002060,0.002098,0.001984,0.002098,0.002060,0.002098,0.002060,0.002098,0.002098,0.002174,0.002174,0.002174,0.002136,0.002174,0.002251,0.002289,0.002289,0.002251,0.002289,0.002289,0.002327,0.002327,0.002365,0.002365,0.002403,0.002365,0.002403,0.002441,0.002480,0.002403,0.002403,0.002327,0.002327,0.002365,0.002365,0.002441,0.002327,0.002327,0.002289,0.002327,0.002327,0.002289,0.002251,0.002251,0.002174,0.002213,0.002174,0.002174,0.002136,0.002098,0.002136,0.002098,0.002098,0.002098,0.002098,0.002098,0.002098,0.002136,0.002136,0.002174,0.002098,0.002136,0.002136,0.002174,0.002213,0.002213,0.002174,0.002213,0.002174,0.002213,0.002251,0.002251,0.002251,0.002251,0.002289,0.002327,0.002365,0.002365,0.002365,0.002441,0.002403,0.002403,0.002441,0.002403,0.002441,0.002441,0.002403,0.002365,0.002365,0.002289,0.002289,0.002289,0.002327,0.002289,0.002174,0.002136,0.002098,0.002060,0.002060,0.002060,0.002060,0.001984,0.002022,0.001984,0.001945,0.001907,0.001907,0.001945,0.001869,0.001869,0.001869,0.001869,0.001869,0.001869,0.001869,0.001793,0.001831,0.001793,0.001831,0.001793,0.001831,0.001793,0.001793,0.001793,0.001869,0.001831,0.001907,0.001907,0.001869,0.001869,0.001907,0.001945,0.001907,0.001984,0.001945,0.001984,0.002022,0.001984,0.001984,0.001984,0.002060,0.002022,0.002060,0.002060,0.002060,0.002060,0.002098,0.002174,0.002174,0.002174,0.002213,0.002213,0.002213,0.002174,0.002174,0.002213,0.002213,0.002251,0.002251,0.002174,0.002174,0.002136,0.002174,0.002136,0.002136,0.002174,0.002136,0.002136,0.002098,0.002136,0.002098,0.002136,0.002136,0.002098,0.002136,0.002174,0.002213,0.002174,0.002136,0.002136,0.002136,0.002174,0.002136,0.002174,0.002174,0.002213,0.002213,0.002213,0.002174,0.002136,0.002136,0.002136,0.002098,0.002098,0.002098,0.002136,0.002022,0.002022,0.002022,0.002022,0.001945,0.001907,0.001984,0.001907,0.001907,0.001869,0.001945,0.001869,0.001907,0.001945,0.001869,0.001869,0.001907,0.001907,0.001907,0.001907,0.001945,0.001984,0.001945,0.001945,0.001984,0.002098,0.002060,0.002060,0.002098,0.002022,0.002098,0.002136,0.002136,0.002098,0.002098,0.002098,0.002098,0.002098,0.002174,0.002098,0.002136,0.002098,0.002098,0.002060,0.002098,0.002136,0.002060,0.002098,0.002060,0.002098,0.002136,0.002060,0.002098,0.002098,0.002136,0.002098,0.002098,0.002136,0.002174,0.002136,0.002251,0.002213,0.002174,0.002213,0.002251,0.002251,0.002251,0.002251,0.002289,0.002327,0.002327,0.002327,0.002365,0.002365,0.002365,0.002365,0.002289,0.002327,0.002289,0.002289,0.002251,0.002251,0.002289,0.002213,0.002213,0.002174,0.002213,0.002213,0.002136,0.002174,0.002136,0.002098,0.002136,0.002136,0.002174,0.002136,0.002136,0.002098,0.002098,0.002098,0.002060,0.002098,0.002136,0.002136,0.002098,0.002136,0.002174,0.002136,0.002174,0.002213,0.002213,0.002251,0.002174,0.002213,0.002251,0.002289,0.002327,0.002289,0.002289,0.002289,0.002289,0.002327,0.002327,0.002289,0.002289,0.002289,0.002289,0.002289,0.002327,0.002327,0.002174,0.002251,0.002213,0.002213,0.002213,0.002174,0.002213,0.002098,0.002098,0.002098,0.002060,0.002060,0.002022,0.001984,0.001945,0.001984,0.001945,0.001869,0.001907,0.001869,0.001869,0.001831,0.001793,0.001793,0.001755,0.001831,0.001755,0.001678,0.001717,0.001755,0.001717,0.001678,0.001755,0.001755,0.001678,0.001755,0.001717,0.001717,0.001755,0.001678,0.001755,0.001717,0.001755,0.001755,0.001678,0.001717,0.001755,0.001755,0.001717,0.001793,0.001831,0.001793,0.001793,0.001793,0.001831,0.001869,0.001869,0.001907,0.001831,0.001869,0.001869,0.001945,0.001945,0.001945,0.001984,0.002022,0.002022,0.002060,0.002060,0.002136,0.002174,0.002136,0.002174,0.002213,0.002213,0.002251,0.002213,0.002251,0.002289,0.002289,0.002365,0.002365,0.002365,0.002327,0.002403,0.002403,0.002365,0.002403,0.002441,0.002365,0.002327,0.002327,0.002327,0.002365,0.002365,0.002365,0.002365,0.002327,0.002289,0.002289,0.002289,0.002289,0.002213,0.002251,0.002251,0.002251,0.002213,0.002174,0.002174,0.002174,0.002136,0.002098,0.002060,0.002098,0.002060,0.002022,0.002060,0.002060,0.002022,0.002022,0.002022,0.002060,0.002022,0.002022,0.002022,0.001984,0.002060,0.002060,0.002098,0.002022,0.002060,0.002098,0.002022,0.002022,0.001984,0.002022,0.002022,0.002022,0.001945,0.001907,0.001984,0.001984,0.001984,0.002022,0.001984,0.001984,0.001984,0.001984,0.001945,0.001984,0.001984,0.001984,0.001984,0.002022,0.002022,0.002060,0.002060,0.002060,0.002022,0.002098,0.002098,0.002060,0.002136,0.002174,0.002098,0.002136,0.002136,0.002174,0.002174,0.002174,0.002136,0.002174,0.002174,0.002174,0.002174,0.002136,0.002136,0.002174,0.002136,0.002174,0.002136,0.002174,0.002174,0.002098,0.002098,0.002098,0.002174,0.002136,0.002098,0.002136,0.002098,0.002136,0.002174,0.002136,0.002213,0.002213,0.002251,0.002213,0.002213,0.002251,0.002213,0.002213,0.002213,0.002251,0.002289,0.002213,0.002251,0.002251,0.002213,0.002213,0.002213,0.002251,0.002213,0.002174,0.002213,0.002174,0.002213,0.002213,0.002213,0.002136,0.002136,0.002174,0.002136,0.002136,0.002174,0.002174,0.002174,0.002174,0.002098,0.002213,0.002174,0.002136,0.002136,0.002174,0.002213,0.002174,0.002174,0.002174,0.002136,0.002136,0.002098,0.002060,0.002098,0.002098,0.002060,0.002060,0.002060,0.002060,0.002060,0.002022,0.001984,0.002022,0.001984,0.001945,0.001945,0.001945,0.001984,0.001984,0.001945,0.002022,0.001945,0.001945,0.001945,0.001984,0.001945,0.001945,0.001945,0.001907,0.001945,0.001984,0.001907,0.001945,0.001984,0.001984,0.001907,0.001945,0.001945,0.001945,0.001945,0.001945,0.001945,0.001984,0.001984,0.002060,0.002022,0.001984,0.001984,0.002060,0.002060,0.002060,0.002060,0.001984,0.002022,0.002060,0.002136,0.002174,0.002098,0.002136,0.002098,0.002136,0.002174,0.002136,0.002174,0.002174,0.002174,0.002174,0.002213,0.002251,0.002251,0.002213,0.002213,0.002213,0.002213,0.002213,0.002174,0.002213,0.002213,0.002251,0.002174,0.002213,0.002174,0.002174,0.002213,0.002213,0.002213,0.002174,0.002136,0.002174,0.002213,0.002174,0.002174,0.002174,0.002174,0.002136,0.002174,0.002213,0.002174,0.002174,0.002136,0.002251,0.002213,0.002213,0.002213,0.002213,0.002213,0.002174,0.002251,0.002213,0.002213,0.002213,0.002213,0.002213,0.002213,0.002213,0.002213,0.002213,0.002251,0.002251,0.002213,0.002213,0.002213,0.002213,0.002213,0.002174,0.002213,0.002174,0.002213,0.002174,0.002174,0.002136,0.002174,0.002174,0.002213,0.002136,0.002098,0.002174,0.002213,0.002136,0.002136,0.002136,0.002136,0.002098,0.002136,0.002174,0.002174,0.002174,0.002213,0.002174,0.002174,0.002136,0.002136,0.002098,0.002174,0.002136,0.002136,0.002174,0.002136,0.002136,0.002174,0.002174,0.002136,0.002174,0.002174,0.002174,0.002213,0.002213,0.002174,0.002174,0.002174,0.002213,0.002251,0.002213,0.002213,0.002213,0.002174,0.002174,0.002174,0.002174,0.002213,0.002174,0.002213,0.002174,0.002174,0.002098,0.002174,0.002136,0.002098,0.002098,0.002098,0.002060,0.002098,0.002060,0.002022,0.002022,0.002060,0.002060,0.002022,0.002060,0.002060,0.002022,0.002060,0.002022,0.002022,0.001984,0.002060,0.002060,0.002022,0.002060,0.002098,0.002136,0.002136,0.002098,0.002098,0.002136,0.002136,0.002098,0.002174,0.002174,0.002213,0.002251,0.002251,0.002327,0.002289,0.002365,0.002403,0.002403,0.002365,0.002365,0.002441,0.002441,0.002403,0.002441,0.002403,0.002403,0.002480,0.002441,0.002365,0.002365,0.002365,0.002365,0.002289,0.002213,0.002213,0.002251,0.002174,0.002060,0.002022,0.002060,0.002022,0.001984,0.001984,0.002022,0.001945,0.001907,0.001907,0.001869,0.001831,0.001869,0.001831,0.001831,0.001831,0.001869,0.001869,0.001945,0.001907,0.001945,0.001945,0.001984,0.002022,0.002060,0.002060,0.002098,0.002098,0.002136,0.002098,0.002136,0.002098,0.002060,0.002136,0.002136,0.002136,0.002060,0.002060,0.002060,0.002060,0.002022,0.002022,0.001984,0.002022,0.001984,0.002022,0.001984,0.002022,0.002060,0.002060,0.002022,0.002022,0.002098,0.002098,0.002060,0.002060,0.002136,0.002174,0.002174,0.002251,0.002213,0.002213,0.002251,0.002289,0.002289,0.002289,0.002289,0.002289,0.002289,0.002289,0.002327,0.002289,0.002365,0.002327,0.002289,0.002289,0.002289,0.002289,0.002365,0.002289,0.002289,0.002251,0.002289,0.002251,0.002251,0.002251,0.002251,0.002251,0.002289,0.002251,0.002289,0.002365,0.002289,0.002327,0.002327,0.002327,0.002327,0.002327,0.002327,0.002327,0.002327,0.002365,0.002289,0.002251,0.002251,0.002213,0.002174,0.002174,0.002136,0.002136,0.002098,0.002060,0.002060,0.002060,0.002060,0.001984,0.001945,0.001907,0.001907,0.001907,0.001869,0.001907,0.001831,0.001831,0.001869,0.001831,0.001869,0.001869,0.001869,0.001831,0.001831,0.001869,0.001869,0.001869,0.001831,0.001869,0.001907,0.001907,0.001907,0.001945,0.001945,0.001945,0.001907,0.001984,0.002022,0.001984,0.002060,0.001945,0.001984,0.002022,0.002060,0.002098,0.002060,0.002098,0.002136,0.002136,0.002136,0.002136,0.002136,0.002136,0.002136,0.002098,0.002136,0.002136,0.002174,0.002213,0.002174,0.002174,0.002213,0.002136,0.002136,0.002136,0.002098,0.002098,0.002098,0.002136,0.002174,0.002174,0.002174,0.002136,0.002174,0.002136,0.002174,0.002136,0.002174,0.002174,0.002098,0.002213,0.002174,0.002213,0.002251,0.002174,0.002136,0.002213,0.002251,0.002251,0.002213,0.002213,0.002213,0.002251,0.002289,0.002213,0.002213,0.002251,0.002251,0.002289,0.002289,0.002251,0.002251,0.002327,0.002289,0.002251,0.002213,0.002213,0.002213,0.002174,0.002213,0.002174,0.002136,0.002136,0.002060,0.002060,0.002098,0.002060,0.002060,0.002022,0.002060,0.002022,0.002098,0.001984,0.001984,0.002060,0.002060,0.002060,0.002098,0.002098,0.002098,0.002098,0.002098,0.002174,0.002174,0.002174,0.002136,0.002174,0.002174,0.002174,0.002136,0.002174,0.002098,0.002098,0.002060,0.002098,0.002022,0.002022,0.002022,0.002022,0.002022,0.001945,0.001945,0.001945,0.001869,0.001831,0.001945,0.001907,0.001869,0.001907,0.001907,0.001907,0.001945,0.001984,0.002022,0.002022,0.002060,0.002060,0.002022,0.002060,0.002098,0.002098,0.002098,0.002136,0.002174,0.002174,0.002213,0.002213,0.002174,0.002213,0.002174,0.002174,0.002174,0.002174,0.002136,0.002174,0.002136,0.002136,0.002136,0.002098,0.002098,0.002098,0.002098,0.002060,0.002060,0.002060,0.002022,0.002022,0.002022,0.002098,0.001984,0.002060,0.002060,0.002098,0.002098,0.002098,0.002022,0.002098,0.002060,0.002060,0.002098,0.002098,0.002098,0.002136,0.002174,0.002174,0.002174,0.002174,0.002213,0.002251,0.002251,0.002289,0.002213,0.002251,0.002289,0.002327,0.002327,0.002327,0.002327,0.002327,0.002403,0.002365,0.002403,0.002327,0.002289,0.002327,0.002327,0.002327,0.002289,0.002289,0.002289,0.002213,0.002251,0.002213,0.002174,0.002251,0.002213,0.002213,0.002174,0.002136,0.002174,0.002098,0.002136,0.002136,0.002098,0.002060,0.002060,0.002060,0.002060,0.002060,0.002098,0.002060,0.002060,0.002060,0.002136,0.002060,0.001984,0.002098,0.002022,0.002022,0.001984,0.002022,0.002060,0.002022,0.001984,0.001945,0.001984,0.001907,0.001869,0.001907,0.001945,0.001831,0.001831,0.001831,0.001831,0.001831,0.001831,0.001831,0.001831,0.001793,0.001831,0.001831,0.001831,0.001831,0.001907,0.001831,0.001869,0.001869,0.001869,0.001907,0.001984,0.001945,0.001984,0.001945,0.001984,0.001984,0.001984,0.002022,0.001984,0.001945,0.001984,0.002022,0.001984,0.001984,0.001984,0.001945,0.002060,0.002022,0.002022,0.002022,0.001945,0.001984,0.002022,0.001945,0.001945,0.001984,0.002022,0.001907,0.001945,0.002060,0.002060,0.002060,0.002022,0.002022,0.002098,0.002098,0.002060,0.002060,0.002098,0.002060,0.002098,0.002098,0.002060,0.002213,0.002213,0.002174,0.002213,0.002213,0.002251,0.002213,0.002213,0.002251,0.002251,0.002289,0.002213,0.002289,0.002289,0.002289,0.002289,0.002403,0.002365,0.002327,0.002403,0.002441,0.002327,0.002365,0.002441,0.002480,0.002403,0.002441,0.002441,0.002441,0.002441,0.002480,0.002403,0.002403,0.002365,0.002403,0.002365,0.002365,0.002289,0.002251,0.002251,0.002251,0.002213,0.002136,0.002136,0.002022,0.002022,0.002022,0.001984,0.001907,0.001869,0.001907,0.001907,0.001869,0.001793,0.001793,0.001717,0.001793,0.001869,0.001793,0.001831,0.001793,0.001755,0.001831,0.001869,0.001869,0.001869,0.001907,0.001907,0.001907,0.001907,0.001984,0.001984,0.001945,0.001984,0.001945,0.001984,0.001984,0.002022,0.002060,0.002098,0.002060,0.002098,0.002098,0.002136,0.002136,0.002136,0.002098,0.002098,0.002174,0.002174,0.002213,0.002213,0.002213,0.002251,0.002251,0.002289,0.002289,0.002289,0.002289,0.002327,0.002327,0.002365,0.002365,0.002365,0.002289,0.002365,0.002403,0.002365,0.002365,0.002327,0.002365,0.002289,0.002327,0.002327,0.002365,0.002289,0.002289,0.002213,0.002327,0.002327,0.002365,0.002327,0.002289,0.002365,0.002365,0.002327,0.002289,0.002289,0.002289,0.002289,0.002289,0.002213,0.002251,0.002174,0.002251,0.002213,0.002213,0.002213,0.002174,0.002174,0.002213,0.002174,0.002174,0.002098,0.002174,0.002098,0.002136,0.002174,0.002136,0.002136,0.002136,0.002174,0.002098,0.002098,0.002136,0.002136,0.002098,0.002098,0.002060,0.002022,0.002022,0.002060,0.002022,0.001984,0.001984,0.001945,0.001984,0.002022,0.001984,0.001984,0.001945,0.001945,0.001907,0.001984,0.001907,0.001907,0.001945,0.001984,0.001984,0.001945,0.001984,0.001945,0.001907,0.001984,0.001984,0.001945,0.002022,0.002022,0.001984,0.002022,0.001984,0.001984,0.002060,0.002022,0.002060,0.002060,0.002060,0.002060,0.002136,0.002060,0.002022,0.002060,0.002022,0.002098,0.002098,0.002174,0.002136,0.002136,0.002098,0.002174,0.002213,0.002174,0.002213,0.002289,0.002213,0.002251,0.002251,0.002251,0.002289,0.002251,0.002289,0.002289,0.002365,0.002327,0.002289,0.002289,0.002289,0.002289,0.002251,0.002289,0.002289,0.002251,0.002289,0.002289,0.002251,0.002213,0.002251,0.002289,0.002213,0.002213,0.002213,0.002213,0.002213,0.002213,0.002136,0.002174,0.002174,0.002174,0.002136,0.002098,0.002098,0.002098,0.002136,0.002136,0.002098,0.002136,0.002136,0.002098,0.002136,0.002136,0.002098,0.002098,0.002098,0.002136,0.002136,0.002136,0.002136,0.002060,0.002098,0.002060,0.002136,0.002098,0.002098,0.002060,0.002136,0.002060,0.002060,0.002060,0.002022,0.001984,0.001945,0.001984,0.001984,0.001984,0.001945,0.001907,0.001945,0.001869,0.001869,0.001869,0.001869,0.001831,0.001869,0.001907,0.001869,0.001869,0.001869,0.001869,0.001831,0.001831,0.001831,0.001831,0.001831,0.001907,0.001945,0.001907,0.001869,0.001907,0.001907,0.001945,0.001945,0.001945,0.001984,0.002022,0.002022,0.002022,0.002022,0.002022,0.002022,0.002022,0.002060,0.001984,0.002060,0.002136,0.002098,0.002060,0.002098,0.002136,0.002136,0.002174,0.002213,0.002289,0.002213,0.002251,0.002213,0.002289,0.002251,0.002327,0.002289,0.002289,0.002327,0.002365,0.002251,0.002327,0.002327,0.002327,0.002327,0.002289,0.002289,0.002251,0.002289,0.002289,0.002327,0.002213,0.002213,0.002251,0.002251,0.002251,0.002213,0.002213,0.002213,0.002213,0.002213,0.002251,0.002213,0.002213,0.002213,0.002136,0.002174,0.002213,0.002213,0.002136,0.002213,0.002174,0.002174,0.002174,0.002136,0.002136,0.002136,0.002213,0.002213,0.002174,0.002136,0.002098,0.002136,0.002098,0.002174,0.002136,0.002136,0.002136,0.002174,0.002174,0.002174,0.002213,0.002213,0.002213,0.002213,0.002174,0.002251,0.002213,0.002213,0.002251,0.002251,0.002213,0.002213,0.002213,0.002251,0.002213,0.002213,0.002174,0.002251,0.002213,0.002213,0.002213,0.002174,0.002174,0.002213,0.002174,0.002174,0.002213,0.002174,0.002213,0.002174,0.002213,0.002174,0.002213,0.002174,0.002136,0.002174,0.002174,0.002136,0.002174,0.002174,0.002136,0.002098,0.002136,0.002213,0.002213,0.002251,0.002213,0.002213,0.002213,0.002213,0.002251,0.002213,0.002213,0.002213,0.002251,0.002251,0.002251,0.002213,0.002251,0.002213,0.002213,0.002213,0.002213,0.002174,0.002251,0.002174,0.002136,0.002213,0.002136,0.002098,0.002136,0.002060,0.002060,0.002022,0.002022,0.002022,0.002060,0.001984,0.001984,0.002022,0.001907,0.001984,0.001945,0.001945,0.001907,0.001869,0.001945,0.001907,0.001869,0.001869,0.001831,0.001869,0.001793,0.001793,0.001831,0.001831,0.001869,0.001793,0.001831,0.001831,0.001831,0.001907,0.001907,0.001984,0.001907,0.001869,0.001907,0.001945,0.001984,0.001984,0.001984,0.002060,0.002060,0.002136,0.002060,0.002174,0.002213,0.002174,0.002213,0.002213,0.002213,0.002251,0.002251,0.002174,0.002174,0.002289,0.002251,0.002251,0.002251,0.002213,0.002251,0.002174,0.002136,0.002174,0.002174,0.002213,0.002136,0.002136,0.002136,0.002098,0.002136,0.002098,0.002136,0.002136,0.002098,0.002174,0.002174,0.002213,0.002174,0.002213,0.002213,0.002213,0.002289,0.002213,0.002213,0.002289,0.002289,0.002213,0.002213,0.002289,0.002251,0.002213,0.002213,0.002174,0.002251,0.002213,0.002136,0.002174,0.002174,0.002174,0.002098,0.002060,0.002022,0.001945,0.001945,0.001869,0.001869,0.001869,0.001793,0.001793,0.001793,0.001793,0.001755,0.001755,0.001755,0.001755,0.001793,0.001755,0.001717,0.001869,0.001869,0.001869,0.001869,0.001907,0.001907,0.001945,0.001945,0.001945,0.002022,0.001984,0.002022,0.002098,0.002098,0.002060,0.002098,0.002060,0.002060,0.002136,0.002098,0.001984,0.002060,0.002022,0.002022,0.002098,0.002060,0.002060,0.002060,0.001984,0.002098,0.002060,0.002060,0.002098,0.002060,0.002098,0.002098,0.002136,0.002174,0.002136,0.002174,0.002136,0.002251,0.002174,0.002289,0.002251,0.002174,0.002251,0.002289,0.002327,0.002327,0.002289,0.002289,0.002251,0.002327,0.002327,0.002289,0.002327,0.002289,0.002251,0.002213,0.002213,0.002251,0.002174,0.002213,0.002213,0.002213,0.002251,0.002174,0.002136,0.002136,0.002098,0.002136,0.002136,0.002174,0.002136,0.002174,0.002136,0.002174,0.002174,0.002098,0.002098,0.002136,0.002136,0.002136,0.002098,0.002174,0.002136,0.002098,0.002098,0.002098,0.002098,0.002022,0.002098,0.002098,0.002060,0.002136,0.002098,0.002060,0.002022,0.002022,0.002060,0.002060,0.002022,0.002022,0.002022,0.002022,0.002022,0.002098,0.002022,0.002022,0.002098,0.002060,0.002098,0.002098,0.002060,0.002060,0.002022,0.002098,0.002060,0.002098,0.002022,0.002136,0.002136,0.002098,0.002136,0.002098,0.002098,0.002213,0.002098,0.002098,0.002174,0.002136,0.002136,0.002098,0.002136,0.002098,0.002136,0.002174,0.002174,0.002213,0.002098,0.002174,0.002174,0.002174,0.002174,0.002136,0.002174,0.002136,0.002174,0.002174,0.002136,0.002213,0.002174,0.002136,0.002136,0.002136,0.002174,0.002060,0.002022,0.002098,0.002060,0.002098,0.002060,0.002060,0.002022,0.001984,0.002022,0.001945,0.001945,0.001945,0.001945,0.001945,0.001945,0.001945,0.001945,0.001945,0.001984,0.002022,0.001984,0.001945,0.002022,0.002060,0.002022,0.002022,0.001984,0.002022,0.002060,0.002022,0.001984,0.002022,0.001984,0.002022,0.002022,0.001984,0.002022,0.001984,0.002022,0.002060,0.002060,0.002060,0.002098,0.002022,0.002022,0.001984,0.002022,0.002060,0.002060,0.002136,0.002098,0.002098,0.002136,0.002174,0.002174,0.002136,0.002098,0.002136,0.002098,0.002098,0.002098,0.002098,0.002174,0.002136,0.002098,0.002098,0.002136,0.002098,0.002060,0.002060,0.002060,0.002060,0.002022,0.002098,0.002098,0.002022,0.002022,0.002022,0.001984,0.002022,0.002060,0.002098,0.002098,0.002098,0.002098,0.002098,0.002098,0.002136,0.002174,0.002136,0.002136,0.002213,0.002174,0.002174,0.002136,0.002174,0.002174,0.002213,0.002289,0.002251,0.002251,0.002251,0.002251,0.002289,0.002251,0.002213,0.002251,0.002289,0.002251,0.002251,0.002213,0.002174,0.002213,0.002213,0.002174,0.002136,0.002174,0.002136,0.002174,0.002174,0.002174,0.002136,0.002213,0.002174,0.002098,0.002136,0.002136,0.002098,0.002098,0.002060,0.002136,0.002060,0.002060,0.002060,0.002060,0.002098,0.002098,0.002060,0.002022,0.002060,0.002060,0.002060,0.002060,0.001984,0.002022,0.002022,0.001984,0.001984,0.002060,0.002060,0.002022,0.002022,0.002022,0.002022,0.001984,0.001984,0.001945,0.001945,0.001984,0.001984,0.001945,0.001984,0.001984,0.001984,0.001945,0.001945,0.001945,0.001984,0.001984,0.002022,0.002022,0.002022,0.001945,0.001984,0.001984,0.001984,0.001984,0.001984,0.001984,0.002022,0.002022,0.002060,0.002098,0.002060,0.002060,0.002060,0.002060,0.002060,0.002136,0.002098,0.002136,0.002213,0.002136,0.002213,0.002136,0.002136,0.002213,0.002213,0.002174,0.002213,0.002213,0.002213,0.002213,0.002251,0.002251,0.002327,0.002289,0.002365,0.002327,0.002327,0.002327,0.002213,0.002251,0.002289,0.002327,0.002289,0.002251,0.002327,0.002251,0.002289,0.002213,0.002174,0.002289,0.002289,0.002251,0.002213,0.002174,0.002213,0.002136,0.002136,0.002174,0.002174,0.002213,0.002136,0.002174,0.002136,0.002174,0.002213,0.002174,0.002213,0.002136,0.002136,0.002174,0.002174,0.002174,0.002136,0.002213,0.002136,0.002174,0.002213,0.002174,0.002174,0.002174,0.002174,0.002136,0.002098,0.002213,0.002136,0.002174,0.002174,0.002174,0.002213,0.002213,0.002174,0.002098,0.002174,0.002174,0.002098,0.002098,0.002136,0.002022,0.002060,0.002022,0.001984,0.002022,0.001984,0.001984,0.001945,0.001984,0.001945,0.001984,0.001907,0.001869,0.001945,0.001945,0.001945,0.002022,0.002022,0.002022,0.002098,0.002098,0.002174,0.002213,0.002251,0.002251,0.002289,0.002327,0.002327,0.002403,0.002403,0.002403,0.002403,0.002441,0.002365,0.002327,0.002365,0.002327,0.002327,0.002251,0.002213,0.002213,0.002136,0.002098,0.002060,0.001984,0.002022,0.002022,0.001984,0.001945,0.001945,0.001945,0.001945,0.001945,0.001945,0.002022,0.001984,0.002022,0.002060,0.002022,0.002136,0.002098,0.002098,0.002098,0.002174,0.002213,0.002213,0.002174,0.002213,0.002251,0.002213,0.002213,0.002289,0.002251,0.002251,0.002251,0.002251,0.002251,0.002251,0.002213,0.002251,0.002174,0.002213,0.002136,0.002213,0.002289,0.002251,0.002251,0.002174,0.002174,0.002213,0.002174,0.002251,0.002174,0.002174,0.002289,0.002251,0.002289,0.002251,0.002251,0.002251,0.002251,0.002289,0.002251,0.002213,0.002174,0.002213,0.002289,0.002251,0.002213,0.002213,0.002213,0.002213,0.002174,0.002174,0.002174,0.002213,0.002213,0.002213,0.002136,0.002098,0.002174,0.002213,0.002136,0.002174,0.002098,0.002136,0.002174,0.002136,0.002098,0.002136,0.002174,0.002098,0.002174,0.002174,0.002098,0.002098,0.002098,0.002098,0.002060,0.002098,0.002098,0.002098,0.002098,0.002060,0.002060,0.002022,0.001984,0.001945,0.002022,0.002022,0.001984,0.002022,0.002060,0.002022,0.002060,0.002060,0.002098,0.002098,0.002098,0.002174,0.002098,0.002136,0.002136,0.002174,0.002136,0.002136,0.002136,0.002174,0.002136,0.002213,0.002136,0.002098,0.002136,0.002136,0.002136,0.002098,0.002098,0.002098,0.002098,0.002136,0.002098,0.002136,0.002098,0.002098,0.002060,0.002098,0.002098,0.002098,0.002174,0.002136,0.002136,0.002098,0.002098,0.002098,0.002098,0.002136,0.002174,0.002174,0.002136,0.002098,0.002098,0.002136,0.002136,0.002213,0.002136,0.002136,0.002174,0.002174,0.002098,0.002136,0.002136,0.002136,0.002136,0.002174,0.002136,0.002136,0.002136,0.002174,0.002136,0.002174,0.002213,0.002136,0.002174,0.002136,0.002213,0.002213,0.002213,0.002213,0.002213,0.002213,0.002174,0.002174,0.002174,0.002174,0.002174,0.002174,0.002136,0.002213,0.002174,0.002174,0.002174,0.002174,0.002213,0.002174,0.002136,0.002098,0.002060,0.002060,0.002060,0.002060,0.002098,0.002060,0.002098,0.002060,0.002136,0.002098,0.002098,0.002098,0.002060,0.002060,0.002060,0.002022,0.001984,0.002022,0.002022,0.002022,0.002022,0.001984,0.002022,0.001984,0.001984,0.002022,0.002060,0.002098,0.002098,0.002098,0.002136,0.002060,0.002174,0.002098,0.002098,0.002098,0.002098,0.002098,0.002060,0.002060,0.002098,0.002060,0.002136,0.002060,0.002060,0.002136,0.002098,0.002136,0.002098,0.002174,0.002174,0.002136,0.002213,0.002174,0.002136,0.002174,0.002213,0.002251,0.002213,0.002213,0.002213,0.002251,0.002289,0.002251,0.002289,0.002289,0.002289,0.002213,0.002251,0.002213,0.002213,0.002251,0.002174,0.002213,0.002251,0.002213,0.002251,0.002213,0.002174,0.002136,0.002136,0.002213,0.002098,0.002136,0.002098,0.002098,0.002098,0.002022,0.002060,0.002060,0.002098,0.002098,0.002098,0.002098,0.002060,0.002098,0.002098,0.002022,0.001984,0.001945,0.002022,0.001984,0.001984,0.001984,0.001907,0.002022,0.001984,0.002022,0.002022,0.001945,0.001907,0.001869,0.001984,0.001945,0.001945,0.001945,0.001907,0.001945,0.001984,0.001984,0.001984,0.002022,0.001984,0.001984,0.002022,0.002022,0.002022,0.002022,0.001984,0.002060,0.002060,0.002060,0.002098,0.002098,0.002136,0.002136,0.002136,0.002213,0.002213,0.002213,0.002213,0.002213,0.002251,0.002251,0.002251,0.002174,0.002251,0.002213,0.002174,0.002213,0.002251,0.002251,0.002174,0.002251,0.002213,0.002213,0.002213,0.002098,0.002136,0.002174,0.002136,0.002136,0.002022,0.002098,0.002022,0.001984,0.001945,0.001945,0.001869,0.001907,0.001869,0.001869,0.001869,0.001793,0.001831,0.001869,0.001869,0.001869,0.001869,0.001869,0.001869,0.001869,0.001831,0.001869,0.001984,0.001945,0.001869,0.001945,0.002060,0.002060,0.002098,0.002060,0.002136,0.002174,0.002174,0.002174,0.002174,0.002213,0.002213,0.002289,0.002327,0.002213,0.002289,0.002213,0.002213,0.002251,0.002174,0.002213,0.002251,0.002213,0.002213,0.002174,0.002213,0.002213,0.002213,0.002213,0.002251,0.002251,0.002251,0.002251,0.002251,0.002289,0.002289,0.002213,0.002251,0.002213,0.002251,0.002251,0.002251,0.002289,0.002213,0.002289,0.002213,0.002251,0.002289,0.002251,0.002251,0.002251,0.002251,0.002213,0.002174,0.002174,0.002136,0.002136,0.002136,0.002136,0.002136,0.002098,0.002098,0.002060,0.002060,0.002136,0.002098,0.002136,0.002060,0.002060,0.002060,0.002060,0.002136,0.002022,0.002098,0.002098,0.002098,0.002022,0.002022,0.002060,0.002022,0.001945,0.002022,0.002022,0.001945,0.001945,0.001984,0.001984,0.002022,0.002060,0.002022,0.002098,0.002060,0.002060,0.002174,0.002098,0.002136,0.002136,0.002098,0.002136,0.002136,0.002136,0.002060,0.002098,0.002098,0.001984,0.001984,0.001869,0.001945,0.001869,0.001869,0.001831,0.001831,0.001831,0.001793,0.001831,0.001831,0.001869,0.001869,0.001907,0.001945,0.001907,0.001869,0.001945,0.001869,0.001945,0.001907,0.001945,0.001945,0.001869,0.001945,0.001869,0.001831,0.001907,0.001869,0.001869,0.001831,0.001869,0.001869,0.001869,0.001869,0.001831,0.001907,0.001907,0.001907,0.001984,0.001945,0.002022,0.002022,0.002060,0.001984,0.002060,0.002060,0.001984,0.002022,0.001984,0.001984,0.002022,0.001984,0.002060,0.002022,0.002022,0.002060,0.002022,0.002136,0.002022,0.002060,0.002136,0.002098,0.002213,0.002174,0.002213,0.002213,0.002251,0.002251,0.002289,0.002365,0.002327,0.002327,0.002327,0.002365,0.002365,0.002365,0.002327,0.002365,0.002365,0.002327,0.002289,0.002327,0.002289,0.002213,0.002174,0.002213,0.002174,0.002136,0.002174,0.002136,0.002060,0.002136,0.002022,0.002022,0.002060,0.002022,0.002060,0.001984,0.002022,0.002022,0.002060,0.002060,0.002060,0.002136,0.002136,0.002174,0.002174,0.002174,0.002251,0.002174,0.002213,0.002174,0.002174,0.002251,0.002174,0.002213,0.002174,0.002213,0.002251,0.002213,0.002251,0.002213,0.002213,0.002174,0.002174,0.002213,0.002213,0.002213,0.002136,0.002136,0.002098,0.002098,0.002174,0.002213,0.002174,0.002136,0.002174,0.002174,0.002174,0.002174,0.002174,0.002136,0.002174,0.002174,0.002213,0.002213,0.002174,0.002213,0.002136,0.002213,0.002174,0.002174,0.002213,0.002213,0.002174,0.002213,0.002174,0.002136,0.002136,0.002174,0.002136,0.002174,0.002136,0.002136,0.002136,0.002136,0.002098,0.002098,0.002060,0.002136,0.002098,0.002136,0.002136,0.002136,0.002136,0.002136,0.002174,0.002136,0.002174,0.002136,0.002174,0.002174,0.002136,0.002174,0.002174,0.002174,0.002174,0.002174,0.002174,0.002098,0.002098,0.002098,0.002098,0.002136,0.002098,0.002136,0.002060,0.002136,0.002136,0.002098,0.002174,0.002098,0.002174,0.002136,0.002174,0.002174,0.002136,0.002174,0.002174,0.002174,0.002098,0.002174,0.002251,0.002174,0.002174,0.002136,0.002136,0.002213,0.002174,0.002174,0.002136,0.002174,0.002174,0.002136,0.002098,0.002136,0.002174,0.002174,0.002174,0.002174,0.002136,0.002136,0.002213,0.002136,0.002098,0.002098,0.002136,0.002174,0.002174,0.002174,0.002098,0.002213,0.002136,0.002136,0.002136,0.002098,0.002136,0.002098,0.002136,0.002060,0.002060,0.002060,0.002060,0.002136,0.002098,0.002136,0.002174,0.002098,0.002060,0.002060,0.002060,0.002060,0.002060,0.002022,0.002060,0.002022,0.002022,0.001984,0.001984,0.001984,0.002060,0.002022,0.002060,0.001984,0.001945,0.002022,0.002022,0.002098,0.002022,0.002060,0.002060,0.002060,0.002022,0.002098,0.002060,0.002098,0.002136,0.002174,0.002136,0.002213,0.002174,0.002213,0.002174,0.002213,0.002289,0.002251,0.002251,0.002289,0.002289,0.002327,0.002289,0.002289,0.002289,0.002289,0.002327,0.002327,0.002289,0.002289,0.002289,0.002289,0.002251,0.002327,0.002289,0.002289,0.002289,0.002213,0.002213,0.002251,0.002251,0.002213,0.002174,0.002213,0.002136,0.002213,0.002174,0.002136,0.002098,0.002060,0.002213,0.002174,0.002136,0.002174,0.002136,0.002174,0.002174,0.002174,0.002174,0.002136,0.002213,0.002213,0.002213,0.002213,0.002213,0.002213,0.002251,0.002251,0.002213,0.002251,0.002289,0.002251,0.002289,0.002289,0.002365,0.002289,0.002251,0.002251,0.002251,0.002289,0.002289,0.002289,0.002289,0.002251,0.002289,0.002251,0.002251,0.002213,0.002136,0.002213,0.002174,0.002136,0.002136,0.002136,0.002098,0.002060,0.002022,0.002060,0.002022,0.002022,0.001984,0.001984,0.001907,0.001945,0.001945,0.001907,0.001869,0.001793,0.001869,0.001793,0.001869,0.001869,0.001869,0.001869,0.001869,0.001984,0.001945,0.001945,0.001984,0.001945,0.002060,0.002022,0.002022,0.002060,0.002060,0.002174,0.002251,0.002251,0.002251,0.002251,0.002327,0.002251,0.002327,0.002327,0.002289,0.002327,0.002327,0.002327,0.002289,0.002289,0.002289,0.002289,0.002289,0.002251,0.002251,0.002251,0.002289,0.002251,0.002174,0.002213,0.002213,0.002174,0.002174,0.002136,0.002136,0.002098,0.002136,0.002213,0.002098,0.002098,0.002174,0.002174,0.002098,0.002174,0.002174,0.002136,0.002174,0.002174,0.002251,0.002251,0.002213,0.002251,0.002289,0.002251,0.002251,0.002289,0.002327,0.002289,0.002327,0.002213,0.002289,0.002251,0.002327,0.002289,0.002289,0.002365,0.002289,0.002289,0.002327,0.002251,0.002251,0.002251,0.002213,0.002213,0.002174,0.002251,0.002213,0.002174,0.002213,0.002174,0.002174,0.002174,0.002213,0.002174,0.002174,0.002136,0.002213,0.002213,0.002174,0.002251,0.002251,0.002213,0.002289,0.002251,0.002289,0.002213,0.002251,0.002213,0.002174,0.002213,0.002174,0.002174,0.002213,0.002174,0.002174,0.002136,0.002136,0.002098,0.002098,0.002098,0.002022,0.002060,0.002060,0.002098,0.002022,0.002022,0.002022,0.001984,0.001984,0.002022,0.002022,0.002060,0.002060,0.002060,0.001984,0.001984,0.001984,0.002022,0.002060,0.001984,0.002022,0.002060,0.001984,0.002022,0.001984,0.002060,0.002060,0.002060,0.002022,0.002060,0.002098,0.002060,0.002022,0.002022,0.002022,0.002098,0.001984,0.002060,0.002060,0.002060,0.002022,0.002022,0.002022,0.001984,0.002022,0.002060,0.001984,0.001984,0.001984,0.002022,0.001945,0.001984,0.001984,0.001945,0.001984,0.002022,0.001984,0.002022,0.001945,0.002060,0.001984,0.001984,0.002022,0.001984,0.002060,0.002022,0.002060,0.002060,0.002098,0.002098,0.002136,0.002136,0.002060,0.002098,0.002136,0.002098,0.002098,0.002098,0.002098,0.002136,0.002098,0.002098,0.002098,0.002098,0.002098,0.002174,0.002136,0.002098,0.002098,0.002098,0.002174,0.002060,0.002022,0.002022,0.002022,0.002098,0.002022,0.002022,0.002098,0.002022,0.002060,0.002022,0.002022,0.002022,0.001984,0.002060,0.001945,0.002022,0.001984,0.001984,0.001984,0.001984,0.002022,0.001984,0.001984,0.001945,0.002022,0.001984,0.001984,0.002022,0.001984,0.002022,0.002022,0.002022,0.002098,0.002060,0.002098,0.002098,0.002022,0.002098,0.002098,0.002060,0.002098,0.002098,0.002174,0.002136,0.002098,0.002060,0.002136,0.002136,0.002136,0.002136,0.002098,0.002098,0.002136,0.002098,0.002136,0.002136,0.002174,0.002098,0.002136,0.002174,0.002060,0.002136,0.002136,0.002136,0.002098,0.002060,0.002098,0.002060,0.002060,0.002060,0.002098,0.002098,0.002098,0.002136,0.002136,0.002136,0.002136,0.002098,0.002174,0.002136,0.002174,0.002174,0.002060,0.002098,0.002098,0.002098,0.002136,0.002136,0.002174,0.002136,0.002174,0.002174,0.002174,0.002174,0.002136,0.002213,0.002174,0.002213,0.002289,0.002213,0.002213,0.002213,0.002213,0.002251,0.002251,0.002251,0.002251,0.002289,0.002251,0.002365,0.002289,0.002327,0.002327,0.002289,0.002327,0.002327,0.002365,0.002289,0.002289,0.002289,0.002289,0.002289,0.002289,0.002251,0.002174,0.002213,0.002251,0.002213,0.002136,0.002174,0.002098,0.002098,0.002098,0.002098,0.002098,0.002060,0.002060,0.002060,0.002060,0.002022,0.002060,0.002060,0.001984,0.002060,0.002022,0.001984,0.001984,0.001984,0.002022,0.001984,0.002022,0.002022,0.002022,0.001945,0.001945,0.001984,0.001984,0.001984,0.002022,0.001984,0.001984,0.001945,0.002060,0.002022,0.002022,0.002022,0.001984,0.001984,0.002022,0.002060,0.002022,0.001984,0.002022,0.001984,0.002060,0.002060,0.002022,0.002022,0.001984,0.002060,0.002060,0.002060,0.002060,0.001984,0.002060,0.002022,0.002022,0.002098,0.002060,0.002060,0.002022,0.002098,0.002098,0.002060,0.002060,0.002060,0.002098,0.002098,0.002098,0.002098,0.002060,0.002136,0.002136,0.002174,0.002174,0.002136,0.002174,0.002136,0.002174,0.002174,0.002136,0.002136,0.002174,0.002213,0.002213,0.002213,0.002174,0.002213,0.002289,0.002213,0.002251,0.002213,0.002251,0.002213,0.002174,0.002174,0.002136,0.002174,0.002174,0.002098,0.002136,0.002060,0.002098,0.002060,0.002060,0.002022,0.001984,0.002060,0.001945,0.001945,0.001907,0.001831,0.001945,0.001869,0.001793,0.001831,0.001869,0.001869,0.001831,0.001869,0.001831,0.001907,0.001907,0.001907,0.001907,0.001831,0.001907,0.001907,0.001945,0.001984,0.001945,0.002060,0.001984,0.002060,0.001984,0.001945,0.001984,0.001945,0.001984,0.001984,0.001945,0.001984,0.001984,0.001945,0.001945,0.001907,0.001831,0.001831,0.001869,0.001869,0.001907,0.001869,0.001869,0.001869,0.001831,0.001907,0.001869,0.001907,0.001869,0.001869,0.001907,0.001869,0.001945,0.001907,0.001945,0.001907,0.001945,0.001984,0.002022,0.002060,0.002060,0.002022,0.002060,0.002060,0.002136,0.002136,0.002213,0.002251,0.002174,0.002289,0.002251,0.002289,0.002289,0.002251,0.002289,0.002327,0.002403,0.002365,0.002365,0.002403,0.002403,0.002365,0.002441,0.002480,0.002403,0.002441,0.002556,0.002480,0.002518,0.002556,0.002556,0.002556,0.002518,0.002594,0.002594,0.002480,0.002556,0.002518,0.002518,0.002518,0.002556,0.002518,0.002480,0.002518,0.002480,0.002556,0.002518,0.002518,0.002480,0.002480,0.002480,0.002403,0.002403,0.002441,0.002403,0.002365,0.002327,0.002327,0.002327,0.002289,0.002289,0.002251,0.002251,0.002174,0.002213,0.002136,0.002213,0.002174,0.002174,0.002174,0.002174,0.002174,0.002213,0.002136,0.002174,0.002136,0.002174,0.002136,0.002136,0.002136,0.002060,0.002174,0.002174,0.002098,0.002060,0.002098,0.002174,0.002060,0.002136,0.002060,0.002060,0.002022,0.002022,0.002022,0.001984,0.002022,0.002022,0.002022,0.002098,0.001984,0.001984,0.001984,0.001984,0.001945,0.001907,0.001945,0.001907,0.001945,0.001869,0.001907,0.001945,0.001869,0.001869,0.001907,0.001869,0.001869,0.001869,0.001907,0.001945,0.001907,0.001907,0.001869,0.001907,0.001869,0.001984,0.001945,0.001907,0.001984,0.002022,0.001945,0.001984,0.001984,0.002022,0.002060,0.002098,0.002022,0.002022,0.002060,0.002060,0.002060,0.002060,0.002098,0.002022,0.002022,0.002022,0.002060,0.002060,0.002022,0.002060,0.002022,0.002060,0.002060,0.002060,0.001984,0.002060,0.002022,0.002098,0.002098,0.002098,0.002136,0.002098,0.002136,0.002136,0.002174,0.002098,0.002098,0.002098,0.002174,0.002213,0.002098,0.002136,0.002136,0.002136,0.002174,0.002174,0.002174,0.002136,0.002174,0.002174,0.002174,0.002174,0.002174,0.002213,0.002174,0.002136,0.002136,0.002213,0.002174,0.002136,0.002174,0.002174,0.002174,0.002136,0.002213,0.002136,0.002136,0.002174,0.002174,0.002213,0.002174,0.002213,0.002213,0.002136,0.002174,0.002251,0.002213,0.002251,0.002174,0.002213,0.002213,0.002213,0.002251,0.002213,0.002289,0.002289,0.002251,0.002327,0.002251,0.002289,0.002289,0.002289,0.002251,0.002251,0.002251,0.002213,0.002251,0.002213,0.002251,0.002251,0.002136,0.002174,0.002174,0.002174,0.002136,0.002174,0.002174,0.002136,0.002136,0.002098,0.002213,0.002098,0.002174,0.002174,0.002136,0.002213,0.002213,0.002213,0.002251,0.002174,0.002251,0.002213,0.002251,0.002213,0.002174,0.002213,0.002174,0.002251,0.002213,0.002174,0.002174,0.002136,0.002213,0.002251,0.002251,0.002213,0.002251,0.002174,0.002136,0.002174,0.002213,0.002174,0.002174,0.002213,0.002174,0.002136,0.002174,0.002174,0.002213,0.002174,0.002174,0.002213,0.002136,0.002213,0.002174,0.002136,0.002174,0.002136,0.002213,0.002174,0.002136,0.002136,0.002098,0.002174,0.002174,0.002098,0.002136,0.002136,0.002213,0.002136,0.002136,0.002174,0.002136,0.002136,0.002098,0.002174,0.002136,0.002060,0.002098,0.002136,0.002136,0.002022,0.002060,0.002060,0.002098,0.002060,0.002060,0.002098,0.002022,0.002060,0.002022,0.002098,0.002136,0.002060,0.002060,0.002098,0.002060,0.002098,0.002136,0.002098,0.002136,0.002098,0.002136,0.002136,0.002213,0.002098,0.002136,0.002098,0.002174,0.002251,0.002213,0.002174,0.002136,0.002174,0.002213,0.002251,0.002251,0.002174,0.002213,0.002213,0.002213,0.002251,0.002289,0.002289,0.002251,0.002289,0.002251,0.002251,0.002289,0.002289,0.002289,0.002289,0.002213,0.002251,0.002251,0.002251,0.002251,0.002251,0.002251,0.002251,0.002174,0.002174,0.002213,0.002174,0.002174,0.002213,0.002136,0.002136,0.002098,0.002136,0.002098,0.002098,0.002098,0.002022,0.002060,0.002022,0.002060,0.002060,0.001984,0.002022,0.002022,0.002022,0.001984,0.001984,0.002022,0.001984,0.001945,0.001869,0.001869,0.001907,0.001907,0.001945,0.001945,0.001945,0.001984,0.002022,0.001984,0.001984,0.002022,0.001945,0.002022,0.002022,0.002060,0.002060,0.002022,0.002098,0.002060,0.002136,0.002174,0.002136,0.002174,0.002174,0.002174,0.002174,0.002251,0.002213,0.002213,0.002213,0.002136,0.002174,0.002213,0.002213,0.002174,0.002213,0.002213,0.002213,0.002174,0.002174,0.002136,0.002174,0.002136,0.002136,0.002174,0.002136,0.002174,0.002136,0.002174,0.002136,0.002136,0.002136,0.002098,0.002136,0.002098,0.002060,0.002060,0.002060,0.002098,0.002060,0.002060,0.002098,0.002098,0.002098,0.002060,0.002136,0.002060,0.002060,0.002098,0.002060,0.002098,0.002060,0.002136,0.002098,0.002060,0.002098,0.002098,0.002098,0.002098,0.002022,0.002022,0.002060,0.002060,0.002022,0.002098,0.002022,0.002022,0.002060,0.001945,0.002022,0.002022,0.002060,0.002022,0.001984,0.002098,0.002022,0.002060,0.002098,0.002098,0.002098,0.002098,0.002174,0.002174,0.002174,0.002174,0.002213,0.002251,0.002136,0.002213,0.002174,0.002251,0.002213,0.002136,0.002174,0.002136,0.002174,0.002174,0.002213,0.002174,0.002136,0.002136,0.002136,0.002174,0.002174,0.002136,0.002136,0.002136,0.002174,0.002136,0.002174,0.002174,0.002251,0.002174,0.002213,0.002213,0.002174,0.002136,0.002213,0.002289,0.002251,0.002213,0.002213,0.002213,0.002213,0.002213,0.002174,0.002174,0.002174,0.002174,0.002174,0.002136,0.002174,0.002136,0.002136,0.002136,0.002136,0.002136,0.002098,0.002136,0.002136,0.002136,0.002098,0.002098,0.002098,0.002060,0.002136,0.002136,0.002060,0.002060,0.002060,0.002022,0.002060,0.002060,0.002060,0.002060,0.002060,0.002060,0.002022,0.001984,0.002022,0.002060,0.002060,0.002060,0.001945,0.001984,0.002022,0.001984,0.002060,0.001984,0.002022,0.002022,0.002022,0.002022,0.002098,0.002060,0.002060,0.002022,0.002098,0.002098,0.002022,0.002022,0.002060,0.002060,0.002022,0.002060,0.002060,0.002060,0.002098,0.002060,0.002060,0.002060,0.002060,0.002098,0.002136,0.002098,0.002136,0.002098,0.002098,0.002136,0.002136,0.002174,0.002174,0.002060,0.002136,0.002060,0.002098,0.002098,0.002060,0.002098,0.002174,0.002136,0.002060,0.002136,0.002098,0.002098,0.002174,0.002098,0.002174,0.002136,0.002136,0.002098,0.002174,0.002136,0.002174,0.002136,0.002098,0.002174,0.002098,0.002098,0.002174,0.002098,0.002098,0.002136,0.002060,0.002098,0.002060,0.002060,0.002098,0.001984,0.002022,0.002060,0.001984,0.002022,0.001945,0.001984,0.001984,0.001945,0.001984,0.001984,0.001907,0.001907,0.001907,0.001907,0.001945,0.001907,0.001907,0.001869,0.001869,0.001907,0.001869,0.001869,0.001869,0.001907,0.001907,0.001907,0.001945,0.001907,0.001945,0.001945,0.002022,0.002022,0.001984,0.002022,0.002060,0.002060,0.002060,0.002098,0.002098,0.002098,0.002174,0.002174,0.002136,0.002174,0.002174,0.002174,0.002174,0.002174,0.002136,0.002136,0.002136,0.002136,0.002098,0.002136,0.002098,0.002136,0.002174,0.002098,0.002136,0.002136,0.002136,0.002136,0.002098,0.002136,0.002136,0.002136,0.002136,0.002060,0.002060,0.002060,0.002060,0.002136,0.002136,0.002174,0.002098,0.002098,0.002098,0.002136,0.002136,0.002136,0.002136,0.002098,0.002098,0.002136,0.002213,0.002174,0.002136,0.002174,0.002213,0.002251,0.002213,0.002213,0.002289,0.002136,0.002213,0.002251,0.002213,0.002174,0.002174,0.002213,0.002174,0.002174,0.002213,0.002213,0.002174,0.002174,0.002136,0.002174,0.002213,0.002136,0.002136,0.002174,0.002136,0.002136,0.002136,0.002098,0.002136,0.002136,0.002098,0.002136,0.002136,0.002136,0.002098,0.002060,0.002060,0.002060,0.002060,0.002060,0.002060,0.002060,0.002022,0.002022,0.002022,0.002022,0.001984,0.002022,0.002098,0.002060,0.002022,0.002060,0.002022,0.002060,0.002098,0.002022,0.001984,0.002060,0.002060,0.001984,0.001984,0.002060,0.002098,0.002060,0.002098,0.002098,0.002060,0.002060,0.002098,0.002060,0.002060,0.002022,0.002098,0.002060,0.002060,0.002060,0.002060,0.002098,0.002098,0.002060,0.002098,0.002060,0.002060,0.002060,0.002060,0.002060,0.002098,0.002136,0.002098,0.002060,0.002060,0.002136,0.002098,0.002098,0.002060,0.002136,0.002098,0.002022,0.002060,0.002060,0.002136,0.002136,0.002098,0.002136,0.002136,0.002060,0.002060,0.002098,0.002098,0.002136,0.002098,0.002060,0.002136,0.002136,0.002098,0.002060,0.002060,0.002098,0.002136,0.002174,0.002136,0.002174,0.002213,0.002251,0.002174,0.002174,0.002251,0.002213,0.002213,0.002213,0.002289,0.002251,0.002174,0.002174,0.002213,0.002251,0.002289,0.002327,0.002327,0.002327,0.002327,0.002327,0.002327,0.002327,0.002327,0.002327,0.002365,0.002327,0.002327,0.002365,0.002327,0.002289,0.002327,0.002327,0.002289,0.002289,0.002289,0.002289,0.002289,0.002289,0.002251,0.002213,0.002251,0.002251,0.002213,0.002174,0.002136,0.002174,0.002174,0.002136,0.002136,0.002136,0.002098,0.002098,0.002098,0.002098,0.002060,0.002060,0.002098,0.002060,0.002060,0.002098,0.002098,0.002060,0.002022,0.002136,0.002136,0.002098,0.002098,0.002136,0.002174,0.002136,0.002060,0.002098,0.002098,0.002098,0.002098,0.002098,0.002098,0.002136,0.002136,0.002136,0.002174,0.002174,0.002136,0.002174,0.002213,0.002213,0.002213,0.002174,0.002174,0.002136,0.002174,0.002213,0.002213,0.002174,0.002251,0.002213,0.002251,0.002251,0.002251,0.002289,0.002289,0.002327,0.002327,0.002289,0.002289,0.002251,0.002327,0.002327,0.002251,0.002213,0.002213,0.002213,0.002251,0.002251,0.002251,0.002136,0.002174,0.002174,0.002174,0.002174,0.002098,0.002136,0.002060,0.002098,0.002098,0.002060,0.002060,0.002022,0.002022,0.002022,0.002060,0.002060,0.002022,0.001984,0.002060,0.002060,0.002022,0.002022,0.002060,0.001984,0.001984,0.002022,0.002022,0.002060,0.002060,0.002022,0.002022,0.002022,0.002060,0.002022,0.001984,0.002098,0.002060,0.002098,0.002098,0.002060,0.002136,0.002098,0.002136,0.002174,0.002174,0.002136,0.002251,0.002251,0.002213,0.002213,0.002213,0.002251,0.002251,0.002174,0.002213,0.002213,0.002174,0.002174,0.002251,0.002251,0.002213,0.002136,0.002136,0.002098,0.002174,0.002136,0.002136,0.002098,0.002022,0.002060,0.002060,0.002022,0.002022,0.002060,0.001984,0.001945,0.001945,0.002022,0.002022,0.002022,0.002022,0.002022,0.001984,0.002022,0.002022,0.002022,0.002060,0.002022,0.002060,0.002060,0.002060,0.002098,0.002136,0.002136,0.002174,0.002213,0.002213,0.002251,0.002213,0.002251,0.002213,0.002213,0.002251,0.002289,0.002327,0.002289,0.002289,0.002327,0.002327,0.002365,0.002365,0.002365,0.002327,0.002327,0.002289,0.002251,0.002289,0.002327,0.002327,0.002327,0.002251,0.002365,0.002365,0.002365,0.002327,0.002327,0.002289,0.002289,0.002289,0.002251,0.002327,0.002289,0.002289,0.002289,0.002327,0.002289,0.002365,0.002327,0.002327,0.002327,0.002289,0.002251,0.002327,0.002327,0.002289,0.002365,0.002289,0.002251,0.002289,0.002289,0.002251,0.002251,0.002251,0.002289,0.002251,0.002251,0.002289,0.002327,0.002289,0.002289,0.002289,0.002327,0.002327,0.002327,0.002327,0.002289,0.002289,0.002251,0.002289,0.002289,0.002289,0.002327,0.002327,0.002289,0.002289,0.002289,0.002327,0.002289,0.002289,0.002289,0.002289,0.002289,0.002251,0.002251,0.002251,0.002289,0.002289,0.002251,0.002251,0.002213,0.002136,0.002136,0.002136,0.002213,0.002136,0.002213,0.002174,0.002174,0.002136,0.002136,0.002136,0.002174,0.002136,0.002136,0.002098,0.002098,0.002174,0.002060,0.002098,0.002060,0.002060,0.002060,0.001984,0.001984,0.002022,0.002022,0.001984,0.001945,0.001907,0.001945,0.001945,0.001907,0.001907,0.001945,0.001984,0.001907,0.001869,0.001945,0.001945,0.001907,0.001945,0.001869,0.001907,0.001945,0.001984,0.001945,0.001984,0.001984,0.001984,0.002022,0.002022,0.001984,0.002022,0.002060,0.002098,0.002098,0.002060,0.002098,0.002136,0.002098,0.002098,0.002098,0.002136,0.002136,0.002098,0.002060,0.002098,0.002098,0.002098,0.002136,0.002174,0.002098,0.002136,0.002213,0.002213,0.002174,0.002174,0.002174,0.002174,0.002174,0.002213,0.002213,0.002289,0.002251,0.002289,0.002251,0.002251,0.002251,0.002251,0.002213,0.002251,0.002213,0.002289,0.002251,0.002251,0.002251,0.002213,0.002251,0.002174,0.002213,0.002174,0.002213,0.002174,0.002174,0.002136,0.002060,0.002060,0.002022,0.002098,0.002136,0.002098,0.002060,0.002060,0.002022,0.002060,0.001984,0.002022,0.001984,0.002022,0.002022,0.002022,0.001984,0.001984,0.001984,0.002022,0.001984,0.001984,0.001984,0.002022,0.001945,0.001945,0.001945,0.001984,0.002022,0.002098,0.001984,0.001945,0.001984,0.002022,0.001984,0.002022,0.001984,0.002022,0.001984,0.001984,0.001984,0.001984,0.001945,0.002022,0.002022,0.001945,0.001945,0.002022,0.002060,0.002022,0.002060,0.002060,0.002060,0.002098,0.002060,0.002060,0.002060,0.002098,0.002098,0.002136,0.002136,0.002174,0.002136,0.002136,0.002174,0.002136,0.002174,0.002174,0.002136,0.002213,0.002174,0.002174,0.002174,0.002213,0.002174,0.002174,0.002098,0.002174,0.002174,0.002174,0.002098,0.002136,0.002136,0.002174,0.002174,0.002174,0.002136,0.002136,0.002174,0.002174,0.002136,0.002136,0.002174,0.002174,0.002136,0.002136,0.002174,0.002174,0.002174,0.002174,0.002251,0.002174,0.002136,0.002136,0.002174,0.002174,0.002136,0.002136,0.002136,0.002136,0.002136,0.002098,0.002136,0.002060,0.002060,0.002136,0.002136,0.002060,0.002060,0.002060,0.002060,0.002060,0.002060,0.002022,0.002098,0.002022,0.002060,0.002022,0.001984,0.002022,0.001984,0.001984,0.001984,0.002022,0.002022,0.001945,0.002022,0.002060,0.002022,0.001984,0.001984,0.002098,0.002060,0.002022,0.002022,0.002060,0.002098,0.002098,0.002098,0.002098,0.002098
23,19:00:00.000,12/31/1903,0.000000,0.100000,UNKNOWN,1,0/0,0.000000,0.000000,0.000000,0.000000,0.000000,0.000000,0.000000,0.000000,0,0,0,0,0.002174,0.002174,0.002098,0.002174,0.002251,0.002174,0.002174,0.002174,0.002136,0.002136,0.002136,0.002060,0.002174,0.002174,0.002060,0.002098,0.002060,0.002136,0.002136,0.002098,0.002060,0.002136,0.002098,0.002098,0.002098,0.002098,0.002098,0.002060,0.002060,0.002060,0.002060,0.002098,0.002098,0.002060,0.002098,0.002060,0.002060,0.002098,0.002060,0.002060,0.002060,0.002060,0.002060,0.002098,0.002098,0.002098,0.002022,0.002060,0.002060,0.002022,0.002022,0.002060,0.002098,0.002060,0.002022,0.002060,0.002022,0.001984,0.002022,0.002022,0.002022,0.001984,0.001984,0.001984,0.002060,0.002060,0.001984,0.002060,0.002060,0.002060,0.002022,0.002022,0.002022,0.002022,0.001984,0.001984,0.002022,0.001984,0.001984,0.001984,0.001945,0.001945,0.001945,0.001984,0.002022,0.001984,0.001984,0.002022,0.002022,0.001984,0.001984,0.001984,0.002022,0.001945,0.001984,0.001945,0.001984,0.002022,0.002060,0.001945,0.002022,0.002022,0.001984,0.002060,0.001984,0.001984,0.002022,0.002022,0.002022,0.001984,0.002022,0.002022,0.002022,0.002022,0.001984,0.002022,0.002022,0.001984,0.001984,0.002022,0.002060,0.001984,0.001945,0.002060,0.002022,0.002060,0.002098,0.002022,0.002022,0.002022,0.002060,0.002060,0.002098,0.002060,0.002022,0.001984,0.001984,0.002022,0.001984,0.002060,0.002022,0.001945,0.002022,0.002022,0.002022,0.002022,0.002022,0.002060,0.002022,0.002022,0.001984,0.002022,0.002022,0.002022,0.002022,0.002022,0.002022,0.001984,0.002060,0.002060,0.002060,0.002060,0.002060,0.002060,0.002022,0.002098,0.002060,0.002098,0.002098,0.002098,0.002060,0.002060,0.002060,0.002098,0.002136,0.002136,0.002098,0.002136,0.002060,0.002174,0.002136,0.002136,0.002098,0.002060,0.002098,0.002098,0.002060,0.002060,0.002136,0.002098,0.002098,0.002098,0.002098,0.002098,0.002060,0.002060,0.002098,0.002060,0.002022,0.002060,0.002022,0.002060,0.002060,0.002098,0.002098,0.002060,0.002098,0.002098,0.002060,0.002060,0.002060,0.002060,0.002098,0.002136,0.002174,0.002098,0.002098,0.002060,0.002060,0.002060,0.002098,0.002174,0.002174,0.002136,0.002136,0.002098,0.002136,0.002098,0.002098,0.002098,0.002136,0.002098,0.002136,0.002136,0.002098,0.002136,0.002174,0.002136,0.002136,0.002136,0.002174,0.002098,0.002098,0.002174,0.002213,0.002098,0.002098,0.002136,0.002136,0.002136,0.002136,0.002098,0.002136,0.002136,0.002098,0.002098,0.002098,0.002060,0.002098,0.002060,0.002098,0.002136,0.002098,0.002098,0.002098,0.002098,0.002060,0.002098,0.002060,0.002098,0.002098,0.002060,0.002022,0.002060,0.002098,0.002060,0.002022,0.002060,0.002098,0.002060,0.002060,0.002060,0.002098,0.002098,0.002022,0.002022,0.002022,0.002022,0.001984,0.002060,0.002060,0.002022,0.002022,0.002060,0.002022,0.001984,0.002022,0.002060,0.002022,0.002060,0.002060,0.001984,0.002022,0.002060,0.001984,0.002022,0.002022,0.001984,0.002022,0.002022,0.002022,0.001984,0.002022,0.001984,0.002022,0.002060,0.002022,0.001984,0.002060,0.002022,0.001984,0.001984,0.001984,0.001984,0.002022,0.001984,0.002022,0.002022,0.002022,0.001984,0.002060,0.002022,0.001984,0.002060,0.001945,0.001984,0.001984,0.001945,0.002022,0.002022,0.001984,0.002060,0.002022,0.001984,0.001945,0.001984,0.002022,0.002060,0.001984,0.002022,0.002022,0.002060,0.002022,0.002060,0.001984,0.001984,0.002060,0.002022,0.002098,0.002060,0.002022,0.002060,0.002060,0.002060,0.002060,0.002060,0.002022,0.002060,0.002022,0.001945,0.001984,0.002022,0.002060,0.002022,0.002098,0.002022,0.002022,0.001984,0.002060,0.002060,0.001984,0.002060,0.002098,0.002060,0.002022,0.002098,0.002060,0.002060,0.002060,0.002060,0.002060,0.002022,0.002060,0.002022,0.002060,0.002098,0.002098,0.002060,0.002060,0.002098,0.002136,0.002098,0.002136,0.002060,0.002098,0.002060,0.002060,0.002060,0.002060,0.002136,0.002060,0.002098,0.002136,0.002136,0.002098,0.002136,0.002136,0.002136,0.002098,0.002136,0.002098,0.002136,0.002174,0.002174,0.002136,0.002098,0.002174,0.002174,0.002136,0.002136,0.002098,0.002174,0.002136,0.002060,0.002098,0.002098,0.002136,0.002136,0.002136,0.002098,0.002098,0.002060,0.002098,0.002098,0.002098,0.002060,0.002098,0.002060,0.002022,0.002060,0.002060,0.002060,0.002022,0.002098,0.002022,0.002060,0.002060,0.001945,0.002022,0.002060,0.002098,0.002022,0.002022,0.002022,0.002060,0.002060,0.002022,0.002022,0.002060,0.002098,0.002022,0.002022,0.001984,0.002060,0.002060,0.002060,0.001984,0.002022,0.001984,0.001945,0.002022,0.001945,0.001984,0.001945,0.001907,0.001945,0.001984,0.002022,0.002022,0.001984,0.002060,0.001984,0.001945,0.001984,0.001984,0.002022,0.001984,0.001984,0.001945,0.001984,0.002022,0.002060,0.001984,0.001945,0.002022,0.001945,0.002022,0.002022,0.001984,0.002060,0.002022,0.002022,0.002022,0.001945,0.001945,0.001984,0.001945,0.001984,0.001984,0.002022,0.001945,0.001984,0.001984,0.001984,0.001984,0.001984,0.002022,0.002022,0.001945,0.002022,0.002022,0.001984,0.001945,0.001945,0.001945,0.001984,0.001984,0.002022,0.002022,0.002060,0.002060,0.002022,0.002022,0.002022,0.002060,0.002060,0.002060,0.002098,0.002098,0.002060,0.002022,0.002098,0.002098,0.002136,0.002098,0.002098,0.002136,0.002060,0.002098,0.002098,0.002098,0.002098,0.002098,0.002060,0.002060,0.002136,0.002098,0.002060,0.002098,0.002098,0.002174,0.002136,0.002136,0.002098,0.002098,0.002098,0.002098,0.002060,0.002136,0.002098,0.002136,0.002098,0.002136,0.002136,0.002136,0.002098,0.002060,0.002098,0.002098,0.002098,0.002098,0.002060,0.002022,0.002060,0.002022,0.002136,0.002098,0.002022,0.002060,0.002022,0.002022,0.002060,0.002060,0.002060,0.002022,0.002022,0.002022,0.002022,0.001984,0.002022,0.002022,0.001984,0.002022,0.001984,0.001945,0.001984,0.001984,0.002060,0.001984,0.002022,0.002022,0.002022,0.002022,0.002022,0.002022,0.002022,0.002022,0.002060,0.002022,0.002022,0.002022,0.002022,0.002022,0.002022,0.002060,0.002060,0.002022,0.002022,0.002022,0.002022,0.002022,0.002022,0.002098,0.002022,0.002022,0.002022,0.002022,0.002022,0.002022,0.002022,0.002060,0.002022,0.001984,0.002022,0.002022,0.002022,0.002022,0.002022,0.002022,0.001984,0.002060,0.002022,0.001984,0.001984,0.002022,0.002060,0.002060,0.002022,0.002022,0.002022,0.002098,0.002022,0.001984,0.001984,0.002022,0.002060,0.002060,0.002022,0.001984,0.002022,0.001984,0.002022,0.002060,0.002022,0.001984,0.002022,0.001984,0.001984,0.001984,0.001907,0.001907,0.001984,0.001945,0.001907,0.001907,0.001831,0.001869,0.001831,0.001907,0.001869,0.001869,0.001793,0.001755,0.001793,0.001793,0.001793,0.001755,0.001717,0.001717,0.001755,0.001717,0.001640,0.001602,0.001564,0.001564,0.001450,0.001411,0.001450,0.001450,0.001450,0.001450,0.001411,0.001411,0.001411,0.001488,0.001526,0.001526,0.001717,0.001755,0.001869,0.002022,0.002174,0.002327,0.002670,0.002861,0.003052,0.003319,0.003624,0.003891,0.004272,0.004578,0.004959,0.005341,0.005646,0.006027,0.006371,0.006676,0.006943,0.007210,0.007401,0.007477,0.007515,0.007477,0.007210,0.007057,0.006752,0.006256,0.005875,0.005341,0.004807,0.004234,0.003662,0.003052,0.002518,0.001907,0.001297,0.000610,0.000076,-0.000458,-0.001068,-0.001678,-0.002327,-0.002937,-0.003510,-0.004005,-0.004501,-0.004845,-0.005226,-0.005379,-0.005379,-0.005417,-0.005226,-0.005035,-0.004807,-0.004387,-0.003891,-0.003433,-0.002975,-0.002403,-0.001869,-0.001373,-0.000801,-0.000381,-0.000038,0.000343,0.000725,0.001106,0.001373,0.001564,0.001793,0.001907,0.002098,0.002289,0.002365,0.002441,0.002480,0.002556,0.002670,0.002747,0.002823,0.002823,0.002899,0.002975,0.003052,0.003128,0.003128,0.003166,0.003242,0.003319,0.003395,0.003471,0.003586,0.003662,0.003815,0.003929,0.004082,0.004196,0.004234,0.004349,0.004463,0.004539,0.004654,0.004692,0.004730,0.004692,0.004692,0.004654,0.004654,0.004539,0.004578,0.004387,0.004311,0.004196,0.004120,0.004005,0.003967,0.003777,0.003700,0.003548,0.003395,0.003281,0.003128,0.003014,0.002861,0.002785,0.002708,0.002556,0.002441,0.002327,0.002251,0.002289,0.002174,0.002136,0.002060,0.002022,0.001984,0.001907,0.001831,0.001869,0.001793,0.001831,0.001831,0.001755,0.001678,0.001793,0.001755,0.001755,0.001755,0.001831,0.001869,0.001869,0.001945,0.001984,0.002022,0.002060,0.002022,0.002060,0.001984,0.001945,0.001945,0.001907,0.001869,0.001831,0.001831,0.001793,0.001755,0.001755,0.001755,0.001831,0.001755,0.001678,0.001755,0.001717,0.001678,0.001640,0.001640,0.001602,0.001526,0.001526,0.001488,0.001450,0.001450,0.001335,0.001373,0.001373,0.001373,0.001450,0.001488,0.001602,0.001640,0.001678,0.001755,0.001755,0.001831,0.001831,0.001869,0.001907,0.001907,0.001869,0.001793,0.001831,0.001793,0.001793,0.001831,0.001831,0.001793,0.001831,0.001831,0.001831,0.001907,0.001945,0.001907,0.001945,0.001945,0.001945,0.001945,0.001945,0.001945,0.001907,0.001869,0.001907,0.001831,0.001831,0.001831,0.001793,0.001831,0.001831,0.001831,0.001869,0.001907,0.001945,0.002022,0.002098,0.002136,0.002213,0.002213,0.002289,0.002365,0.002403,0.002518,0.002556,0.002594,0.002556,0.002594,0.002556,0.002556,0.002556,0.002441,0.002365,0.002327,0.002251,0.002174,0.002098,0.001984,0.001945,0.001945,0.001831,0.001869,0.001907,0.001831,0.001869,0.001793,0.001907,0.001869,0.001793,0.001869,0.001869,0.001945,0.001869,0.001831,0.001755,0.001717,0.001755,0.001678,0.001678,0.001640,0.001564,0.001526,0.001488,0.001450,0.001488,0.001411,0.001411,0.001335,0.001373,0.001411,0.001335,0.001373,0.001373,0.001373,0.001335,0.001373,0.001411,0.001450,0.001450,0.001526,0.001526,0.001640,0.001640,0.001640,0.001717,0.001793,0.001869,0.001907,0.002022,0.002098,0.002213,0.002289,0.002365,0.002441,0.002441,0.002518,0.002556,0.002708,0.002670,0.002708,0.002785,0.002747,0.002747,0.002823,0.002861,0.002823,0.002747,0.002670,0.002632,0.002632,0.002632,0.002670,0.002708,0.002632,0.002632,0.002594,0.002556,0.002594,0.002632,0.002594,0.002556,0.002518,0.002556,0.002480,0.002518,0.002441,0.002403,0.002365,0.002327,0.002289,0.002213,0.002174,0.002213,0.002174,0.002136,0.002174,0.002136,0.002136,0.002098,0.002136,0.002136,0.002136,0.002060,0.002098,0.002098,0.002098,0.002174,0.002098,0.002060,0.002098,0.002060,0.002098,0.002060,0.002060,0.002098,0.002098,0.002060,0.002022,0.002060,0.002098,0.002098,0.002174,0.002213,0.002251,0.002365,0.002403,0.002403,0.002327,0.002480,0.002480,0.002518,0.002594,0.002594,0.002594,0.002594,0.002556,0.002556,0.002518,0.002480,0.002441,0.002327,0.002365,0.002289,0.002174,0.002098,0.002060,0.001984,0.001945,0.001907,0.001793,0.001755,0.001793,0.001717,0.001678,0.001678,0.001678,0.001717,0.001717,0.001755,0.001755,0.001793,0.001869,0.001945,0.001984,0.001945,0.002022,0.002022,0.002136,0.002098,0.002136,0.002174,0.002213,0.002174,0.002136,0.002098,0.002136,0.002098,0.002060,0.002022,0.001945,0.001945,0.001907,0.001907,0.001945,0.001869,0.001831,0.001755,0.001755,0.001755,0.001678,0.001717,0.001678,0.001602,0.001602,0.001602,0.001564,0.001564,0.001564,0.001526,0.001526,0.001526,0.001564,0.001564,0.001602,0.001640,0.001640,0.001678,0.001755,0.001793,0.001793,0.001831,0.001831,0.001869,0.001907,0.001984,0.001984,0.002022,0.002022,0.002060,0.001984,0.002022,0.002098,0.002136,0.002136,0.002098,0.002136,0.002136,0.002174,0.002174,0.002136,0.002136,0.002136,0.002174,0.002213,0.002174,0.002174,0.002174,0.002174,0.002174,0.002136,0.002136,0.002136,0.002098,0.002098,0.002174,0.002098,0.002098,0.002060,0.002060,0.002098,0.002098,0.002136,0.002136,0.002136,0.002136,0.002136,0.002174,0.002174,0.002136,0.002213,0.002174,0.002213,0.002174,0.002213,0.002136,0.002136,0.002174,0.002174,0.002098,0.002098,0.002098,0.002060,0.001945,0.002022,0.001984,0.001907,0.001945,0.001869,0.001869,0.001831,0.001869,0.001755,0.001755,0.001717,0.001678,0.001755,0.001717,0.001678,0.001640,0.001640,0.001640,0.001602,0.001602,0.001640,0.001640,0.001640,0.001640,0.001640,0.001717,0.001678,0.001755,0.001755,0.001793,0.001793,0.001831,0.001907,0.001907,0.001984,0.001984,0.002060,0.002098,0.002174,0.002213,0.002213,0.002213,0.002365,0.002327,0.002365,0.002365,0.002365,0.002441,0.002403,0.002441,0.002403,0.002441,0.002480,0.002441,0.002480,0.002441,0.002480,0.002518,0.002556,0.002518,0.002480,0.002518,0.002556,0.002518,0.002518,0.002441,0.002403,0.002480,0.002403,0.002441,0.002403,0.002327,0.002327,0.002327,0.002327,0.002251,0.002213,0.002174,0.002098,0.002098,0.002060,0.002060,0.001984,0.002022,0.001945,0.001945,0.002022,0.001907,0.001869,0.001984,0.001945,0.001945,0.001984,0.001984,0.002060,0.002060,0.002098,0.002136,0.002174,0.002174,0.002174,0.002289,0.002289,0.002327,0.002289,0.002289,0.002327,0.002251,0.002327,0.002289,0.002213,0.002251,0.002174,0.002213,0.002174,0.002098,0.002174,0.001984,0.002022,0.001984,0.002022,0.001945,0.001869,0.001945,0.001831,0.001793,0.001831,0.001793,0.001793,0.001831,0.001793,0.001755,0.001755,0.001755,0.001717,0.001717,0.001678,0.001717,0.001717,0.001678,0.001717,0.001678,0.001678,0.001678,0.001678,0.001678,0.001678,0.001717,0.001717,0.001717,0.001717,0.001717,0.001717,0.001640,0.001717,0.001717,0.001755,0.001717,0.001717,0.001717,0.001755,0.001793,0.001793,0.001793,0.001831,0.001907,0.001793,0.001869,0.002022,0.002022,0.001984,0.002022,0.002098,0.002136,0.002174,0.002251,0.002174,0.002174,0.002213,0.002251,0.002251,0.002251,0.002213,0.002289,0.002251,0.002251,0.002289,0.002213,0.002174,0.002213,0.002174,0.002174,0.002174,0.002174,0.002136,0.002098,0.002060,0.002022,0.002136,0.002060,0.002060,0.002022,0.002098,0.002022,0.002136,0.002098,0.002060,0.002060,0.002060,0.002022,0.002022,0.002060,0.002098,0.002098,0.002060,0.002098,0.002060,0.001984,0.002022,0.002098,0.002098,0.002022,0.001984,0.002098,0.002098,0.002022,0.002136,0.002098,0.002098,0.002060,0.002060,0.002060,0.002098,0.002136,0.002060,0.002098,0.002098,0.002098,0.002098,0.002136,0.002174,0.002174,0.002136,0.002174,0.002098,0.002136,0.002136,0.002136,0.002060,0.002022,0.002060,0.002060,0.002022,0.002022,0.001984,0.002022,0.002022,0.001984,0.002022,0.001984,0.001945,0.001984,0.002060,0.002022,0.001984,0.002022,0.002022,0.002060,0.002098,0.002022,0.001984,0.001984,0.002022,0.002060,0.002060,0.002098,0.002060,0.002098,0.002098,0.002098,0.002098,0.002136,0.002136,0.002136,0.002174,0.002174,0.002174,0.002174,0.002136,0.002136,0.002136,0.002136,0.002136,0.002060,0.002098,0.002060,0.001945,0.001984,0.001907,0.001945,0.001907,0.001869,0.001869,0.001907,0.001831,0.001907,0.001831,0.001831,0.001869,0.001869,0.001831,0.001831,0.001907,0.001869,0.001869,0.001907,0.001945,0.001945,0.001945,0.002022,0.001984,0.002022,0.002022,0.002060,0.002060,0.002060,0.002022,0.002022,0.002060,0.002022,0.002060,0.002060,0.002022,0.002060,0.002136,0.002022,0.002098,0.002060,0.002022,0.002060,0.002022,0.002022,0.001984,0.001984,0.001984,0.001984,0.001945,0.001945,0.001945,0.001907,0.001945,0.001907,0.001793,0.001907,0.001831,0.001869,0.001907,0.001869,0.001869,0.001907,0.001907,0.001945,0.001945,0.001945,0.002022,0.002022,0.002060,0.002060,0.002098,0.002098,0.002060,0.002136,0.002098,0.002136,0.002098,0.002136,0.002136,0.002213,0.002213,0.002213,0.002251,0.002213,0.002251,0.002251,0.002289,0.002289,0.002251,0.002289,0.002289,0.002289,0.002289,0.002251,0.002289,0.002289,0.002289,0.002289,0.002251,0.002213,0.002213,0.002213,0.002174,0.002174,0.002136,0.002174,0.002174,0.002098,0.002136,0.002136,0.002098,0.002060,0.002060,0.002060,0.002022,0.002022,0.002022,0.001984,0.002022,0.002060,0.001984,0.001945,0.001945,0.001945,0.001984,0.001984,0.002022,0.002022,0.002022,0.002098,0.002136,0.002174,0.002174,0.002213,0.002251,0.002251,0.002327,0.002327,0.002403,0.002441,0.002480,0.002556,0.002594,0.002594,0.002632,0.002632,0.002670,0.002632,0.002670,0.002708,0.002708,0.002670,0.002594,0.002632,0.002556,0.002556,0.002518,0.002480,0.002480,0.002365,0.002365,0.002365,0.002289,0.002213,0.002251,0.002251,0.002213,0.002098,0.002136,0.002022,0.001945,0.001945,0.001869,0.001755,0.001717,0.001678,0.001526,0.001411,0.001335,0.001259,0.001144,0.001068,0.000992,0.000992,0.000877,0.000839,0.000801,0.000801,0.000839,0.000916,0.000954,0.001030,0.001144,0.001144,0.001259,0.001373,0.001411,0.001602,0.001640,0.001717,0.001831,0.001907,0.001984,0.001984,0.002060,0.002213,0.002213,0.002251,0.002327,0.002289,0.002327,0.002289,0.002365,0.002289,0.002289,0.002327,0.002289,0.002251,0.002251,0.002213,0.002289,0.002213,0.002174,0.002213,0.002136,0.002174,0.002136,0.002098,0.002136,0.002174,0.002213,0.002213,0.002251,0.002251,0.002327,0.002327,0.002365,0.002403,0.002403,0.002441,0.002518,0.002518,0.002518,0.002480,0.002518,0.002480,0.002441,0.002441,0.002403,0.002441,0.002365,0.002365,0.002251,0.002251,0.002251,0.002136,0.002174,0.002136,0.002098,0.001984,0.001945,0.001984,0.001984,0.001907,0.001945,0.001945,0.001907,0.001869,0.001907,0.001907,0.001831,0.001907,0.001907,0.001907,0.001945,0.001984,0.001984,0.001907,0.001907,0.001869,0.001945,0.001984,0.001945,0.001984,0.002022,0.002022,0.001945,0.001907,0.001945,0.001945,0.001945,0.001945,0.001945,0.001945,0.001945,0.001945,0.001945,0.001907,0.001945,0.001907,0.001984,0.001945,0.001907,0.001945,0.001907,0.001984,0.001945,0.001907,0.002022,0.001984,0.001984,0.001984,0.002098,0.002060,0.002022,0.002060,0.002060,0.002060,0.002136,0.002174,0.002213,0.002213,0.002174,0.002251,0.002251,0.002213,0.002251,0.002327,0.002365,0.002327,0.002327,0.002327,0.002289,0.002327,0.002327,0.002365,0.002289,0.002327,0.002289,0.002251,0.002289,0.002289,0.002251,0.002251,0.002251,0.002251,0.002251,0.002213,0.002213,0.002136,0.002174,0.002136,0.002098,0.002136,0.002136,0.002098,0.002060,0.002098,0.002022,0.002022,0.002060,0.002060,0.002060,0.002022,0.002098,0.002060,0.002022,0.002098,0.001984,0.002098,0.002098,0.002098,0.002136,0.002174,0.002213,0.002174,0.002136,0.002289,0.002213,0.002251,0.002213,0.002251,0.002289,0.002327,0.002327,0.002327,0.002365,0.002365,0.002365,0.002365,0.002327,0.002289,0.002327,0.002365,0.002365,0.002289,0.002289,0.002251,0.002213,0.002174,0.002136,0.002060,0.002060,0.002022,0.002022,0.001945,0.001945,0.001984,0.001907,0.001907,0.001907,0.001907,0.001869,0.001869,0.001831,0.001831,0.001869,0.001831,0.001831,0.001793,0.001793,0.001793,0.001793,0.001717,0.001755,0.001755,0.001793,0.001793,0.001793,0.001793,0.001793,0.001793,0.001793,0.001831,0.001869,0.001831,0.001869,0.001869,0.001869,0.001869,0.001907,0.001907,0.001945,0.001984,0.001984,0.001984,0.001984,0.002022,0.002022,0.002060,0.002060,0.002022,0.002136,0.002136,0.002136,0.002174,0.002098,0.002136,0.002136,0.002174,0.002213,0.002174,0.002136,0.002174,0.002174,0.002174,0.002136,0.002060,0.002136,0.002136,0.002098,0.002060,0.002136,0.002060,0.002098,0.002136,0.002060,0.002098,0.002098,0.002098,0.002022,0.002060,0.002098,0.002098,0.002060,0.002060,0.002098,0.002174,0.002098,0.002136,0.002174,0.002136,0.002136,0.002098,0.002136,0.002136,0.002060,0.002060,0.002022,0.002060,0.002060,0.002022,0.001984,0.001945,0.001945,0.001869,0.001907,0.001907,0.001869,0.001869,0.001831,0.001869,0.001831,0.001831,0.001831,0.001793,0.001831,0.001831,0.001831,0.001831,0.001831,0.001869,0.001869,0.001907,0.001945,0.001984,0.002022,0.002022,0.001945,0.001984,0.001984,0.002022,0.001984,0.002060,0.002060,0.002060,0.002060,0.002060,0.002060,0.002098,0.002060,0.002022,0.002060,0.002136,0.002098,0.002060,0.002060,0.002022,0.001984,0.002022,0.002022,0.002022,0.001984,0.002022,0.001984,0.002022,0.002098,0.001984,0.001984,0.002098,0.002136,0.002098,0.002098,0.002098,0.002136,0.002098,0.002174,0.002213,0.002251,0.002213,0.002213,0.002213,0.002174,0.002213,0.002213,0.002251,0.002251,0.002251,0.002213,0.002251,0.002289,0.002174,0.002213,0.002213,0.002174,0.002213,0.002136,0.002174,0.002136,0.002136,0.002098,0.002136,0.002060,0.002022,0.002022,0.002098,0.002060,0.002060,0.002060,0.002022,0.002060,0.002022,0.002022,0.002022,0.002022,0.002098,0.002060,0.002098,0.002098,0.002174,0.002136,0.002060,0.002213,0.002136,0.002174,0.002174,0.002213,0.002251,0.002213,0.002213,0.002251,0.002251,0.002251,0.002251,0.002251,0.002251,0.002251,0.002251,0.002251,0.002251,0.002289,0.002213,0.002174,0.002136,0.002098,0.002136,0.002136,0.002136,0.002022,0.002060,0.002060,0.002098,0.002022,0.001984,0.001984,0.002022,0.001984,0.001907,0.001869,0.001869,0.001869,0.001831,0.001831,0.001793,0.001793,0.001755,0.001755,0.001717,0.001717,0.001755,0.001678,0.001678,0.001602,0.001640,0.001678,0.001678,0.001640,0.001678,0.001678,0.001678,0.001678,0.001717,0.001678,0.001717,0.001717,0.001640,0.001640,0.001678,0.001678,0.001717,0.001717,0.001717,0.001678,0.001793,0.001793,0.001755,0.001831,0.001717,0.001793,0.001831,0.001907,0.001831,0.001831,0.001869,0.001869,0.001907,0.001984,0.001984,0.001984,0.001984,0.002022,0.002060,0.002098,0.002174,0.002060,0.002098,0.002174,0.002213,0.002213,0.002251,0.002251,0.002213,0.002251,0.002327,0.002327,0.002327,0.002365,0.002365,0.002365,0.002327,0.002327,0.002327,0.002327,0.002289,0.002289,0.002327,0.002289,0.002327,0.002251,0.002213,0.002213,0.002251,0.002251,0.002174,0.002213,0.002174,0.002174,0.002136,0.002098,0.002136,0.002098,0.002098,0.002060,0.002022,0.002098,0.002060,0.002060,0.002022,0.001984,0.002022,0.002022,0.001945,0.001984,0.001945,0.001984,0.001945,0.001945,0.001984,0.002022,0.002060,0.002022,0.002022,0.002022,0.002022,0.002022,0.001984,0.001984,0.001984,0.001945,0.001984,0.001945,0.001945,0.001984,0.001869,0.001907,0.001869,0.001945,0.001907,0.001869,0.001907,0.001945,0.001945,0.001907,0.001907,0.001945,0.001945,0.001984,0.001945,0.001984,0.002022,0.001984,0.001984,0.002060,0.002060,0.001984,0.002022,0.002098,0.002022,0.002022,0.002060,0.002098,0.002098,0.002060,0.002098,0.002174,0.002060,0.002060,0.002060,0.002098,0.002098,0.002022,0.002060,0.002022,0.002060,0.002022,0.002060,0.002060,0.002060,0.002060,0.002060,0.002022,0.002098,0.002098,0.002098,0.002098,0.002060,0.002022,0.002060,0.002060,0.002098,0.002136,0.002098,0.002136,0.002136,0.002136,0.002060,0.002060,0.002213,0.002213,0.002174,0.002098,0.002174,0.002174,0.002174,0.002136,0.002098,0.002174,0.002136,0.002098,0.002060,0.002060,0.002022,0.002098,0.002136,0.002136,0.002098,0.002136,0.002098,0.002098,0.002098,0.002136,0.002098,0.002098,0.002136,0.002136,0.002098,0.002098,0.002098,0.002022,0.002060,0.002098,0.002060,0.002098,0.002060,0.002060,0.002060,0.002022,0.002022,0.001984,0.002060,0.001984,0.001907,0.001907,0.001984,0.001945,0.001907,0.001907,0.001945,0.001945,0.001907,0.001907,0.001869,0.001869,0.001869,0.001945,0.001869,0.001907,0.001907,0.001831,0.001869,0.001907,0.001907,0.001831,0.001869,0.001831,0.001831,0.001869,0.001869,0.001869,0.001869,0.001869,0.001831,0.001869,0.001831,0.001907,0.001907,0.001907,0.001907,0.001945,0.001945,0.001945,0.001945,0.001945,0.001984,0.001984,0.001984,0.002060,0.002022,0.002060,0.002060,0.002060,0.002060,0.002060,0.002174,0.002136,0.002098,0.002174,0.002136,0.002136,0.002136,0.002136,0.002174,0.002136,0.002213,0.002136,0.002136,0.002136,0.002136,0.002136,0.002098,0.002136,0.002136,0.002174,0.002098,0.002060,0.002098,0.002136,0.002136,0.002098,0.002060,0.002060,0.002060,0.002060,0.002060,0.002060,0.002098,0.002098,0.002136,0.002136,0.002060,0.002174,0.002098,0.002098,0.002136,0.002098,0.002098,0.002136,0.002136,0.002098,0.002098,0.002136,0.002098,0.002098,0.002136,0.002136,0.002174,0.002136,0.002174,0.002098,0.002136,0.002174,0.002136,0.002136,0.002098,0.002136,0.002136,0.002174,0.002136,0.002098,0.002136,0.002098,0.002098,0.002136,0.002136,0.002098,0.002060,0.002022,0.002060,0.002136,0.002022,0.002060,0.002060,0.002136,0.002060,0.002098,0.002098,0.002098,0.002098,0.002060,0.002022,0.002098,0.002098,0.002060,0.002060,0.002060,0.002060,0.002098,0.002098,0.002060,0.002098,0.002060,0.002098,0.002098,0.002098,0.002098,0.002098,0.002098,0.002174,0.002136,0.002022,0.002060,0.002174,0.002060,0.002098,0.002136,0.002098,0.002136,0.002098,0.002136,0.002098,0.002098,0.002098,0.002136,0.002098,0.002098,0.002098,0.002136,0.002060,0.002060,0.002022,0.001984,0.002060,0.001984,0.001984,0.001984,0.001984,0.002060,0.002060,0.001984,0.001984,0.001984,0.001984,0.001984,0.001984,0.001945,0.001945,0.001984,0.001984,0.002022,0.002060,0.002022,0.002060,0.001984,0.002060,0.002060,0.002098,0.002060,0.002174,0.002174,0.002174,0.002174,0.002174,0.002174,0.002251,0.002251,0.002289,0.002251,0.002289,0.002365,0.002327,0.002327,0.002289,0.002365,0.002365,0.002327,0.002403,0.002365,0.002365,0.002365,0.002327,0.002289,0.002251,0.002289,0.002213,0.002136,0.002136,0.002060,0.002060,0.002022,0.002022,0.001984,0.001907,0.001907,0.001869,0.001755,0.001831,0.001755,0.001831,0.001755,0.001793,0.001755,0.001755,0.001793,0.001831,0.001793,0.001793,0.001831,0.001907,0.001869,0.001907,0.001945,0.001984,0.001984,0.001984,0.002060,0.002022,0.002060,0.002060,0.001984,0.002060,0.002022,0.002022,0.001984,0.001945,0.002060,0.001984,0.001984,0.001945,0.001945,0.002022,0.001945,0.001945,0.001945,0.001945,0.001984,0.001984,0.002022,0.001984,0.002022,0.002022,0.002022,0.002060,0.002060,0.002022,0.002098,0.002060,0.002136,0.002098,0.002136,0.002136,0.002174,0.002174,0.002213,0.002251,0.002251,0.002251,0.002213,0.002251,0.002289,0.002251,0.002289,0.002289,0.002251,0.002213,0.002213,0.002213,0.002213,0.002213,0.002213,0.002174,0.002213,0.002174,0.002213,0.002213,0.002213,0.002251,0.002213,0.002251,0.002251,0.002251,0.002251,0.002327,0.002289,0.002289,0.002251,0.002289,0.002289,0.002251,0.002213,0.002174,0.002174,0.002174,0.002136,0.002136,0.002136,0.002098,0.002060,0.002098,0.002022,0.001984,0.001945,0.001869,0.001869,0.001869,0.001907,0.001907,0.001831,0.001831,0.001793,0.001755,0.001717,0.001793,0.001755,0.001755,0.001793,0.001793,0.001717,0.001755,0.001755,0.001793,0.001793,0.001755,0.001793,0.001755,0.001831,0.001831,0.001831,0.001907,0.001907,0.001907,0.001907,0.001907,0.001907,0.001907,0.001984,0.001984,0.001945,0.001984,0.001984,0.002060,0.002060,0.002022,0.002060,0.002022,0.002136,0.002136,0.002098,0.002060,0.002060,0.002098,0.002098,0.002098,0.002060,0.002098,0.002136,0.002060,0.002060,0.002022,0.002022,0.002060,0.002022,0.002060,0.002022,0.002060,0.002060,0.002060,0.002060,0.002022,0.002060,0.002060,0.002098,0.002136,0.002136,0.002098,0.002060,0.002098,0.002174,0.002098,0.002174,0.002136,0.002098,0.002213,0.002136,0.002174,0.002174,0.002174,0.002174,0.002213,0.002174,0.002174,0.002136,0.002213,0.002174,0.002213,0.002174,0.002213,0.002213,0.002136,0.002174,0.002174,0.002174,0.002174,0.002174,0.002136,0.002098,0.002136,0.002060,0.002060,0.002022,0.001984,0.002022,0.001984,0.001984,0.001945,0.001984,0.001945,0.001945,0.001945,0.001984,0.001907,0.001984,0.001984,0.002060,0.002022,0.002022,0.002098,0.001984,0.002098,0.002060,0.002098,0.002060,0.002022,0.002060,0.002060,0.002060,0.002098,0.002060,0.002060,0.002022,0.001984,0.001984,0.001945,0.001984,0.001907,0.001831,0.001831,0.001869,0.001907,0.001793,0.001793,0.001831,0.001793,0.001831,0.001831,0.001869,0.001793,0.001831,0.001907,0.001869,0.001945,0.002022,0.001984,0.001984,0.002022,0.002060,0.002060,0.002060,0.002060,0.002098,0.002136,0.002136,0.002136,0.002136,0.002136,0.002136,0.002022,0.002022,0.002060,0.002060,0.002060,0.002060,0.002060,0.001984,0.002022,0.001984,0.001945,0.002022,0.001945,0.001907,0.001984,0.001945,0.001945,0.001945,0.001984,0.001984,0.001984,0.002022,0.001945,0.002022,0.002022,0.002022,0.002022,0.002022,0.001984,0.001945,0.002060,0.002060,0.002060,0.002098,0.002098,0.002098,0.002174,0.002136,0.002213,0.002174,0.002213,0.002136,0.002174,0.002213,0.002213,0.002289,0.002289,0.002251,0.002251,0.002213,0.002289,0.002251,0.002289,0.002251,0.002213,0.002251,0.002251,0.002251,0.002213,0.002136,0.002174,0.002174,0.002136,0.002098,0.002136,0.002136,0.002060,0.002060,0.002098,0.001984,0.002098,0.002022,0.002060,0.002060,0.002060,0.001984,0.002022,0.002022,0.002060,0.002022,0.002060,0.001984,0.001984,0.002022,0.002022,0.001984,0.001984,0.001984,0.001984,0.001984,0.001907,0.001945,0.001945,0.001869,0.001831,0.001907,0.001831,0.001869,0.001831,0.001831,0.001831,0.001793,0.001755,0.001717,0.001793,0.001717,0.001755,0.001793,0.001717,0.001793,0.001755,0.001793,0.001793,0.001831,0.001831,0.001831,0.001869,0.001869,0.001907,0.001869,0.001869,0.001907,0.001907,0.001907,0.001907,0.001869,0.001907,0.001907,0.001984,0.001945,0.001945,0.001984,0.001907,0.001945,0.001907,0.001907,0.001869,0.001907,0.001869,0.001907,0.001907,0.001945,0.001869,0.001907,0.001907,0.001984,0.001945,0.001869,0.001984,0.001945,0.001907,0.001984,0.001984,0.001984,0.002060,0.002060,0.002060,0.002022,0.002098,0.002060,0.002098,0.002136,0.002136,0.002136,0.002098,0.002174,0.002213,0.002213,0.002174,0.002136,0.002174,0.002213,0.002213,0.002174,0.002213,0.002289,0.002251,0.002251,0.002251,0.002251,0.002289,0.002289,0.002327,0.002327,0.002365,0.002403,0.002327,0.002365,0.002365,0.002403,0.002441,0.002365,0.002365,0.002365,0.002327,0.002289,0.002251,0.002289,0.002213,0.002213,0.002136,0.002136,0.002098,0.002060,0.002022,0.002022,0.001945,0.001945,0.001907,0.001907,0.001869,0.001793,0.001831,0.001717,0.001831,0.001793,0.001755,0.001755,0.001717,0.001755,0.001717,0.001717,0.001755,0.001755,0.001755,0.001717,0.001831,0.001755,0.001793,0.001831,0.001831,0.001831,0.001831,0.001831,0.001869,0.001907,0.001907,0.001945,0.001984,0.002022,0.001945,0.002022,0.002022,0.002022,0.002060,0.002022,0.002098,0.002098,0.002136,0.002136,0.002136,0.002213,0.002174,0.002174,0.002213,0.002174,0.002251,0.002251,0.002251,0.002251,0.002289,0.002327,0.002289,0.002289,0.002289,0.002327,0.002365,0.002289,0.002327,0.002289,0.002327,0.002289,0.002289,0.002327,0.002213,0.002251,0.002251,0.002251,0.002289,0.002289,0.002213,0.002213,0.002251,0.002289,0.002251,0.002251,0.002174,0.002213,0.002251,0.002251,0.002251,0.002213,0.002213,0.002213,0.002213,0.002213,0.002174,0.002136,0.002174,0.002136,0.002136,0.002136,0.002136,0.002060,0.002060,0.002098,0.002098,0.002098,0.002098,0.002060,0.002060,0.002022,0.002060,0.002060,0.002098,0.002060,0.002060,0.002022,0.002098,0.002060,0.002060,0.002022,0.002060,0.001984,0.001984,0.002022,0.001984,0.001945,0.001907,0.001945,0.001907,0.001907,0.001869,0.001869,0.001907,0.001907,0.001907,0.001907,0.001907,0.001945,0.001869,0.001869,0.001907,0.001907,0.001907,0.001907,0.001984,0.001984,0.001984,0.001945,0.001945,0.001984,0.001945,0.002022,0.001984,0.001984,0.001984,0.002022,0.002022,0.002022,0.002022,0.002060,0.002060,0.002060,0.002060,0.002022,0.002022,0.002098,0.002098,0.002060,0.002136,0.002174,0.002136,0.002136,0.002174,0.002174,0.002251,0.002136,0.002174,0.002251,0.002289,0.002289,0.002289,0.002251,0.002213,0.002213,0.002251,0.002251,0.002251,0.002251,0.002213,0.002289,0.002213,0.002289,0.002213,0.002251,0.002213,0.002174,0.002251,0.002174,0.002213,0.002136,0.002098,0.002136,0.002174,0.002136,0.002098,0.002136,0.002098,0.002136,0.002136,0.002060,0.002060,0.002098,0.002060,0.002098,0.002022,0.002098,0.002060,0.002022,0.002060,0.002060,0.002098,0.002060,0.002060,0.002136,0.002098,0.002060,0.002022,0.002060,0.002022,0.002060,0.002022,0.001984,0.002060,0.002022,0.001984,0.002022,0.001984,0.001945,0.001945,0.001945,0.001945,0.001869,0.001907,0.001869,0.001793,0.001831,0.001869,0.001869,0.001793,0.001831,0.001831,0.001831,0.001793,0.001755,0.001793,0.001717,0.001717,0.001755,0.001717,0.001793,0.001755,0.001717,0.001755,0.001755,0.001793,0.001793,0.001831,0.001755,0.001831,0.001869,0.001831,0.001869,0.001869,0.001945,0.001945,0.001945,0.001945,0.001907,0.001984,0.002022,0.002022,0.002060,0.002022,0.002022,0.001984,0.002022,0.002098,0.002060,0.002136,0.002136,0.002136,0.002174,0.002174,0.002136,0.002213,0.002174,0.002251,0.002251,0.002213,0.002213,0.002251,0.002289,0.002213,0.002213,0.002251,0.002251,0.002213,0.002213,0.002251,0.002213,0.002174,0.002213,0.002136,0.002136,0.002174,0.002174,0.002136,0.002174,0.002136,0.002098,0.002098,0.002098,0.002136,0.002174,0.002060,0.002098,0.002098,0.002060,0.002098,0.002136,0.002098,0.002060,0.002136,0.002136,0.002098,0.002060,0.002060,0.002060,0.002098,0.002098,0.002098,0.002060,0.002098,0.002060,0.002022,0.002060,0.002098,0.002136,0.002098,0.002136,0.002098,0.002098,0.002136,0.002060,0.002098,0.002136,0.002098,0.002174,0.002098,0.002098,0.002098,0.002136,0.002174,0.002136,0.002174,0.002136,0.002136,0.002174,0.002136,0.002098,0.002098,0.002136,0.002136,0.002098,0.002136,0.002060,0.002098,0.002098,0.002060,0.002136,0.002098,0.002174,0.002098,0.002098,0.002136,0.002098,0.002060,0.002060,0.002098,0.002098,0.002060,0.002136,0.002098,0.002060,0.002136,0.002136,0.002174,0.002136,0.002098,0.002174,0.002136,0.002213,0.002136,0.002136,0.002174,0.002174,0.002213,0.002136,0.002174,0.002174,0.002136,0.002174,0.002136,0.002174,0.002136,0.002136,0.002098,0.002098,0.002098,0.002098,0.002098,0.002098,0.002060,0.002022,0.002022,0.002098,0.001984,0.001945,0.001984,0.001907,0.001945,0.001907,0.001869,0.001907,0.001869,0.001869,0.001869,0.001793,0.001793,0.001831,0.001831,0.001755,0.001755,0.001755,0.001793,0.001755,0.001793,0.001831,0.001831,0.001793,0.001793,0.001793,0.001869,0.001831,0.001793,0.001831,0.001793,0.001831,0.001869,0.001907,0.001907,0.001907,0.001945,0.002022,0.001984,0.002022,0.002098,0.002136,0.002136,0.002136,0.002174,0.002174,0.002213,0.002136,0.002213,0.002174,0.002213,0.002213,0.002174,0.002174,0.002213,0.002174,0.002174,0.002136,0.002098,0.002098,0.002136,0.002136,0.002060,0.002022,0.002022,0.002060,0.002098,0.002022,0.002060,0.002136,0.002098,0.002136,0.002060,0.002098,0.002136,0.002174,0.002098,0.002174,0.002174,0.002136,0.002213,0.002174,0.002174,0.002213,0.002174,0.002213,0.002174,0.002174,0.002136,0.002136,0.002174,0.002136,0.002174,0.002136,0.002136,0.002022,0.002022,0.001984,0.001907,0.001945,0.001907,0.001831,0.001793,0.001717,0.001678,0.001717,0.001717,0.001678,0.001678,0.001678,0.001717,0.001717,0.001678,0.001717,0.001755,0.001717,0.001717,0.001755,0.001755,0.001831,0.001831,0.001831,0.001869,0.001907,0.001945,0.001945,0.001984,0.001984,0.001907,0.001984,0.002022,0.001984,0.001984,0.001984,0.001945,0.001945,0.001984,0.001945,0.001984,0.001984,0.001945,0.001984,0.001945,0.001907,0.001984,0.001984,0.001984,0.001945,0.001984,0.002022,0.002022,0.002098,0.002022,0.002060,0.002098,0.002098,0.002213,0.002136,0.002136,0.002174,0.002213,0.002174,0.002251,0.002213,0.002174,0.002251,0.002251,0.002251,0.002213,0.002251,0.002213,0.002251,0.002136,0.002213,0.002174,0.002136,0.002136,0.002174,0.002174,0.002098,0.002098,0.002098,0.002098,0.002136,0.002098,0.002098,0.002060,0.002136,0.002136,0.002060,0.002060,0.002060,0.002136,0.002136,0.002136,0.002098,0.002060,0.002060,0.002060,0.002098,0.002060,0.002022,0.002060,0.002060,0.002060,0.002022,0.002022,0.002060,0.002022,0.002060,0.002022,0.002022,0.002060,0.001984,0.002022,0.002022,0.001984,0.001984,0.001984,0.001984,0.001984,0.001945,0.001945,0.001907,0.001945,0.001984,0.001984,0.001984,0.001984,0.002060,0.001984,0.002022,0.002022,0.001984,0.002022,0.002022,0.002022,0.002022,0.002060,0.002022,0.002060,0.002060,0.002022,0.002060,0.002098,0.002098,0.002098,0.002098,0.002022,0.002060,0.002098,0.002098,0.002098,0.002136,0.002060,0.002136,0.002098,0.002136,0.002174,0.002136,0.002098,0.002098,0.002098,0.002098,0.002022,0.002098,0.002098,0.002060,0.002098,0.002022,0.002098,0.002022,0.002022,0.002022,0.002022,0.002022,0.001984,0.001984,0.001984,0.001907,0.001984,0.001945,0.001945,0.001869,0.001945,0.001984,0.001869,0.001907,0.001945,0.001907,0.001945,0.001984,0.001907,0.001945,0.001945,0.001984,0.001984,0.001945,0.001945,0.001945,0.001907,0.001984,0.001984,0.001945,0.001984,0.002022,0.001984,0.001984,0.001945,0.001984,0.001945,0.001945,0.001945,0.001907,0.001984,0.001984,0.001945,0.002022,0.002022,0.002022,0.002022,0.001984,0.002022,0.002022,0.002098,0.002098,0.002060,0.002098,0.002060,0.002136,0.002098,0.002098,0.002060,0.002060,0.002098,0.002022,0.002060,0.002060,0.002060,0.002060,0.002022,0.001984,0.001907,0.002022,0.002022,0.001984,0.002022,0.001984,0.001945,0.002022,0.002022,0.001984,0.001984,0.001984,0.001945,0.001984,0.002022,0.002022,0.002060,0.002060,0.002022,0.002098,0.002098,0.002136,0.002098,0.002174,0.002136,0.002174,0.002213,0.002136,0.002136,0.002251,0.002251,0.002213,0.002213,0.002174,0.002213,0.002213,0.002213,0.002213,0.002174,0.002174,0.002174,0.002174,0.002174,0.002136,0.002098,0.002174,0.002136,0.002098,0.002174,0.002098,0.002136,0.002098,0.002136,0.002174,0.002136,0.002136,0.002098,0.002136,0.002098,0.002022,0.002022,0.002060,0.002060,0.001984,0.002022,0.001984,0.001984,0.002022,0.002022,0.001945,0.001984,0.001984,0.002022,0.001984,0.001984,0.001984,0.001945,0.001945,0.001945,0.001907,0.001945,0.001984,0.001945,0.001907,0.001907,0.001907,0.001907,0.001945,0.001945,0.001945,0.001945,0.001907,0.001907,0.001907,0.001945,0.001907,0.001945,0.001907,0.001945,0.001945,0.001907,0.001907,0.001945,0.001907,0.001907,0.001869,0.001945,0.002022,0.001984,0.001945,0.001945,0.001945,0.001907,0.001945,0.001984,0.001945,0.001984,0.001945,0.001984,0.001984,0.002060,0.002060,0.002098,0.002098,0.002136,0.002136,0.002098,0.002136,0.002174,0.002136,0.002136,0.002136,0.002174,0.002136,0.002174,0.002174,0.002251,0.002213,0.002251,0.002251,0.002251,0.002251,0.002251,0.002251,0.002251,0.002251,0.002251,0.002289,0.002213,0.002213,0.002213,0.002213,0.002174,0.002136,0.002213,0.002174,0.002136,0.002136,0.002136,0.002136,0.002136,0.002098,0.002098,0.002136,0.002136,0.002136,0.002098,0.002098,0.002098,0.002098,0.002060,0.002098,0.002098,0.002098,0.002098,0.002136,0.002098,0.002213,0.002098,0.002098,0.002136,0.002136,0.002098,0.002022,0.002098,0.002136,0.002060,0.002060,0.002060,0.002098,0.002136,0.002136,0.002060,0.002098,0.002136,0.002060,0.002136,0.002098,0.002022,0.002022,0.002060,0.002060,0.002022,0.001984,0.001945,0.001907,0.001945,0.001869,0.001869,0.001831,0.001831,0.001907,0.001793,0.001793,0.001907,0.001984,0.001945,0.001945,0.001945,0.001984,0.002022,0.002022,0.002060,0.002098,0.002174,0.002213,0.002289,0.002289,0.002327,0.002327,0.002403,0.002365,0.002251,0.002289,0.002327,0.002327,0.002327,0.002251,0.002251,0.002213,0.002174,0.002098,0.002060,0.002022,0.001984,0.001945,0.001945,0.001945,0.001907,0.001869,0.001907,0.001869,0.001907,0.001907,0.001869,0.001907,0.001945,0.002022,0.001984,0.001984,0.001984,0.002022,0.002060,0.002022,0.002060,0.002098,0.002136,0.002174,0.002136,0.002098,0.002136,0.002174,0.002174,0.002174,0.002174,0.002136,0.002136,0.002213,0.002136,0.002098,0.002098,0.002098,0.002098,0.002136,0.002098,0.002136,0.002174,0.002136,0.002136,0.002098,0.002060,0.002136,0.002174,0.002136,0.002136,0.002174,0.002174,0.002213,0.002213,0.002213,0.002213,0.002213,0.002174,0.002213,0.002174,0.002174,0.002174,0.002136,0.002251,0.002174,0.002136,0.002174,0.002098,0.002136,0.002136,0.002136,0.002136,0.002098,0.002098,0.002136,0.002098,0.002098,0.002098,0.002136,0.002060,0.002098,0.002098,0.002098,0.002136,0.002098,0.002060,0.002098,0.002022,0.002060,0.002060,0.002060,0.002060,0.002060,0.002022,0.002022,0.002022,0.002022,0.002022,0.002022,0.002022,0.001984,0.001945,0.001984,0.001907,0.001945,0.001945,0.001869,0.001945,0.001984,0.001984,0.002022,0.002022,0.002022,0.001984,0.002022,0.002022,0.001984,0.002022,0.002060,0.002136,0.002136,0.002136,0.002098,0.002098,0.002098,0.002098,0.002136,0.002060,0.002060,0.002098,0.002022,0.002060,0.002098,0.002098,0.002098,0.002022,0.002022,0.002060,0.002022,0.002098,0.002022,0.002022,0.001984,0.002060,0.002098,0.002060,0.002022,0.002022,0.002098,0.002022,0.002098,0.002098,0.002060,0.002136,0.002098,0.002136,0.002098,0.002098,0.002098,0.002060,0.002098,0.002060,0.002098,0.002098,0.002060,0.002060,0.002060,0.002098,0.002060,0.002060,0.002060,0.002060,0.002098,0.002098,0.002098,0.002136,0.002060,0.002060,0.002136,0.002098,0.002098,0.002060,0.002060,0.002098,0.002136,0.002136,0.002136,0.002136,0.002098,0.002098,0.002136,0.002136,0.002098,0.002060,0.002174,0.002136,0.002098,0.002098,0.002022,0.002060,0.002098,0.002098,0.002098,0.002060,0.002022,0.001945,0.002060,0.002022,0.001984,0.002022,0.002022,0.001984,0.001984,0.001984,0.001984,0.001945,0.001945,0.001984,0.001907,0.001945,0.001907,0.001984,0.001945,0.001945,0.001945,0.001945,0.001945,0.001984,0.001984,0.002022,0.001945,0.002060,0.002060,0.002060,0.002022,0.001984,0.001984,0.001984,0.002022,0.002022,0.002022,0.002022,0.001984,0.002060,0.002060,0.002060,0.002022,0.002060,0.002022,0.002060,0.002060,0.002060,0.002060,0.002060,0.002060,0.002136,0.002136,0.002098,0.002213,0.002213,0.002174,0.002174,0.002136,0.002136,0.002213,0.002174,0.002174,0.002251,0.002174,0.002213,0.002251,0.002136,0.002174,0.002136,0.002136,0.002136,0.002098,0.002136,0.002098,0.002098,0.002136,0.002060,0.002060,0.002022,0.002060,0.002022,0.002022,0.002022,0.002022,0.002060,0.001984,0.002022,0.001984,0.001945,0.001984,0.001945,0.002022,0.001984,0.001984,0.001945,0.001945,0.001984,0.001945,0.001945,0.001984,0.001907,0.001945,0.001869,0.001869,0.001945,0.001945,0.001907,0.001869,0.001907,0.001907,0.001907,0.001869,0.001831,0.001869,0.001945,0.001945,0.001907,0.001831,0.001869,0.001907,0.001945,0.001945,0.001907,0.001984,0.002022,0.001984,0.001984,0.001945,0.002060,0.002022,0.001984,0.002060,0.002098,0.002060,0.002098,0.002174,0.002136,0.002174,0.002213,0.002213,0.002174,0.002213,0.002136,0.002174,0.002174,0.002136,0.002136,0.002136,0.002136,0.002174,0.002174,0.002098,0.002174,0.002136,0.002022,0.002060,0.002022,0.002022,0.001984,0.002022,0.002022,0.001945,0.001984,0.001907,0.001907,0.001831,0.001869,0.001831,0.001831,0.001831,0.001793,0.001717,0.001793,0.001793,0.001793,0.001793,0.001755,0.001755,0.001793,0.001831,0.001831,0.001831,0.001869,0.001907,0.001907,0.001907,0.001945,0.001945,0.002022,0.002022,0.002060,0.002098,0.002098,0.002136,0.002213,0.002136,0.002174,0.002136,0.002136,0.002174,0.002136,0.002136,0.002060,0.002136,0.002136,0.002098,0.002136,0.002174,0.002174,0.002136,0.002174,0.002136,0.002098,0.002174,0.002136,0.002174,0.002174,0.002174,0.002213,0.002213,0.002213,0.002213,0.002213,0.002251,0.002174,0.002213,0.002213,0.002213,0.002213,0.002174,0.002213,0.002213,0.002213,0.002136,0.002213,0.002174,0.002098,0.002098,0.002136,0.002136,0.002136,0.002060,0.002060,0.001984,0.002060,0.002022,0.002022,0.002060,0.002022,0.001984,0.001984,0.001984,0.002022,0.001984,0.002022,0.002022,0.002022,0.001984,0.001945,0.001984,0.001945,0.001984,0.001984,0.001945,0.001984,0.001945,0.001869,0.001907,0.001945,0.001945,0.001907,0.001945,0.001984,0.001945,0.002022,0.001984,0.002022,0.002022,0.002060,0.002022,0.002098,0.002098,0.002022,0.001984,0.002060,0.001984,0.001984,0.001907,0.001907,0.001907,0.001869,0.001793,0.001793,0.001793,0.001755,0.001717,0.001678,0.001755,0.001755,0.001793,0.001831,0.001793,0.001869,0.001869,0.001831,0.001869,0.001831,0.001869,0.001907,0.001869,0.001831,0.001869,0.001831,0.001869,0.001831,0.001869,0.001831,0.001793,0.001793,0.001831,0.001755,0.001793,0.001793,0.001793,0.001831,0.001831,0.001869,0.001907,0.001869,0.001907,0.001907,0.001869,0.001984,0.001945,0.001945,0.001945,0.001945,0.001945,0.001945,0.001907,0.001945,0.001945,0.001907,0.001945,0.001984,0.001984,0.001945,0.001984,0.001984,0.002060,0.001984,0.002098,0.002060,0.002098,0.002136,0.002136,0.002174,0.002174,0.002289,0.002289,0.002289,0.002289,0.002289,0.002327,0.002327,0.002289,0.002365,0.002327,0.002289,0.002289,0.002327,0.002289,0.002251,0.002213,0.002174,0.002213,0.002136,0.002060,0.002060,0.001984,0.002022,0.002022,0.001984,0.001907,0.001907,0.001945,0.001945,0.001945,0.001945,0.001945,0.001984,0.002022,0.001984,0.001984,0.001984,0.002060,0.002060,0.002060,0.002098,0.002098,0.002136,0.002136,0.002174,0.002213,0.002174,0.002174,0.002174,0.002174,0.002136,0.002136,0.002098,0.002136,0.002174,0.002136,0.002136,0.002098,0.002136,0.002098,0.002098,0.002098,0.002060,0.002060,0.002098,0.002098,0.002136,0.002098,0.002098,0.002022,0.002060,0.002060,0.002022,0.002098,0.002136,0.002136,0.002136,0.002060,0.002136,0.002098,0.002098,0.002136,0.002136,0.002174,0.002098,0.002136,0.002098,0.002060,0.002136,0.002060,0.002098,0.002060,0.002022,0.002098,0.002098,0.002060,0.002022,0.002022,0.002098,0.002098,0.002060,0.002022,0.002060,0.002060,0.002060,0.002136,0.002098,0.002098,0.002098,0.002098,0.002098,0.002060,0.002060,0.002060,0.002060,0.002022,0.002098,0.002136,0.002060,0.002060,0.002098,0.002098,0.002098,0.002098,0.002060,0.002022,0.002060,0.002022,0.001984,0.002060,0.002022,0.002060,0.002060,0.002060,0.002060,0.002022,0.002060,0.002098,0.002098,0.002098,0.002098,0.002098,0.002060,0.002060,0.002060,0.002098,0.002136,0.002060,0.002098,0.002098,0.002060,0.002022,0.002060,0.002098,0.002060,0.002060,0.002174,0.002060,0.002098,0.002060,0.002098,0.002136,0.002022,0.002060,0.002098,0.002060,0.002060,0.002060,0.002022,0.002022,0.002060,0.002098,0.002060,0.002098,0.002022,0.002098,0.002098,0.002022,0.002022,0.002060,0.002060,0.002022,0.001984,0.001984,0.002060,0.002060,0.002022,0.002022,0.002060,0.002022,0.001945,0.002022,0.001984,0.001945,0.001945,0.001945,0.001945,0.001945,0.001869,0.001907,0.001907,0.001907,0.001907,0.001907,0.001945,0.001907,0.001945,0.001907,0.001907,0.001907,0.001945,0.001945,0.001945,0.001984,0.001984,0.001984,0.002060,0.002022,0.002060,0.002060,0.002136,0.002136,0.002098,0.002136,0.002098,0.002136,0.002174,0.002174,0.002213,0.002136,0.002174,0.002174,0.002174,0.002213,0.002174,0.002174,0.002213,0.002213,0.002251,0.002213,0.002289,0.002213,0.002213,0.002213,0.002174,0.002213,0.002174,0.002136,0.002136,0.002098,0.002174,0.002136,0.002098,0.002060,0.002098,0.002098,0.002060,0.002060,0.002060,0.002022,0.002022,0.002022,0.002022,0.002022,0.002060,0.002060,0.002098,0.002136,0.002098,0.002136,0.002098,0.002174,0.002136,0.002136,0.002174,0.002136,0.002251,0.002213,0.002174,0.002174,0.002213,0.002213,0.002213,0.002174,0.002213,0.002174,0.002174,0.002174,0.002213,0.002213,0.002251,0.002213,0.002174,0.002136,0.002174,0.002174,0.002174,0.002136,0.002136,0.002060,0.002098,0.002060,0.002098,0.002060,0.001984,0.002022,0.001984,0.001907,0.001907,0.001907,0.001907,0.001869,0.001869,0.001831,0.001793,0.001793,0.001793,0.001793,0.001793,0.001831,0.001793,0.001793,0.001831,0.001869,0.001831,0.001831,0.001831,0.001945,0.001945,0.001907,0.001984,0.001945,0.001945,0.002098,0.002098,0.002136,0.002136,0.002136,0.002174,0.002213,0.002174,0.002213,0.002213,0.002213,0.002213,0.002213,0.002251,0.002289,0.002251,0.002289,0.002289,0.002213,0.002213,0.002213,0.002174,0.002098,0.002136,0.002174,0.002136,0.002136,0.002098,0.002098,0.002098,0.002060,0.002060,0.002060,0.002060,0.002060,0.002060,0.002060,0.002060,0.002098,0.002098,0.002098,0.002098,0.002098,0.002098,0.002174,0.002174,0.002136,0.002174,0.002174,0.002174,0.002174,0.002213,0.002213,0.002213,0.002213,0.002174,0.002213,0.002251,0.002251,0.002213,0.002213,0.002174,0.002213,0.002213,0.002174,0.002174,0.002174,0.002174,0.002136,0.002136,0.002098,0.002136,0.002136,0.002136,0.002174,0.002136,0.002098,0.002098,0.002098,0.002136,0.002098,0.002098,0.002136,0.002098,0.002136,0.002136,0.002136,0.002174,0.002213,0.002098,0.002213,0.002174,0.002136,0.002174,0.002136,0.002174,0.002213,0.002136,0.002136,0.002136,0.002098,0.002136,0.002060,0.002022,0.001984,0.001984,0.001945,0.001984,0.001945,0.001945,0.001945,0.001945,0.001945,0.001945,0.001945,0.001945,0.001945,0.001984,0.001984,0.001907,0.001945,0.001945,0.001907,0.001945,0.001907,0.001907,0.001907,0.001984,0.001945,0.001984,0.001945,0.001945,0.001945,0.002022,0.001945,0.001984,0.002022,0.001984,0.001984,0.001984,0.001907,0.002022,0.001984,0.001984,0.002060,0.001984,0.002022,0.001945,0.001984,0.001984,0.002022,0.001984,0.001984,0.001945,0.001945,0.001945,0.001907,0.001869,0.001907,0.001945,0.001945,0.001907,0.001984,0.001945,0.001907,0.001907,0.001907,0.001907,0.001945,0.001984,0.001907,0.001984,0.001984,0.002022,0.001984,0.002022,0.002060,0.002022,0.002060,0.002022,0.002022,0.002022,0.002098,0.002060,0.002060,0.002060,0.002060,0.002098,0.002022,0.002060,0.002060,0.002060,0.002060,0.002022,0.002060,0.002098,0.002060,0.002060,0.002022,0.002022,0.002022,0.002022,0.001907,0.001984,0.002022,0.001984,0.002022,0.001984,0.002022,0.001984,0.002022,0.002022,0.001984,0.001984,0.001907,0.001869,0.001945,0.001907,0.001984,0.001907,0.001907,0.001945,0.001907,0.001907,0.001869,0.001907,0.001984,0.001907,0.001945,0.001984,0.002022,0.001945,0.001907,0.001984,0.001907,0.001984,0.002022,0.002022,0.002022,0.001984,0.002098,0.002098,0.002060,0.002098,0.002060,0.002022,0.002060,0.002060,0.002060,0.002098,0.002060,0.002022,0.002060,0.002060,0.002060,0.002098,0.002098,0.002098,0.002060,0.002022,0.002022,0.001984,0.002098,0.002098,0.002022,0.002022,0.002022,0.002060,0.002022,0.002022,0.002060,0.002060,0.002060,0.002060,0.002060,0.002022,0.002060,0.002060,0.002060,0.002098,0.002060,0.002098,0.002098,0.002098,0.002098,0.002022,0.002098,0.002098,0.002174,0.002098,0.002136,0.002098,0.002098,0.002136,0.002098,0.002098,0.002098,0.002213,0.002174,0.002136,0.002213,0.002174,0.002136,0.002251,0.002213,0.002251,0.002136,0.002174,0.002213,0.002174,0.002174,0.002213,0.002213,0.002289,0.002213,0.002213,0.002213,0.002251,0.002251,0.002213,0.002213,0.002213,0.002174,0.002174,0.002136,0.002174,0.002098,0.002098,0.002060,0.002098,0.002060,0.002060,0.002060,0.002060,0.002022,0.001984,0.001984,0.001945,0.001945,0.001945,0.001945,0.001984,0.001945,0.001984,0.001907,0.001945,0.001945,0.001907,0.001945,0.001869,0.001945,0.001984,0.001907,0.001907,0.001907,0.001869,0.001945,0.001907,0.001984,0.001907,0.001945,0.001945,0.001945,0.001945,0.001945,0.001945,0.001945,0.001907,0.001945,0.001945,0.001907,0.001984,0.002022,0.001984,0.001945,0.001907,0.001907,0.001945,0.001945,0.001984,0.001984,0.001945,0.002022,0.001984,0.001984,0.001945,0.001984,0.001984,0.002060,0.001984,0.001945,0.001984,0.002060,0.002022,0.002060,0.001984,0.002022,0.002022,0.001984,0.001984,0.002022,0.002098,0.002022,0.002022,0.002098,0.002060,0.002022,0.002060,0.002098,0.002098,0.002098,0.002098,0.002136,0.002213,0.002098,0.002098,0.002136,0.002136,0.002136,0.002174,0.002174,0.002136,0.002098,0.002098,0.002098,0.002136,0.002098,0.002098,0.002060,0.002098,0.002060,0.001984,0.001984,0.001984,0.001984,0.001945,0.001831,0.001869,0.001831,0.001831,0.001793,0.001755,0.001831,0.001793,0.001717,0.001755,0.001678,0.001755,0.001755,0.001755,0.001831,0.001793,0.001831,0.001793,0.001869,0.001831,0.001869,0.001945,0.001945,0.001907,0.001869,0.001869,0.001907,0.001907,0.001945,0.001907,0.001984,0.001907,0.001907,0.001945,0.001907,0.001869,0.001869,0.001907,0.001831,0.001831,0.001869,0.001869,0.001831,0.001755,0.001793,0.001793,0.001755,0.001793,0.001793,0.001755,0.001793,0.001755,0.001793,0.001793,0.001793,0.001793,0.001793,0.001831,0.001907,0.001869,0.001869,0.001945,0.002022,0.001984,0.001984,0.002022,0.002098,0.002060,0.002136,0.002098,0.002098,0.002174,0.002174,0.002251,0.002213,0.002174,0.002251,0.002213,0.002251,0.002251,0.002289,0.002365,0.002289,0.002327,0.002327,0.002327,0.002327,0.002365,0.002441,0.002403,0.002403,0.002365,0.002441,0.002441,0.002441,0.002441,0.002518,0.002518,0.002403,0.002441,0.002518,0.002480,0.002441,0.002441,0.002518,0.002480,0.002480,0.002480,0.002441,0.002480,0.002403,0.002403,0.002403,0.002327,0.002403,0.002365,0.002327,0.002327,0.002327,0.002289,0.002251,0.002251,0.002213,0.002213,0.002174,0.002174,0.002136,0.002098,0.002098,0.002136,0.002060,0.002098,0.002098,0.002098,0.002098,0.002098,0.002098,0.002060,0.002022,0.002022,0.002060,0.002060,0.002060,0.002098,0.002098,0.002060,0.002060,0.001984,0.002022,0.002060,0.002060,0.001984,0.002022,0.002022,0.002022,0.001984,0.001945,0.001984,0.001984,0.001945,0.001984,0.001984,0.001945,0.001907,0.001907,0.001907,0.001907,0.001869,0.001831,0.001831,0.001869,0.001869,0.001831,0.001831,0.001831,0.001831,0.001831,0.001869,0.001869,0.001869,0.001831,0.001793,0.001793,0.001831,0.001869,0.001869,0.001831,0.001907,0.001869,0.001945,0.001907,0.001907,0.001907,0.001945,0.001945,0.001945,0.001984,0.001984,0.001984,0.002022,0.001984,0.002022,0.001984,0.002022,0.002060,0.001984,0.002022,0.001984,0.002060,0.001984,0.001984,0.001945,0.001945,0.001984,0.001945,0.001945,0.001945,0.001984,0.001984,0.001984,0.002022,0.002022,0.001984,0.002022,0.002060,0.002022,0.002022,0.001984,0.002022,0.002060,0.002022,0.002060,0.002060,0.002098,0.002060,0.002098,0.002098,0.002060,0.002136,0.002098,0.002098,0.002098,0.002098,0.002098,0.002136,0.002098,0.002098,0.002174,0.002098,0.002136,0.002098,0.002098,0.002098,0.002098,0.002098,0.002098,0.002136,0.002098,0.002098,0.002098,0.002136,0.002136,0.002136,0.002136,0.002098,0.002098,0.002136,0.002136,0.002174,0.002136,0.002098,0.002174,0.002136,0.002174,0.002174,0.002213,0.002174,0.002174,0.002213,0.002136,0.002174,0.002213,0.002136,0.002174,0.002213,0.002251,0.002213,0.002174,0.002098,0.002136,0.002136,0.002098,0.002136,0.002174,0.002174,0.002136,0.002098,0.002174,0.002174,0.002136,0.002098,0.002136,0.002136,0.002098,0.002174,0.002136,0.002136,0.002098,0.002136,0.002136,0.002174,0.002174,0.002098,0.002136,0.002136,0.002136,0.002174,0.002174,0.002174,0.002174,0.002174,0.002174,0.002174,0.002136,0.002098,0.002174,0.002098,0.002136,0.002174,0.002136,0.002136,0.002174,0.002136,0.002098,0.002136,0.002136,0.002174,0.002136,0.002098,0.002136,0.002136,0.002098,0.002136,0.002174,0.002060,0.002136,0.002136,0.002098,0.002136,0.002060,0.002060,0.002174,0.002136,0.002098,0.002136,0.002060,0.002098,0.002098,0.002060,0.002060,0.002060,0.002060,0.002098,0.002060,0.002060,0.002060,0.002060,0.002022,0.002022,0.002060,0.002098,0.002098,0.002098,0.002060,0.002060,0.002022,0.002022,0.002060,0.002022,0.002022,0.001984,0.002022,0.001984,0.002022,0.002022,0.001945,0.001984,0.002060,0.002022,0.002022,0.002060,0.002022,0.002060,0.002060,0.002098,0.002098,0.002060,0.002098,0.002098,0.002060,0.002136,0.002136,0.002174,0.002136,0.002174,0.002174,0.002174,0.002136,0.002136,0.002213,0.002174,0.002213,0.002213,0.002174,0.002251,0.002213,0.002174,0.002136,0.002213,0.002174,0.002213,0.002213,0.002174,0.002251,0.002213,0.002174,0.002213,0.002174,0.002174,0.002136,0.002136,0.002136,0.002174,0.002174,0.002136,0.002098,0.002136,0.002174,0.002136,0.002060,0.002022,0.002098,0.002098,0.002060,0.002022,0.002022,0.002022,0.002022,0.002022,0.001984,0.001945,0.001945,0.001984,0.001907,0.001945,0.001945,0.001945,0.001869,0.001869,0.001907,0.001907,0.001869,0.001831,0.001907,0.001869,0.001869,0.001907,0.001945,0.001907,0.001869,0.001907,0.001945,0.001984,0.001945,0.001945,0.001984,0.002022,0.002022,0.002022,0.002060,0.002022,0.002060,0.002060,0.002098,0.002060,0.002136,0.002060,0.002060,0.002136,0.002098,0.002174,0.002136,0.002174,0.002136,0.002098,0.002136,0.002098,0.002098,0.002098,0.002136,0.002098,0.002060,0.002098,0.002060,0.002060,0.002098,0.002022,0.002022,0.002098,0.002060,0.002022,0.002060,0.001984,0.002060,0.002022,0.001984,0.001984,0.002022,0.002022,0.002022,0.002060,0.002060,0.002060,0.002060,0.002022,0.002098,0.002022,0.002022,0.002022,0.002060,0.002060,0.002098,0.002060,0.002060,0.001984,0.002060,0.002022,0.002022,0.001984,0.001984,0.002060,0.001984,0.001945,0.001984,0.001984,0.001984,0.001984,0.001869,0.001907,0.001945,0.001945,0.001945,0.001945,0.001945,0.001984,0.001984,0.001984,0.002022,0.002022,0.001984,0.001984,0.002060,0.002060,0.002098,0.002060,0.002022,0.002136,0.002136,0.002136,0.002098,0.002098,0.002136,0.002098,0.002098,0.002136,0.002136,0.002060,0.002098,0.002098,0.002098,0.002136,0.002098,0.002098,0.002098,0.002060,0.002098,0.002098,0.002098,0.002098,0.002174,0.002136,0.002136,0.002174,0.002136,0.002098,0.002174,0.002098,0.002136,0.002098,0.002136,0.002136,0.002174,0.002213,0.002174,0.002136,0.002136,0.002098,0.002136,0.002136,0.002136,0.002098,0.002060,0.002098,0.002098,0.002060,0.002098,0.002098,0.002060,0.002022,0.002022,0.002060,0.002060,0.002060,0.002022,0.002060,0.002060,0.002060,0.001984,0.001984,0.002022,0.002022,0.001984,0.001984,0.001945,0.001945,0.001907,0.001945,0.001945,0.001945,0.001945,0.001945,0.001984,0.001984,0.001945,0.001945,0.001984,0.001984,0.001945,0.001945,0.001984,0.001945,0.001945,0.001945,0.001945,0.001907,0.001984,0.001945,0.001984,0.001984,0.001984,0.001984,0.001945,0.002022,0.002022,0.001945,0.001984,0.001984,0.002022,0.002022,0.002022,0.002060,0.002060,0.002098,0.002060,0.002060,0.002060,0.002060,0.002098,0.002060,0.002098,0.002022,0.002022,0.002098,0.002136,0.002060,0.002060,0.002022,0.002060,0.002022,0.002098,0.002098,0.002022,0.002060,0.002060,0.002060,0.002060,0.002060,0.002060,0.002098,0.002060,0.002060,0.002098,0.002060,0.002060,0.002098,0.002022,0.002060,0.002174,0.002060,0.002022,0.002022,0.002060,0.002060,0.002060,0.002022,0.002060,0.002022,0.001984,0.001945,0.001945,0.001945,0.001907,0.001907,0.001907,0.001869,0.001869,0.001907,0.001869,0.001831,0.001869,0.001869,0.001831,0.001869,0.001869,0.001831,0.001793,0.001831,0.001831,0.001869,0.001831,0.001831,0.001869,0.001907,0.001907,0.001869,0.001869,0.001907,0.001869,0.001907,0.001907,0.001907,0.001945,0.001984,0.001984,0.002060,0.002060,0.002022,0.002060,0.002060,0.002060,0.002060,0.002060,0.002098,0.002136,0.002098,0.002098,0.002136,0.002136,0.002022,0.002060,0.002098,0.002060,0.002060,0.002060,0.002098,0.002060,0.002098,0.002060,0.001984,0.002060,0.002098,0.002022,0.002022,0.002022,0.002060,0.001984,0.001984,0.002060,0.002060,0.002060,0.002022,0.002060,0.002060,0.002022,0.002060,0.002098,0.002098,0.002060,0.002098,0.002060,0.002098,0.002022,0.002060,0.002060,0.002098,0.002098,0.002060,0.002098,0.002098,0.002136,0.002174,0.002136,0.002136,0.002136,0.002136,0.002136,0.002136,0.002136,0.002174,0.002136,0.002174,0.002136,0.002098,0.002136,0.002136,0.002098,0.002060,0.002098,0.002098,0.002060,0.002060,0.002098,0.002098,0.002060,0.002060,0.002060,0.002098,0.002060,0.002060,0.002060,0.002060,0.002022,0.001984,0.002060,0.002022,0.001984,0.001984,0.001907,0.002022,0.001984,0.001945,0.002022,0.001907,0.001984,0.001984,0.001984,0.001907,0.001945,0.001945,0.001984,0.001984,0.001984,0.001945,0.001945,0.001984,0.002022,0.002022,0.002022,0.001945,0.002022,0.002060,0.002060,0.002060,0.002022,0.002022,0.001945,0.001945,0.001984,0.002022,0.001945,0.002022,0.002022,0.001984,0.001984,0.002022,0.001984,0.002022,0.001945,0.001984,0.001984,0.001984,0.002022,0.002022,0.002060,0.001945,0.002022,0.002022,0.001984,0.001984,0.001984,0.002022,0.002060,0.002022,0.002060,0.001984,0.002022,0.002022,0.002022,0.002060,0.002060,0.001984,0.002022,0.002022,0.002022,0.002022,0.002022,0.002022,0.002022,0.001984,0.002060,0.001984,0.002060,0.002060,0.002022,0.002022,0.002098,0.002060,0.002098,0.002060,0.002060,0.002060,0.002098,0.002136,0.002136,0.002136,0.002136,0.002174,0.002136,0.002174,0.002174,0.002174,0.002213,0.002174,0.002213,0.002174,0.002174,0.002213,0.002251,0.002213,0.002213,0.002251,0.002327,0.002251,0.002251,0.002251,0.002251,0.002289,0.002251,0.002136,0.002251,0.002213,0.002213,0.002213,0.002213,0.002174,0.002213,0.002136,0.002174,0.002213,0.002136,0.002136,0.002174,0.002174,0.002136,0.002174,0.002136,0.002060,0.002060,0.002022,0.002060,0.002022,0.002022,0.001984,0.001984,0.001945,0.001984,0.002060,0.001984,0.002022,0.002022,0.002022,0.002022,0.002022,0.001984,0.002022,0.002060,0.002060,0.002060,0.002098,0.001984,0.002022,0.002060,0.002060,0.002022,0.002022,0.002060,0.002022,0.002060,0.002060,0.002022,0.002022,0.002022,0.002060,0.002060,0.002098,0.002136,0.002098,0.002136,0.002136,0.002136,0.002213,0.002213,0.002174,0.002174,0.002213,0.002174,0.002213,0.002213,0.002251,0.002251,0.002174,0.002213,0.002213,0.002251,0.002174,0.002174,0.002213,0.002251,0.002213,0.002174,0.002213,0.002174,0.002136,0.002098,0.002098,0.002098,0.002098,0.002060,0.002022,0.002098,0.002022,0.002022,0.002060,0.002022,0.002022,0.002022,0.001984,0.002022,0.001984,0.001984,0.001945,0.001869,0.001945,0.002022,0.002022,0.001945,0.001984,0.002022,0.001945,0.001907,0.001945,0.002022,0.001984,0.002022,0.001945,0.001945,0.002022,0.001907,0.001907,0.001984,0.001984,0.001984,0.002022,0.002022,0.002022,0.002022,0.002098,0.002060,0.002098,0.002060,0.002136,0.002060,0.002098,0.002060,0.002098,0.002098,0.002174,0.002136,0.002174,0.002213,0.002213,0.002136,0.002136,0.002136,0.002098,0.002136,0.002136,0.002098,0.002022,0.002098,0.002022,0.002136,0.002022,0.001984,0.002022,0.001907,0.001984,0.001907,0.001945,0.001945,0.001945,0.001869,0.001907,0.001869,0.001945,0.001945,0.001945,0.001907,0.001945,0.001945,0.001945,0.001907,0.001907,0.001984,0.002060,0.002022,0.002022,0.002022,0.002022,0.002060,0.002022,0.002060,0.002060,0.002098,0.002213,0.002174,0.002174,0.002213,0.002213,0.002251,0.002251,0.002251,0.002327,0.002213,0.002289,0.002251,0.002174,0.002213,0.002289,0.002213,0.002251,0.002251,0.002251,0.002213,0.002213,0.002213,0.002213,0.002251,0.002251,0.002213,0.002213,0.002213,0.002174,0.002289,0.002174,0.002174,0.002213,0.002213,0.002251,0.002213,0.002174,0.002174,0.002213,0.002174,0.002213,0.002213,0.002213,0.002174,0.002174,0.002213,0.002174,0.002174,0.002174,0.002213,0.002174,0.002213,0.002136,0.002213,0.002174,0.002213,0.002213,0.002251,0.002251,0.002251,0.002174,0.002213,0.002251,0.002213,0.002174,0.002251,0.002174,0.002251,0.002251,0.002251,0.002174,0.002213,0.002251,0.002213,0.002213,0.002174,0.002213,0.002251,0.002174,0.002213,0.002136,0.002174,0.002136,0.002136,0.002213,0.002174,0.002213,0.002136,0.002213,0.002136,0.002098,0.002098,0.002136,0.002174,0.002136,0.002174,0.002060,0.002174,0.002136,0.002098,0.002060,0.002060,0.002060,0.002022,0.001984,0.002060,0.002060,0.002098,0.002022,0.002022,0.001984,0.001984,0.001984,0.001945,0.001984,0.001907,0.001869,0.001869,0.001869,0.001869,0.001869,0.001831,0.001831,0.001869,0.001869,0.001869,0.001831,0.001793,0.001793,0.001831,0.001869,0.001869,0.001793,0.001869,0.001869,0.001869,0.001907,0.001869,0.001945,0.001869,0.001907,0.001945,0.001945,0.001984,0.001984,0.001984,0.002022,0.002022,0.002022,0.002022,0.002022,0.002022,0.001984,0.002022,0.001945,0.001984,0.002060,0.002098,0.002060,0.002022,0.002022,0.001945,0.002060,0.002098,0.002060,0.002136,0.002098,0.002060,0.002098,0.002098,0.002098,0.002136,0.002098,0.002174,0.002251,0.002213,0.002174,0.002174,0.002136,0.002174,0.002213,0.002251,0.002174,0.002174,0.002174,0.002174,0.002174,0.002213,0.002136,0.002136,0.002174,0.002098,0.002060,0.002136,0.002136,0.002060,0.002060,0.002098,0.002022,0.001984,0.001984,0.002022,0.002022,0.001984,0.002060,0.001984,0.001907,0.001945,0.001945,0.001945,0.001907,0.001984,0.001945,0.001907,0.001984,0.001945,0.001945,0.001907,0.001907,0.001869,0.001907,0.001945,0.001945,0.001945,0.001907,0.001907,0.001945,0.001907,0.001945,0.001945,0.001945,0.001907,0.001907,0.001907,0.001869,0.001945,0.001945,0.001907,0.001907,0.001907,0.001907,0.001907,0.001945,0.001869,0.001945,0.001945,0.001945,0.001984,0.001945,0.001984,0.001984,0.002022,0.001984,0.002022,0.002022,0.002060,0.002060,0.002098,0.002098,0.002098,0.002060,0.002060,0.002098,0.002174,0.002136,0.002136,0.002098,0.002098,0.002098,0.002060,0.002098,0.002098,0.002098,0.002098,0.002136,0.002098,0.002098,0.002060,0.002136,0.002098,0.002060,0.002022,0.002098,0.002060,0.002098,0.002060,0.002098,0.002098,0.002060,0.002136,0.002098,0.002098,0.002098,0.002098,0.002136,0.002098,0.002136,0.002098,0.002136,0.002136,0.002136,0.002136,0.002060,0.002174,0.002098,0.002060,0.002060,0.002022,0.002060,0.002022,0.002060,0.001984,0.002022,0.002060,0.001984,0.001945,0.001984,0.001945,0.001907,0.001945,0.001945,0.001907,0.001984,0.001945,0.001907,0.001907,0.001945,0.001945,0.001907,0.001945,0.001907,0.001907,0.001945,0.001907,0.001984,0.001984,0.001984,0.001945,0.001945,0.001945,0.001984,0.001984,0.001984,0.002060,0.002022,0.001984,0.001984
24,19:00:00.000,12/31/1903,0.000000,0.100000,UNKNOWN,1,0/0,0.000000,0.000000,0.000000,0.000000,0.000000,0.000000,0.000000,0.000000,0,0,0,0,0.002136,0.002174,0.002213,0.002098,0.002174,0.002174,0.002174,0.002174,0.002136,0.002098,0.002136,0.002136,0.002136,0.002098,0.002098,0.002098,0.002136,0.002136,0.002060,0.002136,0.002098,0.002136,0.002098,0.002098,0.002136,0.002060,0.002098,0.002136,0.002060,0.002098,0.002098,0.002136,0.002060,0.002060,0.002098,0.002098,0.002098,0.002060,0.002098,0.002060,0.002060,0.002060,0.002022,0.002022,0.002060,0.002098,0.002060,0.002022,0.002022,0.002060,0.002060,0.002022,0.001984,0.002060,0.002022,0.002060,0.002022,0.001945,0.002022,0.002022,0.002022,0.002022,0.002022,0.001984,0.001984,0.001984,0.001945,0.001945,0.002022,0.001984,0.001984,0.002022,0.001984,0.001984,0.001907,0.002022,0.001984,0.001984,0.001984,0.001984,0.002022,0.001984,0.002022,0.001984,0.001945,0.001984,0.002022,0.002022,0.001984,0.001984,0.001984,0.001945,0.002022,0.002022,0.001984,0.002022,0.001984,0.001984,0.001984,0.002022,0.001984,0.001984,0.002022,0.001984,0.002022,0.002022,0.001945,0.001984,0.001984,0.001984,0.001984,0.002060,0.002060,0.002022,0.001984,0.001984,0.001984,0.002022,0.002022,0.001984,0.001945,0.002060,0.002098,0.001984,0.002022,0.002022,0.001945,0.002022,0.002022,0.002060,0.002022,0.002098,0.002060,0.002060,0.002022,0.002022,0.002022,0.001984,0.002022,0.002060,0.002022,0.002022,0.002060,0.001984,0.002022,0.002022,0.002022,0.001984,0.002022,0.002060,0.002060,0.002060,0.001984,0.002022,0.002022,0.002060,0.002098,0.002060,0.002060,0.002022,0.002022,0.002060,0.002022,0.002098,0.002098,0.002060,0.002136,0.002098,0.002060,0.002098,0.002098,0.002098,0.002060,0.002098,0.002060,0.002060,0.002098,0.002098,0.002060,0.002098,0.002136,0.002060,0.002060,0.002136,0.002060,0.002098,0.002060,0.002022,0.002098,0.002060,0.002098,0.002060,0.002098,0.002098,0.002098,0.002098,0.002098,0.002022,0.002098,0.002022,0.002098,0.002022,0.002022,0.002060,0.002022,0.002098,0.001984,0.002098,0.002060,0.002098,0.002136,0.002098,0.002098,0.002098,0.002060,0.002136,0.002098,0.002136,0.002060,0.002060,0.002098,0.002098,0.002060,0.002098,0.002136,0.002098,0.002136,0.002098,0.002098,0.002174,0.002136,0.002136,0.002136,0.002136,0.002098,0.002098,0.002174,0.002098,0.002136,0.002174,0.002098,0.002060,0.002136,0.002098,0.002060,0.002098,0.002136,0.002098,0.002060,0.002098,0.002098,0.002060,0.002098,0.002098,0.002136,0.002098,0.002098,0.002098,0.002060,0.002098,0.002022,0.002060,0.002098,0.002060,0.002098,0.002098,0.002098,0.002022,0.002060,0.002098,0.002060,0.002098,0.002060,0.002060,0.002022,0.002022,0.002060,0.002060,0.002060,0.002022,0.002022,0.002022,0.002022,0.002060,0.002022,0.002022,0.002022,0.001984,0.002060,0.001984,0.002060,0.001984,0.001945,0.002022,0.002022,0.002022,0.002022,0.001984,0.002022,0.002022,0.001984,0.002022,0.001984,0.002022,0.002022,0.001984,0.001945,0.001984,0.001984,0.001945,0.001984,0.001945,0.001984,0.001945,0.001945,0.002022,0.001984,0.002022,0.002022,0.001984,0.001984,0.002022,0.001984,0.002022,0.001984,0.002022,0.002022,0.001984,0.002022,0.002022,0.001945,0.001984,0.002022,0.001945,0.002022,0.001984,0.001984,0.001984,0.001984,0.002022,0.001907,0.002022,0.001984,0.002022,0.002022,0.001984,0.002022,0.001984,0.001984,0.002022,0.002060,0.002022,0.002022,0.002022,0.002060,0.002022,0.002098,0.002022,0.001984,0.002060,0.002022,0.002022,0.002060,0.002022,0.002022,0.002022,0.002022,0.001984,0.002022,0.001984,0.001984,0.002060,0.001945,0.002022,0.002022,0.002022,0.001984,0.001984,0.001984,0.002022,0.002022,0.002060,0.002022,0.002022,0.002022,0.002060,0.002060,0.001984,0.002060,0.002060,0.002060,0.002098,0.002022,0.002060,0.002060,0.002098,0.002060,0.002060,0.002060,0.002022,0.002060,0.002098,0.002022,0.002022,0.002060,0.002136,0.002098,0.002060,0.002136,0.002098,0.002136,0.002136,0.002098,0.002098,0.002098,0.002136,0.002060,0.002060,0.002136,0.002136,0.002136,0.002098,0.002098,0.002136,0.002136,0.002136,0.002136,0.002174,0.002136,0.002098,0.002098,0.002098,0.002098,0.002098,0.002136,0.002098,0.002098,0.002136,0.002060,0.002098,0.002098,0.002098,0.002060,0.002098,0.002098,0.002136,0.002098,0.002098,0.002060,0.002098,0.002098,0.002022,0.002098,0.002022,0.002060,0.002060,0.002098,0.002060,0.002022,0.002098,0.001984,0.002022,0.002022,0.001984,0.001984,0.002022,0.002060,0.002022,0.001945,0.001945,0.001945,0.002060,0.001984,0.001984,0.001984,0.001945,0.001984,0.001984,0.001984,0.002022,0.002022,0.002060,0.001984,0.001984,0.001907,0.001945,0.001945,0.001907,0.001984,0.002022,0.001945,0.001945,0.001984,0.001984,0.001945,0.001984,0.001984,0.001945,0.001907,0.001945,0.001945,0.001907,0.001945,0.001984,0.001984,0.002022,0.001984,0.001945,0.002022,0.001984,0.001945,0.001984,0.001984,0.002022,0.002022,0.001984,0.001984,0.001984,0.001945,0.001945,0.001984,0.001984,0.001907,0.001984,0.001945,0.001984,0.001945,0.001945,0.001945,0.001984,0.001984,0.001984,0.001984,0.002022,0.001984,0.002022,0.001984,0.002022,0.002022,0.002022,0.002022,0.001984,0.002060,0.002098,0.002022,0.002060,0.002022,0.001984,0.002060,0.002022,0.002022,0.002022,0.002022,0.002022,0.002060,0.002098,0.002060,0.002136,0.002136,0.002060,0.002136,0.002098,0.002136,0.001984,0.002060,0.002136,0.002060,0.002136,0.002098,0.002098,0.002098,0.002098,0.002136,0.002098,0.002136,0.002136,0.002060,0.002136,0.002136,0.002136,0.002136,0.002136,0.002060,0.002060,0.002098,0.002060,0.002098,0.002136,0.002098,0.002098,0.002098,0.002098,0.002060,0.002022,0.002060,0.002060,0.002098,0.002022,0.002022,0.002060,0.002060,0.001984,0.002022,0.002022,0.002022,0.002022,0.001984,0.002060,0.001984,0.002022,0.001984,0.002022,0.001984,0.002022,0.001984,0.001984,0.002022,0.002060,0.002022,0.002022,0.001984,0.001984,0.001945,0.002022,0.002022,0.002022,0.001984,0.002022,0.002098,0.001984,0.001984,0.002022,0.002022,0.002022,0.002022,0.002022,0.002022,0.001984,0.001984,0.001945,0.001984,0.001984,0.001945,0.001984,0.002022,0.001945,0.001984,0.001984,0.001984,0.001984,0.001945,0.001984,0.002022,0.002022,0.002060,0.002022,0.002022,0.002022,0.001984,0.002022,0.001984,0.001984,0.001907,0.001984,0.002022,0.002022,0.001984,0.001984,0.001984,0.001945,0.002022,0.001907,0.001984,0.001984,0.002022,0.002022,0.001945,0.001984,0.001984,0.001945,0.002022,0.002022,0.001984,0.001945,0.001984,0.001984,0.001945,0.002022,0.001945,0.001945,0.001945,0.001907,0.001869,0.001907,0.001907,0.001907,0.001869,0.001907,0.001869,0.001907,0.001869,0.001831,0.001831,0.001755,0.001755,0.001755,0.001678,0.001755,0.001678,0.001640,0.001602,0.001602,0.001564,0.001564,0.001488,0.001526,0.001450,0.001488,0.001411,0.001373,0.001450,0.001450,0.001450,0.001450,0.001450,0.001526,0.001564,0.001640,0.001678,0.001831,0.002022,0.002174,0.002365,0.002594,0.002785,0.003014,0.003281,0.003624,0.003929,0.004272,0.004578,0.004997,0.005302,0.005722,0.006027,0.006409,0.006714,0.006943,0.007133,0.007324,0.007477,0.007477,0.007401,0.007248,0.007019,0.006676,0.006256,0.005875,0.005379,0.004845,0.004196,0.003586,0.003014,0.002441,0.001869,0.001259,0.000687,0.000114,-0.000458,-0.001030,-0.001717,-0.002327,-0.002937,-0.003510,-0.004082,-0.004463,-0.004883,-0.005150,-0.005379,-0.005455,-0.005379,-0.005188,-0.004959,-0.004730,-0.004349,-0.003891,-0.003357,-0.002861,-0.002403,-0.001869,-0.001335,-0.000839,-0.000381,0.000000,0.000420,0.000763,0.001030,0.001373,0.001602,0.001831,0.002022,0.002136,0.002251,0.002289,0.002365,0.002480,0.002518,0.002632,0.002708,0.002747,0.002861,0.002861,0.002975,0.003014,0.003090,0.003166,0.003166,0.003242,0.003281,0.003319,0.003471,0.003586,0.003662,0.003815,0.003929,0.004005,0.004082,0.004272,0.004425,0.004539,0.004578,0.004654,0.004654,0.004692,0.004730,0.004654,0.004654,0.004616,0.004578,0.004463,0.004425,0.004349,0.004272,0.004120,0.004005,0.003853,0.003738,0.003624,0.003471,0.003395,0.003242,0.003128,0.003052,0.002861,0.002747,0.002670,0.002594,0.002518,0.002365,0.002289,0.002213,0.002136,0.002098,0.002060,0.002022,0.001945,0.001869,0.001869,0.001869,0.001793,0.001755,0.001717,0.001755,0.001755,0.001755,0.001755,0.001793,0.001793,0.001831,0.001869,0.001907,0.001907,0.001984,0.002022,0.001945,0.002022,0.002060,0.002022,0.001984,0.001945,0.001945,0.001869,0.001869,0.001831,0.001755,0.001755,0.001793,0.001717,0.001755,0.001717,0.001717,0.001678,0.001717,0.001678,0.001640,0.001564,0.001602,0.001564,0.001488,0.001450,0.001450,0.001411,0.001411,0.001411,0.001411,0.001411,0.001450,0.001526,0.001564,0.001602,0.001640,0.001755,0.001831,0.001831,0.001831,0.001907,0.001869,0.001907,0.001869,0.001869,0.001831,0.001793,0.001755,0.001831,0.001755,0.001793,0.001831,0.001793,0.001869,0.001869,0.001907,0.001907,0.001869,0.001907,0.001945,0.001984,0.001907,0.001869,0.001869,0.001869,0.001907,0.001831,0.001831,0.001831,0.001831,0.001793,0.001793,0.001869,0.001831,0.001869,0.001945,0.001984,0.002060,0.002136,0.002136,0.002251,0.002289,0.002365,0.002403,0.002441,0.002556,0.002594,0.002594,0.002632,0.002556,0.002518,0.002518,0.002403,0.002403,0.002289,0.002251,0.002174,0.002136,0.002060,0.001984,0.001907,0.001869,0.001831,0.001793,0.001869,0.001831,0.001831,0.001793,0.001831,0.001869,0.001831,0.001869,0.001869,0.001869,0.001831,0.001793,0.001793,0.001755,0.001678,0.001602,0.001564,0.001602,0.001488,0.001450,0.001411,0.001373,0.001411,0.001411,0.001335,0.001373,0.001335,0.001335,0.001297,0.001335,0.001373,0.001373,0.001335,0.001335,0.001373,0.001411,0.001488,0.001526,0.001564,0.001602,0.001678,0.001678,0.001793,0.001831,0.001907,0.002060,0.002136,0.002213,0.002251,0.002289,0.002365,0.002441,0.002556,0.002632,0.002632,0.002670,0.002670,0.002747,0.002747,0.002785,0.002747,0.002708,0.002747,0.002708,0.002708,0.002632,0.002670,0.002670,0.002670,0.002670,0.002632,0.002556,0.002556,0.002594,0.002556,0.002556,0.002594,0.002556,0.002594,0.002556,0.002480,0.002441,0.002403,0.002365,0.002327,0.002251,0.002251,0.002213,0.002136,0.002136,0.002174,0.002098,0.002098,0.002098,0.002060,0.002098,0.002136,0.002060,0.002136,0.002098,0.002136,0.002060,0.002060,0.002136,0.002098,0.002098,0.002098,0.002060,0.002060,0.002022,0.002022,0.002098,0.002022,0.002060,0.002098,0.002022,0.002098,0.002136,0.002136,0.002213,0.002251,0.002251,0.002289,0.002403,0.002441,0.002441,0.002518,0.002518,0.002556,0.002594,0.002594,0.002556,0.002594,0.002594,0.002556,0.002518,0.002441,0.002327,0.002289,0.002251,0.002174,0.002098,0.002060,0.001945,0.001869,0.001831,0.001793,0.001717,0.001678,0.001717,0.001755,0.001717,0.001640,0.001640,0.001678,0.001717,0.001755,0.001831,0.001869,0.001831,0.001869,0.001945,0.002022,0.002098,0.002060,0.002060,0.002136,0.002174,0.002174,0.002174,0.002136,0.002022,0.002060,0.002060,0.002022,0.001984,0.001945,0.001945,0.001945,0.001869,0.001793,0.001793,0.001755,0.001793,0.001717,0.001678,0.001678,0.001640,0.001640,0.001602,0.001602,0.001564,0.001526,0.001526,0.001526,0.001564,0.001564,0.001564,0.001602,0.001564,0.001602,0.001640,0.001640,0.001640,0.001755,0.001717,0.001755,0.001755,0.001831,0.001907,0.001907,0.001907,0.001869,0.001945,0.001984,0.002022,0.002022,0.002022,0.002098,0.002098,0.002022,0.002098,0.002136,0.002060,0.002136,0.002136,0.002136,0.002098,0.002136,0.002136,0.002174,0.002213,0.002213,0.002213,0.002136,0.002136,0.002174,0.002174,0.002136,0.002213,0.002098,0.002098,0.002098,0.002136,0.002098,0.002060,0.002098,0.002174,0.002213,0.002136,0.002098,0.002136,0.002174,0.002136,0.002136,0.002136,0.002174,0.002174,0.002174,0.002174,0.002174,0.002136,0.002136,0.002136,0.002098,0.002098,0.002098,0.002098,0.002022,0.002022,0.001984,0.001984,0.001945,0.001945,0.001907,0.001869,0.001831,0.001793,0.001755,0.001717,0.001793,0.001717,0.001678,0.001678,0.001717,0.001640,0.001640,0.001717,0.001678,0.001602,0.001602,0.001602,0.001640,0.001640,0.001640,0.001717,0.001678,0.001717,0.001755,0.001793,0.001793,0.001869,0.001907,0.001984,0.002022,0.002022,0.002060,0.002098,0.002136,0.002213,0.002251,0.002251,0.002327,0.002327,0.002365,0.002365,0.002365,0.002480,0.002365,0.002403,0.002441,0.002441,0.002480,0.002441,0.002518,0.002480,0.002480,0.002441,0.002441,0.002441,0.002480,0.002441,0.002480,0.002480,0.002518,0.002480,0.002480,0.002480,0.002441,0.002403,0.002365,0.002365,0.002289,0.002289,0.002251,0.002213,0.002213,0.002098,0.002098,0.002098,0.002060,0.002022,0.002060,0.001945,0.001984,0.001945,0.001945,0.001945,0.001945,0.001945,0.001984,0.001984,0.001945,0.001984,0.001984,0.002098,0.002136,0.002098,0.002213,0.002213,0.002213,0.002251,0.002251,0.002289,0.002327,0.002251,0.002251,0.002289,0.002327,0.002289,0.002213,0.002213,0.002213,0.002174,0.002174,0.002136,0.002098,0.002060,0.002022,0.001984,0.001984,0.001945,0.001907,0.001907,0.001869,0.001869,0.001793,0.001831,0.001755,0.001755,0.001793,0.001717,0.001717,0.001717,0.001717,0.001793,0.001717,0.001678,0.001678,0.001717,0.001678,0.001640,0.001717,0.001717,0.001678,0.001678,0.001755,0.001717,0.001717,0.001717,0.001717,0.001717,0.001755,0.001755,0.001717,0.001678,0.001717,0.001755,0.001755,0.001755,0.001755,0.001755,0.001831,0.001831,0.001869,0.001831,0.001907,0.001945,0.001945,0.001984,0.001945,0.002022,0.002060,0.002060,0.002213,0.002174,0.002174,0.002213,0.002213,0.002136,0.002213,0.002251,0.002251,0.002289,0.002251,0.002251,0.002327,0.002213,0.002251,0.002213,0.002251,0.002213,0.002174,0.002136,0.002136,0.002136,0.002136,0.002136,0.002098,0.002060,0.002060,0.002060,0.002022,0.002022,0.002098,0.002060,0.002060,0.002060,0.002022,0.002060,0.002022,0.002098,0.002136,0.002098,0.002060,0.001984,0.002060,0.002060,0.002060,0.002060,0.002060,0.002060,0.002060,0.002098,0.002060,0.002022,0.002098,0.002060,0.002136,0.002098,0.002098,0.002098,0.002098,0.002136,0.002136,0.002060,0.002136,0.002098,0.002174,0.002136,0.002174,0.002136,0.002098,0.002136,0.002098,0.002136,0.002060,0.002098,0.002098,0.002060,0.002022,0.002022,0.002022,0.002060,0.002060,0.001984,0.001945,0.001945,0.001984,0.001984,0.002022,0.001945,0.001984,0.001984,0.001945,0.001984,0.001945,0.002022,0.002060,0.002022,0.002022,0.002022,0.002022,0.002022,0.002022,0.002022,0.002060,0.002098,0.002098,0.002098,0.002174,0.002136,0.002174,0.002174,0.002174,0.002136,0.002174,0.002174,0.002174,0.002174,0.002136,0.002098,0.002098,0.002098,0.002060,0.001984,0.001984,0.002022,0.001984,0.001945,0.001907,0.001869,0.001907,0.001907,0.001869,0.001831,0.001831,0.001831,0.001869,0.001869,0.001831,0.001869,0.001869,0.001869,0.001945,0.001945,0.001945,0.001984,0.001984,0.001984,0.002022,0.002060,0.001984,0.001984,0.002098,0.002022,0.002060,0.002022,0.002022,0.002098,0.002060,0.002022,0.002060,0.002022,0.002022,0.002022,0.002022,0.002022,0.001984,0.002022,0.001984,0.002022,0.001984,0.001984,0.002022,0.001907,0.001984,0.001945,0.001907,0.001831,0.001869,0.001907,0.001907,0.001907,0.001907,0.001907,0.001907,0.001869,0.001869,0.001907,0.001945,0.001907,0.001984,0.002022,0.001945,0.001984,0.002060,0.002022,0.002022,0.002060,0.002060,0.002060,0.002098,0.002136,0.002136,0.002136,0.002098,0.002174,0.002213,0.002213,0.002213,0.002213,0.002213,0.002289,0.002213,0.002289,0.002327,0.002289,0.002289,0.002251,0.002289,0.002289,0.002289,0.002251,0.002251,0.002251,0.002213,0.002251,0.002213,0.002174,0.002213,0.002174,0.002174,0.002174,0.002136,0.002136,0.002136,0.002136,0.002136,0.002098,0.002098,0.002060,0.002098,0.002098,0.002022,0.002022,0.001984,0.001984,0.002022,0.001984,0.002022,0.002022,0.002022,0.002022,0.002060,0.002022,0.002022,0.002098,0.002098,0.002136,0.002174,0.002136,0.002289,0.002327,0.002327,0.002327,0.002403,0.002441,0.002480,0.002518,0.002594,0.002632,0.002632,0.002632,0.002670,0.002670,0.002632,0.002632,0.002708,0.002670,0.002594,0.002632,0.002632,0.002594,0.002556,0.002518,0.002480,0.002441,0.002403,0.002403,0.002365,0.002289,0.002251,0.002213,0.002174,0.002136,0.002174,0.002060,0.002022,0.001945,0.001869,0.001831,0.001678,0.001640,0.001526,0.001373,0.001335,0.001259,0.001106,0.001068,0.000954,0.000992,0.000916,0.000916,0.000877,0.000877,0.000877,0.000877,0.000992,0.001030,0.001106,0.001183,0.001297,0.001373,0.001450,0.001526,0.001678,0.001678,0.001831,0.001869,0.001984,0.002098,0.002098,0.002213,0.002213,0.002213,0.002289,0.002327,0.002365,0.002365,0.002327,0.002327,0.002327,0.002289,0.002289,0.002289,0.002251,0.002251,0.002251,0.002174,0.002136,0.002136,0.002136,0.002136,0.002098,0.002136,0.002136,0.002098,0.002174,0.002174,0.002251,0.002289,0.002327,0.002403,0.002365,0.002480,0.002441,0.002480,0.002518,0.002441,0.002556,0.002480,0.002480,0.002441,0.002403,0.002480,0.002441,0.002403,0.002365,0.002365,0.002365,0.002289,0.002251,0.002213,0.002174,0.002098,0.002060,0.002098,0.002098,0.001984,0.001945,0.001945,0.001945,0.001945,0.001907,0.001945,0.001907,0.001907,0.001907,0.001984,0.001907,0.001907,0.001869,0.001907,0.001907,0.001907,0.001907,0.001984,0.001945,0.001984,0.001945,0.001945,0.001945,0.001945,0.001984,0.001984,0.001945,0.001984,0.001945,0.001984,0.001984,0.001907,0.001907,0.001984,0.001945,0.001945,0.001945,0.001945,0.001945,0.001907,0.001945,0.001907,0.001984,0.002022,0.001984,0.001984,0.002022,0.002022,0.001945,0.002022,0.001984,0.002060,0.002022,0.002022,0.002060,0.002098,0.002098,0.002060,0.002136,0.002213,0.002213,0.002213,0.002213,0.002289,0.002251,0.002251,0.002327,0.002251,0.002327,0.002365,0.002365,0.002289,0.002327,0.002403,0.002365,0.002289,0.002327,0.002327,0.002327,0.002251,0.002213,0.002251,0.002213,0.002251,0.002251,0.002174,0.002174,0.002174,0.002174,0.002136,0.002136,0.002098,0.002060,0.002098,0.002060,0.002060,0.002022,0.002022,0.002098,0.002098,0.002060,0.002022,0.002022,0.002136,0.002098,0.002098,0.002098,0.002098,0.002136,0.002098,0.002136,0.002136,0.002213,0.002174,0.002174,0.002251,0.002251,0.002251,0.002213,0.002251,0.002289,0.002289,0.002289,0.002327,0.002327,0.002365,0.002327,0.002327,0.002289,0.002365,0.002365,0.002327,0.002327,0.002289,0.002251,0.002213,0.002213,0.002174,0.002136,0.002174,0.002136,0.002022,0.002022,0.001945,0.001984,0.001945,0.001907,0.001907,0.001869,0.001907,0.001869,0.001831,0.001907,0.001793,0.001793,0.001831,0.001755,0.001831,0.001869,0.001831,0.001793,0.001717,0.001717,0.001717,0.001793,0.001755,0.001755,0.001793,0.001793,0.001793,0.001793,0.001831,0.001869,0.001793,0.001831,0.001793,0.001907,0.001869,0.001907,0.001907,0.001869,0.001945,0.001945,0.001945,0.001984,0.001984,0.002022,0.002022,0.002060,0.002022,0.002022,0.002022,0.002060,0.002098,0.002136,0.002136,0.002174,0.002174,0.002136,0.002136,0.002098,0.002174,0.002098,0.002174,0.002136,0.002136,0.002098,0.002098,0.002098,0.002060,0.002060,0.002060,0.002060,0.002060,0.002060,0.002060,0.002060,0.001984,0.002060,0.002022,0.002136,0.002136,0.002098,0.002098,0.002060,0.002136,0.002060,0.002098,0.002174,0.002136,0.002136,0.002098,0.002060,0.002098,0.002098,0.002098,0.002098,0.002022,0.001984,0.001984,0.002060,0.001984,0.001907,0.001945,0.001869,0.001869,0.001907,0.001831,0.001869,0.001869,0.001869,0.001793,0.001831,0.001831,0.001869,0.001831,0.001793,0.001831,0.001907,0.001869,0.001984,0.001907,0.001984,0.001945,0.001907,0.001907,0.001984,0.001984,0.001945,0.001984,0.002022,0.001984,0.002060,0.002060,0.002060,0.002060,0.002060,0.002136,0.002022,0.002022,0.002060,0.002060,0.002098,0.002022,0.002060,0.002060,0.002022,0.002022,0.001984,0.002022,0.001984,0.001984,0.001984,0.001984,0.002060,0.002022,0.002060,0.002022,0.002098,0.002098,0.002098,0.002136,0.002174,0.002136,0.002213,0.002174,0.002213,0.002174,0.002213,0.002213,0.002213,0.002251,0.002213,0.002251,0.002289,0.002289,0.002251,0.002251,0.002174,0.002213,0.002174,0.002174,0.002174,0.002136,0.002136,0.002136,0.002174,0.002136,0.002136,0.002060,0.002060,0.002136,0.002060,0.002022,0.002060,0.002022,0.002060,0.001984,0.001984,0.002022,0.002022,0.002060,0.002022,0.002060,0.002060,0.002136,0.002098,0.002098,0.002136,0.002060,0.002174,0.002136,0.002098,0.002213,0.002174,0.002174,0.002213,0.002213,0.002251,0.002213,0.002289,0.002251,0.002213,0.002289,0.002251,0.002251,0.002251,0.002251,0.002251,0.002251,0.002213,0.002136,0.002213,0.002136,0.002060,0.002098,0.002098,0.002098,0.002060,0.002060,0.002022,0.001984,0.001984,0.001984,0.001945,0.001907,0.001907,0.001907,0.001831,0.001831,0.001869,0.001755,0.001755,0.001755,0.001717,0.001678,0.001640,0.001678,0.001678,0.001640,0.001678,0.001602,0.001678,0.001640,0.001678,0.001564,0.001602,0.001678,0.001640,0.001678,0.001678,0.001678,0.001717,0.001678,0.001678,0.001640,0.001640,0.001678,0.001717,0.001717,0.001678,0.001717,0.001717,0.001678,0.001717,0.001793,0.001755,0.001755,0.001831,0.001793,0.001831,0.001869,0.001869,0.001869,0.001945,0.001945,0.001945,0.001945,0.001984,0.002098,0.002098,0.002098,0.002098,0.002136,0.002174,0.002174,0.002213,0.002213,0.002251,0.002289,0.002251,0.002327,0.002327,0.002289,0.002327,0.002251,0.002327,0.002327,0.002365,0.002327,0.002365,0.002365,0.002289,0.002289,0.002251,0.002251,0.002289,0.002251,0.002251,0.002174,0.002174,0.002174,0.002136,0.002174,0.002136,0.002136,0.002136,0.002022,0.002098,0.002060,0.002098,0.002060,0.002022,0.002060,0.002022,0.001984,0.001984,0.002022,0.002060,0.001945,0.001984,0.001945,0.001945,0.001945,0.001984,0.001984,0.001945,0.001984,0.002022,0.002022,0.001984,0.001984,0.001945,0.001984,0.001945,0.001984,0.001907,0.001907,0.001945,0.001984,0.001945,0.001945,0.001869,0.001869,0.001869,0.001907,0.001869,0.001831,0.001907,0.001945,0.001945,0.001907,0.001945,0.001945,0.001945,0.001945,0.001945,0.001984,0.001984,0.001984,0.001945,0.002022,0.002060,0.002022,0.001984,0.001984,0.002060,0.002060,0.002022,0.002098,0.002098,0.002060,0.002060,0.002060,0.002060,0.002060,0.002022,0.002060,0.002098,0.002060,0.002022,0.002022,0.002060,0.002060,0.001984,0.002022,0.002022,0.002060,0.002060,0.002060,0.002060,0.002098,0.002060,0.002060,0.002060,0.002136,0.002174,0.002136,0.002136,0.002213,0.002136,0.002136,0.002174,0.002174,0.002174,0.002174,0.002174,0.002098,0.002174,0.002136,0.002136,0.002174,0.002136,0.002136,0.002098,0.002098,0.002136,0.002098,0.002136,0.002098,0.002060,0.002136,0.002098,0.002136,0.002136,0.002060,0.002136,0.002060,0.002060,0.002060,0.002098,0.002136,0.002060,0.002060,0.002136,0.002098,0.002098,0.002022,0.002098,0.002022,0.002060,0.002060,0.002022,0.002022,0.002022,0.002022,0.001984,0.001945,0.002022,0.001984,0.001945,0.002022,0.001984,0.001945,0.001869,0.001945,0.001907,0.001869,0.001831,0.001831,0.001831,0.001831,0.001907,0.001869,0.001869,0.001831,0.001831,0.001907,0.001907,0.001869,0.001907,0.001869,0.001869,0.001945,0.001831,0.001869,0.001869,0.001831,0.001907,0.001907,0.001907,0.001869,0.001907,0.001945,0.001869,0.001984,0.001945,0.001984,0.001907,0.001945,0.001945,0.001945,0.002060,0.002022,0.002022,0.001984,0.002022,0.002098,0.002060,0.002060,0.002098,0.002136,0.002174,0.002060,0.002060,0.002174,0.002136,0.002136,0.002174,0.002174,0.002136,0.002060,0.002174,0.002098,0.002136,0.002098,0.002136,0.002174,0.002098,0.002174,0.002136,0.002098,0.002174,0.002136,0.002136,0.002060,0.002098,0.002136,0.002098,0.002098,0.002098,0.002136,0.002060,0.002060,0.002136,0.002060,0.002098,0.002136,0.002098,0.002098,0.002098,0.002174,0.002136,0.002136,0.002136,0.002136,0.002098,0.002060,0.002098,0.002213,0.002174,0.002174,0.002098,0.002098,0.002098,0.002098,0.002098,0.002098,0.002098,0.002136,0.002098,0.002136,0.002136,0.002136,0.002098,0.002098,0.002136,0.002060,0.002098,0.002098,0.002098,0.002136,0.002098,0.002060,0.002022,0.002098,0.002098,0.002060,0.002060,0.002060,0.002022,0.002060,0.002060,0.002098,0.002022,0.002098,0.002060,0.002098,0.002060,0.002098,0.002022,0.002060,0.002060,0.002060,0.002022,0.002136,0.002060,0.002098,0.002136,0.002060,0.002098,0.002098,0.002098,0.002060,0.002060,0.002060,0.002060,0.002136,0.002060,0.002136,0.002136,0.002060,0.002136,0.002136,0.002136,0.002136,0.002136,0.002174,0.002060,0.002098,0.002174,0.002060,0.002060,0.002060,0.002060,0.002098,0.002060,0.002098,0.002060,0.002060,0.002022,0.002022,0.002060,0.002022,0.002022,0.001984,0.002060,0.002022,0.002022,0.002022,0.001984,0.001945,0.002022,0.001984,0.002022,0.002022,0.001984,0.002060,0.002022,0.002022,0.002022,0.002098,0.002022,0.002022,0.002060,0.002060,0.002136,0.002136,0.002174,0.002251,0.002174,0.002251,0.002289,0.002289,0.002289,0.002289,0.002327,0.002327,0.002365,0.002403,0.002403,0.002441,0.002365,0.002403,0.002403,0.002365,0.002327,0.002289,0.002289,0.002251,0.002251,0.002213,0.002136,0.002136,0.002060,0.002022,0.002022,0.001945,0.001984,0.001907,0.001869,0.001869,0.001755,0.001755,0.001831,0.001755,0.001793,0.001717,0.001793,0.001831,0.001869,0.001831,0.001793,0.001831,0.001755,0.001869,0.001907,0.001907,0.001945,0.001907,0.001984,0.001945,0.001984,0.002022,0.001984,0.001984,0.002022,0.002060,0.002060,0.002022,0.002022,0.001984,0.001945,0.001907,0.001945,0.001945,0.001907,0.001907,0.001945,0.001907,0.001907,0.001907,0.001945,0.001984,0.001945,0.001907,0.001984,0.002022,0.002022,0.002060,0.002060,0.002098,0.002060,0.002098,0.002098,0.002136,0.002174,0.002174,0.002174,0.002174,0.002213,0.002174,0.002251,0.002213,0.002289,0.002251,0.002251,0.002251,0.002213,0.002289,0.002213,0.002251,0.002213,0.002213,0.002213,0.002251,0.002213,0.002174,0.002174,0.002213,0.002213,0.002213,0.002251,0.002213,0.002289,0.002213,0.002251,0.002251,0.002251,0.002289,0.002213,0.002213,0.002213,0.002213,0.002213,0.002213,0.002289,0.002251,0.002174,0.002136,0.002136,0.002098,0.002098,0.002060,0.002060,0.002022,0.002022,0.002022,0.001945,0.001907,0.001869,0.001869,0.001793,0.001793,0.001793,0.001793,0.001793,0.001717,0.001793,0.001755,0.001678,0.001755,0.001717,0.001793,0.001717,0.001717,0.001717,0.001755,0.001755,0.001793,0.001793,0.001793,0.001793,0.001831,0.001793,0.001831,0.001869,0.001869,0.001907,0.001907,0.001984,0.001907,0.001945,0.001984,0.001984,0.001945,0.001984,0.002022,0.002022,0.002060,0.001984,0.001984,0.002022,0.002136,0.002060,0.002022,0.002060,0.002060,0.002136,0.002060,0.002060,0.002060,0.002098,0.002060,0.002022,0.002022,0.002022,0.002060,0.002022,0.002136,0.002060,0.002022,0.002022,0.002022,0.002022,0.001984,0.002060,0.002060,0.002060,0.002060,0.002098,0.002060,0.002098,0.002098,0.002174,0.002098,0.002098,0.002174,0.002136,0.002174,0.002174,0.002174,0.002213,0.002098,0.002136,0.002136,0.002174,0.002174,0.002098,0.002174,0.002174,0.002136,0.002098,0.002174,0.002174,0.002213,0.002174,0.002174,0.002174,0.002136,0.002136,0.002136,0.002136,0.002060,0.002098,0.002060,0.002098,0.002022,0.002022,0.001984,0.001945,0.001984,0.001984,0.001907,0.001907,0.001984,0.001945,0.001907,0.001945,0.001945,0.001945,0.002022,0.002022,0.002098,0.002098,0.002060,0.002022,0.002060,0.002098,0.002098,0.002060,0.002060,0.002022,0.002022,0.002060,0.002022,0.001984,0.001984,0.001984,0.001907,0.001907,0.001869,0.001869,0.001907,0.001831,0.001831,0.001831,0.001831,0.001831,0.001755,0.001869,0.001907,0.001831,0.001869,0.001869,0.001869,0.001907,0.001945,0.001945,0.001945,0.001984,0.001984,0.001984,0.002060,0.002098,0.002098,0.002060,0.002136,0.002136,0.002098,0.002098,0.002060,0.002060,0.002098,0.002098,0.002060,0.002060,0.002060,0.002060,0.001984,0.002022,0.001945,0.002022,0.001945,0.001945,0.002022,0.001984,0.001984,0.001907,0.001945,0.001945,0.001945,0.001984,0.001984,0.001984,0.001984,0.001907,0.001984,0.001945,0.001945,0.001984,0.001984,0.002022,0.002060,0.002098,0.002022,0.002060,0.002136,0.002098,0.002098,0.002098,0.002136,0.002174,0.002136,0.002174,0.002174,0.002213,0.002251,0.002213,0.002251,0.002251,0.002251,0.002213,0.002251,0.002289,0.002251,0.002251,0.002213,0.002174,0.002213,0.002174,0.002213,0.002213,0.002136,0.002136,0.002098,0.002136,0.002098,0.002098,0.002136,0.002022,0.002060,0.002060,0.002098,0.002022,0.002022,0.002022,0.002022,0.002022,0.002022,0.001984,0.002060,0.002022,0.002022,0.001984,0.001945,0.002022,0.001984,0.001945,0.001945,0.001945,0.001984,0.001984,0.001945,0.001907,0.001907,0.001907,0.001907,0.001869,0.001793,0.001831,0.001793,0.001793,0.001793,0.001793,0.001793,0.001755,0.001755,0.001793,0.001793,0.001755,0.001755,0.001793,0.001793,0.001755,0.001793,0.001793,0.001831,0.001831,0.001793,0.001869,0.001831,0.001831,0.001869,0.001869,0.001869,0.001869,0.001907,0.001907,0.001945,0.001907,0.001907,0.001907,0.001869,0.001907,0.001984,0.001907,0.001945,0.001907,0.001869,0.001907,0.001907,0.001907,0.001907,0.001907,0.001945,0.001907,0.001945,0.001869,0.001907,0.001945,0.001945,0.001984,0.001984,0.001984,0.001984,0.001984,0.002022,0.001945,0.002060,0.002022,0.002060,0.002060,0.002060,0.002098,0.002136,0.002060,0.002136,0.002136,0.002136,0.002136,0.002136,0.002174,0.002174,0.002213,0.002136,0.002213,0.002213,0.002213,0.002289,0.002289,0.002327,0.002213,0.002327,0.002327,0.002327,0.002327,0.002327,0.002365,0.002403,0.002327,0.002365,0.002403,0.002365,0.002365,0.002403,0.002327,0.002213,0.002251,0.002251,0.002251,0.002251,0.002174,0.002174,0.002136,0.002098,0.002060,0.001984,0.002022,0.001945,0.001945,0.001907,0.001869,0.001831,0.001793,0.001793,0.001717,0.001717,0.001831,0.001717,0.001678,0.001678,0.001717,0.001755,0.001678,0.001755,0.001755,0.001755,0.001755,0.001755,0.001793,0.001793,0.001831,0.001869,0.001869,0.001831,0.001907,0.001907,0.001907,0.001907,0.001945,0.001907,0.001945,0.002022,0.002060,0.002022,0.001984,0.002060,0.002060,0.002060,0.002136,0.002174,0.002174,0.002098,0.002136,0.002213,0.002174,0.002213,0.002174,0.002136,0.002174,0.002213,0.002251,0.002251,0.002251,0.002251,0.002213,0.002251,0.002251,0.002327,0.002327,0.002327,0.002327,0.002289,0.002289,0.002251,0.002251,0.002289,0.002251,0.002251,0.002251,0.002251,0.002251,0.002251,0.002251,0.002251,0.002251,0.002251,0.002213,0.002289,0.002251,0.002213,0.002251,0.002213,0.002213,0.002213,0.002251,0.002174,0.002174,0.002213,0.002136,0.002174,0.002136,0.002098,0.002174,0.002136,0.002136,0.002098,0.002098,0.002022,0.002098,0.002174,0.002098,0.002136,0.002060,0.002098,0.002060,0.002060,0.002022,0.002022,0.001984,0.002022,0.002060,0.002022,0.001984,0.002022,0.001984,0.001945,0.001984,0.001907,0.001945,0.001945,0.001907,0.001945,0.001907,0.001907,0.001869,0.001907,0.001945,0.001907,0.001869,0.001869,0.001907,0.001907,0.001907,0.001907,0.001869,0.001869,0.001907,0.001945,0.001907,0.001869,0.001945,0.001984,0.001984,0.001984,0.001984,0.001984,0.002022,0.002022,0.001984,0.001945,0.001984,0.001984,0.001984,0.002060,0.001984,0.002060,0.002022,0.002098,0.002098,0.002060,0.002098,0.002060,0.002098,0.002174,0.002136,0.002213,0.002213,0.002174,0.002174,0.002174,0.002213,0.002213,0.002251,0.002251,0.002213,0.002251,0.002251,0.002251,0.002251,0.002251,0.002289,0.002213,0.002251,0.002251,0.002251,0.002251,0.002213,0.002213,0.002213,0.002213,0.002174,0.002098,0.002174,0.002174,0.002136,0.002136,0.002174,0.002136,0.002136,0.002098,0.001984,0.002022,0.002098,0.002098,0.002060,0.002022,0.002060,0.002022,0.001984,0.002098,0.002022,0.002060,0.002060,0.002060,0.002060,0.002022,0.002060,0.002060,0.002060,0.002060,0.002098,0.002022,0.002022,0.002022,0.002022,0.001984,0.001984,0.002022,0.001984,0.001984,0.001945,0.001945,0.001907,0.001907,0.001907,0.001869,0.001907,0.001869,0.001831,0.001869,0.001831,0.001869,0.001869,0.001831,0.001831,0.001755,0.001793,0.001755,0.001793,0.001793,0.001793,0.001755,0.001793,0.001793,0.001831,0.001831,0.001831,0.001755,0.001831,0.001793,0.001793,0.001831,0.001869,0.001907,0.001945,0.001984,0.001945,0.002022,0.001907,0.001945,0.002098,0.002060,0.002022,0.002022,0.002022,0.002060,0.001984,0.002022,0.002060,0.002060,0.002098,0.002060,0.002098,0.002174,0.002174,0.002174,0.002174,0.002174,0.002213,0.002251,0.002251,0.002213,0.002251,0.002289,0.002289,0.002251,0.002251,0.002251,0.002289,0.002251,0.002213,0.002174,0.002251,0.002289,0.002251,0.002251,0.002174,0.002174,0.002213,0.002174,0.002174,0.002136,0.002136,0.002136,0.002174,0.002098,0.002098,0.002136,0.002060,0.002098,0.002060,0.002136,0.002136,0.002098,0.002136,0.002098,0.002098,0.002136,0.002098,0.002098,0.002022,0.002060,0.002022,0.002098,0.002174,0.002098,0.002098,0.002098,0.002060,0.002098,0.002060,0.002098,0.002060,0.002136,0.002098,0.002060,0.002174,0.002136,0.002098,0.002098,0.002098,0.002136,0.002136,0.002174,0.002136,0.002174,0.002174,0.002136,0.002098,0.002136,0.002098,0.002136,0.002098,0.002136,0.002136,0.002174,0.002098,0.002136,0.002136,0.002136,0.002136,0.002136,0.002098,0.002098,0.002136,0.002136,0.002174,0.002098,0.002136,0.002060,0.002174,0.002136,0.002174,0.002136,0.002060,0.002098,0.002098,0.002098,0.002136,0.002098,0.002098,0.002060,0.002136,0.002136,0.002060,0.002136,0.002136,0.002251,0.002136,0.002174,0.002136,0.002174,0.002251,0.002174,0.002213,0.002174,0.002098,0.002174,0.002136,0.002136,0.002098,0.002098,0.002060,0.002098,0.002060,0.002022,0.002060,0.002022,0.001984,0.001945,0.001945,0.001907,0.001945,0.001907,0.001945,0.001907,0.001907,0.001907,0.001869,0.001869,0.001869,0.001831,0.001831,0.001793,0.001793,0.001793,0.001755,0.001755,0.001755,0.001793,0.001793,0.001793,0.001793,0.001831,0.001869,0.001831,0.001869,0.001869,0.001869,0.001869,0.001869,0.001907,0.001945,0.001945,0.001984,0.001945,0.001984,0.002022,0.002060,0.002060,0.002060,0.002098,0.002174,0.002174,0.002174,0.002174,0.002213,0.002174,0.002213,0.002213,0.002174,0.002213,0.002213,0.002213,0.002174,0.002136,0.002174,0.002136,0.002098,0.002060,0.002098,0.002060,0.002060,0.002098,0.002060,0.002098,0.002022,0.002060,0.002060,0.002022,0.002174,0.002098,0.002060,0.002098,0.002174,0.002136,0.002136,0.002136,0.002136,0.002174,0.002251,0.002136,0.002174,0.002174,0.002174,0.002136,0.002213,0.002213,0.002174,0.002174,0.002136,0.002136,0.002098,0.002060,0.002098,0.002022,0.001945,0.001945,0.001907,0.001831,0.001793,0.001755,0.001793,0.001717,0.001793,0.001717,0.001755,0.001755,0.001640,0.001717,0.001678,0.001678,0.001602,0.001717,0.001793,0.001793,0.001793,0.001831,0.001869,0.001869,0.001869,0.001907,0.001907,0.001907,0.001945,0.001945,0.002022,0.002060,0.001945,0.001907,0.001945,0.002022,0.002022,0.001945,0.001945,0.001945,0.001945,0.001907,0.001945,0.001907,0.001945,0.001869,0.001907,0.002022,0.001984,0.001984,0.001984,0.001984,0.002022,0.002022,0.002060,0.002022,0.002098,0.002098,0.002060,0.002136,0.002136,0.002136,0.002174,0.002174,0.002251,0.002251,0.002213,0.002251,0.002213,0.002213,0.002251,0.002213,0.002213,0.002251,0.002251,0.002174,0.002174,0.002251,0.002174,0.002174,0.002098,0.002174,0.002136,0.002174,0.002098,0.002098,0.002098,0.002098,0.002060,0.002098,0.002060,0.002136,0.002136,0.002136,0.002098,0.002098,0.002098,0.002098,0.002098,0.002098,0.002098,0.002098,0.002022,0.002022,0.002022,0.002022,0.002022,0.001984,0.002022,0.002022,0.002060,0.002060,0.002022,0.002060,0.001945,0.001984,0.002022,0.001984,0.002022,0.001984,0.002022,0.001984,0.001945,0.001984,0.001984,0.001945,0.001984,0.001945,0.001907,0.001945,0.002022,0.001984,0.001984,0.002022,0.001984,0.002060,0.002060,0.002022,0.002022,0.001984,0.002022,0.001984,0.002022,0.002022,0.002022,0.002060,0.002060,0.002060,0.002060,0.002022,0.002060,0.002060,0.002098,0.002060,0.002060,0.002136,0.002098,0.002098,0.002136,0.002136,0.002098,0.002098,0.002060,0.002174,0.002136,0.002060,0.002060,0.002136,0.002098,0.002098,0.002098,0.002022,0.002098,0.002098,0.002060,0.002060,0.001984,0.002022,0.001984,0.001945,0.001907,0.001984,0.001945,0.001945,0.001984,0.001984,0.001907,0.001907,0.001869,0.001869,0.001869,0.001907,0.001907,0.001869,0.001984,0.001907,0.001945,0.001907,0.001907,0.001984,0.001945,0.001984,0.001945,0.001945,0.001945,0.001907,0.001945,0.001945,0.001984,0.001945,0.001984,0.001945,0.001984,0.001945,0.001945,0.001945,0.001945,0.001984,0.001945,0.001984,0.001984,0.001984,0.001984,0.002022,0.002060,0.002060,0.002022,0.002022,0.002022,0.001984,0.002022,0.002098,0.002060,0.002022,0.002022,0.002060,0.002098,0.002022,0.002022,0.002022,0.002060,0.002022,0.001984,0.001984,0.001984,0.002022,0.002022,0.001984,0.001945,0.001984,0.001984,0.001984,0.001984,0.001945,0.001945,0.001984,0.001984,0.001984,0.001984,0.002022,0.002022,0.002022,0.002060,0.002098,0.002060,0.002136,0.002098,0.002098,0.002136,0.002174,0.002136,0.002136,0.002136,0.002174,0.002174,0.002213,0.002174,0.002251,0.002174,0.002213,0.002136,0.002213,0.002251,0.002174,0.002174,0.002136,0.002136,0.002136,0.002136,0.002136,0.002098,0.002098,0.002060,0.002136,0.002098,0.002022,0.002022,0.002136,0.002098,0.002098,0.002060,0.002060,0.002022,0.002060,0.002060,0.002022,0.002060,0.002022,0.001984,0.002060,0.001984,0.001984,0.001984,0.001984,0.001984,0.001945,0.001984,0.001907,0.001984,0.001945,0.001945,0.001945,0.001907,0.001984,0.001907,0.001907,0.001945,0.001945,0.001869,0.001869,0.001907,0.001869,0.001831,0.001907,0.001907,0.001869,0.001907,0.001869,0.001907,0.001907,0.001945,0.001907,0.001869,0.001869,0.001907,0.001869,0.001945,0.001945,0.001869,0.001907,0.001945,0.001907,0.001945,0.001945,0.001907,0.001984,0.001907,0.001984,0.001945,0.001984,0.002022,0.002022,0.002022,0.002022,0.001984,0.001984,0.002060,0.002060,0.002136,0.002136,0.002136,0.002098,0.002136,0.002136,0.002136,0.002174,0.002251,0.002174,0.002174,0.002251,0.002213,0.002213,0.002213,0.002213,0.002251,0.002213,0.002251,0.002289,0.002251,0.002213,0.002213,0.002251,0.002213,0.002213,0.002213,0.002213,0.002251,0.002213,0.002213,0.002136,0.002174,0.002136,0.002174,0.002136,0.002174,0.002098,0.002174,0.002098,0.002098,0.002136,0.002174,0.002136,0.002098,0.002136,0.002136,0.002098,0.002136,0.002060,0.002098,0.002136,0.002098,0.002136,0.002098,0.002136,0.002098,0.002098,0.002098,0.002098,0.002098,0.002098,0.002098,0.002060,0.002136,0.002060,0.002022,0.002098,0.002136,0.002098,0.002136,0.002060,0.002060,0.002136,0.002060,0.002136,0.002022,0.002060,0.001984,0.001984,0.001984,0.001945,0.001869,0.001869,0.001907,0.001831,0.001831,0.001869,0.001793,0.001831,0.001869,0.001869,0.001869,0.001907,0.001945,0.001945,0.001945,0.002060,0.002098,0.002136,0.002060,0.002136,0.002213,0.002289,0.002289,0.002289,0.002365,0.002365,0.002327,0.002365,0.002327,0.002365,0.002327,0.002289,0.002213,0.002213,0.002213,0.002136,0.002174,0.002098,0.001984,0.002022,0.001907,0.001945,0.001945,0.001907,0.001945,0.001831,0.001869,0.001869,0.001869,0.001945,0.001907,0.001945,0.001945,0.001984,0.002022,0.001984,0.002060,0.002060,0.002136,0.002060,0.002174,0.002174,0.002136,0.002136,0.002174,0.002136,0.002174,0.002174,0.002174,0.002098,0.002098,0.002098,0.002098,0.002136,0.002136,0.002136,0.002060,0.002098,0.002098,0.002060,0.002136,0.002136,0.002136,0.002098,0.002098,0.002174,0.002136,0.002060,0.002136,0.002213,0.002213,0.002098,0.002136,0.002174,0.002174,0.002213,0.002213,0.002174,0.002174,0.002174,0.002213,0.002213,0.002213,0.002174,0.002136,0.002174,0.002098,0.002136,0.002136,0.002098,0.002136,0.002098,0.002174,0.002174,0.002136,0.002136,0.002136,0.002136,0.002098,0.002136,0.002098,0.002136,0.002136,0.002098,0.002098,0.002060,0.002098,0.002060,0.002060,0.002060,0.002022,0.002060,0.002022,0.002022,0.001984,0.002022,0.002060,0.001945,0.001945,0.001984,0.001945,0.001984,0.001945,0.001945,0.001945,0.001945,0.001984,0.001945,0.001984,0.001984,0.001945,0.002022,0.001984,0.001984,0.002060,0.002060,0.002060,0.002060,0.002098,0.002098,0.002060,0.002060,0.002098,0.002174,0.002136,0.002136,0.002098,0.002174,0.002098,0.002060,0.002098,0.002098,0.002060,0.002098,0.002022,0.002022,0.002022,0.002022,0.002060,0.002060,0.002098,0.002060,0.002060,0.002060,0.002022,0.002022,0.002060,0.002098,0.002022,0.002022,0.002098,0.002022,0.002098,0.002060,0.002060,0.002060,0.002060,0.002136,0.002060,0.002060,0.002098,0.002098,0.002098,0.002022,0.002060,0.002136,0.002098,0.002060,0.002060,0.002098,0.002136,0.002136,0.002098,0.002098,0.002060,0.002060,0.002060,0.002098,0.002098,0.002098,0.002060,0.002060,0.002098,0.002098,0.002098,0.002098,0.002098,0.002098,0.002136,0.002136,0.002098,0.002136,0.002136,0.002098,0.002136,0.002136,0.002136,0.002098,0.002098,0.002022,0.002022,0.002060,0.002060,0.002098,0.002060,0.002022,0.001984,0.002022,0.002022,0.001984,0.001984,0.001984,0.002022,0.001984,0.001945,0.001984,0.001984,0.001907,0.001945,0.001869,0.001907,0.001984,0.001907,0.002022,0.001945,0.001945,0.001945,0.001945,0.002022,0.001984,0.002022,0.001984,0.001984,0.001984,0.001984,0.001984,0.001945,0.002022,0.001984,0.001984,0.002022,0.001984,0.001984,0.002060,0.002022,0.002022,0.002022,0.002098,0.002060,0.002060,0.002098,0.002022,0.002098,0.002060,0.002098,0.002136,0.002136,0.002136,0.002098,0.002136,0.002136,0.002174,0.002213,0.002136,0.002174,0.002136,0.002136,0.002174,0.002174,0.002174,0.002174,0.002251,0.002213,0.002174,0.002213,0.002174,0.002136,0.002136,0.002098,0.002098,0.002098,0.002060,0.001984,0.001984,0.002022,0.002022,0.002060,0.002022,0.001984,0.002060,0.001984,0.002022,0.001984,0.001984,0.002022,0.001984,0.001984,0.001984,0.001907,0.001945,0.001945,0.001907,0.001907,0.001907,0.001907,0.001945,0.001945,0.001907,0.001945,0.001869,0.001869,0.001869,0.001869,0.001907,0.001907,0.001907,0.001869,0.001907,0.001907,0.001907,0.001907,0.001869,0.001907,0.001907,0.001907,0.001907,0.001945,0.001945,0.001945,0.001984,0.001984,0.001984,0.002022,0.002022,0.002022,0.002060,0.002060,0.002098,0.002022,0.002060,0.002136,0.002098,0.002136,0.002060,0.002174,0.002174,0.002174,0.002136,0.002174,0.002174,0.002174,0.002136,0.002174,0.002174,0.002136,0.002060,0.002098,0.002098,0.002060,0.002060,0.002060,0.002022,0.002060,0.002060,0.002022,0.001984,0.001945,0.001869,0.001869,0.001869,0.001869,0.001869,0.001793,0.001831,0.001831,0.001755,0.001755,0.001678,0.001755,0.001717,0.001717,0.001678,0.001717,0.001793,0.001755,0.001831,0.001831,0.001831,0.001907,0.001869,0.001907,0.001907,0.001907,0.001984,0.001984,0.002060,0.002098,0.002098,0.002136,0.002136,0.002213,0.002174,0.002136,0.002098,0.002174,0.002136,0.002098,0.002098,0.002098,0.002098,0.002136,0.002060,0.002174,0.002098,0.002098,0.002098,0.002136,0.002174,0.002174,0.002174,0.002174,0.002174,0.002174,0.002174,0.002136,0.002174,0.002174,0.002174,0.002174,0.002136,0.002174,0.002174,0.002174,0.002136,0.002213,0.002174,0.002136,0.002213,0.002174,0.002136,0.002136,0.002060,0.002098,0.002060,0.002098,0.002022,0.002060,0.002060,0.002060,0.002022,0.002022,0.002060,0.001984,0.001984,0.002022,0.001945,0.001984,0.001984,0.001984,0.001984,0.002022,0.001984,0.001984,0.001984,0.001984,0.002022,0.001945,0.001945,0.001984,0.001945,0.001945,0.001869,0.001869,0.001945,0.001907,0.001907,0.001907,0.001945,0.002022,0.001907,0.001984,0.002022,0.002022,0.002098,0.002060,0.002060,0.002060,0.002098,0.001984,0.002022,0.001984,0.001945,0.001984,0.001907,0.001869,0.001831,0.001793,0.001793,0.001755,0.001717,0.001717,0.001755,0.001793,0.001717,0.001717,0.001793,0.001793,0.001869,0.001831,0.001869,0.001869,0.001869,0.001907,0.001945,0.001907,0.001831,0.001869,0.001831,0.001793,0.001869,0.001793,0.001793,0.001755,0.001755,0.001793,0.001755,0.001755,0.001793,0.001831,0.001793,0.001793,0.001869,0.001869,0.001907,0.001907,0.001945,0.001945,0.001945,0.002022,0.001869,0.001907,0.001945,0.001869,0.001945,0.001907,0.001945,0.001984,0.001907,0.001907,0.001907,0.001984,0.001984,0.001984,0.001984,0.002022,0.002060,0.002060,0.002136,0.002060,0.002060,0.002136,0.002136,0.002174,0.002174,0.002213,0.002251,0.002251,0.002289,0.002289,0.002289,0.002327,0.002289,0.002289,0.002327,0.002289,0.002289,0.002213,0.002213,0.002136,0.002136,0.002136,0.002098,0.002098,0.002060,0.002098,0.002022,0.002022,0.001984,0.001907,0.001907,0.001945,0.001945,0.001945,0.001984,0.001984,0.001984,0.002022,0.002060,0.002022,0.002060,0.001984,0.002098,0.002098,0.002098,0.002098,0.002098,0.002136,0.002136,0.002098,0.002213,0.002136,0.002213,0.002174,0.002098,0.002136,0.002136,0.002174,0.002098,0.002136,0.002098,0.002136,0.002136,0.002060,0.002098,0.002174,0.002098,0.002098,0.002060,0.002136,0.002098,0.002136,0.002022,0.002060,0.002098,0.002060,0.002098,0.002174,0.002136,0.002174,0.002098,0.002060,0.002098,0.002136,0.002213,0.002098,0.002060,0.002098,0.002098,0.002174,0.002060,0.002060,0.002098,0.002060,0.002098,0.002060,0.002022,0.002060,0.002060,0.002060,0.002060,0.002060,0.002022,0.002060,0.002022,0.002060,0.002060,0.002022,0.002060,0.002060,0.002060,0.002060,0.002098,0.002136,0.002098,0.002098,0.002098,0.002060,0.002136,0.002136,0.002174,0.002098,0.002060,0.002098,0.002060,0.002060,0.002060,0.002060,0.002022,0.002022,0.002022,0.002060,0.002060,0.002022,0.002060,0.002060,0.002098,0.002098,0.002098,0.002060,0.002060,0.002022,0.002098,0.002098,0.002098,0.002098,0.002098,0.002136,0.002098,0.002098,0.002098,0.002098,0.002098,0.002060,0.002098,0.002136,0.002098,0.002098,0.002060,0.002060,0.002060,0.002098,0.002060,0.002098,0.002136,0.002136,0.002136,0.002098,0.002098,0.002098,0.002060,0.002098,0.002098,0.002060,0.002022,0.002022,0.002098,0.002060,0.002136,0.002060,0.002022,0.002022,0.002022,0.002060,0.001984,0.002022,0.002060,0.002022,0.002022,0.002022,0.002060,0.001984,0.001984,0.002022,0.001984,0.001984,0.001945,0.001984,0.001945,0.001984,0.001945,0.001907,0.001945,0.001945,0.001945,0.001945,0.001945,0.001907,0.001907,0.001945,0.001984,0.001984,0.001945,0.001907,0.001945,0.001984,0.001984,0.001984,0.001984,0.002022,0.002022,0.002022,0.002060,0.002098,0.002136,0.002098,0.002136,0.002174,0.002213,0.002251,0.002174,0.002174,0.002136,0.002136,0.002213,0.002213,0.002251,0.002251,0.002213,0.002213,0.002174,0.002251,0.002251,0.002251,0.002251,0.002213,0.002251,0.002174,0.002213,0.002213,0.002136,0.002174,0.002174,0.002136,0.002136,0.002136,0.002136,0.002136,0.002098,0.002060,0.002098,0.002098,0.002060,0.002098,0.002022,0.002060,0.002098,0.002098,0.002174,0.002060,0.002174,0.002136,0.002098,0.002098,0.002098,0.002174,0.002098,0.002136,0.002174,0.002213,0.002213,0.002213,0.002213,0.002174,0.002213,0.002251,0.002251,0.002251,0.002213,0.002213,0.002213,0.002213,0.002251,0.002174,0.002213,0.002174,0.002251,0.002289,0.002213,0.002213,0.002174,0.002136,0.002098,0.002098,0.002136,0.002136,0.002136,0.002022,0.002060,0.002022,0.001907,0.001984,0.001945,0.001945,0.001907,0.001869,0.001869,0.001831,0.001869,0.001907,0.001831,0.001831,0.001831,0.001831,0.001793,0.001831,0.001831,0.001831,0.001831,0.001869,0.001869,0.001831,0.001869,0.001945,0.001907,0.002022,0.002022,0.002060,0.002136,0.002098,0.002174,0.002136,0.002174,0.002213,0.002213,0.002213,0.002174,0.002289,0.002289,0.002289,0.002251,0.002289,0.002251,0.002251,0.002213,0.002213,0.002213,0.002251,0.002174,0.002213,0.002174,0.002136,0.002098,0.002136,0.002136,0.002174,0.002136,0.002098,0.002098,0.002136,0.002098,0.002098,0.002098,0.002060,0.002060,0.002060,0.002060,0.002098,0.002060,0.002136,0.002060,0.002098,0.002136,0.002136,0.002174,0.002174,0.002136,0.002174,0.002213,0.002174,0.002213,0.002251,0.002251,0.002213,0.002213,0.002213,0.002251,0.002174,0.002213,0.002213,0.002136,0.002174,0.002136,0.002174,0.002174,0.002174,0.002174,0.002174,0.002174,0.002136,0.002136,0.002098,0.002098,0.002098,0.002022,0.002098,0.002174,0.002098,0.002136,0.002136,0.002174,0.002136,0.002136,0.002174,0.002213,0.002136,0.002136,0.002174,0.002136,0.002174,0.002174,0.002136,0.002174,0.002136,0.002136,0.002098,0.002098,0.002136,0.002060,0.002060,0.002060,0.002022,0.001984,0.001984,0.001984,0.001984,0.001984,0.001945,0.001945,0.001984,0.001907,0.001945,0.001907,0.001945,0.001984,0.001945,0.001984,0.001907,0.001945,0.001907,0.001869,0.001945,0.001945,0.001945,0.001945,0.001945,0.001984,0.001945,0.001945,0.001907,0.001945,0.001945,0.001945,0.001945,0.002022,0.001984,0.002022,0.001984,0.001984,0.001945,0.002022,0.001984,0.001984,0.001984,0.002022,0.001984,0.001945,0.002022,0.001984,0.001945,0.001907,0.001907,0.001945,0.001907,0.001869,0.001907,0.001907,0.001945,0.001869,0.001945,0.001907,0.001907,0.001945,0.001945,0.001984,0.001945,0.001945,0.002022,0.001945,0.001984,0.001984,0.001984,0.002022,0.002022,0.001984,0.002022,0.002060,0.002060,0.002060,0.002060,0.002022,0.002136,0.002060,0.002060,0.002060,0.002060,0.002060,0.002022,0.002022,0.002060,0.002022,0.002060,0.002060,0.001984,0.002022,0.001984,0.001984,0.001945,0.002022,0.001984,0.001945,0.001984,0.001984,0.001984,0.001984,0.001945,0.001984,0.001984,0.001945,0.001869,0.001945,0.001945,0.001945,0.001984,0.001907,0.001907,0.001907,0.001907,0.001945,0.001907,0.001945,0.001945,0.001907,0.001907,0.001907,0.001907,0.001907,0.001945,0.001945,0.001945,0.002022,0.001984,0.001984,0.001984,0.001984,0.001984,0.002022,0.002060,0.002060,0.002060,0.002022,0.002022,0.002060,0.002022,0.002060,0.002022,0.002060,0.002022,0.002022,0.002022,0.002060,0.002022,0.002022,0.002098,0.002098,0.002022,0.002022,0.002060,0.001984,0.002022,0.002022,0.002060,0.002022,0.002022,0.002022,0.002098,0.002022,0.002060,0.002098,0.002060,0.002098,0.002136,0.002098,0.002060,0.002060,0.002098,0.002060,0.001984,0.002022,0.002136,0.002098,0.002060,0.002060,0.002060,0.002060,0.002098,0.002060,0.002098,0.002136,0.002060,0.002098,0.002136,0.002174,0.002098,0.002098,0.002136,0.002136,0.002213,0.002174,0.002136,0.002136,0.002174,0.002174,0.002213,0.002213,0.002174,0.002174,0.002213,0.002213,0.002213,0.002213,0.002251,0.002213,0.002213,0.002174,0.002213,0.002251,0.002213,0.002213,0.002174,0.002174,0.002174,0.002098,0.002098,0.002098,0.002060,0.002060,0.002060,0.002060,0.002060,0.002022,0.001984,0.001984,0.001945,0.001945,0.001945,0.001907,0.001984,0.001945,0.001945,0.001945,0.001945,0.001945,0.001907,0.001907,0.001945,0.001945,0.001907,0.001907,0.001907,0.001907,0.001907,0.001869,0.001907,0.001984,0.001945,0.001945,0.001907,0.001869,0.001907,0.001907,0.001907,0.001907,0.001907,0.001869,0.001945,0.001945,0.001907,0.001945,0.001907,0.001907,0.001984,0.001945,0.001984,0.001945,0.001945,0.001945,0.001945,0.001984,0.001984,0.001945,0.001945,0.002022,0.001984,0.002098,0.002060,0.002022,0.002022,0.002022,0.001984,0.002022,0.001984,0.001984,0.002022,0.002022,0.002022,0.002022,0.002022,0.002060,0.002060,0.001984,0.001984,0.002060,0.002098,0.002098,0.002060,0.002098,0.002098,0.002060,0.002098,0.002136,0.002098,0.002136,0.002136,0.002136,0.002174,0.002136,0.002174,0.002136,0.002136,0.002136,0.002060,0.002136,0.002098,0.002060,0.002098,0.002060,0.002060,0.002022,0.001984,0.001945,0.001907,0.001945,0.001831,0.001907,0.001869,0.001831,0.001793,0.001793,0.001755,0.001831,0.001793,0.001755,0.001755,0.001717,0.001755,0.001755,0.001793,0.001793,0.001831,0.001793,0.001831,0.001831,0.001831,0.001755,0.001831,0.001831,0.001907,0.001869,0.001869,0.001907,0.001907,0.001907,0.001869,0.001907,0.001831,0.001907,0.001869,0.001869,0.001869,0.001869,0.001793,0.001831,0.001831,0.001793,0.001869,0.001831,0.001793,0.001678,0.001793,0.001793,0.001755,0.001755,0.001793,0.001793,0.001869,0.001793,0.001793,0.001793,0.001869,0.001869,0.001869,0.001907,0.001869,0.001945,0.001945,0.001945,0.001984,0.002022,0.002022,0.002060,0.002098,0.002098,0.002136,0.002136,0.002136,0.002136,0.002174,0.002174,0.002213,0.002174,0.002213,0.002251,0.002327,0.002327,0.002327,0.002289,0.002327,0.002289,0.002327,0.002365,0.002365,0.002403,0.002365,0.002441,0.002441,0.002480,0.002518,0.002480,0.002518,0.002480,0.002480,0.002480,0.002480,0.002480,0.002480,0.002480,0.002480,0.002480,0.002441,0.002480,0.002441,0.002403,0.002403,0.002403,0.002403,0.002327,0.002365,0.002327,0.002289,0.002327,0.002289,0.002251,0.002251,0.002213,0.002213,0.002174,0.002213,0.002136,0.002174,0.002136,0.002136,0.002098,0.002098,0.002174,0.002098,0.002060,0.002098,0.002060,0.002022,0.002022,0.002060,0.002060,0.002060,0.002098,0.002022,0.001984,0.002022,0.001984,0.002060,0.002022,0.002022,0.002022,0.002022,0.001945,0.001984,0.002060,0.002022,0.001945,0.001945,0.001907,0.001945,0.001945,0.001984,0.001907,0.001869,0.001907,0.001869,0.001907,0.001869,0.001831,0.001793,0.001793,0.001831,0.001831,0.001755,0.001831,0.001831,0.001793,0.001793,0.001831,0.001831,0.001869,0.001907,0.001869,0.001869,0.001831,0.001869,0.001831,0.001831,0.001869,0.001869,0.001869,0.001907,0.001907,0.001907,0.001945,0.001984,0.001907,0.001984,0.002022,0.001945,0.002022,0.001984,0.001984,0.002022,0.001984,0.002022,0.001984,0.001984,0.001907,0.001945,0.001945,0.001945,0.001945,0.001945,0.002022,0.001945,0.001984,0.001984,0.001945,0.001984,0.001984,0.002022,0.001984,0.002022,0.002022,0.002022,0.002060,0.002060,0.002022,0.002060,0.002098,0.002060,0.002060,0.002098,0.002060,0.002060,0.002098,0.002060,0.002098,0.002098,0.002098,0.002060,0.002136,0.002098,0.002060,0.002136,0.002136,0.002060,0.002098,0.002098,0.002136,0.002098,0.002060,0.002060,0.002098,0.002098,0.002098,0.002136,0.002098,0.002098,0.002136,0.002136,0.002022,0.002136,0.002136,0.002136,0.002136,0.002098,0.002098,0.002098,0.002136,0.002136,0.002174,0.002174,0.002174,0.002174,0.002136,0.002136,0.002174,0.002213,0.002136,0.002213,0.002136,0.002213,0.002174,0.002174,0.002213,0.002174,0.002136,0.002174,0.002136,0.002136,0.002060,0.002098,0.002098,0.002098,0.002098,0.002098,0.002136,0.002060,0.002060,0.002098,0.002098,0.002098,0.002098,0.002136,0.002060,0.002060,0.002136,0.002136,0.002098,0.002136,0.002136,0.002136,0.002098,0.002098,0.002174,0.002136,0.002136,0.002136,0.002136,0.002136,0.002136,0.002098,0.002098,0.002098,0.002098,0.002213,0.002136,0.002136,0.002136,0.002098,0.002136,0.002098,0.002098,0.002060,0.002022,0.002136,0.002136,0.002098,0.002136,0.002136,0.002136,0.002136,0.002136,0.002098,0.002136,0.002136,0.002098,0.002098,0.002098,0.002098,0.002060,0.002098,0.002136,0.002098,0.002060,0.002136,0.002060,0.002060,0.002022,0.002098,0.002060,0.002098,0.002022,0.002060,0.002060,0.002136,0.002098,0.002098,0.002136,0.002060,0.002022,0.002060,0.002098,0.002060,0.002022,0.002060,0.001984,0.002022,0.002022,0.002022,0.002022,0.002022,0.001984,0.001984,0.001984,0.001984,0.001984,0.002022,0.002022,0.002022,0.002022,0.002022,0.002060,0.002098,0.002060,0.002098,0.002060,0.002060,0.002174,0.002174,0.002098,0.002174,0.002136,0.002136,0.002136,0.002136,0.002213,0.002098,0.002136,0.002174,0.002174,0.002174,0.002174,0.002174,0.002213,0.002213,0.002174,0.002174,0.002174,0.002213,0.002174,0.002174,0.002136,0.002174,0.002174,0.002174,0.002136,0.002213,0.002174,0.002098,0.002136,0.002098,0.002098,0.002174,0.002098,0.002098,0.002098,0.002098,0.002022,0.002022,0.002060,0.002022,0.002060,0.002060,0.002022,0.001984,0.001945,0.002022,0.001984,0.001831,0.001945,0.001945,0.001907,0.001869,0.001869,0.001831,0.001907,0.001831,0.001907,0.001907,0.001869,0.001831,0.001907,0.001907,0.001945,0.001869,0.001869,0.001869,0.001907,0.001945,0.001907,0.002022,0.001984,0.001907,0.002022,0.001984,0.001945,0.002022,0.002022,0.002098,0.002060,0.002060,0.002098,0.002098,0.002060,0.002060,0.002136,0.002136,0.002136,0.002098,0.002136,0.002098,0.002098,0.002136,0.002136,0.002136,0.002136,0.002136,0.002136,0.002098,0.002060,0.002060,0.002098,0.002060,0.002060,0.002098,0.002098,0.002060,0.001984,0.002098,0.002022,0.002022,0.002060,0.001984,0.002022,0.002022,0.002060,0.002060,0.001984,0.002022,0.001945,0.002060,0.002060,0.002022,0.002060,0.002022,0.002022,0.002022,0.002060,0.002060,0.002060,0.002022,0.001984,0.002060,0.002060,0.001945,0.002022,0.001984,0.001984,0.001945,0.001945,0.001945,0.001945,0.001945,0.001945,0.001945,0.001945,0.001984,0.001945,0.001984,0.001945,0.001869,0.001907,0.001945,0.001945,0.002022,0.002022,0.002022,0.002022,0.002022,0.002022,0.002022,0.002098,0.002136,0.002098,0.002098,0.002022,0.002136,0.002098,0.002060,0.002098,0.002060,0.002098,0.002098,0.002174,0.002136,0.002098,0.002136,0.002098,0.002098,0.002060,0.002098,0.002022,0.002060,0.002098,0.002098,0.002060,0.002060,0.002098,0.002098,0.002060,0.002136,0.002136,0.002174,0.002060,0.002136,0.002136,0.002136,0.002136,0.002060,0.002136,0.002136,0.002136,0.002136,0.002136,0.002098,0.002098,0.002098,0.002136,0.002098,0.002098,0.002060,0.002098,0.002060,0.002060,0.001984,0.002022,0.002060,0.002022,0.002022,0.002060,0.002022,0.002098,0.002022,0.002060,0.001984,0.002022,0.002022,0.001984,0.002022,0.001984,0.001984,0.001945,0.001984,0.002022,0.001984,0.001945,0.001907,0.001945,0.001984,0.001945,0.001945,0.001945,0.001945,0.001869,0.001907,0.001907,0.001907,0.001984,0.001945,0.001945,0.001945,0.001984,0.001984,0.001984,0.001984,0.001907,0.001945,0.001984,0.001945,0.002022,0.001945,0.002060,0.001984,0.001945,0.001984,0.001945,0.002022,0.002022,0.002022,0.001984,0.001984,0.002022,0.002022,0.002098,0.002022,0.001984,0.001984,0.002022,0.002098,0.002022,0.002022,0.002022,0.002060,0.002022,0.002060,0.002060,0.001984,0.002060,0.002022,0.002022,0.002022,0.001984,0.002060,0.002060,0.002098,0.002060,0.002022,0.002060,0.002060,0.002060,0.002060,0.002060,0.002060,0.002022,0.002098,0.002060,0.002098,0.002098,0.002060,0.002098,0.002060,0.002022,0.002022,0.001984,0.002022,0.001984,0.001984,0.001984,0.002022,0.001907,0.001907,0.001945,0.001869,0.001869,0.001907,0.001869,0.001907,0.001831,0.001831,0.001831,0.001869,0.001831,0.001793,0.001793,0.001755,0.001793,0.001793,0.001831,0.001831,0.001793,0.001793,0.001831,0.001869,0.001869,0.001831,0.001907,0.001945,0.001984,0.001945,0.001984,0.001945,0.001984,0.001984,0.002022,0.002098,0.002098,0.002060,0.002022,0.002098,0.002136,0.002060,0.002136,0.002060,0.002022,0.002060,0.002098,0.002098,0.002098,0.002060,0.002060,0.002060,0.002060,0.002022,0.002060,0.002060,0.002060,0.002098,0.001984,0.002060,0.002022,0.002060,0.002098,0.002022,0.002098,0.002060,0.002060,0.002022,0.002060,0.002098,0.002060,0.002098,0.001984,0.002060,0.002060,0.002098,0.002098,0.002022,0.002060,0.002060,0.002060,0.002098,0.002098,0.002098,0.002098,0.002098,0.002098,0.002136,0.002136,0.002136,0.002174,0.002174,0.002174,0.002136,0.002098,0.002174,0.002136,0.002174,0.002174,0.002213,0.002174,0.002098,0.002136,0.002060,0.002098,0.002060,0.002098,0.002174,0.002098,0.002098,0.002098,0.002098,0.002022,0.002060,0.002060,0.001984,0.002060,0.002098,0.002098,0.002022,0.001984,0.002060,0.001984,0.002022,0.002060,0.001984,0.002022,0.001984,0.001984,0.001984,0.001984,0.001984,0.001945,0.001984,0.001945,0.001984,0.001945,0.001907,0.001984,0.001945,0.001907,0.001945,0.001945,0.001945,0.001984,0.001984,0.001907,0.001984,0.001984,0.002022,0.001984,0.001945,0.002022,0.001945,0.002022,0.002022,0.001984,0.002022,0.001945,0.001984,0.001984,0.001984,0.002022,0.001984,0.001984,0.001984,0.002022,0.001984,0.001945,0.001984,0.001984,0.002022,0.001984,0.002022,0.002022,0.002022,0.002022,0.001945,0.002022,0.001984,0.002022,0.002060,0.002022,0.002022,0.002022,0.002060,0.002060,0.002060,0.002098,0.001984,0.002022,0.001984,0.001984,0.002060,0.002060,0.001984,0.001945,0.002060,0.002022,0.002060,0.002022,0.002022,0.001984,0.001945,0.002022,0.002022,0.002098,0.002060,0.002060,0.002098,0.002098,0.002174,0.002098,0.002098,0.002174,0.002174,0.002213,0.002136,0.002213,0.002251,0.002136,0.002174,0.002174,0.002174,0.002174,0.002213,0.002213,0.002213,0.002289,0.002213,0.002289,0.002289,0.002289,0.002251,0.002213,0.002213,0.002213,0.002251,0.002251,0.002251,0.002213,0.002213,0.002213,0.002174,0.002251,0.002213,0.002136,0.002213,0.002098,0.002174,0.002098,0.002060,0.002060,0.002060,0.002060,0.002060,0.002060,0.002022,0.001984,0.002060,0.001984,0.002022,0.001984,0.002022,0.002022,0.001984,0.001984,0.001984,0.002022,0.002060,0.001984,0.001984,0.001984,0.002022,0.001984,0.002022,0.002060,0.001984,0.002022,0.002022,0.002098,0.001984,0.002022,0.002098,0.002060,0.002060,0.002022,0.002022,0.002060,0.002022,0.002060,0.002060,0.002060,0.002098,0.002098,0.002098,0.002098,0.002136,0.002136,0.002174,0.002136,0.002174,0.002136,0.002174,0.002174,0.002174,0.002213,0.002174,0.002213,0.002213,0.002213,0.002251,0.002213,0.002289,0.002213,0.002174,0.002213,0.002213,0.002174,0.002098,0.002174,0.002213,0.002174,0.002174,0.002098,0.002136,0.002136,0.002060,0.002060,0.002060,0.002060,0.001984,0.001984,0.001984,0.002022,0.001984,0.001869,0.001945,0.001945,0.001945,0.001945,0.001984,0.001907,0.001907,0.001984,0.001945,0.001945,0.001984,0.001984,0.002022,0.001945,0.001984,0.002022,0.001945,0.001984,0.001907,0.001984,0.001945,0.001984,0.001945,0.001945,0.002022,0.001984,0.002022,0.002060,0.002022,0.002060,0.002098,0.002060,0.002060,0.002136,0.002136,0.002136,0.002174,0.002136,0.002174,0.002136,0.002174,0.002136,0.002213,0.002213,0.002136,0.002174,0.002136,0.002136,0.002098,0.002098,0.002098,0.002060,0.002098,0.002060,0.002022,0.001984,0.001945,0.001945,0.001945,0.001945,0.001907,0.001945,0.001907,0.001831,0.001945,0.001907,0.001907,0.001907,0.001945,0.001945,0.001869,0.001945,0.001907,0.001945,0.001945,0.001945,0.001984,0.002022,0.002022,0.002022,0.002060,0.002060,0.002060,0.002136,0.002060,0.002098,0.002136,0.002136,0.002174,0.002136,0.002213,0.002174,0.002251,0.002213,0.002213,0.002213,0.002289,0.002289,0.002174,0.002251,0.002251,0.002213,0.002174,0.002251,0.002213,0.002213,0.002213,0.002213,0.002213,0.002213,0.002213,0.002251,0.002213,0.002174,0.002213,0.002174,0.002213,0.002174,0.002213,0.002251,0.002251,0.002174,0.002174,0.002213,0.002174,0.002213,0.002213,0.002174,0.002174,0.002174,0.002251,0.002213,0.002213,0.002213,0.002213,0.002251,0.002213,0.002251,0.002213,0.002174,0.002174,0.002174,0.002289,0.002174,0.002174,0.002174,0.002174,0.002251,0.002174,0.002174,0.002213,0.002213,0.002289,0.002213,0.002213,0.002213,0.002213,0.002251,0.002213,0.002213,0.002174,0.002213,0.002136,0.002213,0.002251,0.002136,0.002174,0.002136,0.002136,0.002174,0.002136,0.002174,0.002098,0.002136,0.002098,0.002136,0.002098,0.002060,0.002136,0.002060,0.002136,0.002136,0.002136,0.002136,0.002060,0.002098,0.002022,0.002060,0.002060,0.002022,0.002022,0.001984,0.002022,0.002022,0.002022,0.002022,0.001984,0.002022,0.001945,0.001907,0.001945,0.001945,0.001907,0.001831,0.001831,0.001755,0.001831,0.001793,0.001831,0.001831,0.001831,0.001793,0.001755,0.001831,0.001869,0.001869,0.001793,0.001793,0.001793,0.001793,0.001831,0.001831,0.001869,0.001869,0.001831,0.001907,0.001907,0.001945,0.001984,0.001945,0.001945,0.001945,0.002022,0.002022,0.002022,0.001984,0.002022,0.002022,0.002022,0.002022,0.002022,0.002060,0.001984,0.002022,0.002022,0.002022,0.002060,0.002060,0.002022,0.002060,0.002060,0.002022,0.002060,0.002060,0.002060,0.002098,0.002136,0.002136,0.002174,0.002174,0.002174,0.002136,0.002174,0.002174,0.002174,0.002174,0.002174,0.002136,0.002136,0.002136,0.002213,0.002136,0.002136,0.002213,0.002098,0.002060,0.002098,0.002136,0.002098,0.002098,0.002136,0.002022,0.002098,0.002060,0.002060,0.001945,0.002022,0.001945,0.001984,0.001945,0.001907,0.001907,0.001945,0.001945,0.001945,0.001907,0.001907,0.001907,0.001907,0.001945,0.001907,0.001869,0.001869,0.001869,0.001869,0.001945,0.001907,0.001945,0.001945,0.001869,0.001945,0.001945,0.001945,0.001945,0.001907,0.001907,0.001907,0.001945,0.001907,0.001907,0.001869,0.001907,0.001984,0.001945,0.001907,0.001869,0.001907,0.001869,0.001907,0.001945,0.001945,0.001945,0.001945,0.001984,0.001945,0.001984,0.002022,0.001984,0.002022,0.002022,0.002060,0.002022,0.002060,0.002022,0.002022,0.002060,0.002060,0.002060,0.002022,0.002022,0.002098,0.002098,0.002136,0.002098,0.002098,0.002174,0.002060,0.002098,0.002022,0.002022,0.002060,0.002098,0.002060,0.002060,0.002098,0.002098,0.002098,0.002060,0.001984,0.002022,0.002060,0.002060,0.002022,0.002098,0.002060,0.002022,0.002098,0.002022,0.002136,0.002060,0.002060,0.002060,0.002022,0.002060,0.002098,0.002022,0.002098,0.002060,0.002060,0.002060,0.002022,0.002022,0.002022,0.002022,0.002022,0.002060,0.001984,0.001984,0.001984,0.001984,0.001984,0.001907,0.001945,0.001945,0.001945,0.001869,0.001945,0.001907,0.001869,0.001907,0.001945,0.001945,0.001907,0.001907,0.001945,0.001945,0.001945,0.001945,0.001907,0.001945,0.001945,0.001945,0.001984,0.001945,0.001984,0.002022,0.001984,0.001984,0.001945,0.001945,0.001984,0.002022,0.001984
25,19:00:00.000,12/31/1903,0.000000,0.100000,UNKNOWN,1,0/0,0.000000,0.000000,0.000000,0.000000,0.000000,0.000000,0.000000,0.000000,0,0,0,0,0.002136,0.002213,0.002136,0.002174,0.002213,0.002136,0.002174,0.002136,0.002174,0.002174,0.002213,0.002136,0.002174,0.002174,0.002098,0.002098,0.002136,0.002174,0.002136,0.002136,0.002098,0.002136,0.002136,0.002136,0.002136,0.002136,0.002174,0.002098,0.002136,0.002060,0.002136,0.002098,0.002136,0.002174,0.002098,0.002098,0.002136,0.002098,0.002098,0.002060,0.002098,0.002098,0.002060,0.002022,0.002060,0.002098,0.002060,0.002060,0.002098,0.002136,0.002060,0.002022,0.002060,0.002060,0.002060,0.002060,0.002060,0.002060,0.002022,0.002022,0.002022,0.001984,0.002022,0.002022,0.002060,0.002060,0.002022,0.002060,0.002060,0.002022,0.002022,0.001984,0.002022,0.002022,0.002022,0.002022,0.001984,0.002022,0.001984,0.001984,0.001984,0.001984,0.001945,0.001945,0.001984,0.001984,0.002022,0.002022,0.001984,0.002022,0.002022,0.002060,0.002060,0.002022,0.001984,0.001984,0.002060,0.001984,0.002022,0.002022,0.001984,0.002022,0.001984,0.002022,0.002060,0.001984,0.001984,0.002022,0.002022,0.001984,0.002060,0.002022,0.002022,0.002022,0.002098,0.002060,0.002022,0.002022,0.002060,0.002060,0.002022,0.002022,0.002022,0.002060,0.002022,0.002060,0.002136,0.002060,0.002098,0.002060,0.002022,0.002060,0.002060,0.002060,0.002060,0.002060,0.002060,0.002060,0.002136,0.002060,0.002098,0.002060,0.002060,0.002098,0.002060,0.002060,0.002098,0.002022,0.002060,0.002060,0.002098,0.002060,0.002098,0.002098,0.002060,0.002098,0.002022,0.002098,0.002098,0.002060,0.002060,0.002060,0.002098,0.002098,0.002060,0.002174,0.002060,0.002136,0.002098,0.002060,0.002136,0.002098,0.002136,0.002136,0.002136,0.002098,0.002136,0.002136,0.002213,0.002174,0.002136,0.002174,0.002136,0.002098,0.002098,0.002098,0.002098,0.002098,0.002060,0.002136,0.002136,0.002136,0.002098,0.002060,0.002060,0.002136,0.002136,0.002098,0.002098,0.002098,0.002060,0.002098,0.002098,0.002098,0.002136,0.002060,0.002098,0.002098,0.002136,0.002098,0.002060,0.002136,0.002136,0.002098,0.002098,0.002098,0.002098,0.002098,0.002098,0.002098,0.002098,0.002098,0.002098,0.002098,0.002136,0.002136,0.002136,0.002060,0.002098,0.002098,0.002174,0.002174,0.002136,0.002213,0.002136,0.002136,0.002174,0.002136,0.002174,0.002136,0.002098,0.002174,0.002174,0.002174,0.002136,0.002136,0.002136,0.002136,0.002060,0.002098,0.002213,0.002174,0.002136,0.002136,0.002136,0.002136,0.002136,0.002136,0.002060,0.002174,0.002136,0.002098,0.002136,0.002136,0.002174,0.002060,0.002098,0.002060,0.002060,0.002136,0.002136,0.002098,0.002136,0.002098,0.002098,0.002136,0.002098,0.002098,0.002098,0.002098,0.002098,0.002060,0.002060,0.002060,0.002098,0.002060,0.002098,0.002060,0.002022,0.002060,0.002060,0.002060,0.002136,0.002060,0.002022,0.002022,0.002098,0.002060,0.002022,0.002060,0.002060,0.002022,0.002022,0.002022,0.002060,0.002022,0.002022,0.002022,0.002060,0.002098,0.002022,0.002060,0.002060,0.002022,0.002022,0.002022,0.002022,0.001984,0.002060,0.002060,0.001984,0.002022,0.002022,0.002022,0.002060,0.002060,0.002022,0.002022,0.002022,0.002022,0.002022,0.002060,0.002060,0.001984,0.002022,0.002060,0.002022,0.001984,0.002060,0.002022,0.002060,0.002098,0.002022,0.002098,0.002022,0.002060,0.002060,0.002022,0.002060,0.002060,0.002022,0.002022,0.002060,0.002098,0.002022,0.002022,0.002060,0.002022,0.002060,0.002060,0.002098,0.002022,0.002060,0.002098,0.002060,0.002098,0.002060,0.002136,0.002060,0.002098,0.002060,0.002022,0.002060,0.002022,0.002060,0.002022,0.002022,0.002098,0.002098,0.002022,0.002060,0.002098,0.002098,0.002098,0.002098,0.002022,0.002060,0.002022,0.002022,0.002098,0.002136,0.002098,0.002136,0.002098,0.002136,0.002098,0.002060,0.002098,0.002098,0.002098,0.002098,0.002098,0.002136,0.002098,0.002136,0.002098,0.002098,0.002136,0.002136,0.002136,0.002098,0.002136,0.002136,0.002174,0.002213,0.002136,0.002136,0.002098,0.002098,0.002174,0.002098,0.002174,0.002136,0.002136,0.002174,0.002213,0.002136,0.002136,0.002213,0.002174,0.002136,0.002174,0.002213,0.002174,0.002174,0.002136,0.002136,0.002174,0.002174,0.002136,0.002136,0.002174,0.002136,0.002136,0.002060,0.002174,0.002098,0.002098,0.002098,0.002060,0.002098,0.002060,0.002098,0.002136,0.002060,0.002060,0.002098,0.002060,0.002060,0.002098,0.002060,0.002060,0.002060,0.002022,0.002022,0.002060,0.001984,0.002098,0.002022,0.002022,0.001984,0.001984,0.002060,0.002060,0.002022,0.002022,0.002022,0.002060,0.002060,0.002022,0.002022,0.001984,0.001984,0.001945,0.001945,0.001945,0.001945,0.001984,0.001945,0.001907,0.001984,0.001984,0.001984,0.001984,0.001984,0.001984,0.001945,0.001945,0.001984,0.001984,0.001945,0.001945,0.001984,0.001984,0.001984,0.001984,0.002060,0.002022,0.001945,0.001945,0.001984,0.002022,0.001984,0.002022,0.001984,0.001945,0.001984,0.001945,0.001945,0.002022,0.002022,0.002022,0.002022,0.002022,0.002022,0.001984,0.001984,0.002022,0.002060,0.002060,0.002060,0.001984,0.002022,0.002022,0.002022,0.001984,0.002022,0.002060,0.002098,0.002060,0.002098,0.002060,0.002060,0.002060,0.002098,0.002098,0.002098,0.002098,0.002098,0.002098,0.002060,0.002060,0.002098,0.002136,0.002098,0.002098,0.002060,0.002136,0.002136,0.002098,0.002136,0.002136,0.002174,0.002136,0.002136,0.002174,0.002098,0.002136,0.002098,0.002098,0.002098,0.002136,0.002174,0.002136,0.002098,0.002098,0.002136,0.002136,0.002136,0.002136,0.002136,0.002136,0.002136,0.002098,0.002136,0.002174,0.002136,0.002136,0.002136,0.002136,0.002136,0.002098,0.002098,0.002098,0.002098,0.002136,0.002136,0.002136,0.002098,0.002022,0.002060,0.002098,0.002136,0.002060,0.002060,0.002098,0.002022,0.002060,0.002060,0.002098,0.002098,0.002060,0.001984,0.001984,0.002022,0.001984,0.001984,0.002022,0.002022,0.002022,0.001984,0.002022,0.002060,0.002060,0.002060,0.002022,0.002022,0.002060,0.002098,0.002060,0.001984,0.002060,0.002060,0.002022,0.002060,0.001984,0.002060,0.002060,0.002060,0.002060,0.002022,0.002022,0.002022,0.002098,0.002098,0.002022,0.001984,0.002060,0.002060,0.002060,0.002060,0.002060,0.002060,0.002022,0.002022,0.002022,0.002060,0.002022,0.002060,0.001984,0.002060,0.002022,0.001984,0.002022,0.002022,0.002060,0.002060,0.002022,0.001984,0.002022,0.002060,0.002022,0.001984,0.001984,0.001984,0.002022,0.002060,0.001984,0.002022,0.002022,0.002022,0.002060,0.002022,0.002060,0.002060,0.001984,0.001945,0.001984,0.001984,0.001945,0.001945,0.002022,0.001984,0.001984,0.001907,0.001907,0.001907,0.001907,0.001869,0.001907,0.001831,0.001869,0.001869,0.001831,0.001831,0.001793,0.001755,0.001755,0.001717,0.001640,0.001678,0.001640,0.001640,0.001602,0.001564,0.001526,0.001526,0.001526,0.001488,0.001450,0.001411,0.001411,0.001450,0.001488,0.001526,0.001526,0.001602,0.001717,0.001678,0.001831,0.002022,0.002174,0.002403,0.002594,0.002785,0.003052,0.003357,0.003624,0.003929,0.004311,0.004654,0.004997,0.005302,0.005608,0.006065,0.006409,0.006714,0.006981,0.007248,0.007439,0.007553,0.007515,0.007439,0.007324,0.007057,0.006676,0.006332,0.005875,0.005341,0.004883,0.004272,0.003700,0.003052,0.002518,0.001907,0.001335,0.000687,0.000038,-0.000458,-0.001068,-0.001717,-0.002251,-0.002899,-0.003395,-0.004005,-0.004425,-0.004883,-0.005188,-0.005302,-0.005379,-0.005341,-0.005226,-0.004997,-0.004692,-0.004311,-0.003853,-0.003319,-0.002899,-0.002365,-0.001869,-0.001373,-0.000763,-0.000381,0.000000,0.000420,0.000725,0.001106,0.001373,0.001640,0.001793,0.002022,0.002098,0.002251,0.002403,0.002403,0.002441,0.002556,0.002632,0.002747,0.002785,0.002861,0.002937,0.002975,0.003052,0.003090,0.003204,0.003204,0.003281,0.003433,0.003471,0.003548,0.003586,0.003700,0.003853,0.004005,0.004044,0.004120,0.004311,0.004425,0.004539,0.004616,0.004692,0.004692,0.004692,0.004730,0.004730,0.004692,0.004654,0.004578,0.004578,0.004501,0.004387,0.004311,0.004120,0.004044,0.003929,0.003777,0.003700,0.003510,0.003395,0.003281,0.003166,0.003052,0.002937,0.002823,0.002670,0.002594,0.002518,0.002403,0.002365,0.002327,0.002251,0.002174,0.002136,0.002098,0.002060,0.001945,0.001907,0.001831,0.001831,0.001755,0.001869,0.001793,0.001793,0.001831,0.001831,0.001831,0.001831,0.001907,0.001945,0.001907,0.001945,0.002022,0.002022,0.002060,0.002098,0.002098,0.002022,0.002022,0.001984,0.001907,0.001945,0.001907,0.001831,0.001869,0.001793,0.001831,0.001793,0.001793,0.001755,0.001755,0.001717,0.001717,0.001678,0.001678,0.001717,0.001640,0.001564,0.001564,0.001488,0.001411,0.001450,0.001411,0.001488,0.001450,0.001411,0.001488,0.001564,0.001678,0.001678,0.001755,0.001755,0.001831,0.001907,0.001907,0.001907,0.001831,0.001907,0.001945,0.001869,0.001869,0.001907,0.001869,0.001907,0.001869,0.001907,0.001831,0.001869,0.001945,0.001869,0.001945,0.001945,0.001984,0.002060,0.001984,0.002022,0.001984,0.001984,0.001869,0.001869,0.001945,0.001831,0.001831,0.001831,0.001831,0.001831,0.001831,0.001907,0.001907,0.001907,0.001984,0.002060,0.002098,0.002136,0.002213,0.002289,0.002289,0.002327,0.002441,0.002480,0.002556,0.002518,0.002594,0.002594,0.002594,0.002518,0.002480,0.002480,0.002403,0.002403,0.002289,0.002174,0.002098,0.002098,0.001984,0.001945,0.001907,0.001907,0.001869,0.001831,0.001869,0.001907,0.001907,0.001945,0.001984,0.001869,0.001869,0.001945,0.001945,0.001907,0.001793,0.001869,0.001755,0.001717,0.001678,0.001602,0.001564,0.001526,0.001526,0.001526,0.001450,0.001450,0.001411,0.001411,0.001411,0.001411,0.001411,0.001373,0.001411,0.001411,0.001373,0.001450,0.001450,0.001488,0.001488,0.001564,0.001602,0.001602,0.001678,0.001717,0.001717,0.001831,0.001907,0.001984,0.002022,0.002098,0.002251,0.002289,0.002365,0.002441,0.002594,0.002632,0.002670,0.002747,0.002708,0.002708,0.002747,0.002823,0.002823,0.002785,0.002747,0.002747,0.002785,0.002708,0.002747,0.002747,0.002747,0.002708,0.002670,0.002594,0.002670,0.002632,0.002632,0.002632,0.002594,0.002670,0.002594,0.002594,0.002556,0.002518,0.002518,0.002403,0.002441,0.002441,0.002365,0.002365,0.002213,0.002251,0.002213,0.002174,0.002174,0.002136,0.002213,0.002174,0.002136,0.002136,0.002136,0.002136,0.002174,0.002174,0.002174,0.002174,0.002174,0.002136,0.002098,0.002060,0.002060,0.002136,0.002060,0.002060,0.002060,0.002060,0.002098,0.002060,0.002136,0.002174,0.002213,0.002213,0.002213,0.002289,0.002289,0.002365,0.002403,0.002441,0.002480,0.002480,0.002556,0.002632,0.002632,0.002670,0.002632,0.002670,0.002594,0.002594,0.002556,0.002518,0.002441,0.002403,0.002213,0.002213,0.002136,0.002098,0.002022,0.001945,0.001869,0.001869,0.001793,0.001793,0.001755,0.001717,0.001717,0.001717,0.001717,0.001755,0.001755,0.001755,0.001907,0.001869,0.001945,0.001945,0.002060,0.002136,0.002060,0.002174,0.002174,0.002174,0.002174,0.002174,0.002213,0.002213,0.002136,0.002098,0.002022,0.002098,0.002022,0.002022,0.001945,0.001869,0.001907,0.001869,0.001869,0.001869,0.001831,0.001831,0.001755,0.001717,0.001717,0.001678,0.001678,0.001602,0.001640,0.001564,0.001564,0.001564,0.001526,0.001526,0.001526,0.001526,0.001602,0.001602,0.001640,0.001640,0.001717,0.001755,0.001831,0.001831,0.001869,0.001907,0.001869,0.001945,0.001984,0.001984,0.002022,0.002022,0.001984,0.002098,0.002060,0.002098,0.002098,0.002136,0.002136,0.002174,0.002174,0.002213,0.002213,0.002213,0.002174,0.002213,0.002174,0.002174,0.002174,0.002251,0.002251,0.002251,0.002251,0.002213,0.002174,0.002213,0.002174,0.002213,0.002174,0.002174,0.002213,0.002213,0.002174,0.002136,0.002174,0.002136,0.002174,0.002213,0.002174,0.002213,0.002213,0.002174,0.002213,0.002174,0.002251,0.002251,0.002213,0.002213,0.002174,0.002174,0.002213,0.002098,0.002174,0.002136,0.002060,0.002060,0.002098,0.002098,0.001984,0.001984,0.001984,0.001869,0.001907,0.001831,0.001831,0.001755,0.001755,0.001755,0.001793,0.001717,0.001717,0.001717,0.001678,0.001678,0.001717,0.001678,0.001640,0.001602,0.001678,0.001717,0.001678,0.001678,0.001678,0.001755,0.001717,0.001717,0.001831,0.001793,0.001831,0.001907,0.001984,0.002060,0.002060,0.002022,0.002136,0.002174,0.002213,0.002213,0.002289,0.002289,0.002327,0.002365,0.002365,0.002403,0.002327,0.002480,0.002480,0.002403,0.002480,0.002518,0.002480,0.002480,0.002480,0.002518,0.002480,0.002556,0.002556,0.002556,0.002556,0.002518,0.002556,0.002480,0.002480,0.002518,0.002403,0.002441,0.002403,0.002441,0.002327,0.002365,0.002365,0.002327,0.002327,0.002251,0.002213,0.002213,0.002174,0.002060,0.002022,0.001984,0.002022,0.001945,0.001945,0.001907,0.001945,0.001945,0.001984,0.001945,0.001984,0.002022,0.002022,0.002022,0.002098,0.002136,0.002136,0.002174,0.002174,0.002289,0.002251,0.002289,0.002327,0.002327,0.002327,0.002327,0.002289,0.002327,0.002251,0.002327,0.002289,0.002251,0.002213,0.002174,0.002174,0.002136,0.002136,0.002098,0.002060,0.001984,0.002022,0.001945,0.001869,0.001907,0.001907,0.001869,0.001831,0.001793,0.001793,0.001831,0.001717,0.001755,0.001717,0.001717,0.001717,0.001755,0.001755,0.001717,0.001755,0.001717,0.001755,0.001717,0.001755,0.001755,0.001755,0.001678,0.001831,0.001793,0.001793,0.001717,0.001755,0.001793,0.001755,0.001717,0.001678,0.001717,0.001755,0.001717,0.001755,0.001755,0.001831,0.001755,0.001793,0.001869,0.001869,0.001869,0.001945,0.001945,0.002022,0.001984,0.002022,0.002136,0.002136,0.002174,0.002174,0.002174,0.002174,0.002213,0.002289,0.002213,0.002289,0.002251,0.002251,0.002289,0.002251,0.002251,0.002213,0.002251,0.002251,0.002213,0.002251,0.002251,0.002213,0.002136,0.002098,0.002098,0.002098,0.002098,0.002098,0.002098,0.002136,0.002136,0.002098,0.002060,0.002022,0.002060,0.002098,0.002098,0.002022,0.002060,0.002098,0.002060,0.002098,0.002060,0.002098,0.002060,0.002098,0.002022,0.002060,0.002098,0.002098,0.002098,0.002060,0.002060,0.002098,0.002136,0.002136,0.002098,0.002098,0.002174,0.002213,0.002174,0.002098,0.002174,0.002174,0.002174,0.002213,0.002213,0.002174,0.002136,0.002098,0.002251,0.002136,0.002174,0.002136,0.002136,0.002136,0.002098,0.002060,0.002060,0.002060,0.002022,0.001984,0.002022,0.002060,0.002022,0.001984,0.001984,0.002022,0.002060,0.001945,0.002060,0.002022,0.002060,0.002022,0.002022,0.002022,0.002060,0.002022,0.002022,0.002022,0.002060,0.002060,0.002022,0.002060,0.002060,0.002098,0.002098,0.002136,0.002136,0.002174,0.002174,0.002213,0.002213,0.002174,0.002174,0.002136,0.002174,0.002213,0.002174,0.002213,0.002098,0.002136,0.002098,0.002060,0.001984,0.001984,0.001984,0.001984,0.001945,0.001945,0.001945,0.001907,0.001907,0.001869,0.001907,0.001869,0.001831,0.001869,0.001907,0.001907,0.001907,0.001907,0.001907,0.001945,0.001907,0.001984,0.001945,0.001984,0.002022,0.002060,0.002022,0.002022,0.002136,0.002098,0.002060,0.002098,0.002098,0.002060,0.002060,0.002060,0.002136,0.002060,0.002136,0.002060,0.002022,0.002060,0.002098,0.002098,0.002022,0.002060,0.002022,0.002022,0.002022,0.001984,0.001984,0.001984,0.001945,0.001945,0.001907,0.001907,0.001793,0.001869,0.001907,0.001907,0.001831,0.001907,0.001945,0.001907,0.001907,0.001945,0.001945,0.001945,0.002022,0.002022,0.002022,0.002022,0.002098,0.002136,0.002060,0.002098,0.002098,0.002136,0.002174,0.002174,0.002174,0.002213,0.002213,0.002213,0.002289,0.002251,0.002251,0.002251,0.002251,0.002251,0.002251,0.002289,0.002289,0.002327,0.002327,0.002327,0.002289,0.002251,0.002289,0.002289,0.002251,0.002213,0.002251,0.002213,0.002251,0.002174,0.002213,0.002174,0.002174,0.002174,0.002174,0.002098,0.002098,0.002136,0.002098,0.002060,0.002060,0.002098,0.002098,0.002098,0.002060,0.001984,0.002022,0.002022,0.002022,0.001984,0.002022,0.002022,0.002022,0.002060,0.002136,0.002136,0.002174,0.002136,0.002174,0.002289,0.002327,0.002327,0.002327,0.002365,0.002441,0.002480,0.002556,0.002556,0.002518,0.002594,0.002594,0.002670,0.002747,0.002670,0.002632,0.002670,0.002708,0.002670,0.002670,0.002670,0.002594,0.002556,0.002518,0.002518,0.002441,0.002365,0.002403,0.002403,0.002327,0.002251,0.002251,0.002213,0.002174,0.002174,0.002060,0.002022,0.002060,0.002022,0.001945,0.001793,0.001717,0.001717,0.001602,0.001450,0.001297,0.001259,0.001144,0.001106,0.001068,0.000992,0.000916,0.000916,0.000877,0.000839,0.000877,0.000916,0.000992,0.001068,0.001144,0.001221,0.001259,0.001373,0.001564,0.001564,0.001640,0.001755,0.001831,0.001907,0.001984,0.002022,0.002136,0.002174,0.002213,0.002327,0.002327,0.002365,0.002365,0.002365,0.002365,0.002327,0.002289,0.002327,0.002289,0.002289,0.002251,0.002251,0.002213,0.002174,0.002136,0.002098,0.002174,0.002213,0.002136,0.002174,0.002136,0.002174,0.002213,0.002289,0.002289,0.002327,0.002365,0.002365,0.002403,0.002403,0.002403,0.002480,0.002518,0.002594,0.002518,0.002594,0.002556,0.002441,0.002403,0.002441,0.002441,0.002403,0.002365,0.002365,0.002327,0.002289,0.002251,0.002251,0.002174,0.002136,0.002098,0.002098,0.002060,0.002022,0.002022,0.001984,0.001945,0.001945,0.001945,0.001945,0.001984,0.001984,0.001907,0.001945,0.001907,0.001945,0.001984,0.001945,0.001945,0.002022,0.002022,0.001984,0.001907,0.001984,0.001984,0.002022,0.001984,0.001984,0.002022,0.001984,0.001945,0.001945,0.001984,0.001984,0.001984,0.001945,0.001945,0.002022,0.001984,0.001984,0.001984,0.001945,0.001984,0.001984,0.001984,0.001945,0.001984,0.001945,0.001984,0.002022,0.002022,0.001984,0.002022,0.001984,0.002022,0.002022,0.002060,0.002098,0.002098,0.002098,0.002136,0.002174,0.002174,0.002136,0.002174,0.002213,0.002213,0.002289,0.002289,0.002327,0.002327,0.002365,0.002365,0.002327,0.002365,0.002365,0.002365,0.002365,0.002327,0.002365,0.002289,0.002327,0.002327,0.002289,0.002289,0.002251,0.002251,0.002213,0.002213,0.002174,0.002213,0.002213,0.002136,0.002213,0.002098,0.002060,0.002136,0.002060,0.002022,0.002060,0.002098,0.002060,0.002022,0.002060,0.002060,0.002098,0.002098,0.002060,0.002022,0.002022,0.002098,0.002136,0.002136,0.002174,0.002174,0.002213,0.002174,0.002174,0.002174,0.002251,0.002213,0.002213,0.002251,0.002289,0.002327,0.002327,0.002289,0.002327,0.002365,0.002327,0.002365,0.002403,0.002403,0.002441,0.002327,0.002289,0.002327,0.002365,0.002289,0.002251,0.002213,0.002174,0.002213,0.002136,0.002060,0.002060,0.002060,0.001984,0.001945,0.001907,0.001945,0.001945,0.001907,0.001907,0.001907,0.001907,0.001907,0.001869,0.001869,0.001831,0.001793,0.001831,0.001793,0.001831,0.001831,0.001755,0.001755,0.001793,0.001793,0.001755,0.001755,0.001793,0.001793,0.001793,0.001869,0.001831,0.001869,0.001831,0.001869,0.001907,0.001907,0.001869,0.001984,0.001945,0.001907,0.001984,0.002022,0.001984,0.002022,0.002022,0.002022,0.002060,0.002098,0.002098,0.002098,0.002098,0.002060,0.002098,0.002098,0.002213,0.002174,0.002174,0.002251,0.002136,0.002136,0.002174,0.002174,0.002136,0.002098,0.002174,0.002136,0.002136,0.002136,0.002136,0.002098,0.002098,0.002060,0.002098,0.002060,0.002060,0.002098,0.002098,0.002098,0.002098,0.002098,0.002098,0.002136,0.002136,0.002098,0.002136,0.002174,0.002136,0.002174,0.002136,0.002136,0.002136,0.002098,0.002213,0.002136,0.002098,0.002098,0.002060,0.002022,0.002022,0.001984,0.001945,0.001945,0.001907,0.001945,0.001907,0.001869,0.001869,0.001869,0.001907,0.001907,0.001907,0.001869,0.001869,0.001831,0.001793,0.001869,0.001869,0.001869,0.001869,0.001869,0.001831,0.001907,0.001945,0.001907,0.002022,0.001984,0.002022,0.001984,0.002022,0.002060,0.002022,0.002060,0.002098,0.002060,0.002060,0.002136,0.002098,0.002060,0.002060,0.002098,0.002098,0.002022,0.002060,0.002022,0.002060,0.002098,0.002060,0.002022,0.002022,0.002022,0.002022,0.002060,0.002022,0.002022,0.002060,0.002098,0.002060,0.002022,0.002060,0.002098,0.002136,0.002098,0.002136,0.002174,0.002213,0.002174,0.002174,0.002213,0.002251,0.002251,0.002289,0.002213,0.002251,0.002289,0.002251,0.002251,0.002251,0.002251,0.002251,0.002251,0.002213,0.002213,0.002174,0.002213,0.002251,0.002213,0.002136,0.002174,0.002060,0.002098,0.002098,0.002098,0.002060,0.002060,0.002060,0.002098,0.002098,0.002098,0.002022,0.002022,0.002098,0.002060,0.002022,0.002098,0.002060,0.002098,0.002136,0.002136,0.002174,0.002174,0.002174,0.002251,0.002213,0.002251,0.002289,0.002213,0.002289,0.002327,0.002251,0.002251,0.002251,0.002251,0.002289,0.002289,0.002251,0.002213,0.002213,0.002213,0.002213,0.002174,0.002174,0.002213,0.002174,0.002136,0.002174,0.002098,0.002098,0.002098,0.002098,0.002060,0.002022,0.002022,0.001984,0.002022,0.001945,0.001907,0.001907,0.001831,0.001831,0.001869,0.001831,0.001831,0.001793,0.001755,0.001755,0.001717,0.001717,0.001678,0.001640,0.001678,0.001640,0.001678,0.001678,0.001678,0.001678,0.001717,0.001640,0.001678,0.001717,0.001717,0.001755,0.001717,0.001755,0.001717,0.001755,0.001717,0.001755,0.001793,0.001755,0.001717,0.001755,0.001717,0.001755,0.001793,0.001793,0.001793,0.001755,0.001793,0.001907,0.001869,0.001907,0.001907,0.001945,0.001945,0.001984,0.002022,0.001984,0.002022,0.002098,0.002136,0.002136,0.002136,0.002213,0.002213,0.002213,0.002251,0.002289,0.002251,0.002251,0.002327,0.002327,0.002365,0.002365,0.002365,0.002403,0.002327,0.002365,0.002365,0.002403,0.002365,0.002327,0.002327,0.002327,0.002365,0.002327,0.002327,0.002289,0.002289,0.002251,0.002327,0.002251,0.002213,0.002213,0.002174,0.002174,0.002136,0.002174,0.002136,0.002136,0.002098,0.002098,0.002098,0.002098,0.002060,0.002060,0.001984,0.001984,0.002060,0.002060,0.002022,0.001984,0.002022,0.001984,0.001984,0.001945,0.001945,0.002060,0.002022,0.002022,0.001984,0.001945,0.002022,0.002060,0.001945,0.001984,0.001945,0.001984,0.001945,0.001907,0.001945,0.001984,0.001945,0.001907,0.001907,0.001907,0.001907,0.001945,0.001984,0.001907,0.001945,0.001984,0.001984,0.002022,0.001945,0.002022,0.001984,0.002022,0.002060,0.002060,0.002060,0.002060,0.002022,0.002060,0.002060,0.002098,0.002098,0.002174,0.002174,0.002098,0.002098,0.002136,0.002098,0.002098,0.002060,0.002060,0.002098,0.002098,0.002098,0.002136,0.002098,0.002098,0.002098,0.002060,0.002098,0.002098,0.002098,0.002098,0.002098,0.002136,0.002098,0.002060,0.002098,0.002098,0.002174,0.002136,0.002136,0.002098,0.002136,0.002174,0.002174,0.002213,0.002136,0.002174,0.002174,0.002213,0.002213,0.002136,0.002174,0.002136,0.002174,0.002174,0.002174,0.002174,0.002213,0.002174,0.002136,0.002136,0.002136,0.002098,0.002098,0.002098,0.002098,0.002060,0.002098,0.002098,0.002098,0.002136,0.002060,0.002060,0.002060,0.002098,0.002098,0.002136,0.002136,0.002098,0.002060,0.002098,0.002136,0.002136,0.002098,0.002098,0.002060,0.002060,0.002098,0.002060,0.002022,0.002022,0.001984,0.001984,0.001984,0.001984,0.001984,0.001984,0.001945,0.001945,0.001907,0.001907,0.001869,0.001907,0.001907,0.001907,0.001831,0.001945,0.001907,0.001907,0.001907,0.001869,0.001907,0.001907,0.001907,0.001869,0.001869,0.001907,0.001907,0.001907,0.001907,0.001907,0.001907,0.001907,0.001945,0.002022,0.001984,0.001945,0.001907,0.001984,0.001945,0.001945,0.001945,0.001984,0.001984,0.002022,0.002060,0.002098,0.002060,0.002060,0.002060,0.002060,0.002060,0.002060,0.002060,0.002098,0.002136,0.002136,0.002213,0.002174,0.002136,0.002136,0.002174,0.002213,0.002136,0.002213,0.002136,0.002136,0.002174,0.002174,0.002136,0.002136,0.002174,0.002098,0.002098,0.002174,0.002136,0.002136,0.002098,0.002098,0.002174,0.002136,0.002098,0.002136,0.002136,0.002136,0.002098,0.002060,0.002098,0.002136,0.002174,0.002174,0.002174,0.002136,0.002213,0.002174,0.002174,0.002213,0.002136,0.002136,0.002174,0.002136,0.002136,0.002174,0.002213,0.002213,0.002174,0.002213,0.002174,0.002213,0.002213,0.002136,0.002174,0.002174,0.002213,0.002136,0.002174,0.002174,0.002136,0.002174,0.002136,0.002174,0.002174,0.002136,0.002174,0.002136,0.002060,0.002136,0.002136,0.002136,0.002098,0.002098,0.002098,0.002098,0.002136,0.002098,0.002060,0.002098,0.002136,0.002098,0.002136,0.002174,0.002136,0.002098,0.002136,0.002098,0.002098,0.002098,0.002060,0.002098,0.002098,0.002136,0.002098,0.002136,0.002136,0.002136,0.002136,0.002098,0.002136,0.002174,0.002174,0.002136,0.002174,0.002213,0.002136,0.002136,0.002136,0.002174,0.002174,0.002174,0.002098,0.002213,0.002136,0.002136,0.002098,0.002136,0.002136,0.002136,0.002136,0.002060,0.002060,0.002098,0.002060,0.002060,0.002060,0.002022,0.001984,0.002022,0.001984,0.001984,0.002022,0.002022,0.002022,0.002022,0.001984,0.001984,0.001984,0.001907,0.002022,0.002022,0.001945,0.002022,0.002060,0.002060,0.002098,0.002060,0.002060,0.002098,0.002136,0.002136,0.002174,0.002213,0.002213,0.002213,0.002174,0.002213,0.002289,0.002289,0.002289,0.002327,0.002365,0.002365,0.002441,0.002441,0.002365,0.002403,0.002441,0.002403,0.002365,0.002403,0.002365,0.002365,0.002289,0.002251,0.002213,0.002174,0.002174,0.002136,0.002136,0.002060,0.002022,0.001984,0.002022,0.001945,0.001907,0.001869,0.001831,0.001869,0.001793,0.001831,0.001793,0.001831,0.001831,0.001831,0.001793,0.001831,0.001869,0.001869,0.001869,0.001907,0.001945,0.001945,0.001984,0.001984,0.001984,0.002060,0.002060,0.002022,0.002060,0.002060,0.002060,0.002060,0.002060,0.002060,0.002022,0.002060,0.002022,0.001984,0.001984,0.001984,0.001945,0.001945,0.001945,0.001984,0.001945,0.001945,0.002022,0.001984,0.001984,0.001945,0.002022,0.002022,0.002060,0.002060,0.002060,0.002098,0.002136,0.002098,0.002098,0.002136,0.002136,0.002213,0.002213,0.002174,0.002213,0.002174,0.002251,0.002289,0.002289,0.002327,0.002251,0.002289,0.002327,0.002327,0.002289,0.002213,0.002289,0.002251,0.002251,0.002213,0.002251,0.002251,0.002213,0.002251,0.002213,0.002251,0.002213,0.002251,0.002289,0.002289,0.002289,0.002327,0.002251,0.002251,0.002289,0.002289,0.002289,0.002327,0.002327,0.002289,0.002251,0.002213,0.002213,0.002213,0.002213,0.002174,0.002174,0.002136,0.002060,0.002022,0.002022,0.001984,0.001984,0.001945,0.001945,0.001907,0.001945,0.001869,0.001831,0.001831,0.001793,0.001793,0.001755,0.001755,0.001793,0.001793,0.001755,0.001755,0.001755,0.001793,0.001755,0.001755,0.001793,0.001793,0.001831,0.001793,0.001793,0.001907,0.001831,0.001907,0.001869,0.001907,0.001907,0.001907,0.001984,0.001945,0.001984,0.001984,0.002022,0.002060,0.002060,0.001984,0.002098,0.002098,0.002060,0.002060,0.002098,0.002098,0.002136,0.002136,0.002136,0.002098,0.002098,0.002098,0.002098,0.002098,0.002060,0.002060,0.002098,0.002098,0.002098,0.002098,0.002060,0.002098,0.002060,0.002098,0.002060,0.002098,0.002136,0.002098,0.002098,0.002098,0.002060,0.002098,0.002136,0.002098,0.002174,0.002136,0.002174,0.002136,0.002174,0.002213,0.002174,0.002213,0.002213,0.002136,0.002136,0.002213,0.002174,0.002213,0.002213,0.002251,0.002213,0.002213,0.002213,0.002213,0.002251,0.002174,0.002174,0.002213,0.002251,0.002174,0.002174,0.002213,0.002174,0.002174,0.002174,0.002136,0.002098,0.002098,0.002060,0.002060,0.002060,0.002060,0.002060,0.002060,0.001984,0.001984,0.001984,0.002022,0.001945,0.001945,0.002022,0.002060,0.002060,0.002098,0.002060,0.002060,0.002136,0.002136,0.002174,0.002098,0.002136,0.002098,0.002098,0.002060,0.002022,0.002098,0.002060,0.002022,0.001984,0.001945,0.002022,0.001984,0.001945,0.001907,0.001907,0.001907,0.001907,0.001869,0.001869,0.001831,0.001869,0.001869,0.001907,0.001869,0.001869,0.001907,0.001907,0.001945,0.001907,0.001907,0.001984,0.001984,0.002060,0.002060,0.002098,0.002136,0.002136,0.002136,0.002098,0.002174,0.002136,0.002174,0.002174,0.002136,0.002136,0.002098,0.002136,0.002098,0.002098,0.002136,0.002060,0.002098,0.002098,0.002060,0.002060,0.001945,0.002022,0.001984,0.001945,0.002022,0.001945,0.001945,0.001984,0.002022,0.001984,0.001984,0.001984,0.001984,0.002022,0.002022,0.001984,0.002022,0.002022,0.002060,0.002098,0.002060,0.002136,0.002060,0.002098,0.002098,0.002174,0.002174,0.002174,0.002174,0.002174,0.002213,0.002289,0.002289,0.002289,0.002289,0.002327,0.002327,0.002327,0.002327,0.002251,0.002327,0.002365,0.002365,0.002365,0.002289,0.002289,0.002251,0.002251,0.002289,0.002251,0.002213,0.002174,0.002174,0.002213,0.002136,0.002098,0.002060,0.002136,0.002098,0.002136,0.002098,0.002098,0.002098,0.002098,0.002060,0.002060,0.002022,0.002060,0.002022,0.002060,0.002098,0.002060,0.002098,0.002022,0.002098,0.002060,0.002022,0.001945,0.001984,0.002022,0.001984,0.001945,0.001945,0.001945,0.001945,0.001869,0.001831,0.001869,0.001869,0.001831,0.001793,0.001793,0.001831,0.001831,0.001793,0.001793,0.001793,0.001831,0.001755,0.001793,0.001793,0.001831,0.001793,0.001869,0.001869,0.001869,0.001869,0.001831,0.001907,0.001831,0.001907,0.001869,0.001984,0.001984,0.001984,0.001907,0.001945,0.001945,0.001984,0.001984,0.001984,0.001945,0.001945,0.002022,0.001984,0.001984,0.001984,0.001907,0.001945,0.001945,0.001945,0.001945,0.001907,0.001907,0.001945,0.001984,0.001945,0.001945,0.001984,0.001984,0.002022,0.002022,0.001984,0.002022,0.002060,0.002060,0.002098,0.002098,0.002098,0.002098,0.002136,0.002098,0.002060,0.002098,0.002098,0.002174,0.002213,0.002213,0.002251,0.002174,0.002213,0.002251,0.002213,0.002251,0.002251,0.002251,0.002251,0.002289,0.002365,0.002327,0.002327,0.002365,0.002403,0.002403,0.002365,0.002403,0.002365,0.002441,0.002403,0.002403,0.002403,0.002441,0.002365,0.002403,0.002365,0.002365,0.002289,0.002289,0.002213,0.002251,0.002213,0.002174,0.002136,0.002060,0.002022,0.002060,0.001984,0.001984,0.001945,0.001907,0.001869,0.001831,0.001831,0.001831,0.001793,0.001793,0.001755,0.001755,0.001755,0.001755,0.001755,0.001793,0.001793,0.001755,0.001793,0.001755,0.001831,0.001869,0.001869,0.001907,0.001831,0.001869,0.001945,0.001945,0.001984,0.001869,0.001945,0.001984,0.001945,0.002022,0.001984,0.002060,0.002060,0.002098,0.002098,0.002098,0.002174,0.002136,0.002098,0.002174,0.002136,0.002174,0.002174,0.002213,0.002251,0.002213,0.002289,0.002251,0.002251,0.002365,0.002289,0.002327,0.002289,0.002251,0.002251,0.002327,0.002289,0.002327,0.002327,0.002251,0.002327,0.002327,0.002289,0.002289,0.002327,0.002289,0.002327,0.002289,0.002327,0.002289,0.002327,0.002327,0.002289,0.002289,0.002289,0.002365,0.002289,0.002289,0.002251,0.002251,0.002327,0.002289,0.002213,0.002251,0.002174,0.002251,0.002174,0.002213,0.002251,0.002174,0.002213,0.002174,0.002136,0.002174,0.002174,0.002136,0.002098,0.002136,0.002174,0.002136,0.002098,0.002098,0.002098,0.002098,0.002136,0.002136,0.002098,0.002060,0.002060,0.002060,0.002060,0.002022,0.002022,0.002022,0.001984,0.001984,0.001945,0.001984,0.001945,0.001945,0.001945,0.001945,0.001907,0.001869,0.001945,0.001907,0.001869,0.001907,0.001945,0.001945,0.001907,0.001907,0.001945,0.001907,0.001945,0.001907,0.001984,0.001945,0.001907,0.002022,0.001984,0.002022,0.002022,0.001984,0.001984,0.002022,0.002060,0.002060,0.002060,0.001984,0.001984,0.002022,0.002022,0.002060,0.002060,0.002098,0.002136,0.002136,0.002174,0.002136,0.002136,0.002136,0.002136,0.002174,0.002174,0.002213,0.002251,0.002251,0.002251,0.002251,0.002289,0.002251,0.002213,0.002289,0.002289,0.002251,0.002289,0.002251,0.002251,0.002251,0.002251,0.002289,0.002365,0.002365,0.002251,0.002289,0.002251,0.002213,0.002251,0.002213,0.002213,0.002251,0.002213,0.002251,0.002174,0.002174,0.002174,0.002136,0.002136,0.002136,0.002136,0.002060,0.002098,0.002098,0.002060,0.002098,0.002060,0.002098,0.002136,0.002060,0.002098,0.002136,0.002098,0.002098,0.002060,0.002098,0.002060,0.002136,0.002060,0.001984,0.002022,0.002022,0.002060,0.002060,0.002060,0.002022,0.001984,0.002022,0.001984,0.001945,0.001945,0.001907,0.001984,0.001907,0.001907,0.001945,0.001907,0.001869,0.001831,0.001907,0.001869,0.001831,0.001907,0.001831,0.001831,0.001831,0.001793,0.001793,0.001755,0.001831,0.001793,0.001831,0.001755,0.001869,0.001907,0.001831,0.001869,0.001907,0.001907,0.001945,0.001869,0.001907,0.001907,0.001945,0.001984,0.001907,0.001984,0.001945,0.002022,0.002022,0.002022,0.002022,0.002060,0.002022,0.002098,0.002098,0.002098,0.002136,0.002136,0.002098,0.002098,0.002136,0.002136,0.002174,0.002174,0.002213,0.002174,0.002213,0.002289,0.002289,0.002289,0.002251,0.002251,0.002289,0.002251,0.002289,0.002289,0.002251,0.002289,0.002251,0.002213,0.002251,0.002213,0.002289,0.002174,0.002174,0.002174,0.002251,0.002213,0.002174,0.002213,0.002213,0.002213,0.002174,0.002098,0.002136,0.002136,0.002098,0.002136,0.002136,0.002136,0.002136,0.002174,0.002136,0.002174,0.002174,0.002136,0.002136,0.002098,0.002174,0.002098,0.002136,0.002174,0.002174,0.002098,0.002136,0.002136,0.002174,0.002098,0.002136,0.002136,0.002136,0.002136,0.002098,0.002174,0.002174,0.002136,0.002174,0.002213,0.002213,0.002174,0.002174,0.002213,0.002174,0.002213,0.002098,0.002136,0.002136,0.002174,0.002213,0.002213,0.002174,0.002174,0.002136,0.002136,0.002136,0.002174,0.002174,0.002174,0.002136,0.002136,0.002136,0.002136,0.002136,0.002136,0.002174,0.002136,0.002098,0.002174,0.002136,0.002098,0.002136,0.002174,0.002136,0.002136,0.002136,0.002174,0.002174,0.002213,0.002136,0.002136,0.002251,0.002174,0.002213,0.002136,0.002174,0.002136,0.002174,0.002213,0.002136,0.002213,0.002174,0.002174,0.002136,0.002213,0.002174,0.002174,0.002174,0.002213,0.002136,0.002136,0.002136,0.002136,0.002136,0.002098,0.002136,0.002060,0.002060,0.001984,0.001984,0.001984,0.001984,0.002060,0.001984,0.001907,0.001907,0.001869,0.001869,0.001869,0.001831,0.001907,0.001869,0.001831,0.001869,0.001831,0.001869,0.001831,0.001831,0.001793,0.001793,0.001831,0.001793,0.001793,0.001793,0.001831,0.001793,0.001793,0.001869,0.001869,0.001869,0.001907,0.001945,0.001984,0.001984,0.001984,0.002022,0.002098,0.002060,0.002098,0.002174,0.002174,0.002174,0.002213,0.002251,0.002213,0.002213,0.002174,0.002213,0.002213,0.002251,0.002213,0.002213,0.002213,0.002213,0.002213,0.002174,0.002098,0.002174,0.002136,0.002136,0.002060,0.002098,0.002022,0.002098,0.002060,0.002098,0.002136,0.002136,0.002098,0.002098,0.002136,0.002174,0.002098,0.002098,0.002174,0.002136,0.002213,0.002251,0.002251,0.002289,0.002213,0.002251,0.002174,0.002213,0.002213,0.002174,0.002213,0.002174,0.002174,0.002136,0.002098,0.002174,0.002060,0.002098,0.002022,0.001984,0.001984,0.001907,0.001907,0.001831,0.001907,0.001869,0.001755,0.001793,0.001717,0.001755,0.001717,0.001717,0.001678,0.001640,0.001717,0.001755,0.001793,0.001717,0.001793,0.001831,0.001869,0.001869,0.001869,0.001869,0.001907,0.001945,0.002060,0.002022,0.002022,0.002022,0.001984,0.001984,0.001984,0.001945,0.002060,0.001984,0.002022,0.001945,0.002022,0.001984,0.001984,0.002022,0.001945,0.002022,0.001984,0.002022,0.002060,0.002022,0.002022,0.002022,0.002060,0.002022,0.002098,0.002136,0.002098,0.002136,0.002174,0.002174,0.002213,0.002213,0.002213,0.002213,0.002213,0.002251,0.002251,0.002289,0.002289,0.002289,0.002289,0.002251,0.002251,0.002213,0.002251,0.002213,0.002213,0.002213,0.002251,0.002213,0.002251,0.002136,0.002174,0.002136,0.002136,0.002136,0.002060,0.002098,0.002098,0.002098,0.002174,0.002174,0.002174,0.002098,0.002174,0.002136,0.002174,0.002098,0.002060,0.002136,0.002136,0.002136,0.002098,0.002098,0.002136,0.002098,0.002098,0.002098,0.002098,0.002098,0.002022,0.002136,0.002098,0.002098,0.002060,0.002022,0.002060,0.002022,0.001945,0.002022,0.001984,0.001984,0.002022,0.002022,0.001984,0.001984,0.002022,0.002060,0.002060,0.001984,0.001984,0.002022,0.002022,0.002022,0.002060,0.002098,0.002022,0.002060,0.002136,0.002060,0.002060,0.002136,0.002098,0.002022,0.002098,0.002098,0.002022,0.002022,0.002098,0.002060,0.002136,0.002136,0.002060,0.002098,0.002136,0.002098,0.002098,0.002136,0.002136,0.002136,0.002098,0.002098,0.002174,0.002174,0.002136,0.002136,0.002136,0.002174,0.002136,0.002098,0.002136,0.002098,0.002136,0.002098,0.002060,0.002098,0.002060,0.002060,0.002022,0.001984,0.002022,0.002022,0.002060,0.002022,0.001984,0.001945,0.001945,0.001945,0.001945,0.001945,0.001907,0.001945,0.001945,0.001907,0.001945,0.001945,0.001907,0.001945,0.001869,0.001945,0.001945,0.001984,0.001984,0.001984,0.001984,0.001984,0.001945,0.001945,0.002022,0.001984,0.001984,0.001945,0.001984,0.001945,0.002022,0.001984,0.002022,0.001984,0.002022,0.002060,0.001984,0.002060,0.001984,0.002060,0.002060,0.002098,0.002098,0.002136,0.002098,0.002098,0.002060,0.002060,0.002098,0.002098,0.002022,0.002022,0.002098,0.002060,0.002060,0.002060,0.002060,0.002060,0.002098,0.002098,0.002060,0.002060,0.002060,0.001984,0.002022,0.002022,0.001984,0.001984,0.001984,0.002060,0.001945,0.002022,0.002022,0.001945,0.002060,0.002022,0.002060,0.002098,0.002060,0.002060,0.002060,0.002098,0.002098,0.002136,0.002174,0.002098,0.002136,0.002174,0.002213,0.002174,0.002213,0.002213,0.002174,0.002251,0.002251,0.002251,0.002289,0.002251,0.002213,0.002213,0.002213,0.002213,0.002174,0.002136,0.002136,0.002136,0.002098,0.002174,0.002174,0.002136,0.002098,0.002174,0.002136,0.002136,0.002136,0.002136,0.002098,0.002098,0.002060,0.002060,0.002136,0.002060,0.002060,0.002098,0.002098,0.002060,0.002060,0.002098,0.002022,0.002022,0.002022,0.001984,0.002022,0.002022,0.002060,0.002022,0.001984,0.001984,0.001984,0.001945,0.001984,0.001984,0.002022,0.001984,0.001984,0.001945,0.001945,0.001984,0.001907,0.001945,0.001945,0.001907,0.001907,0.001869,0.001907,0.001945,0.001945,0.001907,0.001907,0.001984,0.001945,0.001907,0.001945,0.001984,0.001945,0.001945,0.001945,0.001945,0.001907,0.001984,0.001984,0.002022,0.002022,0.001945,0.001907,0.001984,0.002022,0.002022,0.002060,0.002022,0.002022,0.002022,0.002060,0.002136,0.002060,0.002060,0.002098,0.002136,0.002213,0.002174,0.002136,0.002251,0.002213,0.002174,0.002213,0.002213,0.002213,0.002251,0.002213,0.002213,0.002327,0.002251,0.002289,0.002289,0.002327,0.002327,0.002289,0.002289,0.002251,0.002213,0.002251,0.002251,0.002251,0.002174,0.002213,0.002251,0.002136,0.002174,0.002174,0.002136,0.002174,0.002174,0.002174,0.002136,0.002136,0.002136,0.002174,0.002136,0.002136,0.002174,0.002174,0.002136,0.002098,0.002136,0.002098,0.002136,0.002098,0.002174,0.002098,0.002098,0.002098,0.002136,0.002098,0.002098,0.002136,0.002136,0.002098,0.002098,0.002136,0.002136,0.002136,0.002136,0.002098,0.002098,0.002136,0.002136,0.002098,0.002098,0.002136,0.002136,0.002060,0.002098,0.002060,0.001984,0.002022,0.002022,0.001945,0.001945,0.001984,0.001907,0.001907,0.001945,0.001907,0.001907,0.001907,0.001945,0.001869,0.001907,0.001907,0.001907,0.001984,0.001984,0.002022,0.002060,0.002098,0.002136,0.002174,0.002251,0.002289,0.002289,0.002327,0.002365,0.002365,0.002403,0.002403,0.002403,0.002327,0.002289,0.002327,0.002251,0.002289,0.002213,0.002213,0.002136,0.002098,0.002060,0.002022,0.001984,0.001945,0.001945,0.001945,0.001831,0.001907,0.001907,0.001869,0.001907,0.001869,0.001945,0.001945,0.001945,0.001984,0.001984,0.002060,0.002098,0.002136,0.002060,0.002098,0.002174,0.002174,0.002174,0.002174,0.002136,0.002174,0.002174,0.002136,0.002174,0.002213,0.002136,0.002174,0.002174,0.002136,0.002136,0.002174,0.002136,0.002213,0.002174,0.002136,0.002136,0.002213,0.002174,0.002136,0.002213,0.002174,0.002174,0.002213,0.002213,0.002213,0.002174,0.002251,0.002251,0.002213,0.002251,0.002174,0.002213,0.002251,0.002213,0.002174,0.002213,0.002251,0.002213,0.002251,0.002174,0.002174,0.002136,0.002213,0.002174,0.002174,0.002174,0.002213,0.002174,0.002174,0.002136,0.002136,0.002174,0.002174,0.002174,0.002098,0.002136,0.002174,0.002136,0.002136,0.002136,0.002136,0.002098,0.002174,0.002174,0.002098,0.002136,0.002136,0.002098,0.002098,0.002060,0.002060,0.001945,0.001984,0.002022,0.002022,0.002060,0.001984,0.001984,0.001984,0.001945,0.001984,0.001984,0.001945,0.001984,0.001945,0.002022,0.002022,0.002060,0.002022,0.002022,0.002060,0.002098,0.002136,0.002060,0.002098,0.002174,0.002060,0.002098,0.002098,0.002098,0.002136,0.002136,0.002174,0.002098,0.002098,0.002060,0.002060,0.002136,0.002098,0.002136,0.002060,0.002098,0.002098,0.002060,0.002060,0.002060,0.002022,0.002098,0.002098,0.002098,0.002098,0.002098,0.002098,0.002060,0.002060,0.002136,0.002098,0.002098,0.002098,0.002098,0.002098,0.002098,0.002136,0.002136,0.002136,0.002174,0.002174,0.002098,0.002098,0.002136,0.002098,0.002098,0.002136,0.002174,0.002136,0.002098,0.002098,0.002098,0.002098,0.002136,0.002136,0.002174,0.002136,0.002136,0.002098,0.002136,0.002174,0.002136,0.002098,0.002136,0.002136,0.002174,0.002136,0.002174,0.002174,0.002174,0.002174,0.002174,0.002136,0.002136,0.002136,0.002136,0.002174,0.002098,0.002098,0.002136,0.002098,0.002098,0.002136,0.002098,0.002060,0.002060,0.002060,0.002022,0.002022,0.002060,0.002022,0.002022,0.001984,0.002022,0.002022,0.001984,0.001945,0.001984,0.001984,0.001984,0.001984,0.002022,0.001984,0.001945,0.002022,0.001984,0.002022,0.001984,0.002022,0.002060,0.002022,0.002098,0.002060,0.002022,0.002060,0.002098,0.002060,0.002060,0.002060,0.002022,0.002060,0.002098,0.002022,0.002022,0.002060,0.002060,0.002136,0.002098,0.002098,0.002136,0.002136,0.002136,0.002136,0.002174,0.002098,0.002136,0.002098,0.002174,0.002136,0.002213,0.002213,0.002213,0.002213,0.002251,0.002136,0.002174,0.002213,0.002174,0.002213,0.002213,0.002213,0.002174,0.002213,0.002136,0.002213,0.002174,0.002174,0.002213,0.002136,0.002136,0.002098,0.002098,0.002136,0.002098,0.002060,0.002060,0.002022,0.002022,0.001984,0.002060,0.002022,0.002060,0.002022,0.002060,0.002022,0.002060,0.001984,0.002060,0.002022,0.002022,0.002022,0.001984,0.001984,0.001984,0.001907,0.001869,0.001984,0.001945,0.001869,0.001869,0.001869,0.001907,0.001945,0.001907,0.001907,0.001831,0.001907,0.001907,0.001945,0.001945,0.001907,0.001869,0.001945,0.002022,0.002022,0.001984,0.001945,0.001945,0.002022,0.002060,0.002022,0.002060,0.002060,0.002060,0.002098,0.002098,0.002060,0.002136,0.002136,0.002136,0.002136,0.002136,0.002174,0.002213,0.002213,0.002174,0.002213,0.002213,0.002213,0.002251,0.002174,0.002174,0.002213,0.002174,0.002174,0.002136,0.002136,0.002174,0.002174,0.002060,0.002060,0.002060,0.002060,0.002060,0.001984,0.002022,0.001945,0.001945,0.001907,0.001945,0.001907,0.001831,0.001869,0.001831,0.001831,0.001755,0.001831,0.001793,0.001755,0.001831,0.001755,0.001793,0.001831,0.001831,0.001869,0.001907,0.001869,0.001945,0.001907,0.001984,0.001945,0.002022,0.002022,0.002060,0.002098,0.002136,0.002213,0.002136,0.002174,0.002213,0.002174,0.002213,0.002213,0.002174,0.002136,0.002136,0.002136,0.002174,0.002174,0.002174,0.002251,0.002213,0.002213,0.002213,0.002213,0.002174,0.002174,0.002174,0.002213,0.002174,0.002213,0.002213,0.002289,0.002213,0.002174,0.002213,0.002251,0.002251,0.002251,0.002251,0.002251,0.002251,0.002251,0.002213,0.002213,0.002213,0.002251,0.002251,0.002251,0.002136,0.002136,0.002174,0.002174,0.002174,0.002136,0.002098,0.002060,0.002136,0.002136,0.002098,0.002098,0.002060,0.002022,0.002022,0.001984,0.002022,0.002060,0.002098,0.002022,0.001984,0.002060,0.002098,0.002060,0.002098,0.002022,0.002060,0.002022,0.001984,0.001945,0.001945,0.001945,0.001945,0.001984,0.001984,0.001984,0.001984,0.002022,0.001945,0.002022,0.002022,0.002022,0.002098,0.002060,0.002060,0.002098,0.002060,0.002098,0.002060,0.002098,0.002022,0.001945,0.001945,0.002022,0.001907,0.001869,0.001793,0.001793,0.001717,0.001793,0.001755,0.001793,0.001793,0.001755,0.001831,0.001831,0.001831,0.001869,0.001907,0.001907,0.001907,0.001907,0.001945,0.001945,0.001945,0.001945,0.001869,0.001869,0.001869,0.001831,0.001831,0.001869,0.001869,0.001831,0.001831,0.001831,0.001831,0.001831,0.001831,0.001907,0.001907,0.001907,0.001907,0.001907,0.001945,0.001945,0.001945,0.001984,0.001984,0.002022,0.001945,0.002022,0.001984,0.002022,0.001945,0.002022,0.001984,0.001984,0.002022,0.002022,0.002022,0.002060,0.002098,0.002060,0.002098,0.002098,0.002136,0.002098,0.002098,0.002174,0.002174,0.002136,0.002251,0.002251,0.002289,0.002289,0.002289,0.002365,0.002403,0.002365,0.002365,0.002327,0.002327,0.002289,0.002327,0.002327,0.002289,0.002327,0.002251,0.002251,0.002174,0.002174,0.002136,0.002098,0.002098,0.002098,0.002022,0.002022,0.002022,0.002022,0.001984,0.001984,0.001907,0.001945,0.001945,0.002022,0.002022,0.002060,0.002098,0.002022,0.002060,0.002136,0.002136,0.002174,0.002174,0.002136,0.002136,0.002174,0.002136,0.002213,0.002174,0.002213,0.002213,0.002251,0.002213,0.002174,0.002136,0.002136,0.002174,0.002174,0.002174,0.002174,0.002136,0.002098,0.002098,0.002136,0.002174,0.002174,0.002136,0.002136,0.002098,0.002136,0.002098,0.002098,0.002098,0.002136,0.002213,0.002136,0.002136,0.002174,0.002174,0.002098,0.002136,0.002136,0.002136,0.002136,0.002174,0.002136,0.002098,0.002060,0.002136,0.002060,0.002136,0.002098,0.002022,0.002060,0.002060,0.002022,0.002060,0.002098,0.002098,0.002060,0.002060,0.002022,0.002060,0.002098,0.002098,0.002136,0.002136,0.002174,0.002098,0.002098,0.002136,0.002174,0.002136,0.002098,0.002174,0.002174,0.002098,0.002136,0.002136,0.002213,0.002174,0.002060,0.002098,0.002098,0.002098,0.002098,0.002098,0.002022,0.002060,0.002060,0.002098,0.002098,0.002022,0.002060,0.002060,0.002060,0.002098,0.002098,0.002098,0.002136,0.002174,0.002213,0.002174,0.002136,0.002098,0.002098,0.002136,0.002136,0.002136,0.002098,0.002098,0.002136,0.002174,0.002174,0.002136,0.002136,0.002098,0.002136,0.002098,0.002060,0.002060,0.002098,0.002136,0.002136,0.002098,0.002098,0.002136,0.002060,0.002098,0.002136,0.002136,0.002136,0.002098,0.002098,0.002060,0.002098,0.002098,0.002136,0.002098,0.002022,0.002060,0.002098,0.002060,0.001984,0.002060,0.002060,0.002098,0.002060,0.002022,0.002060,0.002098,0.002060,0.002060,0.002060,0.002060,0.002060,0.002060,0.001945,0.001984,0.002022,0.001945,0.001984,0.001984,0.001945,0.001907,0.001945,0.001945,0.001984,0.001945,0.001945,0.001984,0.001984,0.001984,0.001984,0.001984,0.001984,0.002060,0.002022,0.002060,0.002098,0.002136,0.002136,0.002136,0.002136,0.002136,0.002213,0.002251,0.002174,0.002213,0.002251,0.002174,0.002213,0.002251,0.002251,0.002251,0.002213,0.002213,0.002251,0.002289,0.002327,0.002251,0.002251,0.002251,0.002251,0.002251,0.002213,0.002213,0.002213,0.002251,0.002213,0.002174,0.002213,0.002174,0.002174,0.002098,0.002098,0.002098,0.002136,0.002098,0.002098,0.002098,0.002098,0.002098,0.002098,0.002098,0.002060,0.002136,0.002136,0.002098,0.002174,0.002174,0.002213,0.002174,0.002136,0.002174,0.002174,0.002174,0.002213,0.002213,0.002213,0.002213,0.002213,0.002251,0.002213,0.002251,0.002251,0.002251,0.002251,0.002251,0.002251,0.002251,0.002251,0.002213,0.002213,0.002213,0.002213,0.002251,0.002174,0.002213,0.002136,0.002136,0.002136,0.002136,0.002098,0.002022,0.002022,0.002022,0.002022,0.002022,0.002022,0.001984,0.001984,0.001907,0.001831,0.001907,0.001907,0.001831,0.001869,0.001869,0.001831,0.001869,0.001831,0.001793,0.001831,0.001831,0.001907,0.001869,0.001945,0.001945,0.001907,0.001945,0.001984,0.002022,0.002060,0.002098,0.002098,0.002136,0.002213,0.002174,0.002174,0.002213,0.002289,0.002289,0.002251,0.002289,0.002251,0.002251,0.002289,0.002327,0.002289,0.002289,0.002251,0.002289,0.002289,0.002251,0.002174,0.002251,0.002213,0.002213,0.002213,0.002174,0.002136,0.002098,0.002098,0.002098,0.002136,0.002098,0.002098,0.002098,0.002098,0.002098,0.002136,0.002136,0.002136,0.002136,0.002136,0.002098,0.002136,0.002174,0.002136,0.002174,0.002174,0.002213,0.002251,0.002213,0.002213,0.002251,0.002289,0.002289,0.002251,0.002213,0.002213,0.002213,0.002251,0.002251,0.002213,0.002251,0.002251,0.002251,0.002251,0.002213,0.002213,0.002213,0.002213,0.002213,0.002251,0.002174,0.002213,0.002174,0.002174,0.002174,0.002213,0.002136,0.002136,0.002136,0.002136,0.002213,0.002213,0.002174,0.002213,0.002213,0.002251,0.002174,0.002174,0.002136,0.002213,0.002174,0.002174,0.002213,0.002174,0.002174,0.002213,0.002136,0.002098,0.002174,0.002136,0.002060,0.002060,0.002060,0.002060,0.002022,0.002022,0.001984,0.002022,0.001984,0.002022,0.002022,0.002022,0.001984,0.001984,0.001984,0.001945,0.001945,0.001984,0.001984,0.001984,0.001984,0.002022,0.002022,0.002022,0.001984,0.001984,0.001984,0.001984,0.002022,0.001984,0.001984,0.001907,0.001984,0.001984,0.002022,0.002060,0.002060,0.002022,0.002060,0.002022,0.002022,0.001984,0.002022,0.002060,0.001984,0.002022,0.001945,0.001984,0.002022,0.001984,0.001945,0.001984,0.001984,0.002022,0.001984,0.001984,0.001907,0.001984,0.001945,0.001907,0.001945,0.001984,0.001984,0.001984,0.001945,0.001984,0.002022,0.001984,0.002022,0.001984,0.002022,0.002022,0.002060,0.002098,0.002060,0.002098,0.002098,0.002098,0.002060,0.002098,0.002136,0.002098,0.002060,0.002136,0.002136,0.002098,0.002098,0.002136,0.002136,0.002136,0.002060,0.002098,0.002060,0.002022,0.002060,0.002022,0.002060,0.002098,0.002098,0.002060,0.002022,0.002060,0.002022,0.002022,0.002022,0.001984,0.001984,0.001984,0.002022,0.002022,0.001984,0.001984,0.001984,0.002022,0.002022,0.001984,0.001945,0.001945,0.001984,0.001945,0.001984,0.001945,0.001945,0.001984,0.001945,0.001984,0.001945,0.001984,0.002022,0.002060,0.002022,0.002022,0.001984,0.002022,0.002022,0.002098,0.002098,0.002060,0.002098,0.002060,0.002098,0.002136,0.002060,0.002060,0.002098,0.002098,0.002060,0.002060,0.002098,0.002136,0.002136,0.002098,0.002098,0.002136,0.002098,0.002136,0.002098,0.002098,0.002060,0.002060,0.002060,0.002098,0.002060,0.002060,0.002098,0.002022,0.002022,0.002022,0.002060,0.002098,0.002136,0.002098,0.002060,0.002060,0.002136,0.002136,0.002136,0.002098,0.002098,0.002136,0.002136,0.002174,0.002136,0.002136,0.002174,0.002213,0.002174,0.002098,0.002098,0.002098,0.002136,0.002213,0.002213,0.002136,0.002174,0.002174,0.002136,0.002136,0.002174,0.002174,0.002289,0.002174,0.002213,0.002213,0.002251,0.002251,0.002251,0.002213,0.002289,0.002289,0.002213,0.002289,0.002289,0.002251,0.002251,0.002251,0.002251,0.002213,0.002213,0.002251,0.002213,0.002174,0.002174,0.002136,0.002174,0.002060,0.002098,0.002098,0.002136,0.002098,0.002136,0.002098,0.002098,0.002060,0.002060,0.001984,0.002022,0.002022,0.002022,0.002022,0.001984,0.002022,0.001945,0.001945,0.001945,0.001984,0.001945,0.001907,0.001945,0.001984,0.001984,0.001984,0.001945,0.001945,0.001945,0.001984,0.002022,0.001945,0.001945,0.001945,0.001984,0.001984,0.001984,0.001945,0.001907,0.001945,0.001984,0.002022,0.002022,0.001907,0.001984,0.001945,0.001945,0.002022,0.001984,0.001945,0.001984,0.002022,0.002022,0.001945,0.001984,0.002022,0.002060,0.001984,0.001984,0.002060,0.002022,0.002022,0.002022,0.001984,0.002022,0.001984,0.002022,0.002022,0.002060,0.002022,0.002060,0.002098,0.002022,0.002098,0.002060,0.002022,0.002098,0.002136,0.002136,0.002136,0.002098,0.002174,0.002174,0.002136,0.002174,0.002174,0.002213,0.002174,0.002213,0.002174,0.002174,0.002174,0.002213,0.002136,0.002174,0.002251,0.002136,0.002136,0.002174,0.002174,0.002060,0.002060,0.002022,0.002060,0.002098,0.002022,0.002022,0.002022,0.001984,0.001945,0.001831,0.001869,0.001907,0.001869,0.001793,0.001755,0.001793,0.001793,0.001755,0.001831,0.001793,0.001755,0.001755,0.001793,0.001831,0.001831,0.001869,0.001869,0.001869,0.001869,0.001907,0.001869,0.001907,0.001984,0.002022,0.002022,0.001984,0.001945,0.001984,0.001945,0.002022,0.001945,0.001945,0.001945,0.001907,0.001907,0.001869,0.001831,0.001907,0.001869,0.001869,0.001869,0.001831,0.001831,0.001793,0.001793,0.001869,0.001793,0.001755,0.001831,0.001831,0.001831,0.001831,0.001869,0.001869,0.001869,0.001945,0.001984,0.002022,0.001984,0.002022,0.002022,0.002022,0.002022,0.002098,0.002136,0.002136,0.002060,0.002174,0.002213,0.002174,0.002213,0.002213,0.002251,0.002289,0.002289,0.002289,0.002289,0.002289,0.002365,0.002365,0.002365,0.002327,0.002327,0.002327,0.002403,0.002441,0.002441,0.002480,0.002480,0.002480,0.002441,0.002480,0.002441,0.002518,0.002518,0.002441,0.002480,0.002518,0.002518,0.002556,0.002480,0.002441,0.002441,0.002480,0.002518,0.002480,0.002441,0.002365,0.002403,0.002403,0.002327,0.002327,0.002327,0.002327,0.002327,0.002327,0.002289,0.002251,0.002327,0.002251,0.002213,0.002251,0.002174,0.002213,0.002136,0.002136,0.002136,0.002136,0.002174,0.002098,0.002136,0.002136,0.002098,0.002060,0.002098,0.002136,0.002098,0.002098,0.002060,0.002098,0.002136,0.002098,0.002060,0.002098,0.002060,0.002060,0.002060,0.002098,0.002098,0.002060,0.001945,0.002022,0.002022,0.002022,0.002060,0.001984,0.001984,0.001984,0.002022,0.001984,0.001945,0.001945,0.001945,0.001907,0.001907,0.001907,0.001831,0.001869,0.001831,0.001869,0.001831,0.001907,0.001831,0.001869,0.001831,0.001831,0.001869,0.001793,0.001869,0.001907,0.001869,0.001869,0.001831,0.001907,0.001869,0.001869,0.001907,0.001945,0.001984,0.001984,0.001984,0.001945,0.001945,0.001984,0.002022,0.002022,0.002022,0.002022,0.002060,0.002060,0.002022,0.002022,0.002060,0.002022,0.001984,0.002060,0.002060,0.001984,0.001945,0.001984,0.001945,0.002060,0.002022,0.001984,0.002060,0.002022,0.001984,0.002060,0.002098,0.002060,0.002022,0.002098,0.002022,0.002098,0.002060,0.002022,0.002022,0.002022,0.002098,0.002136,0.002098,0.002098,0.002098,0.002174,0.002098,0.002174,0.002174,0.002136,0.002174,0.002098,0.002136,0.002174,0.002136,0.002136,0.002136,0.002213,0.002136,0.002136,0.002213,0.002174,0.002098,0.002060,0.002060,0.002136,0.002136,0.002174,0.002136,0.002136,0.002136,0.002136,0.002174,0.002098,0.002174,0.002136,0.002174,0.002136,0.002136,0.002174,0.002174,0.002213,0.002174,0.002213,0.002174,0.002174,0.002213,0.002213,0.002251,0.002213,0.002174,0.002213,0.002174,0.002213,0.002213,0.002174,0.002213,0.002213,0.002213,0.002174,0.002174,0.002098,0.002174,0.002136,0.002098,0.002174,0.002174,0.002136,0.002098,0.002136,0.002174,0.002136,0.002174,0.002098,0.002174,0.002136,0.002098,0.002174,0.002213,0.002136,0.002136,0.002136,0.002174,0.002174,0.002136,0.002136,0.002174,0.002174,0.002136,0.002136,0.002098,0.002213,0.002174,0.002174,0.002098,0.002136,0.002213,0.002136,0.002136,0.002174,0.002136,0.002136,0.002136,0.002136,0.002174,0.002174,0.002136,0.002098,0.002098,0.002136,0.002174,0.002136,0.002136,0.002174,0.002136,0.002136,0.002136,0.002136,0.002136,0.002098,0.002136,0.002060,0.002098,0.002174,0.002098,0.002174,0.002136,0.002136,0.002136,0.002136,0.002098,0.002060,0.002098,0.002060,0.002060,0.002060,0.002060,0.002098,0.002022,0.002022,0.002060,0.002060,0.001984,0.002022,0.002060,0.002060,0.002022,0.002022,0.002022,0.002022,0.001984,0.001984,0.001984,0.002060,0.002098,0.002022,0.002060,0.002022,0.002022,0.002022,0.002060,0.002098,0.002098,0.002098,0.002098,0.002060,0.002098,0.002098,0.002098,0.002098,0.002136,0.002213,0.002174,0.002136,0.002174,0.002174,0.002136,0.002174,0.002174,0.002098,0.002213,0.002174,0.002174,0.002213,0.002213,0.002174,0.002174,0.002213,0.002251,0.002213,0.002213,0.002174,0.002174,0.002174,0.002174,0.002213,0.002213,0.002213,0.002213,0.002251,0.002174,0.002213,0.002251,0.002174,0.002174,0.002136,0.002098,0.002136,0.002060,0.002098,0.002098,0.002098,0.002098,0.002060,0.002060,0.002022,0.002022,0.002022,0.001984,0.001945,0.001984,0.001984,0.001907,0.001984,0.001945,0.001984,0.001945,0.001907,0.001907,0.001907,0.001945,0.001907,0.001907,0.001945,0.001945,0.001945,0.001831,0.001869,0.001984,0.001984,0.001945,0.001945,0.001984,0.002060,0.002060,0.002022,0.002098,0.002098,0.002098,0.002098,0.002098,0.002136,0.002174,0.002098,0.002136,0.002136,0.002136,0.002136,0.002098,0.002174,0.002098,0.002136,0.002136,0.002174,0.002174,0.002098,0.002136,0.002060,0.002060,0.002098,0.002136,0.002136,0.002060,0.002060,0.002098,0.002022,0.002060,0.002060,0.002098,0.002098,0.002060,0.002098,0.002060,0.002060,0.001984,0.002022,0.002060,0.002060,0.002022,0.002022,0.002060,0.002060,0.002022,0.002060,0.002060,0.002060,0.002098,0.002098,0.002098,0.002060,0.002022,0.002022,0.002060,0.002022,0.002022,0.001984,0.002022,0.002098,0.002022,0.002022,0.001945,0.002060,0.002060,0.001984,0.002022,0.002022,0.002022,0.001945,0.001984,0.001984,0.001945,0.001984,0.001945,0.002022,0.001984,0.001984,0.002060,0.002022,0.002098,0.002098,0.002060,0.002098,0.002098,0.002098,0.002136,0.002136,0.002136,0.002136,0.002174,0.002098,0.002174,0.002136,0.002136,0.002174,0.002136,0.002136,0.002060,0.002098,0.002136,0.002098,0.002136,0.002136,0.002174,0.002174,0.002098,0.002136,0.002098,0.002098,0.002060,0.002174,0.002098,0.002136,0.002136,0.002136,0.002174,0.002098,0.002098,0.002174,0.002213,0.002174,0.002136,0.002136,0.002213,0.002213,0.002174,0.002174,0.002174,0.002136,0.002136,0.002136,0.002136,0.002136,0.002098,0.002136,0.002060,0.002098,0.002136,0.002098,0.002060,0.002098,0.002098,0.002098,0.002022,0.002022,0.001984,0.002022,0.002022,0.002060,0.002060,0.002060,0.002060,0.002022,0.002022,0.001984,0.002060,0.002022,0.001945,0.001984,0.001945,0.002022,0.002022,0.002022,0.002022,0.001945,0.001984,0.001945,0.001984,0.001984,0.001984,0.001984,0.002022,0.002022,0.002060,0.002022,0.002060,0.002022,0.002060,0.001984,0.001984,0.002022,0.001984,0.002098,0.002022,0.002022,0.002022,0.002060,0.002060,0.002022,0.002022,0.002060,0.002060,0.002060,0.001984,0.002060,0.002060,0.002136,0.002060,0.002060,0.002060,0.002060,0.002098,0.002022,0.002098,0.002098,0.002098,0.002060,0.002022,0.002022,0.002060,0.002060,0.002060,0.002022,0.002060,0.002022,0.002060,0.002022,0.002060,0.002060,0.002060,0.002136,0.002022,0.002060,0.002060,0.002098,0.002098,0.002098,0.002136,0.002098,0.002060,0.002174,0.002060,0.002060,0.002060,0.002098,0.002060,0.002022,0.002060,0.001945,0.001984,0.001984,0.001945,0.001984,0.001945,0.001945,0.001907,0.001907,0.001945,0.001907,0.001869,0.001869,0.001869,0.001831,0.001869,0.001907,0.001793,0.001793,0.001831,0.001907,0.001869,0.001907,0.001869,0.001793,0.001831,0.001869,0.001907,0.001945,0.001907,0.001984,0.001907,0.002022,0.001984,0.002022,0.002022,0.001984,0.002060,0.002022,0.002060,0.002098,0.002098,0.002174,0.002098,0.002098,0.002098,0.002136,0.002174,0.002136,0.002174,0.002098,0.002136,0.002098,0.002136,0.002098,0.002060,0.002098,0.002022,0.002098,0.002060,0.002098,0.002098,0.002136,0.002174,0.002060,0.002136,0.002098,0.002060,0.002060,0.002060,0.002098,0.002060,0.002098,0.002136,0.002060,0.002060,0.002098,0.002022,0.002022,0.002098,0.002136,0.002022,0.002098,0.002098,0.002098,0.002136,0.002174,0.002136,0.002060,0.002136,0.002136,0.002136,0.002136,0.002213,0.002213,0.002136,0.002136,0.002136,0.002213,0.002174,0.002060,0.002174,0.002060,0.002098,0.002213,0.002174,0.002136,0.002174,0.002136,0.002098,0.002098,0.002136,0.002136,0.002098,0.002136,0.002136,0.002098,0.002060,0.002098,0.002098,0.002060,0.002022,0.002098,0.002098,0.002022,0.001984,0.002022,0.002060,0.002060,0.001984,0.002022,0.002022,0.002022,0.001984,0.002022,0.001984,0.001984,0.002022,0.001984,0.001984,0.001945,0.001945,0.002060,0.001945,0.001984,0.001984,0.002060,0.002022,0.002022,0.002022,0.002022,0.002022,0.002022,0.002022,0.002060,0.002060,0.002022,0.001984,0.002060,0.002060,0.002022,0.002060,0.001984,0.002022,0.001984,0.001984,0.002022,0.002060,0.002060,0.002022,0.002060,0.001984,0.002022,0.002060,0.001984,0.002060,0.002022,0.002098,0.002022,0.001984,0.002060,0.002022,0.002098,0.002060,0.002136,0.002098,0.002060,0.002136,0.002098,0.002060,0.002022,0.002098,0.002060,0.002022,0.002098,0.002022,0.002022,0.001984,0.002060,0.002098,0.002022,0.002098,0.002022,0.002060,0.002098,0.002098,0.002060,0.002136,0.002098,0.002098,0.002136,0.002098,0.002098,0.002136,0.002098,0.002174,0.002174,0.002174,0.002174,0.002174,0.002251,0.002213,0.002213,0.002251,0.002251,0.002251,0.002213,0.002174,0.002213,0.002251,0.002289,0.002289,0.002327,0.002289,0.002289,0.002327,0.002289,0.002289,0.002213,0.002289,0.002289,0.002289,0.002289,0.002251,0.002251,0.002213,0.002213,0.002213,0.002174,0.002213,0.002213,0.002174,0.002136,0.002136,0.002136,0.002136,0.002174,0.002060,0.002060,0.002060,0.002060,0.002022,0.002022,0.002060,0.001945,0.002060,0.002022,0.002022,0.002098,0.002022,0.002060,0.001984,0.002098,0.002098,0.002022,0.002060,0.002022,0.002098,0.002060,0.002098,0.002060,0.002098,0.002098,0.002060,0.002098,0.002022,0.002098,0.002136,0.002136,0.002174,0.002098,0.002136,0.002136,0.002136,0.002136,0.002098,0.002136,0.002136,0.002136,0.002136,0.002174,0.002213,0.002136,0.002213,0.002251,0.002213,0.002213,0.002174,0.002213,0.002174,0.002213,0.002213,0.002251,0.002365,0.002289,0.002251,0.002174,0.002174,0.002251,0.002213,0.002251,0.002213,0.002289,0.002213,0.002174,0.002213,0.002174,0.002174,0.002174,0.002060,0.002098,0.002098,0.002060,0.002060,0.002098,0.002022,0.002060,0.002022,0.001984,0.002022,0.001984,0.002022,0.001945,0.001984,0.002022,0.001945,0.001984,0.001945,0.002022,0.002022,0.002060,0.001984,0.001907,0.002022,0.002022,0.001984,0.002022,0.001984,0.002060,0.002022,0.001984,0.001984,0.001984,0.002022,0.002022,0.002098,0.002022,0.002060,0.002098,0.002060,0.002136,0.002136,0.002213,0.002136,0.002213,0.002174,0.002174,0.002213,0.002174,0.002174,0.002213,0.002213,0.002213,0.002174,0.002213,0.002174,0.002136,0.002098,0.002174,0.002174,0.002136,0.002136,0.002022,0.002060,0.002060,0.002060,0.002060,0.001945,0.001984,0.001984,0.001984,0.001945,0.001984,0.001984,0.001984,0.002022,0.001907,0.001945,0.001984,0.001945,0.001984,0.001945,0.001945,0.001984,0.001984,0.002022,0.001984,0.002060,0.002022,0.002060,0.002060,0.002098,0.002136,0.002174,0.002213,0.002098,0.002213,0.002174,0.002251,0.002213,0.002251,0.002289,0.002213,0.002289,0.002251,0.002289,0.002289,0.002289,0.002251,0.002327,0.002289,0.002327,0.002251,0.002289,0.002213,0.002289,0.002327,0.002213,0.002251,0.002213,0.002213,0.002213,0.002251,0.002289,0.002251,0.002251,0.002251,0.002289,0.002213,0.002174,0.002289,0.002251,0.002289,0.002251,0.002251,0.002251,0.002251,0.002213,0.002174,0.002174,0.002251,0.002289,0.002251,0.002174,0.002174,0.002174,0.002213,0.002251,0.002213,0.002174,0.002174,0.002251,0.002251,0.002213,0.002289,0.002213,0.002251,0.002174,0.002289,0.002213,0.002251,0.002289,0.002213,0.002251,0.002213,0.002289,0.002289,0.002289,0.002289,0.002251,0.002251,0.002213,0.002213,0.002213,0.002251,0.002289,0.002174,0.002213,0.002174,0.002174,0.002136,0.002174,0.002213,0.002136,0.002251,0.002136,0.002136,0.002136,0.002098,0.002174,0.002174,0.002174,0.002098,0.002098,0.002136,0.002136,0.002098,0.001984,0.002060,0.002098,0.002060,0.002098,0.002098,0.002060,0.001984,0.001984,0.001984,0.001945,0.002022,0.001945,0.001984,0.001945,0.001984,0.001984,0.001869,0.001907,0.001869,0.001869,0.001831,0.001831,0.001831,0.001831,0.001907,0.001869,0.001907,0.001831,0.001869,0.001869,0.001793,0.001793,0.001831,0.001907,0.001945,0.001945,0.001945,0.001907,0.001945,0.001945,0.001907,0.001984,0.001984,0.002060,0.002022,0.001984,0.002022,0.002022,0.002060,0.002060,0.002060,0.001984,0.002022,0.002022,0.002060,0.002060,0.002060,0.002060,0.002060,0.002060,0.002098,0.002060,0.002136,0.002098,0.002136,0.002136,0.002136,0.002136,0.002174,0.002213,0.002136,0.002174,0.002174,0.002213,0.002213,0.002174,0.002213,0.002174,0.002251,0.002251,0.002213,0.002289,0.002251,0.002174,0.002136,0.002213,0.002213,0.002136,0.002136,0.002174,0.002174,0.002136,0.002136,0.002098,0.002022,0.002098,0.002098,0.002022,0.002060,0.002022,0.002060,0.001984,0.001984,0.001945,0.001945,0.001984,0.001945,0.001984,0.001945,0.001945,0.001907,0.001907,0.001907,0.001907,0.001945,0.001907,0.001984,0.001945,0.001984,0.001945,0.001945,0.001984,0.001984,0.002022,0.001945,0.001945,0.001945,0.001984,0.001945,0.001945,0.001984,0.001945,0.001945,0.001984,0.001907,0.001984,0.001984,0.001907,0.001945,0.001945,0.001945,0.001945,0.002022,0.001984,0.001984,0.002022,0.001984,0.002060,0.002060,0.002060,0.002060,0.002098,0.002022,0.002098,0.002136,0.002060,0.002136,0.002060,0.002098,0.002136,0.002136,0.002136,0.002060,0.002136,0.002136,0.002098,0.002136,0.002060,0.002136,0.002098,0.002098,0.002098,0.002060,0.002098,0.002060,0.002174,0.002098,0.002136,0.002174,0.002098,0.002174,0.002060,0.002060,0.002136,0.002136,0.002136,0.002136,0.002174,0.002136,0.002136,0.002136,0.002174,0.002098,0.002060,0.002136,0.002060,0.002098,0.002098,0.002098,0.002098,0.002060,0.002136,0.002098,0.002098,0.002060,0.002098,0.002060,0.002022,0.002060,0.002060,0.001984,0.002022,0.002022,0.002060,0.002022,0.002022,0.001945,0.001984,0.001984,0.001984,0.002022,0.002022,0.001945,0.001984,0.001984,0.001984,0.001869,0.001984,0.001945,0.001945,0.002022,0.002022,0.002022,0.001945,0.001984,0.001945,0.001984,0.001984,0.001984,0.002022,0.002022,0.002022,0.002022,0.002060,0.002060
26,19:00:00.000,12/31/1903,0.000000,0.100000,UNKNOWN,1,0/0,0.000000,0.000000,0.000000,0.000000,0.000000,0.000000,0.000000,0.000000,0,0,0,0,0.002174,0.002136,0.002098,0.002098,0.002136,0.002136,0.002136,0.002174,0.002213,0.002136,0.002098,0.002098,0.002022,0.002098,0.002098,0.002098,0.002136,0.002098,0.002098,0.002136,0.002060,0.002136,0.002060,0.002060,0.002136,0.002098,0.002098,0.002060,0.002098,0.002098,0.002060,0.002060,0.002022,0.002098,0.002060,0.002098,0.002098,0.002060,0.002098,0.002098,0.002060,0.002060,0.002060,0.002060,0.002022,0.002022,0.001984,0.002060,0.002060,0.002022,0.002022,0.002022,0.002022,0.002022,0.002022,0.002022,0.002022,0.001984,0.001984,0.002060,0.002022,0.001984,0.001984,0.001984,0.002022,0.001984,0.002022,0.001984,0.001984,0.002022,0.002022,0.001984,0.002022,0.002022,0.001945,0.001984,0.002022,0.002022,0.001945,0.001945,0.001945,0.001945,0.001945,0.001945,0.001945,0.001945,0.002022,0.001945,0.001945,0.001984,0.001984,0.001984,0.002022,0.001945,0.001945,0.001984,0.001984,0.001984,0.001984,0.002022,0.001945,0.001984,0.001945,0.001945,0.002022,0.002022,0.001945,0.002022,0.001984,0.001984,0.001984,0.001984,0.001984,0.001984,0.002022,0.001984,0.002022,0.002022,0.002022,0.002060,0.002022,0.002022,0.002022,0.001984,0.002060,0.002060,0.002098,0.001984,0.002022,0.002022,0.002022,0.002022,0.002022,0.002060,0.002022,0.002022,0.002060,0.002022,0.002060,0.002060,0.002060,0.002060,0.002060,0.002098,0.002022,0.002022,0.002022,0.001984,0.002060,0.002022,0.002098,0.002022,0.002060,0.002060,0.002022,0.002022,0.002022,0.002022,0.002022,0.002022,0.002022,0.002060,0.002098,0.002098,0.002098,0.002060,0.002098,0.002060,0.002098,0.002098,0.002060,0.002098,0.002136,0.002174,0.002136,0.002098,0.002098,0.002098,0.002136,0.002060,0.002060,0.002136,0.002174,0.002098,0.002098,0.002098,0.002098,0.002136,0.002098,0.002060,0.002098,0.002060,0.002060,0.002060,0.002060,0.002060,0.002098,0.002098,0.002060,0.002022,0.002060,0.002098,0.002098,0.002136,0.002136,0.002098,0.002098,0.002060,0.002060,0.002136,0.002098,0.002098,0.002098,0.002060,0.002136,0.002098,0.002098,0.002098,0.002098,0.002136,0.002060,0.002136,0.002136,0.002098,0.002098,0.002136,0.002098,0.002098,0.002098,0.002136,0.002098,0.002098,0.002060,0.002098,0.002136,0.002098,0.002174,0.002098,0.002174,0.002174,0.002174,0.002174,0.002136,0.002174,0.002098,0.002098,0.002174,0.002098,0.002098,0.002136,0.002136,0.002136,0.002136,0.002174,0.002136,0.002098,0.002098,0.002136,0.002136,0.002136,0.002060,0.002136,0.002098,0.002098,0.002136,0.002098,0.002098,0.002098,0.002098,0.002098,0.002098,0.002060,0.002060,0.002098,0.002098,0.002098,0.002022,0.002098,0.002060,0.002022,0.001984,0.002022,0.002022,0.002022,0.002060,0.002098,0.002060,0.002098,0.002022,0.002060,0.002060,0.002022,0.001984,0.002022,0.001984,0.002022,0.002022,0.002022,0.002060,0.002060,0.001984,0.001984,0.002022,0.001984,0.002060,0.002022,0.002022,0.002022,0.002022,0.001984,0.001984,0.002060,0.002060,0.001984,0.001984,0.002022,0.002022,0.001984,0.002022,0.002060,0.002022,0.002022,0.002022,0.002022,0.002060,0.002022,0.002022,0.001984,0.002022,0.001984,0.002022,0.002022,0.001984,0.001984,0.002060,0.002060,0.002060,0.001984,0.001984,0.002060,0.002022,0.002060,0.002060,0.002060,0.002022,0.002022,0.002060,0.001984,0.002022,0.002060,0.002060,0.002022,0.002022,0.002060,0.002022,0.002022,0.002060,0.002022,0.002060,0.001984,0.002022,0.002060,0.002022,0.002022,0.002060,0.002022,0.002022,0.002060,0.002098,0.002022,0.002060,0.002060,0.002022,0.002060,0.002022,0.002060,0.002022,0.002022,0.002022,0.002060,0.002022,0.002060,0.002060,0.002098,0.002022,0.002136,0.002060,0.002022,0.002060,0.002098,0.002098,0.002060,0.002098,0.002098,0.002098,0.002136,0.002098,0.002098,0.002098,0.002098,0.002098,0.002060,0.002060,0.002060,0.002098,0.002098,0.002098,0.002098,0.002098,0.002060,0.002136,0.002136,0.002136,0.002098,0.002022,0.002098,0.002174,0.002136,0.002136,0.002098,0.002136,0.002174,0.002174,0.002174,0.002136,0.002174,0.002136,0.002174,0.002136,0.002136,0.002136,0.002174,0.002098,0.002098,0.002136,0.002098,0.002098,0.002213,0.002136,0.002136,0.002098,0.002098,0.002098,0.002098,0.002213,0.002136,0.002136,0.002098,0.002098,0.002213,0.002098,0.002136,0.002098,0.002098,0.002060,0.002060,0.001984,0.002022,0.002022,0.002060,0.002060,0.002060,0.002022,0.002022,0.002060,0.002022,0.001984,0.001945,0.001984,0.002022,0.002022,0.001984,0.001984,0.001984,0.001984,0.002060,0.002022,0.001945,0.001984,0.001984,0.001984,0.001984,0.001945,0.002022,0.001984,0.001945,0.001984,0.001945,0.001984,0.001907,0.001945,0.001945,0.001945,0.001984,0.001945,0.001945,0.001984,0.001945,0.001984,0.001945,0.001907,0.001945,0.001984,0.002022,0.001945,0.001984,0.001984,0.001984,0.002022,0.001984,0.001984,0.002022,0.002022,0.001984,0.002022,0.002022,0.001984,0.001984,0.001984,0.002022,0.002060,0.002022,0.001984,0.002022,0.001984,0.002060,0.002022,0.001945,0.001984,0.002022,0.001984,0.001984,0.001945,0.001984,0.001984,0.001984,0.001984,0.001984,0.001984,0.001984,0.002022,0.002060,0.002022,0.002022,0.002022,0.002022,0.002060,0.002022,0.002022,0.002098,0.002022,0.002136,0.002136,0.002098,0.002098,0.002136,0.002136,0.002060,0.002060,0.002060,0.002060,0.002098,0.002098,0.002060,0.002060,0.002098,0.002136,0.002098,0.002098,0.002098,0.002098,0.002098,0.002098,0.002098,0.002098,0.002136,0.002098,0.002098,0.002098,0.002098,0.002098,0.002136,0.002136,0.002136,0.002098,0.002098,0.002098,0.002098,0.002098,0.002060,0.002098,0.002136,0.002098,0.002098,0.002098,0.002060,0.002060,0.002060,0.002060,0.002022,0.002060,0.002022,0.002022,0.002060,0.001984,0.001984,0.002022,0.001984,0.002022,0.002022,0.002022,0.002060,0.002022,0.002022,0.002022,0.001984,0.001984,0.001945,0.002022,0.001984,0.002022,0.001984,0.001984,0.002022,0.002060,0.002022,0.002022,0.002022,0.002022,0.002022,0.002060,0.002022,0.002022,0.002060,0.002022,0.001984,0.002060,0.001984,0.001984,0.002022,0.002022,0.002022,0.001984,0.002060,0.002022,0.001984,0.001984,0.002022,0.002060,0.002022,0.002060,0.002022,0.002060,0.002022,0.001984,0.002022,0.002022,0.002022,0.001984,0.001945,0.001945,0.001984,0.001984,0.001984,0.001984,0.002022,0.002022,0.002022,0.001984,0.001984,0.002022,0.001984,0.001984,0.001984,0.002060,0.002060,0.002022,0.001984,0.001984,0.002022,0.002022,0.001984,0.001984,0.001984,0.002022,0.002022,0.001984,0.001907,0.001984,0.001945,0.001907,0.001945,0.001945,0.001907,0.001907,0.001907,0.001869,0.001907,0.001907,0.001907,0.001869,0.001831,0.001831,0.001793,0.001755,0.001793,0.001717,0.001717,0.001678,0.001717,0.001640,0.001640,0.001602,0.001602,0.001564,0.001526,0.001488,0.001450,0.001450,0.001488,0.001411,0.001411,0.001450,0.001450,0.001450,0.001526,0.001564,0.001640,0.001755,0.001869,0.002022,0.002213,0.002403,0.002594,0.002785,0.003052,0.003319,0.003662,0.003967,0.004311,0.004539,0.004959,0.005379,0.005646,0.006065,0.006409,0.006714,0.006981,0.007210,0.007401,0.007477,0.007515,0.007401,0.007286,0.007019,0.006714,0.006332,0.005836,0.005341,0.004807,0.004272,0.003586,0.003052,0.002441,0.001869,0.001297,0.000610,0.000076,-0.000458,-0.001068,-0.001717,-0.002365,-0.002937,-0.003471,-0.004044,-0.004463,-0.004845,-0.005188,-0.005379,-0.005417,-0.005417,-0.005264,-0.004997,-0.004730,-0.004311,-0.003891,-0.003433,-0.002899,-0.002365,-0.001869,-0.001411,-0.000839,-0.000381,0.000000,0.000381,0.000725,0.001030,0.001335,0.001640,0.001831,0.001945,0.002060,0.002213,0.002327,0.002403,0.002480,0.002556,0.002556,0.002708,0.002747,0.002823,0.002861,0.002975,0.003014,0.003090,0.003204,0.003204,0.003281,0.003357,0.003357,0.003510,0.003586,0.003662,0.003853,0.003967,0.004005,0.004158,0.004311,0.004387,0.004463,0.004578,0.004616,0.004692,0.004730,0.004730,0.004730,0.004692,0.004616,0.004539,0.004501,0.004387,0.004387,0.004234,0.004158,0.004044,0.003891,0.003777,0.003662,0.003586,0.003433,0.003281,0.003090,0.003014,0.002937,0.002747,0.002632,0.002518,0.002480,0.002441,0.002327,0.002251,0.002174,0.002136,0.002136,0.002022,0.002022,0.001945,0.001945,0.001831,0.001793,0.001793,0.001755,0.001755,0.001717,0.001717,0.001793,0.001755,0.001793,0.001831,0.001869,0.001907,0.001945,0.001945,0.002022,0.002022,0.002022,0.002022,0.001984,0.001984,0.002022,0.001984,0.001869,0.001869,0.001793,0.001793,0.001755,0.001793,0.001831,0.001755,0.001717,0.001717,0.001717,0.001755,0.001717,0.001602,0.001602,0.001602,0.001564,0.001526,0.001488,0.001488,0.001450,0.001411,0.001335,0.001411,0.001411,0.001450,0.001526,0.001564,0.001640,0.001717,0.001755,0.001793,0.001793,0.001831,0.001831,0.001869,0.001907,0.001831,0.001831,0.001831,0.001907,0.001831,0.001831,0.001869,0.001869,0.001907,0.001831,0.001907,0.001945,0.001907,0.001945,0.001984,0.001945,0.001945,0.001907,0.001945,0.001907,0.001907,0.001907,0.001869,0.001831,0.001831,0.001831,0.001793,0.001831,0.001793,0.001831,0.001907,0.001869,0.001907,0.002022,0.002098,0.002098,0.002174,0.002289,0.002327,0.002365,0.002441,0.002480,0.002518,0.002556,0.002594,0.002594,0.002556,0.002518,0.002518,0.002441,0.002403,0.002365,0.002251,0.002174,0.002098,0.002022,0.001984,0.001869,0.001869,0.001831,0.001869,0.001831,0.001831,0.001907,0.001907,0.001907,0.001869,0.001869,0.001907,0.001831,0.001869,0.001869,0.001831,0.001793,0.001678,0.001678,0.001640,0.001602,0.001526,0.001564,0.001526,0.001488,0.001411,0.001411,0.001411,0.001373,0.001335,0.001373,0.001411,0.001373,0.001411,0.001373,0.001335,0.001411,0.001450,0.001411,0.001450,0.001488,0.001526,0.001564,0.001640,0.001678,0.001717,0.001831,0.001869,0.001984,0.002022,0.002098,0.002174,0.002251,0.002365,0.002403,0.002518,0.002518,0.002556,0.002632,0.002708,0.002670,0.002708,0.002747,0.002747,0.002823,0.002823,0.002747,0.002747,0.002708,0.002670,0.002708,0.002670,0.002632,0.002632,0.002632,0.002594,0.002632,0.002632,0.002632,0.002594,0.002556,0.002556,0.002556,0.002594,0.002480,0.002480,0.002441,0.002365,0.002365,0.002289,0.002251,0.002251,0.002213,0.002213,0.002136,0.002098,0.002136,0.002136,0.002136,0.002136,0.002098,0.002174,0.002136,0.002136,0.002136,0.002136,0.002174,0.002098,0.002098,0.002136,0.002098,0.002098,0.002098,0.002060,0.002098,0.002098,0.002022,0.002060,0.002060,0.002136,0.002060,0.002098,0.002136,0.002174,0.002213,0.002251,0.002365,0.002403,0.002480,0.002480,0.002518,0.002518,0.002556,0.002594,0.002594,0.002632,0.002708,0.002594,0.002594,0.002518,0.002441,0.002403,0.002289,0.002289,0.002213,0.002060,0.001984,0.001984,0.001945,0.001869,0.001793,0.001755,0.001717,0.001717,0.001678,0.001678,0.001678,0.001717,0.001717,0.001717,0.001793,0.001831,0.001907,0.001907,0.001945,0.002022,0.002060,0.002060,0.002098,0.002098,0.002136,0.002136,0.002136,0.002136,0.002174,0.002136,0.002060,0.002098,0.002098,0.002022,0.001984,0.001984,0.001945,0.001945,0.001869,0.001945,0.001793,0.001755,0.001755,0.001755,0.001717,0.001678,0.001678,0.001640,0.001640,0.001602,0.001564,0.001564,0.001488,0.001564,0.001564,0.001602,0.001602,0.001564,0.001602,0.001640,0.001640,0.001640,0.001755,0.001793,0.001755,0.001831,0.001869,0.001869,0.001907,0.001945,0.001984,0.001945,0.001984,0.002060,0.001984,0.002060,0.002022,0.002060,0.002098,0.002098,0.002098,0.002136,0.002174,0.002174,0.002174,0.002174,0.002213,0.002174,0.002213,0.002213,0.002213,0.002174,0.002213,0.002174,0.002174,0.002174,0.002174,0.002098,0.002098,0.002136,0.002174,0.002136,0.002098,0.002136,0.002098,0.002174,0.002213,0.002136,0.002136,0.002174,0.002174,0.002213,0.002213,0.002174,0.002174,0.002213,0.002174,0.002213,0.002136,0.002136,0.002174,0.002136,0.002060,0.002060,0.002098,0.002098,0.002060,0.002022,0.001984,0.001984,0.001984,0.001945,0.001907,0.001869,0.001907,0.001793,0.001717,0.001793,0.001755,0.001755,0.001755,0.001678,0.001678,0.001678,0.001678,0.001640,0.001640,0.001678,0.001678,0.001640,0.001678,0.001678,0.001678,0.001717,0.001678,0.001755,0.001755,0.001755,0.001755,0.001831,0.001831,0.001907,0.002022,0.002022,0.002060,0.002098,0.002136,0.002174,0.002213,0.002251,0.002327,0.002365,0.002327,0.002365,0.002365,0.002365,0.002441,0.002403,0.002441,0.002441,0.002441,0.002441,0.002480,0.002480,0.002480,0.002480,0.002480,0.002518,0.002518,0.002518,0.002518,0.002441,0.002441,0.002441,0.002441,0.002441,0.002441,0.002403,0.002403,0.002441,0.002327,0.002327,0.002251,0.002251,0.002174,0.002174,0.002136,0.002098,0.002098,0.002060,0.002022,0.001907,0.001907,0.001907,0.001907,0.001907,0.001907,0.001907,0.001945,0.001984,0.001984,0.002098,0.002060,0.002060,0.002136,0.002136,0.002098,0.002213,0.002251,0.002213,0.002213,0.002251,0.002251,0.002327,0.002365,0.002289,0.002251,0.002251,0.002289,0.002251,0.002327,0.002251,0.002213,0.002098,0.002098,0.002098,0.002060,0.002060,0.002022,0.001984,0.001984,0.001907,0.001869,0.001869,0.001907,0.001907,0.001831,0.001755,0.001755,0.001793,0.001717,0.001755,0.001717,0.001755,0.001755,0.001640,0.001678,0.001717,0.001678,0.001717,0.001717,0.001755,0.001717,0.001678,0.001755,0.001717,0.001678,0.001717,0.001755,0.001717,0.001793,0.001793,0.001717,0.001717,0.001717,0.001678,0.001717,0.001717,0.001717,0.001755,0.001831,0.001793,0.001831,0.001831,0.001831,0.001831,0.001945,0.002060,0.002022,0.002060,0.002098,0.002136,0.002174,0.002174,0.002174,0.002213,0.002251,0.002251,0.002251,0.002289,0.002289,0.002289,0.002289,0.002289,0.002251,0.002289,0.002251,0.002174,0.002174,0.002174,0.002136,0.002136,0.002136,0.002136,0.002060,0.002136,0.002098,0.002060,0.002060,0.002060,0.002022,0.002022,0.002098,0.002136,0.002060,0.002060,0.002022,0.002022,0.002060,0.002022,0.001984,0.002098,0.002098,0.002060,0.002060,0.002098,0.002060,0.002022,0.002060,0.002098,0.002098,0.002098,0.002060,0.002098,0.002060,0.002060,0.002098,0.002136,0.002098,0.002098,0.002136,0.002098,0.002136,0.002136,0.002098,0.002098,0.002098,0.002174,0.002136,0.002136,0.002136,0.002098,0.002136,0.002060,0.002060,0.002098,0.002098,0.002098,0.002060,0.002022,0.001984,0.001945,0.002022,0.002022,0.002022,0.001945,0.001984,0.001945,0.002022,0.001945,0.001984,0.002022,0.002022,0.001984,0.001984,0.001984,0.001945,0.002060,0.002022,0.002022,0.002022,0.002022,0.002022,0.002060,0.002022,0.002060,0.002098,0.002136,0.002098,0.002174,0.002136,0.002136,0.002213,0.002174,0.002213,0.002136,0.002174,0.002136,0.002136,0.002174,0.002136,0.002098,0.002098,0.002022,0.002022,0.001984,0.001945,0.001945,0.001984,0.001945,0.001907,0.001869,0.001869,0.001831,0.001831,0.001831,0.001831,0.001831,0.001831,0.001907,0.001869,0.001869,0.001831,0.001907,0.001984,0.001945,0.001945,0.001945,0.001984,0.001984,0.002022,0.002022,0.002022,0.002022,0.002098,0.002060,0.002022,0.002022,0.002060,0.002060,0.002098,0.002098,0.002098,0.002060,0.002022,0.002060,0.002060,0.002060,0.001984,0.001984,0.002022,0.002022,0.001907,0.001984,0.001984,0.001945,0.001907,0.001907,0.001907,0.001907,0.001907,0.001869,0.001907,0.001869,0.001831,0.001907,0.001907,0.001869,0.001945,0.001984,0.001984,0.001984,0.001945,0.001984,0.001984,0.001984,0.002060,0.002060,0.002136,0.002098,0.002136,0.002098,0.002098,0.002213,0.002174,0.002174,0.002213,0.002251,0.002213,0.002289,0.002327,0.002289,0.002289,0.002289,0.002289,0.002251,0.002251,0.002251,0.002289,0.002327,0.002289,0.002251,0.002289,0.002289,0.002213,0.002174,0.002213,0.002251,0.002174,0.002174,0.002174,0.002136,0.002174,0.002098,0.002136,0.002098,0.002060,0.002098,0.002060,0.002022,0.002060,0.002022,0.002022,0.002022,0.001984,0.001984,0.001984,0.001984,0.001907,0.001945,0.002022,0.002022,0.002060,0.001984,0.002098,0.002060,0.002060,0.002136,0.002174,0.002251,0.002251,0.002289,0.002365,0.002327,0.002403,0.002441,0.002480,0.002480,0.002518,0.002594,0.002632,0.002670,0.002708,0.002670,0.002708,0.002708,0.002670,0.002670,0.002632,0.002594,0.002480,0.002556,0.002518,0.002441,0.002441,0.002403,0.002365,0.002289,0.002327,0.002289,0.002251,0.002174,0.002174,0.002174,0.002098,0.002060,0.001984,0.001945,0.001907,0.001831,0.001678,0.001640,0.001564,0.001411,0.001335,0.001297,0.001221,0.001106,0.001030,0.000954,0.000916,0.000916,0.000839,0.000877,0.000877,0.000877,0.000916,0.001030,0.001106,0.001183,0.001221,0.001335,0.001450,0.001564,0.001640,0.001755,0.001793,0.001869,0.002022,0.002060,0.002136,0.002174,0.002213,0.002251,0.002251,0.002327,0.002327,0.002403,0.002327,0.002365,0.002365,0.002327,0.002327,0.002289,0.002289,0.002251,0.002174,0.002174,0.002174,0.002136,0.002136,0.002098,0.002213,0.002136,0.002136,0.002174,0.002174,0.002174,0.002251,0.002289,0.002365,0.002365,0.002365,0.002327,0.002441,0.002441,0.002480,0.002518,0.002480,0.002518,0.002480,0.002518,0.002480,0.002403,0.002365,0.002365,0.002365,0.002365,0.002327,0.002289,0.002251,0.002136,0.002136,0.002098,0.002060,0.001984,0.002022,0.002022,0.001945,0.001984,0.001869,0.001907,0.001907,0.001869,0.001869,0.001869,0.001907,0.001907,0.001869,0.001869,0.001907,0.001945,0.001907,0.001869,0.001984,0.001945,0.001984,0.001907,0.001945,0.002022,0.001945,0.001945,0.001907,0.001984,0.001945,0.001907,0.001907,0.001945,0.001945,0.001945,0.001984,0.001945,0.001907,0.001945,0.001945,0.001907,0.001907,0.001945,0.001945,0.001907,0.001945,0.001945,0.001945,0.001984,0.001984,0.002022,0.001984,0.001984,0.002060,0.002060,0.002060,0.002098,0.002098,0.002098,0.002174,0.002136,0.002098,0.002136,0.002213,0.002251,0.002213,0.002289,0.002289,0.002327,0.002365,0.002365,0.002327,0.002327,0.002327,0.002365,0.002365,0.002289,0.002327,0.002289,0.002365,0.002327,0.002289,0.002327,0.002289,0.002289,0.002251,0.002251,0.002213,0.002213,0.002136,0.002213,0.002136,0.002136,0.002136,0.002136,0.002098,0.002060,0.002060,0.002060,0.002060,0.002060,0.002022,0.002060,0.002098,0.002060,0.002060,0.002060,0.002022,0.002098,0.002136,0.002136,0.002136,0.002136,0.002060,0.002136,0.002174,0.002136,0.002213,0.002213,0.002251,0.002289,0.002289,0.002289,0.002289,0.002327,0.002251,0.002289,0.002289,0.002365,0.002403,0.002403,0.002327,0.002365,0.002365,0.002289,0.002327,0.002251,0.002213,0.002213,0.002174,0.002213,0.002136,0.002136,0.002060,0.002022,0.001984,0.001984,0.001907,0.001945,0.001907,0.001907,0.001869,0.001869,0.001869,0.001869,0.001869,0.001869,0.001793,0.001755,0.001793,0.001831,0.001755,0.001717,0.001793,0.001793,0.001755,0.001717,0.001755,0.001717,0.001717,0.001755,0.001831,0.001793,0.001831,0.001831,0.001831,0.001869,0.001869,0.001869,0.001831,0.001869,0.001869,0.001907,0.001907,0.001869,0.001869,0.001945,0.001945,0.002022,0.002022,0.001984,0.002060,0.002022,0.002060,0.002060,0.002098,0.002060,0.002098,0.002136,0.002136,0.002174,0.002136,0.002136,0.002174,0.002174,0.002174,0.002174,0.002136,0.002136,0.002098,0.002136,0.002136,0.002098,0.002098,0.002060,0.002022,0.002060,0.002098,0.002060,0.002060,0.002098,0.002060,0.002022,0.002060,0.002098,0.002060,0.002060,0.002136,0.002098,0.002098,0.002098,0.002098,0.002174,0.002098,0.002060,0.002098,0.002060,0.002022,0.002098,0.002098,0.002060,0.001984,0.001984,0.001984,0.001945,0.001945,0.001869,0.001869,0.001907,0.001907,0.001869,0.001831,0.001831,0.001831,0.001907,0.001831,0.001793,0.001831,0.001793,0.001831,0.001907,0.001869,0.001869,0.001945,0.001945,0.001869,0.001945,0.001984,0.002022,0.002022,0.001907,0.001984,0.002022,0.002022,0.001984,0.002060,0.002098,0.002060,0.002060,0.002022,0.002060,0.002098,0.002022,0.002060,0.002060,0.002060,0.002136,0.002060,0.002060,0.002022,0.002022,0.002060,0.001984,0.002022,0.002022,0.001984,0.001984,0.001984,0.002060,0.002022,0.002060,0.002136,0.002098,0.002098,0.002098,0.002098,0.002136,0.002136,0.002174,0.002098,0.002213,0.002174,0.002136,0.002174,0.002251,0.002251,0.002213,0.002213,0.002251,0.002174,0.002174,0.002136,0.002174,0.002213,0.002174,0.002174,0.002098,0.002098,0.002136,0.002136,0.002098,0.002060,0.002060,0.002098,0.002060,0.002060,0.002098,0.002060,0.002060,0.002060,0.002060,0.002022,0.002060,0.002060,0.002098,0.002098,0.002022,0.002060,0.002060,0.002060,0.002098,0.002098,0.002098,0.002060,0.002174,0.002213,0.002174,0.002174,0.002251,0.002213,0.002174,0.002213,0.002213,0.002251,0.002251,0.002289,0.002327,0.002251,0.002213,0.002289,0.002251,0.002213,0.002213,0.002174,0.002213,0.002136,0.002136,0.002213,0.002098,0.002136,0.002136,0.002098,0.002022,0.002022,0.001984,0.001907,0.001907,0.001984,0.001945,0.001945,0.001869,0.001869,0.001831,0.001793,0.001793,0.001755,0.001755,0.001755,0.001717,0.001678,0.001640,0.001678,0.001602,0.001640,0.001640,0.001640,0.001640,0.001640,0.001640,0.001678,0.001678,0.001678,0.001602,0.001640,0.001717,0.001717,0.001678,0.001678,0.001717,0.001755,0.001717,0.001717,0.001678,0.001755,0.001755,0.001755,0.001755,0.001793,0.001793,0.001755,0.001793,0.001869,0.001869,0.001907,0.001831,0.001831,0.001984,0.001984,0.001945,0.001984,0.002022,0.002060,0.002060,0.002136,0.002174,0.002136,0.002136,0.002213,0.002251,0.002289,0.002213,0.002251,0.002251,0.002289,0.002365,0.002327,0.002327,0.002403,0.002365,0.002289,0.002327,0.002365,0.002403,0.002365,0.002289,0.002327,0.002289,0.002327,0.002327,0.002289,0.002327,0.002213,0.002213,0.002289,0.002289,0.002251,0.002174,0.002136,0.002174,0.002174,0.002174,0.002098,0.002098,0.002060,0.002022,0.002060,0.002022,0.002022,0.002060,0.002022,0.002022,0.002022,0.002060,0.002022,0.001984,0.001945,0.001984,0.001984,0.001984,0.001945,0.001984,0.002022,0.002022,0.002022,0.001945,0.001984,0.001945,0.001907,0.001984,0.002022,0.001945,0.001907,0.001945,0.001907,0.001945,0.001945,0.001984,0.001907,0.001945,0.001945,0.001907,0.001869,0.001831,0.001831,0.001907,0.001869,0.001945,0.002022,0.001907,0.001945,0.001907,0.001984,0.002022,0.001984,0.002022,0.002022,0.002060,0.002060,0.002022,0.002060,0.002098,0.002098,0.002060,0.002098,0.002060,0.002098,0.002136,0.002098,0.002098,0.002060,0.002022,0.002060,0.002060,0.002022,0.002022,0.002060,0.002060,0.002098,0.002060,0.002022,0.002022,0.002098,0.002136,0.002098,0.002060,0.002136,0.002136,0.002098,0.002098,0.002174,0.002174,0.002174,0.002174,0.002174,0.002136,0.002251,0.002174,0.002174,0.002213,0.002213,0.002136,0.002174,0.002174,0.002136,0.002136,0.002213,0.002174,0.002174,0.002136,0.002174,0.002136,0.002098,0.002060,0.002136,0.002098,0.002136,0.002098,0.002098,0.002098,0.002098,0.002098,0.002136,0.002022,0.002136,0.002098,0.002060,0.002098,0.002098,0.002060,0.002060,0.002136,0.002098,0.002060,0.001984,0.002060,0.002022,0.002060,0.002060,0.002060,0.002022,0.002022,0.001984,0.001945,0.001945,0.001984,0.001945,0.001945,0.001984,0.001907,0.001907,0.001907,0.001907,0.001907,0.001869,0.001907,0.001907,0.001907,0.001869,0.001869,0.001869,0.001907,0.001869,0.001907,0.001869,0.001907,0.001907,0.001907,0.001869,0.001869,0.001945,0.001907,0.001869,0.001945,0.001907,0.001907,0.001869,0.001984,0.001984,0.001945,0.001945,0.001907,0.001984,0.002022,0.001984,0.001984,0.001984,0.002060,0.002022,0.002022,0.002022,0.002060,0.002060,0.002022,0.002098,0.002060,0.002136,0.002174,0.002136,0.002136,0.002136,0.002098,0.002098,0.002136,0.002174,0.002174,0.002136,0.002174,0.002136,0.002174,0.002174,0.002174,0.002213,0.002136,0.002098,0.002098,0.002098,0.002136,0.002098,0.002060,0.002098,0.002136,0.002098,0.002098,0.002136,0.002136,0.002098,0.002098,0.002098,0.002098,0.002098,0.002136,0.002098,0.002098,0.002174,0.002136,0.002098,0.002136,0.002174,0.002213,0.002174,0.002174,0.002136,0.002136,0.002060,0.002174,0.002136,0.002098,0.002174,0.002174,0.002098,0.002136,0.002098,0.002098,0.002098,0.002098,0.002136,0.002136,0.002136,0.002098,0.002098,0.002098,0.002136,0.002098,0.002136,0.002136,0.002098,0.002060,0.002136,0.002098,0.002060,0.002060,0.002098,0.002060,0.002098,0.002136,0.002098,0.002098,0.002060,0.002098,0.002136,0.002136,0.002060,0.002060,0.002098,0.002098,0.002098,0.002060,0.002060,0.002022,0.002098,0.002136,0.002136,0.002098,0.002022,0.002098,0.002098,0.002213,0.002098,0.002060,0.002136,0.002136,0.002136,0.002098,0.002098,0.002098,0.002098,0.002136,0.002136,0.002136,0.002098,0.002098,0.002136,0.002136,0.002098,0.002098,0.002136,0.002098,0.002098,0.002098,0.002022,0.002022,0.002098,0.002022,0.002060,0.001984,0.002060,0.002022,0.001984,0.001984,0.002022,0.001984,0.001984,0.001984,0.001984,0.001945,0.001984,0.001984,0.002022,0.001984,0.001984,0.002060,0.002060,0.002022,0.002022,0.001984,0.002060,0.002136,0.002060,0.002136,0.002098,0.002213,0.002174,0.002174,0.002213,0.002251,0.002251,0.002213,0.002289,0.002289,0.002289,0.002327,0.002403,0.002403,0.002441,0.002403,0.002365,0.002365,0.002365,0.002403,0.002289,0.002289,0.002289,0.002251,0.002251,0.002174,0.002174,0.002098,0.002098,0.002060,0.002060,0.002022,0.001984,0.001869,0.001831,0.001831,0.001869,0.001869,0.001831,0.001793,0.001793,0.001755,0.001793,0.001831,0.001755,0.001831,0.001831,0.001907,0.001907,0.001907,0.001907,0.001907,0.001945,0.002022,0.001984,0.001945,0.001984,0.001984,0.002022,0.002060,0.002098,0.002022,0.002022,0.002022,0.001984,0.002022,0.001984,0.001984,0.001945,0.001945,0.001945,0.001984,0.001907,0.001945,0.002022,0.001984,0.001945,0.001945,0.001984,0.002022,0.001984,0.001945,0.002022,0.002022,0.002060,0.002060,0.002060,0.002174,0.002136,0.002098,0.002136,0.002174,0.002251,0.002213,0.002213,0.002251,0.002251,0.002289,0.002174,0.002251,0.002251,0.002251,0.002289,0.002174,0.002251,0.002251,0.002213,0.002289,0.002251,0.002213,0.002251,0.002213,0.002251,0.002213,0.002213,0.002213,0.002251,0.002213,0.002251,0.002251,0.002213,0.002251,0.002289,0.002251,0.002251,0.002251,0.002289,0.002289,0.002251,0.002251,0.002251,0.002213,0.002174,0.002098,0.002213,0.002136,0.002098,0.002098,0.002098,0.002022,0.002022,0.002022,0.001945,0.001945,0.001945,0.001907,0.001869,0.001831,0.001869,0.001869,0.001831,0.001793,0.001755,0.001793,0.001755,0.001755,0.001831,0.001755,0.001755,0.001755,0.001831,0.001755,0.001755,0.001793,0.001755,0.001755,0.001831,0.001869,0.001869,0.001869,0.001869,0.001831,0.001945,0.001945,0.001945,0.001984,0.001945,0.001984,0.001984,0.001984,0.001984,0.002060,0.002022,0.002022,0.002060,0.002060,0.002022,0.002098,0.002060,0.002060,0.002098,0.002060,0.002060,0.002098,0.002098,0.002098,0.002022,0.002060,0.002060,0.002098,0.002098,0.002098,0.002060,0.002022,0.002098,0.002136,0.002022,0.002060,0.002060,0.002060,0.002060,0.002060,0.002060,0.002098,0.002098,0.002098,0.002060,0.002098,0.002136,0.002098,0.002136,0.002098,0.002174,0.002136,0.002060,0.002098,0.002136,0.002213,0.002174,0.002213,0.002213,0.002213,0.002213,0.002251,0.002213,0.002136,0.002213,0.002213,0.002174,0.002213,0.002136,0.002213,0.002213,0.002174,0.002136,0.002098,0.002060,0.002098,0.002060,0.002098,0.002022,0.002098,0.002022,0.001984,0.001984,0.001984,0.001945,0.001907,0.001945,0.001869,0.001907,0.001984,0.001984,0.001984,0.002022,0.002022,0.002098,0.002060,0.002060,0.002098,0.002060,0.002098,0.002060,0.002098,0.002060,0.002098,0.002098,0.002060,0.002060,0.002060,0.002022,0.002060,0.002022,0.001984,0.001945,0.001907,0.001869,0.001869,0.001869,0.001793,0.001793,0.001869,0.001869,0.001793,0.001793,0.001869,0.001831,0.001831,0.001907,0.001907,0.001945,0.001945,0.001945,0.001984,0.002060,0.002022,0.002022,0.002060,0.002136,0.002136,0.002213,0.002136,0.002136,0.002136,0.002060,0.002136,0.002098,0.002136,0.002098,0.002060,0.002060,0.002136,0.002098,0.002060,0.002060,0.002060,0.002060,0.002022,0.001984,0.002022,0.002022,0.002022,0.002022,0.001945,0.001984,0.002022,0.001984,0.001984,0.001984,0.001984,0.001984,0.001984,0.001984,0.001984,0.002060,0.002022,0.002060,0.002060,0.002060,0.002098,0.002098,0.002098,0.002098,0.002098,0.002136,0.002136,0.002174,0.002213,0.002213,0.002251,0.002251,0.002213,0.002213,0.002251,0.002365,0.002289,0.002289,0.002289,0.002251,0.002289,0.002251,0.002251,0.002251,0.002213,0.002213,0.002136,0.002213,0.002213,0.002174,0.002136,0.002060,0.002060,0.002098,0.002060,0.002098,0.002060,0.002060,0.002022,0.001984,0.002060,0.001984,0.002022,0.002022,0.001984,0.002022,0.001945,0.001984,0.002060,0.001984,0.002022,0.001945,0.001984,0.001945,0.001984,0.001984,0.001984,0.001945,0.001869,0.001907,0.001907,0.001907,0.001907,0.001869,0.001907,0.001831,0.001831,0.001831,0.001717,0.001755,0.001755,0.001831,0.001793,0.001793,0.001793,0.001755,0.001793,0.001793,0.001755,0.001793,0.001831,0.001793,0.001755,0.001869,0.001831,0.001831,0.001907,0.001831,0.001907,0.001869,0.001907,0.001945,0.001869,0.001945,0.001907,0.001869,0.001907,0.001945,0.001984,0.001907,0.001945,0.001945,0.001907,0.001945,0.001945,0.001907,0.001907,0.001945,0.001945,0.001907,0.001945,0.001984,0.001984,0.002060,0.001907,0.001907,0.002022,0.001984,0.001984,0.001984,0.002060,0.001984,0.002060,0.002022,0.002060,0.002098,0.002022,0.002060,0.002060,0.002098,0.002098,0.002136,0.002136,0.002136,0.002098,0.002136,0.002098,0.002174,0.002174,0.002174,0.002289,0.002251,0.002213,0.002213,0.002251,0.002251,0.002251,0.002251,0.002289,0.002327,0.002365,0.002327,0.002403,0.002365,0.002365,0.002365,0.002327,0.002327,0.002327,0.002327,0.002327,0.002289,0.002327,0.002289,0.002251,0.002174,0.002251,0.002251,0.002136,0.002136,0.002136,0.002098,0.002022,0.001945,0.001869,0.001907,0.001907,0.001831,0.001831,0.001793,0.001755,0.001793,0.001793,0.001755,0.001717,0.001717,0.001717,0.001755,0.001717,0.001755,0.001717,0.001755,0.001755,0.001793,0.001831,0.001793,0.001831,0.001869,0.001869,0.001831,0.001831,0.001869,0.001907,0.001907,0.001945,0.001945,0.001984,0.001945,0.001984,0.001945,0.002022,0.002022,0.002060,0.002098,0.002098,0.002098,0.002136,0.002136,0.002213,0.002174,0.002174,0.002174,0.002174,0.002251,0.002251,0.002213,0.002251,0.002213,0.002327,0.002289,0.002289,0.002289,0.002251,0.002289,0.002213,0.002251,0.002289,0.002289,0.002289,0.002213,0.002213,0.002251,0.002289,0.002213,0.002251,0.002251,0.002174,0.002251,0.002289,0.002289,0.002289,0.002251,0.002289,0.002213,0.002251,0.002289,0.002251,0.002251,0.002213,0.002174,0.002213,0.002174,0.002174,0.002174,0.002174,0.002213,0.002174,0.002098,0.002098,0.002174,0.002098,0.002060,0.002136,0.002098,0.002098,0.002136,0.002060,0.002136,0.002098,0.002060,0.002060,0.002022,0.002098,0.002060,0.002060,0.002022,0.001984,0.002060,0.002060,0.001984,0.001945,0.001907,0.001945,0.001907,0.001945,0.001869,0.001907,0.001907,0.001907,0.001945,0.001869,0.001869,0.001869,0.001869,0.001907,0.001907,0.001945,0.001907,0.001907,0.001907,0.001869,0.001945,0.001907,0.001907,0.001945,0.001945,0.001945,0.001907,0.001945,0.001984,0.001984,0.002022,0.001984,0.001945,0.001907,0.001984,0.001984,0.002022,0.002022,0.001945,0.001984,0.002022,0.002022,0.001984,0.001984,0.002060,0.002060,0.002098,0.002098,0.002060,0.002098,0.002174,0.002136,0.002136,0.002136,0.002213,0.002174,0.002174,0.002251,0.002251,0.002213,0.002213,0.002213,0.002289,0.002213,0.002213,0.002174,0.002251,0.002289,0.002213,0.002251,0.002213,0.002213,0.002251,0.002213,0.002174,0.002251,0.002213,0.002174,0.002174,0.002174,0.002174,0.002174,0.002136,0.002174,0.002136,0.002136,0.002098,0.002060,0.002060,0.002060,0.002060,0.002060,0.002060,0.002060,0.002060,0.002022,0.002098,0.002060,0.002060,0.002098,0.002060,0.002022,0.002060,0.002098,0.002060,0.002098,0.002060,0.002022,0.002060,0.002022,0.002022,0.002022,0.001984,0.001984,0.001984,0.002060,0.001907,0.001907,0.001945,0.001907,0.001869,0.001869,0.001907,0.001869,0.001869,0.001869,0.001831,0.001831,0.001793,0.001755,0.001793,0.001793,0.001831,0.001793,0.001755,0.001831,0.001793,0.001793,0.001793,0.001869,0.001755,0.001831,0.001869,0.001831,0.001869,0.001869,0.001831,0.001869,0.001869,0.001907,0.001907,0.001907,0.001907,0.001907,0.001945,0.002022,0.001984,0.001945,0.002022,0.002060,0.002022,0.002022,0.002060,0.002022,0.002060,0.002022,0.002060,0.002098,0.002060,0.002098,0.002136,0.002174,0.002213,0.002174,0.002213,0.002213,0.002213,0.002289,0.002251,0.002289,0.002213,0.002213,0.002251,0.002289,0.002289,0.002213,0.002251,0.002251,0.002213,0.002213,0.002213,0.002213,0.002213,0.002174,0.002174,0.002136,0.002174,0.002098,0.002098,0.002174,0.002174,0.002136,0.002098,0.002136,0.002136,0.002098,0.002098,0.002060,0.002098,0.002136,0.002136,0.002098,0.002098,0.002136,0.002060,0.002060,0.002060,0.002098,0.002022,0.002098,0.002098,0.002098,0.002060,0.002098,0.002098,0.002060,0.002022,0.002060,0.002060,0.002136,0.002060,0.002060,0.002060,0.002060,0.002098,0.002136,0.002136,0.002136,0.002174,0.002136,0.002136,0.002136,0.002136,0.002174,0.002136,0.002136,0.002098,0.002174,0.002098,0.002098,0.002136,0.002060,0.002098,0.002136,0.002098,0.002136,0.002136,0.002098,0.002136,0.002098,0.002098,0.002060,0.002060,0.002098,0.002136,0.002136,0.002098,0.002098,0.002060,0.002098,0.002098,0.002098,0.002098,0.002174,0.002136,0.002136,0.002136,0.002174,0.002136,0.002136,0.002136,0.002136,0.002213,0.002136,0.002174,0.002213,0.002213,0.002174,0.002136,0.002136,0.002174,0.002174,0.002174,0.002174,0.002174,0.002098,0.002098,0.002174,0.002098,0.002098,0.002098,0.002136,0.002060,0.002022,0.002022,0.001984,0.001984,0.001984,0.001984,0.001945,0.001907,0.001869,0.001907,0.001869,0.001869,0.001869,0.001793,0.001831,0.001755,0.001793,0.001793,0.001793,0.001755,0.001755,0.001793,0.001793,0.001755,0.001755,0.001755,0.001831,0.001793,0.001755,0.001831,0.001831,0.001793,0.001831,0.001907,0.001907,0.001945,0.001945,0.002022,0.001984,0.001984,0.002060,0.002060,0.002022,0.002022,0.002136,0.002174,0.002136,0.002136,0.002213,0.002213,0.002251,0.002213,0.002213,0.002174,0.002213,0.002251,0.002213,0.002174,0.002174,0.002213,0.002136,0.002098,0.002136,0.002136,0.002060,0.001984,0.002098,0.002022,0.002060,0.002060,0.002060,0.002098,0.002098,0.002060,0.002098,0.002136,0.002136,0.002136,0.002136,0.002174,0.002213,0.002174,0.002136,0.002174,0.002213,0.002136,0.002136,0.002174,0.002213,0.002174,0.002174,0.002174,0.002213,0.002136,0.002136,0.002136,0.002136,0.002098,0.002022,0.002022,0.002022,0.001984,0.001869,0.001831,0.001831,0.001755,0.001755,0.001678,0.001755,0.001717,0.001717,0.001678,0.001678,0.001717,0.001678,0.001678,0.001755,0.001717,0.001717,0.001755,0.001793,0.001869,0.001793,0.001869,0.001907,0.001907,0.001869,0.001945,0.001907,0.001945,0.002022,0.001945,0.001945,0.001984,0.001945,0.001984,0.001945,0.002022,0.001907,0.001945,0.002022,0.002022,0.001907,0.001907,0.001945,0.002022,0.002022,0.001984,0.001984,0.002022,0.002022,0.001984,0.002060,0.002060,0.002060,0.002136,0.002136,0.002174,0.002213,0.002174,0.002174,0.002213,0.002174,0.002213,0.002213,0.002174,0.002174,0.002174,0.002174,0.002174,0.002213,0.002213,0.002213,0.002251,0.002213,0.002174,0.002136,0.002098,0.002136,0.002136,0.002136,0.002174,0.002136,0.002174,0.002136,0.002174,0.002098,0.002098,0.002060,0.002060,0.002060,0.002136,0.002060,0.002060,0.002060,0.002098,0.002060,0.002060,0.002060,0.002060,0.002098,0.002098,0.002022,0.002022,0.002098,0.002060,0.002098,0.002060,0.002060,0.001984,0.002022,0.002022,0.001984,0.001945,0.001945,0.001984,0.001984,0.001984,0.001945,0.001984,0.001945,0.001984,0.001945,0.002022,0.001945,0.001984,0.001945,0.001984,0.002022,0.002022,0.001984,0.002022,0.002060,0.002022,0.002022,0.002022,0.002022,0.002060,0.002022,0.002022,0.002060,0.002060,0.002022,0.002060,0.002060,0.002022,0.002022,0.002098,0.002060,0.002098,0.002060,0.002060,0.002098,0.002060,0.002098,0.002136,0.002136,0.002098,0.002136,0.002136,0.002098,0.002098,0.002098,0.002098,0.002098,0.002136,0.002136,0.002136,0.002060,0.002098,0.002098,0.002060,0.002022,0.002022,0.002060,0.001984,0.002022,0.002060,0.002022,0.001945,0.001945,0.001945,0.001945,0.001945,0.001907,0.001907,0.001907,0.001945,0.001907,0.001869,0.001907,0.001907,0.001869,0.001869,0.001869,0.001945,0.001945,0.001945,0.001984,0.001945,0.001945,0.001945,0.001945,0.001907,0.001984,0.001984,0.001984,0.001945,0.001907,0.001945,0.001945,0.001984,0.001945,0.001945,0.001984,0.001984,0.002022,0.001984,0.001984,0.002022,0.002022,0.002022,0.002060,0.002060,0.002022,0.002022,0.002060,0.002022,0.002098,0.002136,0.002098,0.002060,0.002098,0.002136,0.002098,0.002022,0.002060,0.002060,0.002060,0.002022,0.001984,0.002022,0.001984,0.002022,0.002022,0.002022,0.001945,0.001984,0.001984,0.001945,0.001907,0.001945,0.001984,0.001984,0.001945,0.001945,0.002022,0.001984,0.001984,0.002022,0.002022,0.002022,0.002060,0.002060,0.002098,0.002098,0.002136,0.002136,0.002098,0.002136,0.002098,0.002174,0.002174,0.002213,0.002213,0.002251,0.002213,0.002174,0.002213,0.002174,0.002213,0.002174,0.002174,0.002174,0.002098,0.002174,0.002213,0.002136,0.002098,0.002136,0.002136,0.002136,0.002098,0.002098,0.002060,0.002098,0.002098,0.002060,0.002060,0.002098,0.002098,0.002098,0.002098,0.002060,0.002060,0.002022,0.001984,0.002022,0.001984,0.002060,0.002022,0.001984,0.001984,0.001984,0.001984,0.002022,0.001984,0.002022,0.001984,0.001984,0.001945,0.001945,0.001907,0.001907,0.001945,0.001945,0.001907,0.001945,0.001907,0.001945,0.001907,0.001907,0.001984,0.001907,0.001907,0.001907,0.001945,0.001945,0.001907,0.001907,0.001984,0.001869,0.001907,0.001907,0.001907,0.001945,0.001945,0.001907,0.001907,0.001869,0.001869,0.001945,0.001984,0.001945,0.001984,0.001945,0.001945,0.002022,0.001984,0.001984,0.001984,0.002022,0.002022,0.002022,0.002022,0.002060,0.002060,0.002098,0.002136,0.002098,0.002098,0.002098,0.002136,0.002174,0.002174,0.002174,0.002174,0.002213,0.002251,0.002213,0.002213,0.002213,0.002251,0.002251,0.002289,0.002251,0.002251,0.002251,0.002213,0.002251,0.002213,0.002213,0.002213,0.002289,0.002213,0.002174,0.002136,0.002174,0.002213,0.002174,0.002174,0.002174,0.002174,0.002136,0.002136,0.002136,0.002136,0.002136,0.002098,0.002098,0.002098,0.002098,0.002098,0.002060,0.002098,0.002098,0.002136,0.002098,0.002098,0.002098,0.002136,0.002136,0.002136,0.002098,0.002098,0.002098,0.002098,0.002136,0.002174,0.002136,0.002136,0.002098,0.002098,0.002098,0.002136,0.002136,0.002060,0.002098,0.002098,0.002136,0.002174,0.002136,0.002098,0.002098,0.002060,0.002022,0.002022,0.002022,0.001984,0.001984,0.001945,0.001869,0.001907,0.001907,0.001907,0.001907,0.001869,0.001869,0.001869,0.001907,0.001907,0.001945,0.001984,0.001984,0.002022,0.002060,0.002098,0.002136,0.002136,0.002213,0.002213,0.002289,0.002289,0.002327,0.002289,0.002327,0.002365,0.002365,0.002403,0.002365,0.002289,0.002251,0.002213,0.002213,0.002213,0.002136,0.002098,0.002022,0.001984,0.001945,0.001984,0.001907,0.001907,0.001907,0.001907,0.001907,0.001907,0.001869,0.001907,0.001907,0.001984,0.002022,0.002022,0.002022,0.002022,0.002060,0.002060,0.002060,0.002136,0.002098,0.002136,0.002136,0.002213,0.002174,0.002136,0.002174,0.002213,0.002213,0.002136,0.002136,0.002174,0.002136,0.002136,0.002174,0.002174,0.002136,0.002098,0.002136,0.002174,0.002136,0.002098,0.002098,0.002136,0.002136,0.002136,0.002136,0.002174,0.002213,0.002174,0.002213,0.002251,0.002213,0.002213,0.002174,0.002213,0.002213,0.002213,0.002136,0.002213,0.002213,0.002213,0.002174,0.002136,0.002136,0.002136,0.002136,0.002174,0.002174,0.002174,0.002136,0.002174,0.002174,0.002060,0.002098,0.002174,0.002136,0.002174,0.002060,0.002098,0.002098,0.002136,0.002060,0.002060,0.002060,0.002060,0.002098,0.002060,0.002060,0.002136,0.002098,0.002060,0.002060,0.002060,0.002060,0.002022,0.002022,0.002022,0.001984,0.002022,0.001945,0.001945,0.001945,0.001945,0.001945,0.001984,0.001984,0.001984,0.001984,0.001945,0.001907,0.001984,0.001984,0.002022,0.002022,0.002060,0.002060,0.002098,0.002098,0.002098,0.002136,0.002136,0.002060,0.002098,0.002098,0.002136,0.002060,0.002098,0.002136,0.002060,0.002098,0.002098,0.002060,0.002060,0.002060,0.002060,0.001984,0.002022,0.002060,0.002098,0.002022,0.002022,0.002022,0.002022,0.002022,0.002022,0.002022,0.002098,0.002022,0.002060,0.002098,0.002060,0.002098,0.002060,0.002060,0.002060,0.002060,0.002060,0.002022,0.002060,0.002098,0.002060,0.002098,0.002060,0.002136,0.002098,0.002098,0.002098,0.002098,0.002136,0.002060,0.002098,0.002060,0.002098,0.002174,0.002136,0.002136,0.002060,0.002060,0.002098,0.002098,0.002098,0.002098,0.002098,0.002174,0.002174,0.002213,0.002136,0.002136,0.002098,0.002098,0.002098,0.002060,0.002136,0.002098,0.002098,0.002098,0.002060,0.002136,0.002098,0.002060,0.002060,0.002022,0.002060,0.002060,0.002022,0.002060,0.002060,0.001984,0.002022,0.002060,0.002060,0.002022,0.002022,0.002022,0.002060,0.001984,0.001945,0.001984,0.001945,0.001984,0.001907,0.001869,0.001907,0.001945,0.001945,0.001945,0.001984,0.001984,0.001984,0.002022,0.002022,0.002060,0.001984,0.001984,0.002060,0.002022,0.002060,0.002022,0.002060,0.002060,0.002022,0.002060,0.002022,0.002060,0.002060,0.002022,0.002098,0.002022,0.002098,0.002098,0.002060,0.002060,0.002098,0.002136,0.002174,0.002098,0.002098,0.002098,0.002136,0.002098,0.002098,0.002174,0.002136,0.002174,0.002174,0.002251,0.002213,0.002174,0.002251,0.002136,0.002174,0.002174,0.002174,0.002174,0.002136,0.002174,0.002098,0.002098,0.002022,0.002060,0.002136,0.002136,0.002098,0.002022,0.002022,0.002060,0.001945,0.002022,0.001945,0.001984,0.002022,0.001945,0.002022,0.002022,0.001984,0.002022,0.001984,0.001984,0.001945,0.001984,0.001869,0.001945,0.001945,0.001831,0.001945,0.001869,0.001945,0.001907,0.001907,0.001945,0.001907,0.001945,0.001869,0.001907,0.001945,0.001907,0.001907,0.001869,0.001907,0.001869,0.001869,0.001907,0.001869,0.001907,0.001907,0.001945,0.001945,0.001984,0.002022,0.001945,0.001984,0.002060,0.002022,0.002060,0.002098,0.002098,0.002098,0.002060,0.002098,0.002098,0.002136,0.002136,0.002136,0.002213,0.002136,0.002174,0.002213,0.002136,0.002174,0.002174,0.002174,0.002251,0.002174,0.002174,0.002136,0.002174,0.002174,0.002174,0.002098,0.002060,0.002060,0.002022,0.002060,0.001984,0.002022,0.002022,0.001907,0.001945,0.001869,0.001869,0.001831,0.001755,0.001869,0.001793,0.001755,0.001831,0.001793,0.001755,0.001717,0.001755,0.001755,0.001793,0.001831,0.001831,0.001869,0.001907,0.001869,0.001869,0.001907,0.001945,0.001945,0.001984,0.002060,0.002060,0.002098,0.002060,0.002136,0.002098,0.002098,0.002174,0.002213,0.002213,0.002174,0.002174,0.002213,0.002136,0.002174,0.002136,0.002098,0.002174,0.002136,0.002213,0.002098,0.002136,0.002098,0.002136,0.002213,0.002136,0.002136,0.002174,0.002174,0.002174,0.002174,0.002213,0.002213,0.002213,0.002213,0.002136,0.002174,0.002174,0.002251,0.002251,0.002174,0.002213,0.002213,0.002213,0.002213,0.002174,0.002136,0.002098,0.002174,0.002136,0.002136,0.002136,0.002060,0.002098,0.002060,0.002022,0.002060,0.002022,0.002022,0.002022,0.001984,0.001984,0.002022,0.001984,0.001907,0.002060,0.002060,0.002022,0.002022,0.001984,0.001984,0.001945,0.001984,0.002060,0.001945,0.001945,0.001945,0.001945,0.001907,0.001907,0.001945,0.001869,0.001945,0.001945,0.001945,0.002022,0.001984,0.002060,0.002022,0.002060,0.002098,0.001984,0.002022,0.002022,0.002098,0.002060,0.002022,0.002022,0.001907,0.001945,0.001869,0.001869,0.001869,0.001831,0.001831,0.001678,0.001793,0.001717,0.001717,0.001755,0.001717,0.001793,0.001831,0.001793,0.001831,0.001793,0.001869,0.001869,0.001869,0.001907,0.001831,0.001907,0.001869,0.001831,0.001907,0.001831,0.001831,0.001831,0.001831,0.001755,0.001831,0.001793,0.001793,0.001793,0.001793,0.001831,0.001869,0.001831,0.001869,0.001907,0.001869,0.001869,0.001945,0.001945,0.001869,0.001984,0.001907,0.001945,0.001984,0.001907,0.001984,0.001945,0.001945,0.001907,0.001907,0.001984,0.001945,0.001945,0.001984,0.001984,0.002022,0.001984,0.002060,0.002060,0.002060,0.002136,0.002136,0.002213,0.002136,0.002213,0.002251,0.002213,0.002289,0.002289,0.002327,0.002289,0.002251,0.002365,0.002289,0.002327,0.002251,0.002289,0.002251,0.002174,0.002213,0.002136,0.002136,0.002098,0.002098,0.002060,0.002022,0.002098,0.002022,0.001984,0.002022,0.001945,0.001984,0.001945,0.001907,0.001945,0.001945,0.001945,0.001945,0.001984,0.001984,0.002022,0.002022,0.001984,0.002098,0.002060,0.002098,0.002136,0.002098,0.002136,0.002098,0.002174,0.002213,0.002174,0.002136,0.002136,0.002174,0.002174,0.002136,0.002136,0.002098,0.002136,0.002098,0.002136,0.002136,0.002098,0.002136,0.002060,0.002060,0.002136,0.002098,0.002098,0.002060,0.002098,0.002136,0.002060,0.002022,0.001984,0.002098,0.002060,0.002060,0.002098,0.002098,0.002136,0.002098,0.002098,0.002098,0.002136,0.002098,0.002060,0.002098,0.002136,0.002098,0.002098,0.002098,0.002136,0.002098,0.002174,0.002136,0.002098,0.002060,0.002022,0.002022,0.002022,0.002022,0.002022,0.002022,0.002098,0.002098,0.002060,0.002060,0.002022,0.002213,0.002098,0.002098,0.002060,0.002022,0.002098,0.002060,0.002060,0.002060,0.002098,0.002098,0.002060,0.002098,0.002060,0.002060,0.002098,0.002022,0.002098,0.002060,0.002060,0.002022,0.002022,0.002060,0.002098,0.002136,0.002060,0.002060,0.002098,0.002136,0.002098,0.002022,0.002060,0.002136,0.002098,0.002174,0.002060,0.002098,0.002136,0.002098,0.002174,0.002060,0.002098,0.002136,0.002098,0.002136,0.002060,0.002136,0.002060,0.002098,0.002098,0.002136,0.002136,0.002060,0.002098,0.002060,0.002098,0.002174,0.002022,0.002060,0.002022,0.002060,0.002098,0.002022,0.002060,0.002098,0.002098,0.002098,0.002098,0.002098,0.002060,0.002098,0.002022,0.002022,0.002060,0.002060,0.002060,0.001984,0.001984,0.002022,0.001984,0.002060,0.001984,0.002022,0.001984,0.001984,0.001984,0.001945,0.002022,0.001984,0.001984,0.002022,0.001831,0.001945,0.001945,0.001984,0.001945,0.001869,0.001869,0.001869,0.001945,0.001945,0.001907,0.001869,0.001907,0.001945,0.001945,0.002022,0.002060,0.001984,0.002060,0.002022,0.002060,0.002136,0.002060,0.002098,0.002098,0.002174,0.002174,0.002136,0.002174,0.002136,0.002213,0.002174,0.002213,0.002251,0.002213,0.002251,0.002289,0.002213,0.002213,0.002251,0.002213,0.002213,0.002174,0.002213,0.002213,0.002251,0.002213,0.002213,0.002174,0.002213,0.002174,0.002098,0.002136,0.002098,0.002136,0.002136,0.002098,0.002098,0.002022,0.002098,0.002022,0.002060,0.002136,0.002022,0.002060,0.002022,0.002098,0.002060,0.002060,0.002098,0.002060,0.002098,0.002060,0.002060,0.002136,0.002060,0.002174,0.002136,0.002098,0.002174,0.002174,0.002174,0.002136,0.002174,0.002174,0.002213,0.002251,0.002213,0.002251,0.002213,0.002213,0.002251,0.002213,0.002251,0.002174,0.002174,0.002174,0.002251,0.002213,0.002098,0.002136,0.002060,0.002060,0.002098,0.002060,0.002060,0.002060,0.002022,0.001984,0.002022,0.001984,0.001869,0.001831,0.001869,0.001869,0.001907,0.001793,0.001831,0.001755,0.001831,0.001869,0.001793,0.001831,0.001793,0.001793,0.001831,0.001793,0.001869,0.001831,0.001907,0.001831,0.001907,0.001945,0.001907,0.001984,0.001945,0.002060,0.002060,0.002060,0.002098,0.002098,0.002174,0.002213,0.002251,0.002213,0.002174,0.002213,0.002251,0.002289,0.002213,0.002174,0.002251,0.002251,0.002251,0.002251,0.002213,0.002251,0.002213,0.002213,0.002174,0.002136,0.002136,0.002136,0.002136,0.002060,0.002060,0.002098,0.002098,0.002098,0.002060,0.002060,0.002022,0.002060,0.002060,0.002060,0.002060,0.002060,0.002098,0.002136,0.002060,0.002098,0.002136,0.002136,0.002136,0.002174,0.002174,0.002174,0.002213,0.002174,0.002174,0.002213,0.002174,0.002251,0.002174,0.002251,0.002251,0.002174,0.002213,0.002174,0.002251,0.002213,0.002174,0.002213,0.002136,0.002174,0.002136,0.002098,0.002174,0.002174,0.002136,0.002098,0.002098,0.002136,0.002098,0.002136,0.002098,0.002136,0.002098,0.002098,0.002174,0.002098,0.002174,0.002136,0.002174,0.002174,0.002136,0.002136,0.002136,0.002174,0.002174,0.002136,0.002174,0.002098,0.002174,0.002136,0.002098,0.002060,0.002060,0.002060,0.002060,0.002098,0.002060,0.002022,0.001984,0.001869,0.001984,0.001945,0.001984,0.001984,0.001945,0.001984,0.001869,0.001945,0.001945,0.001945,0.001984,0.001907,0.001984,0.001869,0.001945,0.001945,0.001907,0.001945,0.001984,0.001945,0.001945,0.001907,0.001984,0.001907,0.001984,0.001984,0.001945,0.002022,0.001984,0.001984,0.001984,0.001984,0.001984,0.001945,0.002022,0.001945,0.001945,0.001984,0.001984,0.002022,0.001945,0.001984,0.001984,0.001945,0.001984,0.001907,0.001945,0.001907,0.001945,0.001907,0.001945,0.001907,0.001945,0.001984,0.001907,0.001869,0.001945,0.001907,0.001984,0.001945,0.001984,0.002022,0.001984,0.001945,0.001984,0.002022,0.001984,0.002022,0.001984,0.001945,0.002060,0.002022,0.002060,0.002060,0.002022,0.002098,0.002060,0.002060,0.002022,0.002022,0.002060,0.002060,0.002022,0.002060,0.002022,0.002098,0.002060,0.002022,0.002060,0.002060,0.002022,0.002022,0.002060,0.002022,0.002060,0.002022,0.001984,0.001984,0.001945,0.001984,0.001945,0.001984,0.001984,0.001984,0.002022,0.001984,0.002022,0.001945,0.001945,0.001945,0.001907,0.001984,0.001945,0.001945,0.001984,0.001869,0.001945,0.001945,0.001984,0.001945,0.001945,0.001984,0.001945,0.002022,0.001984,0.001984,0.002022,0.002022,0.002022,0.002022,0.002098,0.002060,0.001984,0.002136,0.002022,0.002098,0.002022,0.002022,0.002098,0.002060,0.002098,0.002022,0.002060,0.002022,0.001984,0.002060,0.002022,0.002098,0.002022,0.001984,0.002022,0.001984,0.001984,0.002022,0.002022,0.002098,0.002060,0.002060,0.002022,0.002060,0.002098,0.002022,0.002060,0.001984,0.002022,0.002022,0.002136,0.002136,0.002022,0.002060,0.002098,0.002060,0.002060,0.002060,0.002060,0.002060,0.002098,0.002098,0.002060,0.002136,0.002098,0.002136,0.002060,0.002098,0.002136,0.002136,0.002136,0.002098,0.002136,0.002136,0.002213,0.002251,0.002213,0.002213,0.002174,0.002174,0.002213,0.002136,0.002213,0.002174,0.002251,0.002251,0.002213,0.002251,0.002213,0.002251,0.002174,0.002174,0.002213,0.002174,0.002213,0.002174,0.002213,0.002174,0.002174,0.002213,0.002136,0.002174,0.002098,0.002060,0.002098,0.002060,0.002060,0.001945,0.001984,0.002022,0.002022,0.001984,0.001945,0.001945,0.002022,0.001984,0.001907,0.001945,0.001945,0.001907,0.002022,0.001945,0.001907,0.001945,0.001907,0.001945,0.001907,0.001945,0.001907,0.001907,0.001945,0.001907,0.001907,0.001907,0.001945,0.001945,0.001907,0.001945,0.001945,0.001907,0.001945,0.001907,0.001945,0.001907,0.001907,0.001907,0.001984,0.001945,0.001907,0.001945,0.001907,0.001907,0.001945,0.001945,0.001945,0.001945,0.001984,0.001984,0.001984,0.001984,0.001945,0.002022,0.001984,0.001984,0.001984,0.001984,0.002022,0.001984,0.001984,0.002022,0.002022,0.002022,0.001984,0.002022,0.001984,0.002022,0.002022,0.002022,0.002022,0.002022,0.002060,0.002098,0.002060,0.002136,0.002060,0.002098,0.002098,0.002136,0.002136,0.002098,0.002174,0.002098,0.002098,0.002136,0.002098,0.002098,0.002174,0.002174,0.002136,0.002098,0.002174,0.002098,0.002136,0.002098,0.002022,0.002098,0.001984,0.001984,0.001945,0.001945,0.001945,0.001869,0.001869,0.001869,0.001869,0.001793,0.001755,0.001755,0.001755,0.001793,0.001793,0.001755,0.001793,0.001755,0.001755,0.001755,0.001793,0.001831,0.001831,0.001793,0.001793,0.001869,0.001869,0.001907,0.001907,0.001869,0.001984,0.001869,0.001907,0.001907,0.001907,0.001907,0.001869,0.001869,0.001907,0.001907,0.001869,0.001793,0.001869,0.001831,0.001831,0.001793,0.001793,0.001831,0.001793,0.001755,0.001793,0.001717,0.001793,0.001793,0.001793,0.001755,0.001755,0.001869,0.001831,0.001869,0.001869,0.001793,0.001793,0.001869,0.001869,0.001869,0.001945,0.001945,0.002022,0.002022,0.001984,0.001984,0.001984,0.002060,0.002098,0.002098,0.002136,0.002136,0.002251,0.002174,0.002213,0.002213,0.002251,0.002251,0.002289,0.002327,0.002289,0.002289,0.002365,0.002327,0.002327,0.002289,0.002365,0.002403,0.002365,0.002403,0.002441,0.002480,0.002441,0.002441,0.002441,0.002403,0.002518,0.002441,0.002441,0.002441,0.002403,0.002518,0.002441,0.002441,0.002480,0.002441,0.002480,0.002365,0.002480,0.002365,0.002365,0.002403,0.002365,0.002327,0.002327,0.002327,0.002289,0.002289,0.002251,0.002251,0.002213,0.002213,0.002213,0.002136,0.002098,0.002136,0.002098,0.002136,0.002060,0.002098,0.002098,0.002060,0.002060,0.002022,0.002060,0.002060,0.002060,0.002098,0.002060,0.002060,0.002098,0.002022,0.002060,0.001984,0.002022,0.001984,0.001984,0.001984,0.001984,0.002022,0.001984,0.001984,0.001984,0.001984,0.001945,0.001984,0.001984,0.001907,0.001907,0.001907,0.001869,0.001907,0.001907,0.001869,0.001793,0.001831,0.001869,0.001831,0.001831,0.001869,0.001869,0.001793,0.001755,0.001793,0.001831,0.001831,0.001793,0.001831,0.001869,0.001869,0.001831,0.001831,0.001831,0.001831,0.001831,0.001869,0.001793,0.001869,0.001869,0.001831,0.001831,0.001831,0.001907,0.001869,0.001984,0.001984,0.001945,0.002022,0.001984,0.001945,0.002022,0.002022,0.002022,0.001984,0.001945,0.001945,0.002022,0.002060,0.001945,0.001984,0.002022,0.001984,0.002022,0.001984,0.002060,0.001984,0.001945,0.002060,0.002022,0.002022,0.002022,0.002098,0.002060,0.002022,0.002060,0.002022,0.002060,0.002060,0.002098,0.002022,0.002022,0.002060,0.002022,0.002098,0.002060,0.002098,0.002098,0.002098,0.002098,0.002060,0.002098,0.002098,0.002098,0.002098,0.002060,0.002136,0.002060,0.002098,0.002136,0.002060,0.002174,0.002136,0.002136,0.002060,0.002022,0.002098,0.002136,0.002098,0.002098,0.002136,0.002136,0.002098,0.002136,0.002136,0.002136,0.002098,0.002098,0.002136,0.002136,0.002174,0.002136,0.002213,0.002174,0.002136,0.002213,0.002136,0.002136,0.002213,0.002213,0.002213,0.002174,0.002174,0.002174,0.002136,0.002213,0.002174,0.002174,0.002136,0.002136,0.002060,0.002136,0.002098,0.002136,0.002136,0.002098,0.002136,0.002098,0.002136,0.002098,0.002098,0.002060,0.002136,0.002174,0.002098,0.002098,0.002174,0.002136,0.002098,0.002136,0.002136,0.002098,0.002060,0.002098,0.002098,0.002136,0.002136,0.002098,0.002174,0.002174,0.002136,0.002174,0.002136,0.002174,0.002098,0.002174,0.002136,0.002098,0.002136,0.002136,0.002136,0.002136,0.002136,0.002174,0.002136,0.002098,0.002136,0.002136,0.002098,0.002098,0.002136,0.002060,0.002098,0.002098,0.002098,0.002136,0.002098,0.002098,0.002022,0.002098,0.002060,0.002098,0.002060,0.002098,0.002098,0.002098,0.002022,0.001984,0.002060,0.002060,0.002022,0.002060,0.002060,0.002022,0.002022,0.002022,0.002098,0.002022,0.002098,0.002022,0.002022,0.002060,0.001984,0.002022,0.002022,0.002022,0.001984,0.001945,0.001945,0.002022,0.002022,0.001984,0.001984,0.002022,0.002022,0.002022,0.002022,0.001945,0.002022,0.002022,0.002022,0.001984,0.002098,0.002060,0.002060,0.002060,0.002022,0.002022,0.002022,0.002098,0.002136,0.002136,0.002098,0.002174,0.002251,0.002136,0.002136,0.002174,0.002136,0.002174,0.002136,0.002098,0.002136,0.002213,0.002136,0.002174,0.002213,0.002213,0.002136,0.002174,0.002174,0.002098,0.002098,0.002136,0.002174,0.002174,0.002174,0.002098,0.002174,0.002174,0.002174,0.002174,0.002098,0.002098,0.002060,0.002098,0.002098,0.002098,0.002060,0.002060,0.002098,0.002060,0.002060,0.002022,0.001984,0.002022,0.002022,0.001984,0.001945,0.001945,0.001907,0.001984,0.001945,0.001907,0.001869,0.001869,0.001869,0.001907,0.001907,0.001831,0.001831,0.001869,0.001907,0.001869,0.001831,0.001831,0.001907,0.001907,0.001869,0.001907,0.001869,0.001907,0.001869,0.001945,0.001945,0.001945,0.002022,0.002022,0.002022,0.002022,0.002022,0.002060,0.002060,0.002060,0.002098,0.002098,0.002060,0.002098,0.002136,0.002098,0.002060,0.002136,0.002136,0.002136,0.002098,0.002174,0.002098,0.002136,0.002136,0.002060,0.002098,0.002098,0.002060,0.002060,0.002136,0.002060,0.002022,0.002060,0.002060,0.002022,0.002022,0.002022,0.002022,0.002022,0.002022,0.002060,0.002022,0.002022,0.002022,0.002060,0.002022,0.002060,0.002098,0.002060,0.001984,0.002022,0.002060,0.002060,0.002022,0.002022,0.001984,0.001984,0.001984,0.002022,0.002022,0.001984,0.001984,0.001984,0.002022,0.001984,0.001984,0.001945,0.001945,0.001984,0.001945,0.001945,0.001907,0.001907,0.001907,0.001945,0.001945,0.001945,0.001907,0.001945,0.001945,0.001984,0.001984,0.002022,0.001945,0.001984,0.002022,0.002022,0.002060,0.002098,0.002136,0.002098,0.002098,0.002098,0.002098,0.002136,0.002174,0.002098,0.002136,0.002098,0.002136,0.002060,0.002098,0.002098,0.002098,0.002136,0.002060,0.002136,0.002060,0.002060,0.002060,0.002022,0.002060,0.002060,0.002136,0.002098,0.002098,0.002136,0.002098,0.002098,0.002136,0.002098,0.002174,0.002060,0.002060,0.002098,0.002174,0.002174,0.002136,0.002174,0.002136,0.002136,0.002136,0.002136,0.002174,0.002136,0.002136,0.002098,0.002098,0.002060,0.002022,0.002022,0.002060,0.002060,0.002060,0.002022,0.001984,0.001984,0.002098,0.002022,0.002022,0.002022,0.002022,0.002098,0.001984,0.001945,0.001984,0.001984,0.001984,0.001984,0.001907,0.001945,0.001945,0.001945,0.001945,0.001907,0.001945,0.001945,0.001945,0.001945,0.001945,0.001907,0.001907,0.001945,0.001945,0.001984,0.001984,0.001984,0.001907,0.001945,0.001945,0.001984,0.001984,0.002022,0.001984,0.001945,0.001984,0.002022,0.002022,0.001984,0.001945,0.002022,0.002022,0.002022,0.001984,0.001984,0.002022,0.002022,0.002022,0.002022,0.002060,0.002022,0.002060,0.002060,0.002060,0.002060,0.002060,0.002022,0.002060,0.001984,0.002060,0.002022,0.002022,0.002022,0.002022,0.002022,0.001984,0.001984,0.002060,0.002022,0.002022,0.001984,0.002022,0.001984,0.002060,0.002060,0.002098,0.002022,0.002098,0.002098,0.002022,0.002060,0.002022,0.002060,0.002060,0.002022,0.002060,0.002098,0.002060,0.002060,0.002022,0.001984,0.002022,0.001984,0.002022,0.001907,0.001984,0.001907,0.001945,0.001907,0.001907,0.001869,0.001869,0.001869,0.001869,0.001869,0.001831,0.001793,0.001869,0.001831,0.001831,0.001869,0.001831,0.001793,0.001831,0.001831,0.001907,0.001869,0.001831,0.001831,0.001869,0.001831,0.001869,0.001907,0.001831,0.001945,0.001907,0.001945,0.001984,0.001945,0.001984,0.002022,0.002022,0.002060,0.002060,0.002060,0.002022,0.002060,0.002060,0.002136,0.002060,0.002098,0.002098,0.002098,0.002060,0.002060,0.002060,0.002060,0.002060,0.002022,0.002098,0.002098,0.001984,0.001984,0.002098,0.002022,0.001984,0.001984,0.002060,0.001984,0.002022,0.002060,0.002022,0.002098,0.002060,0.002060,0.002060,0.002022,0.002060,0.002022,0.002060,0.002060,0.002098,0.002060,0.002022,0.002060,0.002098,0.002098,0.002136,0.002098,0.002060,0.002098,0.002136,0.002098,0.002098,0.002060,0.002060,0.002136,0.002060,0.002136,0.002136,0.002174,0.002098,0.002136,0.002174,0.002098,0.002174,0.002174,0.002098,0.002098,0.002060,0.002098,0.002022,0.002098,0.002022,0.002022,0.002060,0.002060,0.002060,0.002022,0.002060,0.002060,0.002060,0.002098,0.002022,0.002060,0.001984,0.002022,0.001984,0.002022,0.001984,0.002022,0.002022,0.001984,0.001945,0.001945,0.001907,0.001945,0.001984,0.001945,0.001945,0.001984,0.001945,0.001945,0.001945,0.001907,0.001945,0.001945,0.001907,0.001984,0.001945,0.001984,0.001984,0.001945,0.001945,0.001984,0.001945,0.001907,0.001945,0.002022,0.001984,0.002022,0.001945,0.001945,0.001945,0.001984,0.001984,0.001984,0.001984,0.001984,0.001984,0.001984,0.001984,0.001984,0.001945,0.001984,0.002022,0.001984,0.002022,0.002022,0.002022,0.001984,0.002022,0.002022,0.002022,0.001984,0.001984,0.002060,0.002022,0.001984,0.001984,0.001984,0.001984,0.001945,0.001984,0.002022,0.001984,0.002022,0.002022,0.002022,0.001945,0.002022,0.002022,0.001984,0.001984,0.001945,0.002022,0.002022,0.002060,0.002060,0.002060,0.002060,0.002060,0.002022,0.002022,0.002060,0.002098,0.002060,0.002098,0.002098,0.002098,0.002136,0.002174,0.002251,0.002174,0.002174,0.002174,0.002174,0.002213,0.002213,0.002213,0.002098,0.002213,0.002251,0.002289,0.002251,0.002251,0.002251,0.002251,0.002251,0.002251,0.002213,0.002251,0.002213,0.002289,0.002213,0.002213,0.002289,0.002213,0.002251,0.002174,0.002136,0.002098,0.002174,0.002174,0.002136,0.002136,0.002136,0.002098,0.002136,0.002098,0.002060,0.002060,0.002022,0.001945,0.002060,0.002060,0.001984,0.002022,0.001984,0.002022,0.002060,0.001984,0.002022,0.001984,0.002022,0.002022,0.001984,0.002022,0.001984,0.002060,0.002022,0.002022,0.002060,0.002060,0.002022,0.001984,0.002022,0.002022,0.002022,0.002022,0.002098,0.002098,0.002022,0.002060,0.002060,0.002098,0.002060,0.002098,0.002098,0.002060,0.002136,0.002098,0.002098,0.002136,0.002136,0.002213,0.002136,0.002174,0.002213,0.002136,0.002174,0.002136,0.002213,0.002174,0.002174,0.002136,0.002213,0.002251,0.002136,0.002213,0.002174,0.002213,0.002213,0.002136,0.002174,0.002174,0.002174,0.002136,0.002174,0.002136,0.002136,0.002136,0.002098,0.002136,0.002060,0.002060,0.002022,0.002022,0.002022,0.001945,0.001984,0.001945,0.001945,0.001984,0.001984,0.001945,0.001907,0.001945,0.001984,0.001945,0.001945,0.001945,0.002022,0.001907,0.001907,0.001984,0.001945,0.001945,0.001907,0.002022,0.001984,0.001945,0.001984,0.001945,0.001984,0.001945,0.001945,0.001984,0.001945,0.001984,0.001984,0.001984,0.002022,0.002060,0.002136,0.002098,0.002098,0.002060,0.002098,0.002136,0.002136,0.002136,0.002136,0.002136,0.002136,0.002098,0.002136,0.002136,0.002098,0.002098,0.002060,0.002060,0.002098,0.002022,0.001984,0.002022,0.001984,0.002022,0.002022,0.001984,0.001945,0.001945,0.001945,0.001907,0.001945,0.001945,0.001907,0.001869,0.001869,0.001869,0.001869,0.001869,0.001945,0.001945,0.001907,0.001907,0.001945,0.001945,0.001945,0.001945,0.001945,0.002022,0.001984,0.002098,0.002098,0.002060,0.002098,0.002060,0.002098,0.002136,0.002174,0.002174,0.002174,0.002251,0.002136,0.002251,0.002174,0.002251,0.002289,0.002213,0.002251,0.002174,0.002213,0.002213,0.002251,0.002213,0.002174,0.002251,0.002174,0.002251,0.002213,0.002213,0.002251,0.002174,0.002251,0.002136,0.002174,0.002213,0.002213,0.002213,0.002213,0.002174,0.002251,0.002174,0.002213,0.002213,0.002174,0.002174,0.002251,0.002213,0.002251,0.002213,0.002213,0.002174,0.002213,0.002174,0.002213,0.002213,0.002174,0.002098,0.002174,0.002174,0.002174,0.002251,0.002213,0.002213,0.002174,0.002213,0.002213,0.002213,0.002213,0.002174,0.002213,0.002213,0.002213,0.002213,0.002251,0.002251,0.002213,0.002251,0.002174,0.002174,0.002327,0.002213,0.002213,0.002213,0.002174,0.002174,0.002174,0.002174,0.002213,0.002213,0.002174,0.002098,0.002174,0.002174,0.002136,0.002060,0.002098,0.002098,0.002136,0.002136,0.002098,0.002136,0.002098,0.002060,0.002060,0.002060,0.002098,0.002060,0.002098,0.002022,0.002098,0.002022,0.001984,0.002060,0.002022,0.002022,0.001945,0.001945,0.002022,0.001907,0.001907,0.001945,0.001907,0.001907,0.001907,0.001907,0.001907,0.001869,0.001831,0.001869,0.001831,0.001793,0.001831,0.001755,0.001869,0.001755,0.001793,0.001755,0.001793,0.001793,0.001831,0.001831,0.001831,0.001869,0.001907,0.001945,0.001945,0.001869,0.001945,0.001945,0.002022,0.002022,0.001945,0.001984,0.001984,0.002060,0.001984,0.001984,0.002022,0.002022,0.002060,0.002022,0.002022,0.002022,0.002022,0.002060,0.002060,0.002098,0.002022,0.002060,0.002060,0.002060,0.002174,0.002098,0.002060,0.002098,0.002098,0.002136,0.002174,0.002213,0.002136,0.002174,0.002174,0.002213,0.002213,0.002136,0.002174,0.002174,0.002213,0.002213,0.002136,0.002136,0.002098,0.002174,0.002098,0.002136,0.002098,0.002136,0.002136,0.002060,0.002174,0.002098,0.002136,0.002136,0.002022,0.002060,0.002022,0.002060,0.001984,0.001984,0.001984,0.002060,0.001945,0.001945,0.001945,0.001907,0.001907,0.001945,0.001907,0.001945,0.001869,0.001984,0.001945,0.001869,0.001907,0.001907,0.001984,0.001945,0.001984,0.001984,0.001945,0.001984,0.001907,0.001907,0.001869,0.001945,0.001945,0.001907,0.001945,0.001945,0.001945,0.001869,0.001907,0.001945,0.001869,0.001945,0.001869,0.001907,0.001945,0.001945,0.001945,0.001907,0.001945,0.001907,0.001945,0.001984,0.002022,0.002060,0.001984,0.002022,0.001984,0.002060,0.002098,0.002060,0.002060,0.002022,0.002098,0.002060,0.002098,0.002098,0.002060,0.002098,0.002060,0.002136,0.002098,0.002098,0.002098,0.002060,0.002174,0.002060,0.002060,0.002098,0.002136,0.002174,0.002098,0.002098,0.002060,0.002098,0.002098,0.002098,0.002136,0.002060,0.002098,0.002022,0.002098,0.002174,0.002060,0.002174,0.002060,0.002098,0.002060,0.002098,0.002136,0.002098,0.002174,0.002060,0.002060,0.002060,0.002098,0.002060,0.002022,0.002098,0.002098,0.002060,0.001984,0.001984,0.002060,0.002022,0.001984,0.001984,0.001984,0.001984,0.001945,0.001945,0.001907,0.001984,0.001984,0.001945,0.001945,0.001869,0.001945,0.001869,0.001907,0.001907,0.001945,0.001945,0.001907,0.001984,0.001869,0.001984,0.001945,0.001907,0.001984,0.001907,0.001945,0.001984,0.001984,0.002022,0.001984,0.001984,0.001945,0.001984,0.001984,0.002022
27,19:00:00.000,12/31/1903,0.000000,0.100000,UNKNOWN,1,0/0,0.000000,0.000000,0.000000,0.000000,0.000000,0.000000,0.000000,0.000000,0,0,0,0,0.002251,0.002174,0.002174,0.002213,0.002213,0.002174,0.002213,0.002174,0.002098,0.002174,0.002174,0.002136,0.002174,0.002174,0.002174,0.002174,0.002174,0.002174,0.002136,0.002174,0.002174,0.002174,0.002136,0.002174,0.002136,0.002098,0.002136,0.002136,0.002136,0.002136,0.002098,0.002098,0.002136,0.002136,0.002136,0.002098,0.002098,0.002098,0.002098,0.002136,0.002136,0.002136,0.002098,0.002098,0.002098,0.002060,0.002136,0.002060,0.002098,0.002098,0.002022,0.002060,0.002060,0.002136,0.002022,0.002022,0.002022,0.002060,0.002060,0.002022,0.002022,0.002060,0.002022,0.002022,0.002098,0.002098,0.002060,0.002022,0.002022,0.002022,0.002022,0.002060,0.002022,0.002022,0.002060,0.002060,0.002098,0.002060,0.002022,0.001984,0.001984,0.002060,0.002060,0.002022,0.001945,0.002022,0.001984,0.001945,0.001984,0.002022,0.001984,0.002022,0.002060,0.002022,0.002022,0.002022,0.001984,0.001945,0.002022,0.002022,0.002022,0.002060,0.002060,0.002022,0.002022,0.002022,0.002060,0.002060,0.002022,0.002098,0.002022,0.001984,0.002022,0.002060,0.002060,0.002060,0.002022,0.002098,0.002098,0.002022,0.002098,0.002098,0.002098,0.002098,0.002022,0.002060,0.002060,0.002022,0.002098,0.002060,0.002060,0.002022,0.002136,0.002098,0.002098,0.002098,0.002098,0.002136,0.002060,0.002098,0.002136,0.002098,0.002060,0.002060,0.002098,0.002098,0.002060,0.002060,0.002060,0.002098,0.002098,0.002060,0.002060,0.002022,0.002098,0.002098,0.002136,0.002060,0.002060,0.002060,0.002060,0.002060,0.002098,0.002098,0.002098,0.002098,0.002098,0.002136,0.002060,0.002136,0.002136,0.002136,0.002174,0.002174,0.002174,0.002136,0.002098,0.002098,0.002098,0.002136,0.002213,0.002136,0.002136,0.002174,0.002174,0.002136,0.002098,0.002060,0.002136,0.002098,0.002174,0.002136,0.002136,0.002136,0.002098,0.002136,0.002098,0.002136,0.002136,0.002174,0.002098,0.002136,0.002174,0.002098,0.002098,0.002098,0.002136,0.002136,0.002136,0.002098,0.002098,0.002136,0.002136,0.002136,0.002136,0.002098,0.002136,0.002174,0.002174,0.002136,0.002098,0.002136,0.002174,0.002174,0.002174,0.002213,0.002174,0.002174,0.002174,0.002174,0.002136,0.002136,0.002136,0.002136,0.002098,0.002213,0.002174,0.002174,0.002174,0.002213,0.002174,0.002174,0.002174,0.002136,0.002136,0.002174,0.002136,0.002174,0.002136,0.002174,0.002174,0.002213,0.002174,0.002174,0.002174,0.002136,0.002174,0.002098,0.002174,0.002213,0.002136,0.002213,0.002136,0.002136,0.002174,0.002174,0.002136,0.002174,0.002136,0.002136,0.002174,0.002136,0.002098,0.002098,0.002098,0.002098,0.002098,0.002136,0.002174,0.002098,0.002098,0.002060,0.002022,0.002060,0.002098,0.002098,0.002098,0.002060,0.002060,0.002060,0.002060,0.002022,0.002060,0.002060,0.002060,0.002060,0.002060,0.001984,0.002022,0.002022,0.002060,0.002060,0.002060,0.002060,0.002022,0.002060,0.002022,0.002022,0.002060,0.002022,0.002060,0.002060,0.002060,0.002098,0.002022,0.002022,0.002060,0.002060,0.002022,0.002022,0.002060,0.002060,0.002022,0.002022,0.002060,0.002060,0.002022,0.002060,0.002022,0.002022,0.002022,0.002022,0.002022,0.002060,0.002022,0.002022,0.002060,0.002060,0.002060,0.002022,0.002060,0.002022,0.002060,0.002060,0.002098,0.002060,0.001984,0.002022,0.002098,0.002060,0.002060,0.002060,0.002098,0.002060,0.002022,0.002060,0.002060,0.002022,0.002060,0.002060,0.002060,0.002098,0.002022,0.002060,0.002060,0.002060,0.002060,0.002136,0.002022,0.002022,0.002060,0.002060,0.002098,0.002060,0.002136,0.002022,0.002098,0.002098,0.002060,0.002136,0.002060,0.002022,0.002060,0.002098,0.002022,0.002098,0.002060,0.002060,0.002098,0.002060,0.002022,0.002098,0.002060,0.002060,0.002098,0.002098,0.002098,0.002098,0.002060,0.002136,0.002098,0.002098,0.002098,0.002136,0.002136,0.002136,0.002098,0.002136,0.002136,0.002136,0.002098,0.002136,0.002136,0.002174,0.002174,0.002136,0.002174,0.002174,0.002136,0.002174,0.002174,0.002136,0.002174,0.002174,0.002213,0.002174,0.002174,0.002136,0.002174,0.002098,0.002174,0.002213,0.002174,0.002136,0.002136,0.002174,0.002098,0.002136,0.002136,0.002174,0.002136,0.002174,0.002213,0.002174,0.002136,0.002213,0.002136,0.002098,0.002136,0.002174,0.002136,0.002098,0.002098,0.002098,0.002060,0.002098,0.002060,0.002098,0.002098,0.002060,0.001984,0.002022,0.002060,0.002060,0.001945,0.002060,0.002098,0.002098,0.002022,0.002022,0.002060,0.002060,0.002022,0.002022,0.002022,0.002060,0.002060,0.001984,0.002022,0.002060,0.002022,0.002022,0.002022,0.001984,0.001984,0.001984,0.001984,0.002060,0.001984,0.002060,0.002060,0.001984,0.001984,0.002022,0.002022,0.002022,0.001945,0.001984,0.002022,0.002022,0.002022,0.001984,0.001984,0.001945,0.001984,0.002022,0.002022,0.002022,0.001945,0.002022,0.001984,0.001984,0.001945,0.001984,0.002022,0.002060,0.001984,0.001984,0.001984,0.001984,0.002022,0.002060,0.002022,0.002022,0.002022,0.001984,0.001984,0.002022,0.002060,0.002060,0.002022,0.001984,0.001984,0.002060,0.002060,0.001984,0.002022,0.002060,0.002098,0.002060,0.002060,0.002060,0.002022,0.002060,0.002060,0.002098,0.002098,0.002098,0.002136,0.002060,0.002060,0.002174,0.002136,0.002060,0.002060,0.002098,0.002098,0.002136,0.002136,0.002136,0.002136,0.002136,0.002136,0.002174,0.002174,0.002174,0.002098,0.002174,0.002174,0.002213,0.002136,0.002060,0.002136,0.002213,0.002136,0.002136,0.002060,0.002098,0.002136,0.002136,0.002098,0.002098,0.002174,0.002213,0.002174,0.002174,0.002136,0.002098,0.002136,0.002136,0.002136,0.002098,0.002098,0.002060,0.002060,0.002098,0.002098,0.002098,0.002060,0.002060,0.002060,0.002060,0.002060,0.002098,0.002098,0.002060,0.002060,0.002060,0.001984,0.002060,0.002022,0.002060,0.002060,0.001984,0.001984,0.002022,0.002060,0.002060,0.002060,0.002136,0.002060,0.002022,0.002022,0.002060,0.002022,0.002060,0.002060,0.002060,0.002022,0.002060,0.002060,0.002060,0.002060,0.002060,0.002022,0.002060,0.002098,0.002060,0.002060,0.002060,0.002098,0.002098,0.002060,0.002060,0.002060,0.002060,0.002022,0.002060,0.002098,0.002098,0.002022,0.002022,0.002098,0.002098,0.002060,0.002022,0.002060,0.002060,0.002022,0.002022,0.002060,0.002060,0.002098,0.002022,0.001984,0.002022,0.002022,0.002022,0.002098,0.002022,0.002060,0.002022,0.002098,0.002060,0.002060,0.002022,0.002060,0.002060,0.002022,0.002022,0.002022,0.001984,0.002060,0.002022,0.002022,0.002022,0.001945,0.001945,0.001984,0.002022,0.002022,0.001945,0.001945,0.001984,0.001945,0.001984,0.001945,0.001907,0.001945,0.001945,0.001869,0.001831,0.001793,0.001793,0.001755,0.001793,0.001755,0.001717,0.001678,0.001717,0.001678,0.001678,0.001678,0.001640,0.001602,0.001488,0.001526,0.001526,0.001450,0.001488,0.001488,0.001450,0.001488,0.001488,0.001526,0.001526,0.001640,0.001755,0.001793,0.001907,0.002060,0.002174,0.002327,0.002594,0.002861,0.003128,0.003395,0.003662,0.003967,0.004311,0.004654,0.004997,0.005341,0.005684,0.006027,0.006371,0.006790,0.007019,0.007210,0.007401,0.007553,0.007553,0.007477,0.007286,0.007019,0.006714,0.006371,0.005875,0.005379,0.004768,0.004272,0.003700,0.003052,0.002480,0.001907,0.001335,0.000725,0.000114,-0.000496,-0.001106,-0.001678,-0.002327,-0.002937,-0.003471,-0.004044,-0.004425,-0.004807,-0.005150,-0.005302,-0.005379,-0.005379,-0.005188,-0.004997,-0.004654,-0.004311,-0.003853,-0.003395,-0.002823,-0.002327,-0.001793,-0.001297,-0.000763,-0.000343,0.000076,0.000458,0.000763,0.001106,0.001373,0.001640,0.001831,0.001984,0.002136,0.002251,0.002327,0.002403,0.002518,0.002594,0.002632,0.002708,0.002823,0.002861,0.002899,0.003014,0.003090,0.003128,0.003281,0.003242,0.003281,0.003395,0.003471,0.003510,0.003624,0.003700,0.003891,0.004005,0.004120,0.004196,0.004349,0.004463,0.004501,0.004578,0.004692,0.004730,0.004730,0.004768,0.004768,0.004692,0.004654,0.004578,0.004501,0.004387,0.004349,0.004272,0.004158,0.004044,0.003891,0.003777,0.003700,0.003624,0.003433,0.003319,0.003204,0.003090,0.003014,0.002823,0.002747,0.002708,0.002556,0.002480,0.002365,0.002289,0.002251,0.002213,0.002136,0.002060,0.001984,0.001945,0.001907,0.001907,0.001869,0.001793,0.001831,0.001793,0.001755,0.001793,0.001793,0.001831,0.001869,0.001869,0.001869,0.001945,0.001945,0.002022,0.002060,0.002060,0.002098,0.002060,0.002022,0.002022,0.001984,0.001984,0.001945,0.001907,0.001869,0.001869,0.001831,0.001793,0.001793,0.001831,0.001793,0.001793,0.001755,0.001755,0.001755,0.001678,0.001678,0.001640,0.001602,0.001602,0.001526,0.001450,0.001411,0.001450,0.001488,0.001488,0.001488,0.001488,0.001564,0.001640,0.001602,0.001793,0.001831,0.001831,0.001831,0.001907,0.001907,0.001831,0.001907,0.001945,0.001907,0.001869,0.001869,0.001869,0.001907,0.001869,0.001831,0.001869,0.001869,0.001869,0.001907,0.001945,0.001984,0.001984,0.001984,0.002022,0.001984,0.001945,0.001984,0.001907,0.001984,0.001907,0.001869,0.001869,0.001831,0.001793,0.001831,0.001869,0.001907,0.001869,0.001907,0.001945,0.002060,0.002136,0.002136,0.002174,0.002289,0.002365,0.002403,0.002441,0.002518,0.002556,0.002632,0.002594,0.002594,0.002670,0.002632,0.002556,0.002518,0.002441,0.002327,0.002251,0.002251,0.002174,0.002060,0.001984,0.001945,0.001869,0.001831,0.001831,0.001869,0.001907,0.001831,0.001831,0.001869,0.001907,0.001907,0.001907,0.001869,0.001907,0.001869,0.001831,0.001831,0.001717,0.001717,0.001755,0.001640,0.001602,0.001564,0.001526,0.001526,0.001488,0.001373,0.001373,0.001373,0.001373,0.001373,0.001373,0.001373,0.001411,0.001411,0.001373,0.001411,0.001488,0.001450,0.001450,0.001450,0.001564,0.001640,0.001640,0.001717,0.001717,0.001831,0.001945,0.001984,0.002022,0.002136,0.002251,0.002213,0.002289,0.002403,0.002480,0.002518,0.002594,0.002670,0.002708,0.002785,0.002747,0.002823,0.002823,0.002785,0.002823,0.002785,0.002785,0.002785,0.002708,0.002670,0.002670,0.002670,0.002708,0.002670,0.002632,0.002632,0.002594,0.002632,0.002632,0.002632,0.002594,0.002556,0.002518,0.002480,0.002518,0.002441,0.002480,0.002365,0.002365,0.002289,0.002289,0.002251,0.002213,0.002213,0.002174,0.002136,0.002136,0.002136,0.002098,0.002136,0.002136,0.002136,0.002174,0.002213,0.002174,0.002213,0.002136,0.002136,0.002098,0.002060,0.002060,0.002098,0.002098,0.002098,0.002098,0.002136,0.002098,0.002060,0.002098,0.002136,0.002174,0.002251,0.002251,0.002251,0.002289,0.002365,0.002403,0.002441,0.002480,0.002556,0.002556,0.002594,0.002594,0.002632,0.002670,0.002556,0.002556,0.002518,0.002518,0.002441,0.002403,0.002327,0.002251,0.002213,0.002136,0.002060,0.001984,0.001907,0.001907,0.001831,0.001793,0.001717,0.001717,0.001678,0.001717,0.001717,0.001678,0.001717,0.001755,0.001831,0.001831,0.001869,0.001945,0.001984,0.002022,0.002060,0.002098,0.002060,0.002136,0.002174,0.002213,0.002213,0.002174,0.002174,0.002174,0.002136,0.002136,0.002098,0.002060,0.002060,0.001984,0.001984,0.001945,0.001907,0.001907,0.001793,0.001793,0.001793,0.001793,0.001755,0.001717,0.001678,0.001678,0.001640,0.001602,0.001564,0.001564,0.001640,0.001564,0.001564,0.001564,0.001640,0.001602,0.001640,0.001678,0.001640,0.001717,0.001793,0.001793,0.001831,0.001869,0.001907,0.001945,0.001869,0.001945,0.001984,0.002022,0.002060,0.002022,0.002060,0.002098,0.002098,0.002060,0.002136,0.002136,0.002136,0.002174,0.002213,0.002213,0.002213,0.002213,0.002174,0.002213,0.002174,0.002213,0.002213,0.002174,0.002213,0.002213,0.002174,0.002174,0.002136,0.002174,0.002213,0.002136,0.002174,0.002174,0.002174,0.002213,0.002136,0.002136,0.002174,0.002174,0.002213,0.002213,0.002136,0.002174,0.002174,0.002174,0.002213,0.002251,0.002174,0.002213,0.002174,0.002213,0.002174,0.002136,0.002136,0.002136,0.002098,0.002136,0.002060,0.002022,0.002060,0.001984,0.001945,0.001907,0.001945,0.001945,0.001907,0.001831,0.001831,0.001793,0.001755,0.001793,0.001793,0.001717,0.001717,0.001717,0.001717,0.001678,0.001678,0.001678,0.001678,0.001717,0.001678,0.001717,0.001717,0.001717,0.001717,0.001793,0.001755,0.001793,0.001831,0.001869,0.001945,0.001984,0.001984,0.002060,0.002098,0.002136,0.002213,0.002213,0.002251,0.002327,0.002365,0.002365,0.002403,0.002365,0.002441,0.002441,0.002480,0.002480,0.002441,0.002480,0.002441,0.002480,0.002480,0.002518,0.002518,0.002518,0.002556,0.002556,0.002556,0.002594,0.002556,0.002518,0.002518,0.002480,0.002480,0.002480,0.002441,0.002441,0.002441,0.002441,0.002365,0.002327,0.002289,0.002289,0.002251,0.002251,0.002174,0.002136,0.002136,0.002060,0.002022,0.001984,0.001945,0.001984,0.002022,0.001945,0.001945,0.001907,0.001945,0.002022,0.002022,0.002098,0.002098,0.002060,0.002136,0.002174,0.002136,0.002213,0.002213,0.002251,0.002289,0.002289,0.002327,0.002327,0.002327,0.002289,0.002289,0.002289,0.002251,0.002251,0.002213,0.002213,0.002174,0.002213,0.002136,0.002136,0.002060,0.002098,0.002022,0.001945,0.001945,0.001907,0.001907,0.001907,0.001869,0.001831,0.001831,0.001793,0.001831,0.001831,0.001755,0.001755,0.001717,0.001755,0.001717,0.001717,0.001755,0.001755,0.001755,0.001755,0.001755,0.001755,0.001755,0.001793,0.001793,0.001755,0.001717,0.001793,0.001755,0.001755,0.001793,0.001755,0.001755,0.001755,0.001755,0.001793,0.001755,0.001755,0.001793,0.001755,0.001831,0.001831,0.001869,0.001793,0.001869,0.001945,0.001984,0.002022,0.002022,0.002098,0.002136,0.002174,0.002174,0.002213,0.002174,0.002213,0.002289,0.002289,0.002327,0.002289,0.002327,0.002289,0.002327,0.002327,0.002251,0.002289,0.002289,0.002213,0.002251,0.002213,0.002174,0.002136,0.002174,0.002174,0.002136,0.002060,0.002098,0.002174,0.002098,0.002098,0.002060,0.002098,0.002060,0.002022,0.002022,0.002022,0.002060,0.002098,0.002060,0.002060,0.002136,0.002098,0.002098,0.002174,0.002136,0.002098,0.002060,0.002136,0.002098,0.002022,0.002098,0.002098,0.002060,0.002098,0.002136,0.002136,0.002136,0.002136,0.002136,0.002136,0.002174,0.002136,0.002213,0.002136,0.002213,0.002213,0.002174,0.002174,0.002213,0.002174,0.002136,0.002136,0.002174,0.002174,0.002136,0.002098,0.002060,0.002060,0.002060,0.002022,0.002022,0.002022,0.001984,0.002022,0.001984,0.002022,0.002022,0.002060,0.002060,0.002022,0.002022,0.001984,0.001984,0.002022,0.002022,0.002060,0.002022,0.001984,0.002060,0.002060,0.002060,0.002060,0.002060,0.002098,0.002098,0.002136,0.002174,0.002213,0.002098,0.002098,0.002136,0.002136,0.002174,0.002213,0.002213,0.002213,0.002213,0.002174,0.002174,0.002174,0.002174,0.002098,0.002098,0.002060,0.001984,0.002022,0.002022,0.001945,0.001907,0.001945,0.001907,0.001907,0.001831,0.001869,0.001869,0.001869,0.001945,0.001907,0.001869,0.001869,0.001907,0.001945,0.001907,0.001945,0.001945,0.001945,0.001984,0.002022,0.002022,0.002022,0.002060,0.002060,0.002060,0.002098,0.002098,0.002022,0.002060,0.002060,0.002098,0.002060,0.002098,0.002098,0.002060,0.002060,0.002060,0.002022,0.002060,0.002022,0.002022,0.002022,0.002022,0.002022,0.002022,0.001984,0.001984,0.001984,0.001945,0.001907,0.001907,0.001945,0.001907,0.001831,0.001907,0.001907,0.001945,0.001869,0.001869,0.001907,0.001907,0.001945,0.001984,0.001984,0.002060,0.001984,0.002060,0.002060,0.002098,0.002136,0.002098,0.002174,0.002136,0.002136,0.002251,0.002174,0.002136,0.002213,0.002251,0.002289,0.002251,0.002289,0.002251,0.002327,0.002327,0.002289,0.002289,0.002327,0.002289,0.002289,0.002289,0.002327,0.002251,0.002251,0.002251,0.002289,0.002289,0.002251,0.002251,0.002251,0.002213,0.002213,0.002213,0.002174,0.002174,0.002136,0.002136,0.002136,0.002098,0.002098,0.002098,0.002060,0.002098,0.002060,0.002060,0.002060,0.002022,0.002060,0.002060,0.002022,0.002060,0.002060,0.002022,0.002060,0.002022,0.002060,0.002098,0.002136,0.002136,0.002136,0.002174,0.002213,0.002251,0.002327,0.002365,0.002403,0.002441,0.002441,0.002480,0.002518,0.002518,0.002632,0.002632,0.002594,0.002708,0.002708,0.002670,0.002670,0.002708,0.002708,0.002708,0.002670,0.002556,0.002594,0.002594,0.002518,0.002518,0.002441,0.002365,0.002365,0.002327,0.002327,0.002327,0.002289,0.002213,0.002174,0.002136,0.002136,0.002022,0.001984,0.001907,0.001869,0.001755,0.001640,0.001488,0.001411,0.001373,0.001335,0.001183,0.001106,0.001068,0.001106,0.000992,0.000954,0.000916,0.000877,0.000877,0.000992,0.001030,0.001030,0.001144,0.001221,0.001259,0.001411,0.001488,0.001602,0.001717,0.001793,0.001869,0.001945,0.002060,0.002098,0.002136,0.002174,0.002251,0.002289,0.002327,0.002365,0.002365,0.002365,0.002441,0.002365,0.002403,0.002327,0.002365,0.002327,0.002327,0.002289,0.002251,0.002213,0.002213,0.002251,0.002213,0.002174,0.002174,0.002136,0.002213,0.002213,0.002213,0.002251,0.002289,0.002327,0.002327,0.002365,0.002441,0.002480,0.002480,0.002441,0.002480,0.002518,0.002518,0.002518,0.002518,0.002518,0.002441,0.002480,0.002480,0.002441,0.002403,0.002327,0.002327,0.002251,0.002289,0.002251,0.002174,0.002174,0.002098,0.002060,0.002060,0.002022,0.001984,0.002022,0.001984,0.001907,0.001984,0.001984,0.001869,0.001907,0.001945,0.001907,0.001984,0.001984,0.001945,0.001984,0.001984,0.001945,0.002022,0.001984,0.002022,0.001984,0.002022,0.001984,0.001984,0.002022,0.001984,0.001945,0.001945,0.001984,0.001945,0.001945,0.001984,0.001945,0.001984,0.001945,0.001945,0.001984,0.001984,0.001984,0.001984,0.001984,0.002022,0.001984,0.002060,0.002022,0.002022,0.002022,0.002022,0.002022,0.002022,0.002060,0.002060,0.002060,0.002060,0.002060,0.002098,0.002136,0.002174,0.002136,0.002174,0.002174,0.002174,0.002251,0.002251,0.002289,0.002365,0.002327,0.002327,0.002365,0.002441,0.002403,0.002365,0.002403,0.002403,0.002403,0.002403,0.002365,0.002403,0.002365,0.002365,0.002365,0.002365,0.002327,0.002251,0.002289,0.002251,0.002251,0.002213,0.002174,0.002213,0.002174,0.002174,0.002136,0.002098,0.002098,0.002098,0.002136,0.002136,0.002098,0.002098,0.002022,0.002060,0.002098,0.002060,0.002060,0.002060,0.002098,0.002060,0.002136,0.002174,0.002213,0.002213,0.002251,0.002251,0.002251,0.002213,0.002213,0.002213,0.002289,0.002289,0.002327,0.002289,0.002327,0.002365,0.002403,0.002403,0.002365,0.002327,0.002403,0.002441,0.002365,0.002365,0.002403,0.002365,0.002365,0.002289,0.002289,0.002213,0.002174,0.002136,0.002098,0.002098,0.002060,0.002060,0.001984,0.001984,0.001984,0.001945,0.001945,0.001907,0.001945,0.001907,0.001869,0.001907,0.001869,0.001831,0.001869,0.001869,0.001831,0.001831,0.001831,0.001831,0.001793,0.001755,0.001831,0.001793,0.001831,0.001793,0.001831,0.001831,0.001831,0.001907,0.001869,0.001793,0.001869,0.001907,0.001869,0.001869,0.001907,0.001907,0.001984,0.001984,0.002022,0.002022,0.001984,0.002022,0.002022,0.002022,0.002022,0.002060,0.002136,0.002098,0.002098,0.002136,0.002174,0.002213,0.002136,0.002174,0.002174,0.002213,0.002213,0.002174,0.002174,0.002136,0.002251,0.002174,0.002136,0.002136,0.002174,0.002098,0.002136,0.002098,0.002060,0.002098,0.002060,0.002060,0.002060,0.002098,0.002098,0.002098,0.002098,0.002060,0.002136,0.002098,0.002136,0.002136,0.002174,0.002174,0.002213,0.002174,0.002174,0.002136,0.002098,0.002136,0.002098,0.002098,0.002098,0.002098,0.002022,0.001984,0.002060,0.001984,0.001984,0.001984,0.002022,0.001945,0.001907,0.001907,0.001907,0.001907,0.001869,0.001945,0.001831,0.001869,0.001831,0.001831,0.001831,0.001831,0.001831,0.001907,0.001907,0.001907,0.001907,0.001945,0.002022,0.001984,0.001984,0.002022,0.002060,0.002022,0.002060,0.002060,0.002060,0.002060,0.002098,0.002136,0.002136,0.002060,0.002098,0.002060,0.002060,0.002060,0.002060,0.002060,0.002060,0.002060,0.002060,0.002060,0.002060,0.002022,0.002022,0.002022,0.002060,0.002060,0.002060,0.002022,0.002098,0.002022,0.002060,0.002136,0.002136,0.002136,0.002136,0.002213,0.002174,0.002174,0.002213,0.002251,0.002289,0.002289,0.002289,0.002213,0.002251,0.002289,0.002289,0.002251,0.002251,0.002251,0.002251,0.002251,0.002251,0.002289,0.002251,0.002213,0.002213,0.002213,0.002174,0.002136,0.002174,0.002136,0.002098,0.002098,0.002060,0.002060,0.002098,0.002136,0.002022,0.002060,0.002060,0.002098,0.002098,0.002136,0.002098,0.002060,0.002098,0.002060,0.002098,0.002136,0.002136,0.002174,0.002174,0.002213,0.002174,0.002174,0.002213,0.002251,0.002251,0.002327,0.002289,0.002251,0.002251,0.002289,0.002251,0.002289,0.002289,0.002289,0.002289,0.002289,0.002251,0.002251,0.002213,0.002213,0.002213,0.002213,0.002213,0.002174,0.002213,0.002136,0.002136,0.002098,0.002098,0.002060,0.002022,0.002060,0.002022,0.001945,0.001984,0.001945,0.001907,0.001869,0.001907,0.001869,0.001793,0.001793,0.001793,0.001755,0.001755,0.001755,0.001717,0.001755,0.001717,0.001755,0.001678,0.001717,0.001678,0.001640,0.001717,0.001755,0.001717,0.001678,0.001717,0.001678,0.001717,0.001755,0.001717,0.001678,0.001717,0.001678,0.001755,0.001755,0.001793,0.001793,0.001717,0.001755,0.001755,0.001831,0.001793,0.001793,0.001831,0.001755,0.001831,0.001869,0.001907,0.001907,0.001945,0.001945,0.001945,0.002022,0.002060,0.002060,0.002098,0.002098,0.002098,0.002136,0.002213,0.002174,0.002174,0.002289,0.002289,0.002289,0.002327,0.002327,0.002327,0.002365,0.002327,0.002327,0.002327,0.002327,0.002365,0.002365,0.002403,0.002289,0.002327,0.002327,0.002327,0.002365,0.002327,0.002327,0.002289,0.002251,0.002289,0.002289,0.002251,0.002213,0.002251,0.002213,0.002174,0.002213,0.002098,0.002136,0.002136,0.002136,0.002060,0.002060,0.002098,0.002022,0.002060,0.002060,0.002060,0.002022,0.002022,0.002022,0.002060,0.002022,0.002022,0.002060,0.002022,0.001984,0.002022,0.002098,0.002022,0.002022,0.002022,0.002098,0.002060,0.001984,0.001984,0.002022,0.002022,0.002022,0.001984,0.001945,0.001984,0.001984,0.001945,0.001984,0.001945,0.001945,0.001907,0.002022,0.001984,0.001984,0.001984,0.001945,0.001984,0.002022,0.002022,0.001984,0.002060,0.002022,0.002022,0.002098,0.002060,0.002022,0.002098,0.002098,0.002174,0.002098,0.002098,0.002098,0.002098,0.002098,0.002136,0.002098,0.002098,0.002136,0.002213,0.002136,0.002136,0.002060,0.002136,0.002136,0.002098,0.002098,0.002136,0.002098,0.002098,0.002098,0.002098,0.002098,0.002098,0.002098,0.002098,0.002136,0.002098,0.002174,0.002174,0.002174,0.002213,0.002174,0.002213,0.002213,0.002213,0.002213,0.002213,0.002174,0.002213,0.002213,0.002174,0.002251,0.002174,0.002174,0.002213,0.002174,0.002174,0.002174,0.002213,0.002174,0.002136,0.002136,0.002136,0.002136,0.002098,0.002174,0.002174,0.002136,0.002098,0.002136,0.002174,0.002213,0.002174,0.002174,0.002174,0.002174,0.002174,0.002136,0.002174,0.002174,0.002098,0.002098,0.002098,0.002136,0.002136,0.002060,0.002022,0.002060,0.002022,0.002060,0.002060,0.002022,0.002022,0.002060,0.002022,0.001984,0.002022,0.001945,0.002022,0.002022,0.001945,0.001945,0.001945,0.001945,0.001984,0.001945,0.001907,0.001945,0.001945,0.001907,0.001869,0.001907,0.001945,0.001945,0.001907,0.001907,0.001907,0.001945,0.001945,0.001945,0.001945,0.001945,0.001984,0.001945,0.001907,0.001945,0.001945,0.001945,0.001984,0.002022,0.002022,0.002022,0.002022,0.002060,0.002022,0.002022,0.002060,0.002098,0.001984,0.002098,0.002098,0.002174,0.002174,0.002174,0.002136,0.002213,0.002136,0.002136,0.002174,0.002174,0.002213,0.002174,0.002213,0.002174,0.002174,0.002213,0.002213,0.002213,0.002213,0.002174,0.002174,0.002174,0.002136,0.002136,0.002174,0.002136,0.002098,0.002136,0.002213,0.002174,0.002213,0.002136,0.002174,0.002098,0.002098,0.002174,0.002136,0.002136,0.002174,0.002136,0.002174,0.002174,0.002174,0.002174,0.002136,0.002174,0.002213,0.002174,0.002174,0.002174,0.002174,0.002174,0.002213,0.002174,0.002136,0.002136,0.002213,0.002213,0.002174,0.002213,0.002213,0.002213,0.002174,0.002174,0.002174,0.002174,0.002136,0.002136,0.002213,0.002213,0.002174,0.002213,0.002136,0.002098,0.002136,0.002136,0.002136,0.002174,0.002174,0.002098,0.002098,0.002098,0.002136,0.002174,0.002098,0.002136,0.002098,0.002136,0.002098,0.002174,0.002136,0.002174,0.002136,0.002136,0.002136,0.002136,0.002136,0.002136,0.002136,0.002213,0.002136,0.002136,0.002136,0.002136,0.002136,0.002098,0.002098,0.002136,0.002136,0.002136,0.002136,0.002174,0.002136,0.002213,0.002098,0.002136,0.002174,0.002174,0.002213,0.002174,0.002174,0.002174,0.002174,0.002098,0.002098,0.002098,0.002136,0.002174,0.002174,0.002174,0.002098,0.002098,0.002060,0.002098,0.002060,0.002022,0.002060,0.002022,0.002022,0.002060,0.002022,0.002060,0.002022,0.001984,0.002022,0.002022,0.002022,0.002022,0.002060,0.002022,0.002098,0.002022,0.002022,0.002022,0.002174,0.002098,0.002098,0.002213,0.002174,0.002136,0.002174,0.002213,0.002251,0.002213,0.002251,0.002251,0.002289,0.002289,0.002289,0.002365,0.002365,0.002403,0.002480,0.002441,0.002441,0.002441,0.002403,0.002365,0.002365,0.002327,0.002327,0.002327,0.002289,0.002289,0.002213,0.002136,0.002174,0.002136,0.002060,0.001984,0.001945,0.001984,0.001907,0.001907,0.001907,0.001869,0.001831,0.001831,0.001793,0.001831,0.001831,0.001793,0.001831,0.001831,0.001869,0.001869,0.001869,0.001907,0.001869,0.001945,0.001945,0.001945,0.002022,0.002022,0.002022,0.002060,0.002022,0.002022,0.002060,0.002060,0.002022,0.002098,0.002022,0.002060,0.002022,0.002060,0.002060,0.001984,0.001984,0.002022,0.002022,0.001984,0.001984,0.001945,0.002060,0.002022,0.001984,0.002022,0.002022,0.002022,0.002022,0.002060,0.002098,0.002098,0.002136,0.002174,0.002213,0.002174,0.002213,0.002174,0.002213,0.002174,0.002251,0.002289,0.002289,0.002251,0.002251,0.002327,0.002289,0.002327,0.002289,0.002289,0.002251,0.002327,0.002289,0.002289,0.002213,0.002251,0.002327,0.002213,0.002251,0.002251,0.002213,0.002289,0.002251,0.002251,0.002251,0.002289,0.002251,0.002327,0.002365,0.002327,0.002289,0.002289,0.002327,0.002289,0.002289,0.002251,0.002289,0.002251,0.002213,0.002251,0.002213,0.002213,0.002174,0.002136,0.002098,0.002098,0.002022,0.002022,0.002022,0.002022,0.002022,0.001984,0.001907,0.001907,0.001907,0.001869,0.001831,0.001831,0.001869,0.001831,0.001793,0.001755,0.001755,0.001793,0.001793,0.001717,0.001717,0.001831,0.001793,0.001793,0.001755,0.001793,0.001831,0.001831,0.001869,0.001831,0.001869,0.001945,0.001907,0.001907,0.001869,0.002022,0.002060,0.001945,0.001984,0.002022,0.002022,0.002098,0.002060,0.002098,0.002060,0.002098,0.002060,0.002098,0.002136,0.002098,0.002136,0.002098,0.002060,0.002098,0.002098,0.002098,0.002098,0.002060,0.002098,0.002060,0.002098,0.002136,0.002098,0.002098,0.002098,0.002098,0.002136,0.002098,0.002098,0.002098,0.002136,0.002098,0.002098,0.002098,0.002136,0.002174,0.002136,0.002174,0.002174,0.002174,0.002251,0.002213,0.002098,0.002174,0.002213,0.002174,0.002251,0.002213,0.002213,0.002213,0.002174,0.002174,0.002174,0.002251,0.002289,0.002251,0.002213,0.002251,0.002251,0.002213,0.002174,0.002251,0.002213,0.002174,0.002213,0.002136,0.002136,0.002174,0.002098,0.002098,0.002098,0.002098,0.002098,0.002060,0.002060,0.002060,0.001984,0.002022,0.002022,0.002022,0.002022,0.001984,0.001984,0.002060,0.002136,0.002060,0.002022,0.002060,0.002060,0.002174,0.002136,0.002136,0.002174,0.002098,0.002098,0.002136,0.002098,0.002098,0.002098,0.002136,0.002060,0.002022,0.002060,0.002060,0.001984,0.001984,0.002022,0.001907,0.001945,0.001907,0.001907,0.001907,0.001869,0.001907,0.001945,0.001869,0.001907,0.001907,0.001907,0.001945,0.001945,0.001945,0.001945,0.001984,0.001984,0.002060,0.002060,0.002060,0.002098,0.002174,0.002174,0.002098,0.002136,0.002213,0.002174,0.002213,0.002136,0.002174,0.002213,0.002213,0.002136,0.002136,0.002136,0.002098,0.002060,0.002060,0.002022,0.002060,0.002060,0.002022,0.002060,0.002060,0.002022,0.002060,0.002022,0.002060,0.002022,0.001984,0.002022,0.002022,0.002060,0.002022,0.001984,0.002022,0.002060,0.002060,0.002060,0.002060,0.002060,0.002060,0.002136,0.002136,0.002213,0.002174,0.002174,0.002174,0.002174,0.002213,0.002251,0.002213,0.002174,0.002251,0.002327,0.002251,0.002289,0.002327,0.002327,0.002289,0.002327,0.002327,0.002327,0.002327,0.002327,0.002327,0.002251,0.002251,0.002251,0.002289,0.002213,0.002251,0.002213,0.002174,0.002136,0.002098,0.002098,0.002098,0.002098,0.002060,0.002098,0.002098,0.002098,0.002060,0.002098,0.002060,0.002098,0.002022,0.002098,0.002060,0.002098,0.002098,0.002136,0.002098,0.001984,0.001984,0.002022,0.002022,0.002022,0.002022,0.002022,0.001984,0.001945,0.001984,0.001945,0.001945,0.001869,0.001869,0.001869,0.001831,0.001869,0.001755,0.001793,0.001831,0.001793,0.001755,0.001755,0.001793,0.001793,0.001831,0.001831,0.001831,0.001793,0.001869,0.001869,0.001907,0.001907,0.001869,0.001945,0.001869,0.001945,0.001945,0.001945,0.001945,0.001945,0.001984,0.001907,0.001984,0.001945,0.001984,0.001984,0.001984,0.001945,0.001945,0.001945,0.001945,0.001945,0.001984,0.001984,0.001945,0.001907,0.001907,0.001984,0.001984,0.001945,0.001907,0.001984,0.001945,0.001945,0.001984,0.002060,0.002022,0.002022,0.002060,0.002098,0.002060,0.002136,0.002136,0.002022,0.002098,0.002098,0.002098,0.002174,0.002136,0.002136,0.002174,0.002174,0.002213,0.002213,0.002174,0.002289,0.002251,0.002251,0.002251,0.002365,0.002327,0.002251,0.002289,0.002327,0.002365,0.002365,0.002327,0.002327,0.002365,0.002480,0.002403,0.002365,0.002365,0.002365,0.002403,0.002441,0.002403,0.002403,0.002365,0.002365,0.002365,0.002327,0.002289,0.002289,0.002251,0.002213,0.002098,0.002098,0.002174,0.002098,0.002060,0.001945,0.001907,0.001907,0.001831,0.001907,0.001869,0.001793,0.001755,0.001755,0.001793,0.001755,0.001717,0.001755,0.001717,0.001755,0.001793,0.001717,0.001793,0.001755,0.001793,0.001831,0.001869,0.001831,0.001869,0.001869,0.001869,0.001907,0.001869,0.001945,0.001945,0.001945,0.001984,0.001984,0.002022,0.001984,0.002022,0.002060,0.002060,0.002098,0.002098,0.002136,0.002136,0.002136,0.002136,0.002174,0.002213,0.002213,0.002213,0.002251,0.002251,0.002251,0.002327,0.002251,0.002289,0.002251,0.002327,0.002327,0.002327,0.002365,0.002327,0.002289,0.002289,0.002289,0.002327,0.002289,0.002251,0.002365,0.002327,0.002327,0.002327,0.002327,0.002289,0.002327,0.002327,0.002289,0.002289,0.002327,0.002289,0.002251,0.002327,0.002327,0.002327,0.002289,0.002251,0.002251,0.002251,0.002213,0.002213,0.002251,0.002251,0.002251,0.002174,0.002213,0.002174,0.002174,0.002136,0.002136,0.002174,0.002174,0.002213,0.002136,0.002136,0.002136,0.002136,0.002136,0.002098,0.002098,0.002098,0.002098,0.002098,0.002098,0.002098,0.002060,0.002022,0.002022,0.002060,0.002060,0.002060,0.001984,0.001945,0.001945,0.001945,0.002022,0.001984,0.001984,0.001907,0.001907,0.001984,0.001984,0.001984,0.001869,0.001831,0.001869,0.001869,0.001945,0.001945,0.001984,0.001984,0.001945,0.001945,0.001984,0.001945,0.001984,0.001984,0.001984,0.001984,0.001984,0.001984,0.001984,0.002060,0.002022,0.002022,0.001984,0.002022,0.002136,0.002098,0.002022,0.002098,0.002136,0.002098,0.002136,0.002098,0.002098,0.002098,0.002174,0.002136,0.002174,0.002174,0.002136,0.002251,0.002213,0.002213,0.002174,0.002251,0.002289,0.002251,0.002251,0.002251,0.002251,0.002289,0.002289,0.002289,0.002289,0.002289,0.002251,0.002251,0.002289,0.002251,0.002327,0.002251,0.002213,0.002213,0.002289,0.002251,0.002213,0.002174,0.002213,0.002174,0.002136,0.002136,0.002174,0.002136,0.002136,0.002136,0.002098,0.002136,0.002060,0.002098,0.002060,0.002098,0.002098,0.002098,0.002098,0.002098,0.002136,0.002060,0.002060,0.002136,0.002098,0.002098,0.002098,0.002098,0.002136,0.002136,0.002098,0.002098,0.002098,0.002136,0.002022,0.002022,0.001945,0.002022,0.002060,0.002022,0.002022,0.001984,0.001984,0.001945,0.001945,0.001907,0.001945,0.001945,0.001869,0.001945,0.001869,0.001869,0.001869,0.001869,0.001831,0.001831,0.001831,0.001831,0.001831,0.001831,0.001831,0.001831,0.001793,0.001831,0.001831,0.001831,0.001869,0.001907,0.001869,0.001869,0.001869,0.001869,0.001907,0.001984,0.001984,0.001945,0.001984,0.001984,0.002022,0.002022,0.001984,0.002022,0.002022,0.002098,0.002060,0.002060,0.002098,0.002136,0.002136,0.002136,0.002174,0.002174,0.002174,0.002213,0.002251,0.002213,0.002251,0.002327,0.002213,0.002251,0.002251,0.002289,0.002327,0.002251,0.002289,0.002289,0.002251,0.002289,0.002251,0.002251,0.002251,0.002289,0.002213,0.002213,0.002213,0.002251,0.002213,0.002174,0.002213,0.002213,0.002136,0.002098,0.002136,0.002251,0.002213,0.002136,0.002136,0.002098,0.002136,0.002098,0.002136,0.002098,0.002136,0.002098,0.002098,0.002098,0.002060,0.002060,0.002136,0.002098,0.002098,0.002136,0.002136,0.002136,0.002174,0.002136,0.002060,0.002098,0.002136,0.002098,0.002136,0.002136,0.002098,0.002098,0.002136,0.002136,0.002174,0.002174,0.002174,0.002213,0.002174,0.002098,0.002136,0.002213,0.002213,0.002251,0.002174,0.002136,0.002174,0.002174,0.002213,0.002213,0.002213,0.002213,0.002098,0.002098,0.002136,0.002174,0.002174,0.002174,0.002136,0.002136,0.002174,0.002174,0.002098,0.002098,0.002136,0.002136,0.002174,0.002174,0.002174,0.002136,0.002174,0.002136,0.002136,0.002174,0.002136,0.002098,0.002098,0.002174,0.002136,0.002136,0.002174,0.002174,0.002136,0.002213,0.002213,0.002174,0.002251,0.002213,0.002213,0.002174,0.002174,0.002136,0.002174,0.002136,0.002174,0.002174,0.002174,0.002174,0.002174,0.002098,0.002098,0.002136,0.002060,0.002098,0.002060,0.002022,0.002060,0.001945,0.001945,0.001945,0.001945,0.001984,0.001945,0.001907,0.001869,0.001945,0.001907,0.001869,0.001831,0.001793,0.001869,0.001831,0.001831,0.001793,0.001793,0.001793,0.001793,0.001793,0.001755,0.001793,0.001793,0.001869,0.001869,0.001869,0.001793,0.001831,0.001907,0.001869,0.001907,0.001945,0.001907,0.001945,0.002022,0.002022,0.002022,0.002098,0.002136,0.002136,0.002174,0.002098,0.002251,0.002213,0.002251,0.002213,0.002213,0.002213,0.002251,0.002251,0.002174,0.002174,0.002213,0.002251,0.002174,0.002136,0.002174,0.002136,0.002136,0.002098,0.002136,0.002136,0.002098,0.002098,0.002136,0.002136,0.002098,0.002098,0.002136,0.002136,0.002136,0.002136,0.002098,0.002136,0.002136,0.002136,0.002136,0.002213,0.002213,0.002213,0.002213,0.002251,0.002174,0.002174,0.002174,0.002213,0.002174,0.002251,0.002174,0.002174,0.002136,0.002136,0.002098,0.002136,0.002060,0.001984,0.001984,0.001984,0.001907,0.001869,0.001755,0.001793,0.001831,0.001793,0.001717,0.001717,0.001755,0.001717,0.001678,0.001678,0.001755,0.001793,0.001793,0.001755,0.001793,0.001831,0.001793,0.001869,0.001907,0.001945,0.001945,0.001907,0.001945,0.001984,0.002022,0.001984,0.001984,0.002022,0.002022,0.002022,0.001984,0.001984,0.002022,0.002022,0.001984,0.001984,0.002022,0.001984,0.002022,0.002060,0.001984,0.001984,0.001984,0.002022,0.002098,0.002060,0.002098,0.002098,0.002098,0.002098,0.002136,0.002098,0.002136,0.002136,0.002174,0.002213,0.002251,0.002251,0.002251,0.002213,0.002251,0.002289,0.002251,0.002251,0.002289,0.002289,0.002251,0.002289,0.002251,0.002251,0.002251,0.002174,0.002136,0.002213,0.002174,0.002136,0.002136,0.002213,0.002174,0.002136,0.002174,0.002136,0.002174,0.002174,0.002136,0.002136,0.002174,0.002213,0.002174,0.002136,0.002174,0.002060,0.002098,0.002098,0.002136,0.002136,0.002174,0.002098,0.002136,0.002060,0.002098,0.002136,0.002060,0.002060,0.002136,0.002098,0.002060,0.002060,0.002022,0.002022,0.001984,0.002022,0.002022,0.002060,0.002022,0.001984,0.001984,0.001945,0.001984,0.001945,0.001984,0.001945,0.001984,0.001984,0.001984,0.002022,0.002022,0.002022,0.001984,0.002022,0.002060,0.002098,0.002022,0.002022,0.002098,0.002060,0.002022,0.002060,0.002098,0.002060,0.002098,0.002098,0.002136,0.002098,0.002060,0.002098,0.002136,0.002136,0.002098,0.002136,0.002098,0.002136,0.002174,0.002213,0.002251,0.002136,0.002174,0.002174,0.002098,0.002098,0.002098,0.002098,0.002136,0.002060,0.002136,0.002174,0.002098,0.002098,0.002098,0.002136,0.002136,0.002136,0.002060,0.002022,0.002022,0.001984,0.001984,0.002022,0.002022,0.001907,0.001984,0.001984,0.001945,0.001984,0.001945,0.001984,0.001945,0.001869,0.001945,0.001945,0.001984,0.001945,0.001945,0.001984,0.002022,0.001984,0.001945,0.001984,0.001984,0.002022,0.001984,0.001945,0.002022,0.002022,0.001945,0.001984,0.001984,0.002022,0.001984,0.001984,0.002022,0.002022,0.002022,0.001984,0.002022,0.002060,0.001984,0.002060,0.002022,0.002098,0.002022,0.002060,0.002136,0.002136,0.002136,0.002060,0.002136,0.002098,0.002060,0.002060,0.002098,0.002136,0.002136,0.002060,0.002098,0.002098,0.002022,0.002022,0.002022,0.002060,0.002060,0.002060,0.002060,0.002060,0.002022,0.002022,0.002022,0.001984,0.002022,0.001984,0.002022,0.001984,0.002022,0.002060,0.002060,0.002060,0.002098,0.002060,0.002098,0.002098,0.002060,0.002098,0.002098,0.002136,0.002213,0.002213,0.002213,0.002213,0.002213,0.002174,0.002251,0.002251,0.002251,0.002251,0.002213,0.002213,0.002213,0.002213,0.002251,0.002213,0.002213,0.002213,0.002174,0.002174,0.002174,0.002213,0.002136,0.002098,0.002136,0.002174,0.002136,0.002098,0.002136,0.002174,0.002136,0.002136,0.002098,0.002136,0.002098,0.002060,0.002098,0.002098,0.002098,0.002022,0.001984,0.002060,0.002060,0.002022,0.002022,0.002060,0.002022,0.002022,0.002022,0.001984,0.001945,0.001984,0.001945,0.001984,0.001984,0.002022,0.001984,0.001984,0.002022,0.001945,0.002022,0.001984,0.001907,0.001907,0.001907,0.001945,0.001869,0.001907,0.001907,0.001945,0.001945,0.001945,0.001907,0.001869,0.001869,0.001945,0.001945,0.001984,0.001984,0.001945,0.001984,0.001984,0.001984,0.001945,0.001945,0.001984,0.001984,0.001945,0.002022,0.002060,0.002060,0.002022,0.002098,0.002022,0.002060,0.002060,0.002060,0.002060,0.002136,0.002174,0.002174,0.002060,0.002136,0.002136,0.002174,0.002174,0.002213,0.002174,0.002174,0.002213,0.002136,0.002213,0.002213,0.002213,0.002289,0.002289,0.002289,0.002327,0.002251,0.002327,0.002289,0.002289,0.002251,0.002289,0.002251,0.002213,0.002251,0.002251,0.002174,0.002174,0.002136,0.002136,0.002136,0.002213,0.002174,0.002174,0.002213,0.002136,0.002136,0.002174,0.002136,0.002174,0.002136,0.002136,0.002136,0.002098,0.002136,0.002136,0.002213,0.002098,0.002174,0.002098,0.002136,0.002174,0.002136,0.002136,0.002174,0.002136,0.002174,0.002098,0.002136,0.002136,0.002136,0.002174,0.002136,0.002098,0.002136,0.002136,0.002174,0.002098,0.002174,0.002098,0.002136,0.002136,0.002098,0.002098,0.002060,0.002060,0.002022,0.002022,0.002022,0.002022,0.001945,0.001945,0.001869,0.001869,0.001869,0.001907,0.001907,0.001869,0.001869,0.001907,0.001907,0.002022,0.002060,0.002060,0.002098,0.002098,0.002174,0.002174,0.002174,0.002174,0.002289,0.002289,0.002327,0.002327,0.002403,0.002403,0.002403,0.002403,0.002365,0.002365,0.002327,0.002289,0.002327,0.002213,0.002213,0.002136,0.002098,0.002060,0.002022,0.001984,0.001945,0.001907,0.001945,0.001907,0.001984,0.001984,0.001907,0.001945,0.001945,0.001984,0.001984,0.002022,0.002098,0.002098,0.002098,0.002136,0.002136,0.002174,0.002136,0.002174,0.002213,0.002174,0.002136,0.002213,0.002174,0.002174,0.002213,0.002251,0.002213,0.002213,0.002136,0.002213,0.002213,0.002251,0.002174,0.002174,0.002174,0.002174,0.002174,0.002213,0.002213,0.002174,0.002174,0.002174,0.002213,0.002213,0.002174,0.002174,0.002174,0.002213,0.002213,0.002251,0.002174,0.002213,0.002213,0.002251,0.002174,0.002213,0.002251,0.002213,0.002213,0.002251,0.002213,0.002213,0.002174,0.002136,0.002174,0.002213,0.002174,0.002136,0.002136,0.002174,0.002136,0.002174,0.002136,0.002174,0.002136,0.002174,0.002174,0.002174,0.002136,0.002060,0.002174,0.002136,0.002136,0.002136,0.002136,0.002098,0.002060,0.002136,0.002098,0.002098,0.002060,0.002060,0.002098,0.002022,0.002022,0.002060,0.001945,0.002022,0.002022,0.002022,0.002060,0.001945,0.001984,0.001984,0.002022,0.001984,0.001907,0.002022,0.002022,0.002022,0.002060,0.002022,0.002098,0.002136,0.002174,0.002174,0.002136,0.002174,0.002174,0.002174,0.002174,0.002174,0.002136,0.002098,0.002136,0.002060,0.002060,0.002098,0.002060,0.002098,0.002060,0.002098,0.002060,0.002136,0.002136,0.002098,0.002022,0.002022,0.002060,0.002098,0.002060,0.002098,0.002060,0.002060,0.002098,0.002136,0.002098,0.002060,0.002060,0.002060,0.002060,0.002098,0.002098,0.002136,0.002136,0.002136,0.002136,0.002136,0.002098,0.002098,0.002098,0.002098,0.002098,0.002136,0.002098,0.002136,0.002098,0.002098,0.002060,0.002136,0.002136,0.002098,0.002136,0.002060,0.002136,0.002136,0.002174,0.002174,0.002213,0.002174,0.002174,0.002136,0.002136,0.002136,0.002174,0.002174,0.002174,0.002174,0.002174,0.002136,0.002098,0.002136,0.002136,0.002136,0.002213,0.002136,0.002060,0.002060,0.002022,0.002060,0.002060,0.002060,0.002060,0.002022,0.002060,0.002060,0.002098,0.002060,0.002022,0.002022,0.002060,0.002022,0.001945,0.001984,0.001984,0.001945,0.002060,0.002022,0.001984,0.001984,0.002022,0.001984,0.001984,0.002022,0.002022,0.001984,0.002060,0.001984,0.002060,0.002022,0.002022,0.002060,0.002098,0.002098,0.002060,0.002098,0.002060,0.002060,0.002060,0.002022,0.002022,0.002060,0.002060,0.002136,0.002060,0.002136,0.002098,0.002098,0.002136,0.002136,0.002136,0.002136,0.002136,0.002136,0.002174,0.002136,0.002174,0.002213,0.002213,0.002174,0.002174,0.002174,0.002174,0.002174,0.002174,0.002213,0.002213,0.002251,0.002213,0.002213,0.002213,0.002174,0.002174,0.002136,0.002174,0.002174,0.002136,0.002098,0.002098,0.002098,0.002060,0.002098,0.002136,0.002060,0.002022,0.002060,0.002060,0.002060,0.002022,0.002060,0.002060,0.002060,0.001984,0.002060,0.002022,0.001984,0.002022,0.002060,0.002022,0.001984,0.001945,0.001984,0.001907,0.001945,0.001907,0.001945,0.001984,0.001945,0.001945,0.001945,0.001869,0.001907,0.001945,0.001907,0.001945,0.001945,0.001945,0.001869,0.001869,0.001945,0.001984,0.001984,0.001945,0.001984,0.001945,0.002060,0.001984,0.002022,0.002098,0.002060,0.002022,0.002060,0.002098,0.002136,0.002136,0.002136,0.002136,0.002174,0.002136,0.002136,0.002213,0.002174,0.002213,0.002213,0.002174,0.002136,0.002251,0.002251,0.002213,0.002174,0.002213,0.002213,0.002213,0.002174,0.002136,0.002174,0.002136,0.002136,0.002022,0.002060,0.002022,0.001984,0.001945,0.001945,0.002022,0.001984,0.001907,0.001907,0.001907,0.001945,0.001907,0.001869,0.001831,0.001793,0.001831,0.001755,0.001755,0.001831,0.001755,0.001831,0.001831,0.001869,0.001869,0.001869,0.001907,0.001869,0.001907,0.002022,0.001984,0.002022,0.002060,0.002060,0.002060,0.002136,0.002174,0.002136,0.002174,0.002174,0.002213,0.002251,0.002251,0.002213,0.002136,0.002251,0.002213,0.002213,0.002213,0.002174,0.002136,0.002213,0.002213,0.002174,0.002174,0.002174,0.002174,0.002251,0.002174,0.002213,0.002213,0.002174,0.002213,0.002251,0.002251,0.002251,0.002213,0.002289,0.002251,0.002251,0.002251,0.002213,0.002251,0.002213,0.002251,0.002251,0.002289,0.002251,0.002213,0.002213,0.002213,0.002213,0.002174,0.002174,0.002136,0.002136,0.002136,0.002136,0.002022,0.002060,0.002022,0.002022,0.001984,0.001984,0.002060,0.002022,0.002060,0.002060,0.001984,0.002022,0.002022,0.002060,0.002060,0.002060,0.002098,0.002022,0.002022,0.001984,0.002022,0.001984,0.001984,0.002022,0.001907,0.001945,0.001945,0.001945,0.001945,0.002022,0.001984,0.002022,0.002098,0.002098,0.002098,0.002060,0.002060,0.002098,0.002098,0.002060,0.002060,0.002022,0.002060,0.001945,0.001984,0.001907,0.001831,0.001869,0.001831,0.001793,0.001793,0.001755,0.001755,0.001717,0.001793,0.001869,0.001831,0.001831,0.001793,0.001869,0.001869,0.001945,0.001907,0.001945,0.001945,0.001907,0.001869,0.001869,0.001869,0.001869,0.001869,0.001869,0.001831,0.001793,0.001831,0.001793,0.001793,0.001831,0.001831,0.001907,0.001869,0.001869,0.001907,0.001907,0.001945,0.001907,0.001945,0.001945,0.001945,0.001984,0.001945,0.001945,0.001945,0.001984,0.001984,0.002022,0.001984,0.001945,0.001984,0.001984,0.002022,0.002022,0.002022,0.002022,0.002022,0.002060,0.002060,0.002098,0.002098,0.002136,0.002174,0.002174,0.002174,0.002251,0.002251,0.002251,0.002213,0.002251,0.002289,0.002289,0.002327,0.002289,0.002327,0.002365,0.002327,0.002251,0.002289,0.002251,0.002213,0.002213,0.002136,0.002136,0.002174,0.002022,0.002098,0.002098,0.002060,0.002060,0.001984,0.001945,0.001984,0.001984,0.001984,0.001907,0.001984,0.001984,0.002022,0.002060,0.002098,0.002022,0.002060,0.002174,0.002136,0.002136,0.002136,0.002136,0.002174,0.002174,0.002213,0.002213,0.002174,0.002213,0.002213,0.002213,0.002213,0.002174,0.002174,0.002213,0.002213,0.002174,0.002136,0.002136,0.002174,0.002174,0.002174,0.002213,0.002136,0.002098,0.002098,0.002060,0.002098,0.002098,0.002136,0.002174,0.002136,0.002174,0.002174,0.002098,0.002136,0.002136,0.002136,0.002098,0.002213,0.002174,0.002098,0.002174,0.002213,0.002251,0.002136,0.002136,0.002174,0.002098,0.002174,0.002098,0.002136,0.002098,0.002060,0.002098,0.002060,0.002098,0.002098,0.002060,0.002098,0.002022,0.002136,0.002098,0.002098,0.002098,0.002022,0.002136,0.002098,0.002136,0.002174,0.002136,0.002098,0.002136,0.002098,0.002136,0.002174,0.002136,0.002098,0.002136,0.002136,0.002136,0.002098,0.002060,0.002060,0.002098,0.002098,0.002060,0.002060,0.002060,0.002060,0.002060,0.002022,0.002022,0.002060,0.002098,0.002136,0.002098,0.002136,0.002136,0.002136,0.002098,0.002136,0.002136,0.002136,0.002098,0.002136,0.002136,0.002136,0.002136,0.002174,0.002098,0.002098,0.002136,0.002060,0.002060,0.002136,0.002136,0.002098,0.002022,0.002098,0.002136,0.002174,0.002098,0.002098,0.002098,0.002060,0.002174,0.002136,0.002098,0.002098,0.002060,0.002098,0.002098,0.002098,0.002098,0.002060,0.002098,0.002060,0.002060,0.002098,0.002022,0.002060,0.002136,0.002098,0.002060,0.002060,0.002060,0.002060,0.002098,0.002060,0.002060,0.002060,0.002022,0.002098,0.001984,0.001984,0.001984,0.001945,0.001984,0.001984,0.001984,0.001984,0.001984,0.001984,0.001907,0.001945,0.001945,0.001907,0.001945,0.001907,0.001945,0.001945,0.001984,0.002022,0.002022,0.002022,0.002022,0.002098,0.002098,0.002136,0.002098,0.002098,0.002136,0.002174,0.002174,0.002251,0.002213,0.002251,0.002174,0.002251,0.002251,0.002174,0.002251,0.002213,0.002289,0.002251,0.002251,0.002289,0.002251,0.002289,0.002251,0.002251,0.002251,0.002251,0.002327,0.002251,0.002251,0.002289,0.002251,0.002174,0.002174,0.002251,0.002251,0.002136,0.002174,0.002098,0.002098,0.002060,0.002098,0.002136,0.002136,0.002136,0.002098,0.002136,0.002098,0.002174,0.002136,0.002098,0.002136,0.002136,0.002098,0.002136,0.002136,0.002174,0.002136,0.002213,0.002251,0.002213,0.002174,0.002174,0.002251,0.002213,0.002251,0.002213,0.002213,0.002213,0.002251,0.002213,0.002251,0.002174,0.002213,0.002174,0.002251,0.002174,0.002174,0.002213,0.002174,0.002174,0.002136,0.002174,0.002136,0.002098,0.002098,0.002098,0.002060,0.002060,0.001984,0.001945,0.001984,0.001984,0.001945,0.001907,0.001907,0.001831,0.001907,0.001907,0.001869,0.001869,0.001831,0.001869,0.001831,0.001869,0.001869,0.001793,0.001831,0.001869,0.001869,0.001907,0.001945,0.001907,0.001984,0.001984,0.002022,0.002098,0.002174,0.002098,0.002136,0.002174,0.002251,0.002213,0.002213,0.002251,0.002251,0.002289,0.002289,0.002327,0.002289,0.002289,0.002327,0.002289,0.002327,0.002251,0.002289,0.002289,0.002251,0.002251,0.002251,0.002251,0.002251,0.002174,0.002251,0.002136,0.002174,0.002136,0.002098,0.002174,0.002136,0.002098,0.002060,0.002098,0.002098,0.002098,0.002136,0.002098,0.002136,0.002174,0.002174,0.002174,0.002174,0.002213,0.002213,0.002213,0.002251,0.002213,0.002251,0.002213,0.002289,0.002289,0.002251,0.002251,0.002251,0.002289,0.002251,0.002251,0.002289,0.002251,0.002251,0.002213,0.002213,0.002251,0.002213,0.002213,0.002213,0.002251,0.002174,0.002136,0.002251,0.002174,0.002174,0.002174,0.002174,0.002136,0.002213,0.002174,0.002174,0.002174,0.002174,0.002136,0.002174,0.002174,0.002213,0.002213,0.002174,0.002213,0.002098,0.002174,0.002174,0.002174,0.002213,0.002136,0.002136,0.002174,0.002174,0.002213,0.002098,0.002136,0.002098,0.002098,0.002022,0.002060,0.002060,0.002022,0.002060,0.002060,0.002022,0.002060,0.001984,0.001984,0.001984,0.002022,0.002060,0.002022,0.001984,0.001984,0.002022,0.002022,0.001945,0.002022,0.001984,0.002022,0.002022,0.001984,0.001984,0.002022,0.002060,0.002022,0.002022,0.002022,0.002060,0.002060,0.001984,0.002022,0.002098,0.001984,0.002060,0.002022,0.002022,0.001984,0.002060,0.002060,0.001984,0.002060,0.002022,0.002060,0.002022,0.001984,0.001945,0.001945,0.001945,0.001945,0.001984,0.001984,0.001945,0.001984,0.001984,0.001945,0.001945,0.002022,0.002022,0.001984,0.002022,0.002022,0.002060,0.002060,0.002022,0.002098,0.002022,0.002098,0.002022,0.002060,0.002098,0.002060,0.002098,0.002136,0.002136,0.002098,0.002098,0.002098,0.002060,0.002098,0.002060,0.002098,0.002060,0.002060,0.002098,0.002098,0.002136,0.002136,0.002060,0.002060,0.002098,0.002136,0.002060,0.002098,0.002060,0.002022,0.002098,0.002060,0.001984,0.002022,0.001984,0.002022,0.002022,0.001984,0.001945,0.001984,0.001984,0.001984,0.002022,0.001945,0.001984,0.001984,0.002022,0.001984,0.001984,0.001945,0.001984,0.001945,0.001945,0.001945,0.001945,0.001945,0.002022,0.002022,0.002060,0.001984,0.002022,0.002022,0.002022,0.002060,0.002022,0.002060,0.002060,0.002098,0.002060,0.002098,0.002060,0.002060,0.002098,0.002060,0.002060,0.002060,0.002098,0.002136,0.002098,0.002098,0.002098,0.002136,0.002022,0.002098,0.002060,0.002060,0.002136,0.002060,0.002098,0.002098,0.002098,0.002098,0.002060,0.002060,0.002098,0.002098,0.002098,0.002098,0.002098,0.002098,0.002174,0.002098,0.002098,0.002060,0.002060,0.002098,0.002098,0.002098,0.002136,0.002098,0.002136,0.002098,0.002098,0.002098,0.002098,0.002098,0.002098,0.002174,0.002098,0.002098,0.002174,0.002136,0.002098,0.002136,0.002174,0.002174,0.002174,0.002251,0.002213,0.002174,0.002174,0.002213,0.002251,0.002213,0.002213,0.002289,0.002251,0.002174,0.002289,0.002327,0.002289,0.002289,0.002251,0.002251,0.002289,0.002251,0.002251,0.002251,0.002213,0.002251,0.002289,0.002213,0.002213,0.002213,0.002174,0.002136,0.002174,0.002136,0.002098,0.002098,0.002174,0.002098,0.002060,0.002060,0.002022,0.002022,0.002022,0.001984,0.001945,0.001945,0.001984,0.001945,0.001945,0.001984,0.001984,0.001945,0.001945,0.001945,0.001945,0.001984,0.001945,0.001869,0.001945,0.001869,0.001945,0.002022,0.001945,0.001984,0.001945,0.001984,0.001984,0.001984,0.001945,0.002022,0.002022,0.001984,0.001984,0.001945,0.001984,0.001984,0.001945,0.001984,0.002022,0.001945,0.001984,0.001984,0.002022,0.002022,0.002060,0.002060,0.002022,0.002060,0.002060,0.002098,0.002022,0.002022,0.002060,0.002060,0.002098,0.002022,0.002022,0.001984,0.002022,0.002060,0.002060,0.002060,0.002022,0.002022,0.002060,0.002060,0.002098,0.002136,0.002098,0.002098,0.002136,0.002136,0.002136,0.002136,0.002174,0.002136,0.002136,0.002136,0.002098,0.002136,0.002136,0.002213,0.002136,0.002213,0.002213,0.002174,0.002213,0.002136,0.002136,0.002098,0.002174,0.002136,0.002098,0.002098,0.002022,0.002060,0.002022,0.002060,0.001984,0.001945,0.001984,0.001907,0.001869,0.001869,0.001869,0.001869,0.001755,0.001793,0.001793,0.001793,0.001755,0.001831,0.001793,0.001793,0.001755,0.001755,0.001793,0.001831,0.001793,0.001869,0.001869,0.001869,0.001984,0.001907,0.001945,0.001907,0.001984,0.001984,0.001945,0.001945,0.001907,0.001945,0.001907,0.001945,0.001945,0.001945,0.001907,0.001907,0.001869,0.001869,0.001869,0.001869,0.001793,0.001831,0.001831,0.001793,0.001869,0.001831,0.001831,0.001831,0.001831,0.001831,0.001831,0.001869,0.001869,0.001831,0.001907,0.001907,0.001945,0.001907,0.001984,0.001984,0.001984,0.002022,0.002098,0.002098,0.002098,0.002098,0.002136,0.002213,0.002174,0.002174,0.002213,0.002174,0.002251,0.002251,0.002327,0.002327,0.002289,0.002327,0.002365,0.002365,0.002403,0.002327,0.002365,0.002365,0.002403,0.002403,0.002403,0.002441,0.002480,0.002518,0.002518,0.002518,0.002518,0.002480,0.002518,0.002480,0.002480,0.002556,0.002480,0.002480,0.002441,0.002518,0.002556,0.002480,0.002480,0.002441,0.002441,0.002480,0.002518,0.002441,0.002403,0.002365,0.002327,0.002403,0.002403,0.002289,0.002365,0.002289,0.002289,0.002251,0.002251,0.002213,0.002174,0.002174,0.002174,0.002174,0.002174,0.002136,0.002136,0.002136,0.002174,0.002098,0.002213,0.002174,0.002136,0.002136,0.002136,0.002174,0.002174,0.002136,0.002136,0.002060,0.002098,0.002060,0.002060,0.002060,0.002022,0.002060,0.002060,0.002098,0.002060,0.002022,0.001984,0.001984,0.001984,0.001984,0.001984,0.002022,0.001945,0.001984,0.001984,0.001945,0.001907,0.001907,0.001945,0.001907,0.001869,0.001831,0.001869,0.001907,0.001869,0.001869,0.001831,0.001945,0.001869,0.001869,0.001869,0.001869,0.001869,0.001869,0.001831,0.001831,0.001831,0.001831,0.001869,0.001945,0.001907,0.001869,0.001869,0.001907,0.001907,0.001945,0.001945,0.001984,0.002022,0.001984,0.002022,0.002060,0.002060,0.001984,0.002022,0.002060,0.002098,0.002060,0.002060,0.002022,0.002022,0.002060,0.002060,0.002060,0.001984,0.001984,0.002022,0.002060,0.002060,0.002022,0.002022,0.002060,0.001984,0.002060,0.002060,0.002098,0.002022,0.002098,0.002136,0.002060,0.002060,0.002098,0.002098,0.002098,0.002060,0.002098,0.002098,0.002136,0.002060,0.002098,0.002136,0.002136,0.002136,0.002098,0.002174,0.002174,0.002136,0.002174,0.002136,0.002213,0.002174,0.002098,0.002136,0.002174,0.002136,0.002136,0.002136,0.002174,0.002060,0.002098,0.002174,0.002136,0.002136,0.002098,0.002174,0.002136,0.002136,0.002174,0.002098,0.002174,0.002136,0.002213,0.002136,0.002174,0.002213,0.002213,0.002174,0.002213,0.002251,0.002136,0.002174,0.002289,0.002289,0.002251,0.002213,0.002251,0.002213,0.002213,0.002213,0.002213,0.002213,0.002213,0.002174,0.002174,0.002174,0.002136,0.002136,0.002136,0.002174,0.002136,0.002174,0.002098,0.002174,0.002098,0.002098,0.002136,0.002136,0.002136,0.002174,0.002136,0.002136,0.002213,0.002174,0.002098,0.002136,0.002174,0.002174,0.002213,0.002136,0.002213,0.002174,0.002213,0.002251,0.002174,0.002174,0.002136,0.002174,0.002213,0.002213,0.002174,0.002098,0.002174,0.002174,0.002136,0.002213,0.002213,0.002174,0.002174,0.002213,0.002174,0.002213,0.002098,0.002098,0.002213,0.002213,0.002136,0.002098,0.002136,0.002136,0.002136,0.002174,0.002136,0.002136,0.002136,0.002174,0.002213,0.002098,0.002174,0.002174,0.002136,0.002098,0.002098,0.002174,0.002136,0.002136,0.002136,0.002136,0.002136,0.002136,0.002098,0.002022,0.002098,0.002098,0.002022,0.002060,0.002060,0.002098,0.002060,0.002060,0.002060,0.002060,0.002060,0.002060,0.002098,0.002022,0.002060,0.002098,0.002022,0.002022,0.002098,0.002060,0.002098,0.002098,0.002060,0.002098,0.002174,0.002098,0.002136,0.002136,0.002136,0.002174,0.002174,0.002098,0.002174,0.002136,0.002213,0.002213,0.002213,0.002213,0.002213,0.002251,0.002251,0.002251,0.002251,0.002213,0.002251,0.002251,0.002251,0.002213,0.002213,0.002251,0.002213,0.002251,0.002213,0.002251,0.002251,0.002213,0.002213,0.002136,0.002213,0.002174,0.002213,0.002213,0.002136,0.002174,0.002174,0.002213,0.002174,0.002174,0.002098,0.002136,0.002136,0.002060,0.002060,0.002136,0.002098,0.002098,0.002060,0.002098,0.002022,0.002060,0.001984,0.002022,0.002022,0.001945,0.001907,0.001945,0.001907,0.001945,0.001945,0.001907,0.001945,0.001945,0.001907,0.001907,0.001984,0.001945,0.001945,0.001907,0.001907,0.001907,0.001945,0.001984,0.001984,0.001984,0.001984,0.002022,0.002060,0.002022,0.002098,0.002174,0.002060,0.002098,0.002098,0.002098,0.002060,0.002098,0.002060,0.002098,0.002174,0.002098,0.002174,0.002098,0.002136,0.002174,0.002136,0.002174,0.002136,0.002136,0.002174,0.002136,0.002098,0.002098,0.002098,0.002098,0.002098,0.002098,0.002098,0.002098,0.002060,0.002098,0.002098,0.002098,0.002022,0.002022,0.002060,0.002060,0.002022,0.002060,0.002022,0.002022,0.002060,0.002098,0.002060,0.002022,0.002060,0.002060,0.002098,0.002022,0.002022,0.002060,0.002060,0.002098,0.002022,0.002098,0.002098,0.002060,0.002022,0.002060,0.001984,0.002022,0.002022,0.002022,0.002022,0.002022,0.002022,0.001984,0.001984,0.001984,0.001945,0.001984,0.002022,0.001984,0.001984,0.002060,0.001984,0.001984,0.001984,0.002060,0.002060,0.002060,0.002022,0.002060,0.002098,0.002098,0.002060,0.002136,0.002136,0.002174,0.002174,0.002136,0.002098,0.002174,0.002136,0.002136,0.002174,0.002213,0.002174,0.002098,0.002098,0.002174,0.002136,0.002174,0.002060,0.002098,0.002098,0.002098,0.002136,0.002136,0.002136,0.002136,0.002098,0.002098,0.002060,0.002136,0.002136,0.002174,0.002174,0.002174,0.002174,0.002213,0.002174,0.002136,0.002136,0.002213,0.002136,0.002098,0.002174,0.002174,0.002136,0.002098,0.002136,0.002136,0.002174,0.002136,0.002136,0.002098,0.002098,0.002098,0.002098,0.002098,0.002098,0.002022,0.002060,0.002022,0.002098,0.002098,0.002098,0.002060,0.002022,0.002060,0.002022,0.002060,0.002022,0.001984,0.001984,0.001984,0.001984,0.001984,0.001984,0.001945,0.001907,0.001945,0.001945,0.002022,0.001984,0.001945,0.001945,0.001945,0.002022,0.001984,0.002022,0.002022,0.001945,0.002022,0.001984,0.001945,0.002022,0.002022,0.002060,0.002060,0.002060,0.002060,0.002060,0.002060,0.002022,0.002022,0.002022,0.002060,0.002060,0.002022,0.002060,0.001984,0.002060,0.002060,0.002060,0.002060,0.002098,0.002060,0.002060,0.002060,0.002060,0.002136,0.002098,0.002022,0.002060,0.002098,0.002098,0.002060,0.002098,0.002098,0.002060,0.002098,0.002060,0.002098,0.002098,0.002060,0.002136,0.002098,0.002098,0.002060,0.002098,0.002098,0.002060,0.002136,0.002098,0.002098,0.002098,0.002136,0.002136,0.002098,0.002098,0.002136,0.002098,0.002098,0.002098,0.002022,0.001984,0.002060,0.002060,0.002060,0.001984,0.002022,0.002060,0.002022,0.001984,0.001907,0.001945,0.001945,0.001907,0.001907,0.001907,0.001831,0.001869,0.001831,0.001869,0.001831,0.001831,0.001869,0.001869,0.001831,0.001831,0.001869,0.001869,0.001869,0.001869,0.001907,0.001869,0.001945,0.001869,0.001945,0.001984,0.001907,0.001984,0.002022,0.002098,0.002098,0.002098,0.002060,0.002060,0.002098,0.002136,0.002098,0.002136,0.002098,0.002098,0.002098,0.002098,0.002098,0.002136,0.002136,0.002136,0.002098,0.002098,0.002098,0.002098,0.002098,0.002136,0.002098,0.002098,0.002136,0.002098,0.002136,0.002136,0.002022,0.002060,0.002098,0.002060,0.002098,0.002098,0.002136,0.002098,0.002098,0.002098,0.002098,0.002060,0.002060,0.002060,0.002098,0.002098,0.002060,0.002060,0.002060,0.002136,0.002136,0.002060,0.002136,0.002060,0.002098,0.002136,0.002136,0.002174,0.002213,0.002174,0.002174,0.002136,0.002174,0.002213,0.002213,0.002136,0.002174,0.002174,0.002174,0.002213,0.002098,0.002174,0.002174,0.002136,0.002136,0.002136,0.002060,0.002098,0.002098,0.002136,0.002098,0.002098,0.002098,0.002060,0.002098,0.002060,0.002060,0.002136,0.002098,0.002098,0.002060,0.002022,0.002060,0.002060,0.002022,0.002060,0.002022,0.001984,0.001984,0.001984,0.002060,0.001984,0.001945,0.002022,0.001984,0.002022,0.001984,0.001984,0.001984,0.002022,0.001984,0.001945,0.002022,0.002022,0.002022,0.002060,0.002060,0.002022,0.001984,0.001984,0.002060,0.002022,0.002022,0.002022,0.001984,0.002022,0.002098,0.001984,0.002022,0.001984,0.002060,0.002022,0.002022,0.002060,0.002022,0.001984,0.002060,0.001984,0.002022,0.002060,0.002060,0.002098,0.002060,0.002060,0.001984,0.002022,0.002098,0.002098,0.002060,0.002060,0.002098,0.002060,0.002060,0.002098,0.002060,0.002136,0.002060,0.002098,0.002098,0.002136,0.002060,0.002022,0.002060,0.002060,0.002098,0.002098,0.002022,0.002060,0.002060,0.002060,0.002060,0.002136,0.002098,0.002060,0.002060,0.002098,0.002136,0.002136,0.002136,0.002136,0.002136,0.002174,0.002136,0.002174,0.002213,0.002174,0.002251,0.002174,0.002213,0.002251,0.002327,0.002289,0.002251,0.002289,0.002289,0.002289,0.002251,0.002251,0.002327,0.002289,0.002251,0.002251,0.002327,0.002289,0.002327,0.002327,0.002251,0.002289,0.002289,0.002289,0.002251,0.002213,0.002251,0.002289,0.002251,0.002213,0.002213,0.002174,0.002174,0.002213,0.002136,0.002136,0.002136,0.002060,0.002136,0.002136,0.002098,0.002060,0.002098,0.002022,0.002022,0.002022,0.001984,0.002060,0.001984,0.001984,0.002022,0.002022,0.002060,0.002060,0.002060,0.002022,0.002098,0.002060,0.002060,0.002098,0.002098,0.002136,0.002060,0.002098,0.002060,0.002098,0.002060,0.002136,0.002098,0.002060,0.002060,0.002098,0.002098,0.002098,0.002060,0.002060,0.002174,0.002136,0.002136,0.002136,0.002174,0.002213,0.002213,0.002213,0.002174,0.002174,0.002213,0.002251,0.002174,0.002213,0.002213,0.002213,0.002251,0.002251,0.002213,0.002251,0.002213,0.002289,0.002289,0.002251,0.002289,0.002251,0.002251,0.002174,0.002174,0.002136,0.002174,0.002213,0.002136,0.002098,0.002098,0.002098,0.002098,0.002136,0.002060,0.002022,0.002098,0.002060,0.002022,0.002060,0.001984,0.002022,0.002060,0.001984,0.001984,0.001984,0.001984,0.001984,0.001984,0.002022,0.002022,0.002060,0.002060,0.002022,0.001945,0.001984,0.002022,0.001984,0.001945,0.001984,0.001984,0.001984,0.002022,0.001984,0.001984,0.002022,0.002060,0.002022,0.002060,0.002136,0.002098,0.002098,0.002098,0.002174,0.002213,0.002174,0.002213,0.002136,0.002213,0.002213,0.002174,0.002213,0.002174,0.002174,0.002136,0.002213,0.002174,0.002213,0.002174,0.002136,0.002136,0.002098,0.002060,0.002098,0.002098,0.002098,0.002022,0.001984,0.001984,0.001945,0.001984,0.001945,0.001945,0.002022,0.001984,0.002022,0.001945,0.001907,0.001945,0.001984,0.001945,0.001984,0.001984,0.001984,0.001984,0.002060,0.002060,0.002022,0.002098,0.002022,0.002098,0.002098,0.002098,0.002136,0.002174,0.002174,0.002213,0.002213,0.002251,0.002213,0.002213,0.002213,0.002251,0.002289,0.002251,0.002327,0.002289,0.002251,0.002289,0.002289,0.002289,0.002251,0.002289,0.002327,0.002289,0.002213,0.002251,0.002289,0.002251,0.002251,0.002289,0.002213,0.002251,0.002251,0.002251,0.002251,0.002251,0.002251,0.002251,0.002251,0.002251,0.002251,0.002289,0.002289,0.002289,0.002251,0.002251,0.002289,0.002251,0.002289,0.002289,0.002251,0.002213,0.002251,0.002213,0.002174,0.002213,0.002213,0.002251,0.002213,0.002251,0.002289,0.002251,0.002251,0.002251,0.002289,0.002251,0.002213,0.002213,0.002251,0.002289,0.002289,0.002251,0.002251,0.002289,0.002251,0.002289,0.002289,0.002289,0.002289,0.002251,0.002251,0.002251,0.002251,0.002289,0.002289,0.002251,0.002213,0.002251,0.002251,0.002213,0.002174,0.002213,0.002213,0.002174,0.002174,0.002213,0.002136,0.002136,0.002098,0.002098,0.002136,0.002098,0.002098,0.002060,0.002174,0.002136,0.002060,0.002136,0.002098,0.002060,0.002060,0.002060,0.002098,0.002022,0.002022,0.001984,0.002060,0.002022,0.001984,0.001907,0.001869,0.001945,0.001984,0.001869,0.001945,0.001869,0.001945,0.001869,0.001907,0.001869,0.001869,0.001869,0.001831,0.001945,0.001869,0.001869,0.001831,0.001831,0.001869,0.001831,0.001945,0.001907,0.001907,0.001907,0.001869,0.001945,0.001984,0.001984,0.001984,0.001984,0.001984,0.002022,0.002022,0.002022,0.002022,0.002022,0.002022,0.002022,0.002022,0.002098,0.002060,0.002060,0.002060,0.002098,0.002098,0.002060,0.002098,0.002060,0.002098,0.002098,0.002136,0.002136,0.002174,0.002213,0.002213,0.002174,0.002174,0.002213,0.002213,0.002213,0.002251,0.002251,0.002251,0.002213,0.002251,0.002213,0.002174,0.002213,0.002213,0.002251,0.002251,0.002213,0.002174,0.002213,0.002213,0.002174,0.002136,0.002136,0.002136,0.002098,0.002098,0.002060,0.002098,0.002060,0.002060,0.002060,0.002060,0.002060,0.002022,0.001984,0.001945,0.002022,0.001984,0.001984,0.001984,0.001945,0.001945,0.001984,0.001984,0.001945,0.001945,0.001945,0.001907,0.001907,0.001984,0.001945,0.001945,0.001984,0.002022,0.002022,0.001945,0.001945,0.001945,0.001945,0.001945,0.002022,0.001984,0.001945,0.001945,0.001984,0.001907,0.001945,0.001945,0.001945,0.001907,0.001945,0.001945,0.001984,0.001945,0.001945,0.002022,0.002022,0.002060,0.002060,0.002060,0.002022,0.002098,0.002060,0.002060,0.002060,0.002098,0.002136,0.002174,0.002098,0.002098,0.002136,0.002098,0.002098,0.002174,0.002136,0.002136,0.002174,0.002136,0.002213,0.002174,0.002136,0.002136,0.002098,0.002136,0.002174,0.002136,0.002136,0.002098,0.002136,0.002136,0.002174,0.002136,0.002174,0.002136,0.002136,0.002098,0.002174,0.002098,0.002098,0.002213,0.002136,0.002136,0.002136,0.002174,0.002136,0.002136,0.002136,0.002098,0.002136,0.002098,0.002136,0.002098,0.002136,0.002098,0.002060,0.002098,0.002060,0.002098,0.002136,0.002060,0.002022,0.002060,0.002022,0.002060,0.002022,0.002022,0.001984,0.002022,0.001945,0.001945,0.002022,0.001984,0.001984,0.001984,0.001984,0.001984,0.001945,0.001984,0.002022,0.001984,0.001945,0.001945,0.001984,0.002022,0.002022,0.002022,0.002060,0.001945,0.001984,0.002060,0.002060,0.002022,0.002022,0.002098,0.002022,0.002098,0.002098
28,19:00:00.000,12/31/1903,0.000000,0.100000,UNKNOWN,1,0/0,0.000000,0.000000,0.000000,0.000000,0.000000,0.000000,0.000000,0.000000,0,0,0,0,0.002213,0.002289,0.002289,0.002251,0.002213,0.002213,0.002174,0.002213,0.002174,0.002213,0.002213,0.002136,0.002251,0.002213,0.002174,0.002174,0.002174,0.002174,0.002213,0.002174,0.002213,0.002174,0.002174,0.002174,0.002136,0.002136,0.002098,0.002136,0.002136,0.002136,0.002136,0.002136,0.002098,0.002174,0.002213,0.002174,0.002136,0.002098,0.002098,0.002098,0.002060,0.002136,0.002098,0.002098,0.002098,0.002098,0.002136,0.002060,0.002060,0.002098,0.002098,0.002174,0.002098,0.002060,0.002098,0.002098,0.002098,0.002060,0.002136,0.002136,0.002136,0.002060,0.002136,0.002098,0.002060,0.002060,0.002098,0.002060,0.002022,0.002060,0.002060,0.002022,0.002060,0.002022,0.002022,0.002022,0.002098,0.002098,0.002022,0.002060,0.002022,0.002060,0.001984,0.002060,0.002022,0.002022,0.002098,0.002060,0.002060,0.002098,0.002060,0.002060,0.002060,0.002022,0.002060,0.002060,0.002060,0.002060,0.002060,0.002022,0.002022,0.002098,0.002098,0.002060,0.002060,0.002022,0.002060,0.002098,0.002060,0.002098,0.002060,0.002022,0.002060,0.002098,0.002060,0.002022,0.002060,0.002060,0.002060,0.002060,0.002098,0.002060,0.002060,0.002136,0.002098,0.002098,0.002098,0.002060,0.002136,0.002098,0.002060,0.002098,0.002136,0.002136,0.002098,0.002136,0.002136,0.002098,0.002060,0.002060,0.002098,0.002098,0.002060,0.002098,0.002060,0.002136,0.002098,0.002098,0.002136,0.002098,0.002098,0.002136,0.002098,0.002136,0.002136,0.002174,0.002098,0.002098,0.002060,0.002098,0.002098,0.002136,0.002136,0.002136,0.002174,0.002136,0.002136,0.002136,0.002174,0.002136,0.002136,0.002174,0.002174,0.002174,0.002174,0.002174,0.002174,0.002213,0.002213,0.002098,0.002136,0.002213,0.002174,0.002174,0.002174,0.002174,0.002174,0.002136,0.002136,0.002136,0.002174,0.002213,0.002136,0.002136,0.002136,0.002136,0.002213,0.002174,0.002136,0.002174,0.002174,0.002213,0.002174,0.002136,0.002136,0.002136,0.002136,0.002136,0.002136,0.002136,0.002136,0.002174,0.002136,0.002174,0.002213,0.002136,0.002136,0.002174,0.002174,0.002174,0.002174,0.002174,0.002174,0.002136,0.002136,0.002174,0.002213,0.002213,0.002174,0.002174,0.002213,0.002174,0.002174,0.002213,0.002213,0.002174,0.002174,0.002174,0.002174,0.002174,0.002251,0.002251,0.002251,0.002213,0.002174,0.002213,0.002136,0.002174,0.002174,0.002136,0.002174,0.002213,0.002213,0.002251,0.002098,0.002136,0.002174,0.002136,0.002174,0.002136,0.002136,0.002174,0.002174,0.002174,0.002098,0.002174,0.002174,0.002174,0.002136,0.002098,0.002213,0.002174,0.002174,0.002136,0.002060,0.002098,0.002174,0.002098,0.002136,0.002098,0.002098,0.002060,0.002136,0.002174,0.002098,0.002136,0.002098,0.002060,0.002060,0.002098,0.002098,0.002174,0.002136,0.002060,0.002060,0.002098,0.002098,0.002098,0.002060,0.002060,0.002098,0.002098,0.002136,0.002060,0.002060,0.002174,0.002136,0.002022,0.002022,0.002060,0.002098,0.002060,0.002098,0.002060,0.002060,0.002060,0.002060,0.002060,0.002022,0.002022,0.002022,0.002022,0.002136,0.002060,0.002098,0.002098,0.002136,0.002136,0.002060,0.002060,0.002022,0.002022,0.002022,0.002060,0.002098,0.002098,0.002060,0.002022,0.002098,0.002136,0.002060,0.002060,0.002022,0.002060,0.002060,0.002060,0.002060,0.002022,0.002098,0.002098,0.002060,0.002098,0.002060,0.002098,0.002098,0.002098,0.002098,0.002098,0.002060,0.002098,0.002098,0.002136,0.002098,0.002098,0.002022,0.002060,0.002098,0.002060,0.002060,0.002098,0.002098,0.002136,0.002098,0.002136,0.002098,0.002060,0.002136,0.002022,0.002060,0.002136,0.002098,0.002098,0.002098,0.002136,0.002098,0.002098,0.002098,0.002136,0.002174,0.002098,0.002136,0.002136,0.002174,0.002136,0.002136,0.002174,0.002136,0.002174,0.002174,0.002136,0.002136,0.002174,0.002174,0.002136,0.002174,0.002136,0.002136,0.002174,0.002136,0.002174,0.002174,0.002174,0.002174,0.002136,0.002174,0.002174,0.002174,0.002213,0.002213,0.002174,0.002213,0.002213,0.002251,0.002251,0.002174,0.002213,0.002213,0.002213,0.002213,0.002174,0.002251,0.002213,0.002213,0.002213,0.002213,0.002174,0.002213,0.002174,0.002174,0.002174,0.002136,0.002174,0.002174,0.002136,0.002174,0.002174,0.002136,0.002136,0.002174,0.002213,0.002136,0.002136,0.002174,0.002098,0.002136,0.002098,0.002060,0.002060,0.002136,0.002098,0.002060,0.002060,0.002098,0.002060,0.002098,0.002060,0.002060,0.002022,0.002060,0.002060,0.002022,0.002060,0.002060,0.002098,0.002060,0.002060,0.002060,0.002060,0.002060,0.002060,0.002022,0.001984,0.002022,0.002022,0.002098,0.002022,0.002098,0.002098,0.002060,0.002022,0.002022,0.002098,0.002060,0.001984,0.002060,0.002022,0.001984,0.002022,0.002060,0.002022,0.002022,0.002022,0.001984,0.002022,0.002022,0.002022,0.002022,0.001984,0.002060,0.002060,0.002022,0.002060,0.001984,0.002022,0.002022,0.002022,0.002060,0.002022,0.002098,0.002098,0.002098,0.002022,0.002060,0.002022,0.002060,0.002098,0.002098,0.002060,0.002060,0.002098,0.002060,0.002022,0.002022,0.002060,0.002098,0.002060,0.002060,0.002060,0.002098,0.002060,0.002060,0.002098,0.002060,0.002098,0.002174,0.002136,0.002136,0.002098,0.002098,0.002098,0.002136,0.002174,0.002174,0.002174,0.002098,0.002136,0.002136,0.002098,0.002136,0.002098,0.002136,0.002136,0.002213,0.002174,0.002174,0.002136,0.002136,0.002136,0.002136,0.002213,0.002174,0.002174,0.002174,0.002174,0.002136,0.002174,0.002213,0.002136,0.002174,0.002213,0.002213,0.002174,0.002136,0.002136,0.002136,0.002174,0.002136,0.002174,0.002136,0.002136,0.002136,0.002174,0.002136,0.002136,0.002136,0.002136,0.002098,0.002098,0.002098,0.002098,0.002136,0.002136,0.002136,0.002098,0.002098,0.002060,0.002060,0.002098,0.002098,0.002098,0.002098,0.002136,0.002136,0.002136,0.002060,0.002098,0.002174,0.002098,0.002098,0.002060,0.002098,0.002060,0.002060,0.002060,0.002098,0.002060,0.002098,0.002060,0.002060,0.002098,0.002060,0.002098,0.002098,0.002136,0.002098,0.002136,0.002098,0.002136,0.002136,0.002060,0.002060,0.002136,0.002098,0.002060,0.002136,0.002098,0.002060,0.002060,0.002060,0.002060,0.002060,0.002060,0.002098,0.002060,0.002136,0.002098,0.002098,0.002060,0.002098,0.002098,0.002022,0.002098,0.002060,0.002060,0.002060,0.002098,0.002136,0.002060,0.002060,0.002098,0.002060,0.002136,0.002098,0.002022,0.002098,0.002098,0.002136,0.002098,0.002060,0.002098,0.002060,0.002060,0.002060,0.002098,0.002060,0.002022,0.002022,0.002060,0.001984,0.002022,0.001945,0.002022,0.002022,0.001984,0.002022,0.002022,0.002060,0.001984,0.001945,0.001984,0.001945,0.001945,0.001907,0.001907,0.001869,0.001869,0.001831,0.001793,0.001755,0.001755,0.001755,0.001717,0.001640,0.001678,0.001678,0.001640,0.001564,0.001602,0.001564,0.001488,0.001488,0.001488,0.001526,0.001526,0.001564,0.001602,0.001602,0.001717,0.001831,0.001869,0.002060,0.002213,0.002365,0.002632,0.002861,0.003166,0.003395,0.003662,0.003967,0.004311,0.004616,0.005035,0.005417,0.005722,0.006104,0.006447,0.006714,0.006981,0.007286,0.007477,0.007553,0.007591,0.007553,0.007324,0.007133,0.006752,0.006332,0.005875,0.005455,0.004883,0.004349,0.003700,0.003090,0.002594,0.001984,0.001411,0.000801,0.000191,-0.000381,-0.000992,-0.001602,-0.002251,-0.002823,-0.003471,-0.003929,-0.004425,-0.004807,-0.005035,-0.005302,-0.005341,-0.005264,-0.005150,-0.004883,-0.004616,-0.004234,-0.003853,-0.003357,-0.002823,-0.002365,-0.001831,-0.001297,-0.000877,-0.000343,0.000038,0.000420,0.000763,0.001144,0.001411,0.001678,0.001831,0.002060,0.002174,0.002289,0.002365,0.002480,0.002556,0.002670,0.002708,0.002785,0.002785,0.002899,0.003014,0.002975,0.003090,0.003128,0.003204,0.003242,0.003281,0.003395,0.003471,0.003548,0.003700,0.003777,0.003853,0.004005,0.004158,0.004234,0.004349,0.004463,0.004616,0.004616,0.004730,0.004768,0.004845,0.004845,0.004768,0.004807,0.004692,0.004578,0.004539,0.004578,0.004463,0.004272,0.004196,0.004120,0.004005,0.003891,0.003700,0.003586,0.003471,0.003281,0.003204,0.003128,0.002975,0.002899,0.002747,0.002670,0.002594,0.002480,0.002441,0.002365,0.002289,0.002174,0.002136,0.002060,0.002022,0.001984,0.001907,0.001869,0.001869,0.001869,0.001831,0.001831,0.001793,0.001831,0.001869,0.001869,0.001831,0.001945,0.001945,0.001945,0.002060,0.002060,0.002060,0.002060,0.002136,0.002098,0.002060,0.002022,0.002022,0.001984,0.001945,0.001907,0.001907,0.001869,0.001869,0.001869,0.001793,0.001755,0.001793,0.001793,0.001755,0.001755,0.001717,0.001717,0.001717,0.001678,0.001640,0.001564,0.001526,0.001526,0.001450,0.001450,0.001411,0.001450,0.001488,0.001564,0.001640,0.001678,0.001717,0.001755,0.001831,0.001831,0.001907,0.001907,0.001945,0.001945,0.001945,0.001945,0.001984,0.001869,0.001907,0.001945,0.001869,0.001945,0.001869,0.001907,0.001907,0.001907,0.001945,0.001907,0.001984,0.001945,0.001984,0.002060,0.002022,0.001984,0.001945,0.001945,0.001945,0.001907,0.001907,0.001869,0.001869,0.001831,0.001793,0.001907,0.001945,0.001945,0.001945,0.001984,0.002022,0.002213,0.002174,0.002213,0.002251,0.002327,0.002327,0.002480,0.002518,0.002518,0.002594,0.002556,0.002632,0.002670,0.002632,0.002556,0.002518,0.002480,0.002403,0.002289,0.002251,0.002136,0.002136,0.002060,0.001984,0.001945,0.001907,0.001945,0.001907,0.001907,0.001907,0.001907,0.001945,0.001945,0.001907,0.001869,0.001907,0.001945,0.001831,0.001907,0.001831,0.001793,0.001755,0.001755,0.001678,0.001602,0.001564,0.001526,0.001488,0.001526,0.001526,0.001488,0.001450,0.001526,0.001450,0.001411,0.001450,0.001411,0.001488,0.001450,0.001450,0.001488,0.001488,0.001526,0.001526,0.001564,0.001678,0.001678,0.001755,0.001831,0.001869,0.001984,0.002022,0.002098,0.002136,0.002213,0.002327,0.002365,0.002441,0.002518,0.002556,0.002594,0.002708,0.002747,0.002785,0.002823,0.002785,0.002861,0.002861,0.002823,0.002823,0.002861,0.002785,0.002785,0.002747,0.002708,0.002747,0.002670,0.002708,0.002708,0.002632,0.002670,0.002670,0.002670,0.002632,0.002632,0.002632,0.002556,0.002518,0.002518,0.002556,0.002480,0.002403,0.002327,0.002327,0.002289,0.002289,0.002289,0.002213,0.002136,0.002174,0.002174,0.002136,0.002213,0.002136,0.002136,0.002213,0.002174,0.002213,0.002098,0.002136,0.002174,0.002174,0.002174,0.002136,0.002136,0.002136,0.002174,0.002136,0.002136,0.002136,0.002136,0.002174,0.002213,0.002213,0.002213,0.002289,0.002251,0.002251,0.002365,0.002441,0.002441,0.002480,0.002518,0.002594,0.002670,0.002670,0.002632,0.002632,0.002670,0.002670,0.002594,0.002632,0.002594,0.002556,0.002441,0.002403,0.002289,0.002251,0.002174,0.002174,0.002022,0.001945,0.001945,0.001907,0.001831,0.001755,0.001755,0.001755,0.001755,0.001755,0.001755,0.001717,0.001755,0.001869,0.001869,0.001945,0.001984,0.002022,0.002098,0.002098,0.002136,0.002174,0.002174,0.002174,0.002213,0.002213,0.002213,0.002213,0.002251,0.002136,0.002136,0.002098,0.002098,0.002098,0.002060,0.001984,0.001984,0.001907,0.001907,0.001907,0.001907,0.001831,0.001755,0.001793,0.001755,0.001755,0.001678,0.001602,0.001640,0.001602,0.001602,0.001564,0.001602,0.001602,0.001640,0.001640,0.001640,0.001678,0.001717,0.001678,0.001755,0.001793,0.001793,0.001831,0.001869,0.001907,0.001907,0.001945,0.001984,0.002022,0.002022,0.002060,0.002098,0.002136,0.002136,0.002174,0.002174,0.002174,0.002213,0.002213,0.002213,0.002251,0.002251,0.002251,0.002289,0.002289,0.002289,0.002289,0.002213,0.002213,0.002251,0.002289,0.002251,0.002289,0.002213,0.002174,0.002213,0.002251,0.002251,0.002251,0.002174,0.002174,0.002213,0.002213,0.002213,0.002251,0.002174,0.002213,0.002213,0.002136,0.002174,0.002251,0.002174,0.002251,0.002289,0.002289,0.002251,0.002251,0.002251,0.002251,0.002213,0.002174,0.002174,0.002136,0.002136,0.002098,0.002098,0.002022,0.002022,0.001984,0.001984,0.001945,0.001907,0.001907,0.001831,0.001793,0.001869,0.001793,0.001717,0.001717,0.001678,0.001755,0.001755,0.001755,0.001755,0.001717,0.001717,0.001678,0.001678,0.001717,0.001717,0.001717,0.001755,0.001755,0.001755,0.001793,0.001831,0.001907,0.001907,0.001945,0.002022,0.002098,0.002136,0.002174,0.002174,0.002213,0.002289,0.002327,0.002327,0.002365,0.002441,0.002403,0.002403,0.002518,0.002480,0.002518,0.002518,0.002518,0.002556,0.002518,0.002518,0.002518,0.002518,0.002480,0.002518,0.002518,0.002518,0.002556,0.002556,0.002594,0.002556,0.002518,0.002518,0.002518,0.002518,0.002480,0.002480,0.002480,0.002480,0.002441,0.002365,0.002289,0.002289,0.002289,0.002213,0.002174,0.002136,0.002174,0.002136,0.002060,0.001984,0.001984,0.001984,0.001984,0.002022,0.002022,0.002022,0.002060,0.002022,0.002060,0.002060,0.002060,0.002136,0.002174,0.002174,0.002213,0.002289,0.002251,0.002327,0.002365,0.002289,0.002365,0.002365,0.002365,0.002365,0.002327,0.002327,0.002289,0.002289,0.002213,0.002251,0.002213,0.002251,0.002213,0.002174,0.002136,0.002098,0.002060,0.002022,0.001945,0.001984,0.001984,0.001907,0.001907,0.001869,0.001831,0.001793,0.001869,0.001831,0.001831,0.001869,0.001793,0.001755,0.001793,0.001755,0.001755,0.001793,0.001793,0.001755,0.001717,0.001755,0.001755,0.001755,0.001755,0.001755,0.001831,0.001755,0.001831,0.001831,0.001793,0.001869,0.001755,0.001793,0.001869,0.001793,0.001793,0.001831,0.001793,0.001793,0.001831,0.001869,0.001907,0.001945,0.001945,0.001984,0.001984,0.001945,0.002022,0.002060,0.002136,0.002213,0.002213,0.002251,0.002251,0.002289,0.002289,0.002327,0.002365,0.002365,0.002365,0.002327,0.002289,0.002327,0.002327,0.002289,0.002289,0.002251,0.002213,0.002251,0.002289,0.002213,0.002174,0.002251,0.002136,0.002098,0.002136,0.002136,0.002098,0.002098,0.002098,0.002136,0.002098,0.002098,0.002098,0.002174,0.002136,0.002136,0.002136,0.002060,0.002136,0.002136,0.002060,0.002136,0.002136,0.002098,0.002098,0.002136,0.002098,0.002136,0.002174,0.002136,0.002136,0.002174,0.002174,0.002098,0.002136,0.002136,0.002136,0.002136,0.002174,0.002213,0.002213,0.002136,0.002213,0.002289,0.002213,0.002213,0.002213,0.002213,0.002174,0.002174,0.002213,0.002213,0.002136,0.002098,0.002174,0.002136,0.002136,0.002060,0.002060,0.002098,0.002098,0.002098,0.002098,0.002098,0.002060,0.002136,0.002098,0.002060,0.002060,0.002060,0.002098,0.002060,0.002022,0.002060,0.002098,0.002098,0.002098,0.002060,0.002098,0.002136,0.002098,0.002098,0.002136,0.002098,0.002213,0.002174,0.002213,0.002174,0.002213,0.002251,0.002251,0.002174,0.002213,0.002213,0.002213,0.002174,0.002251,0.002213,0.002136,0.002136,0.002174,0.002136,0.002060,0.002060,0.002022,0.002022,0.001984,0.001945,0.001945,0.001945,0.001984,0.001945,0.001945,0.001945,0.001869,0.001907,0.001907,0.001907,0.001945,0.001945,0.001945,0.001984,0.002022,0.001984,0.001984,0.002022,0.002022,0.002060,0.002136,0.002098,0.002136,0.002174,0.002174,0.002136,0.002136,0.002136,0.002174,0.002060,0.002174,0.002136,0.002136,0.002136,0.002060,0.002060,0.002098,0.002136,0.002098,0.002022,0.002022,0.002060,0.002022,0.001984,0.001984,0.002022,0.001984,0.001945,0.002022,0.001945,0.001945,0.001945,0.001907,0.001984,0.001945,0.001945,0.001907,0.001945,0.002022,0.002022,0.001945,0.002022,0.002060,0.002060,0.002060,0.002098,0.002098,0.002174,0.002136,0.002174,0.002213,0.002213,0.002174,0.002174,0.002213,0.002251,0.002251,0.002289,0.002289,0.002365,0.002365,0.002327,0.002365,0.002365,0.002365,0.002365,0.002365,0.002289,0.002289,0.002327,0.002327,0.002327,0.002327,0.002365,0.002289,0.002289,0.002251,0.002289,0.002251,0.002251,0.002251,0.002251,0.002174,0.002174,0.002174,0.002213,0.002174,0.002136,0.002136,0.002174,0.002098,0.002098,0.002098,0.002098,0.002022,0.002022,0.002022,0.002060,0.002098,0.002098,0.002098,0.002098,0.002098,0.002136,0.002213,0.002174,0.002213,0.002213,0.002289,0.002327,0.002327,0.002327,0.002365,0.002365,0.002441,0.002518,0.002594,0.002556,0.002632,0.002670,0.002708,0.002670,0.002747,0.002708,0.002747,0.002747,0.002708,0.002708,0.002670,0.002670,0.002670,0.002556,0.002556,0.002556,0.002441,0.002403,0.002480,0.002403,0.002365,0.002365,0.002327,0.002289,0.002289,0.002251,0.002136,0.002136,0.002060,0.002022,0.001945,0.001907,0.001755,0.001717,0.001564,0.001526,0.001411,0.001335,0.001259,0.001144,0.000992,0.000992,0.000954,0.000954,0.000916,0.000954,0.000877,0.000954,0.001030,0.001106,0.001144,0.001221,0.001297,0.001411,0.001526,0.001640,0.001755,0.001755,0.001869,0.001945,0.002022,0.002098,0.002136,0.002213,0.002289,0.002327,0.002327,0.002327,0.002365,0.002403,0.002365,0.002365,0.002365,0.002327,0.002365,0.002327,0.002327,0.002289,0.002251,0.002213,0.002174,0.002213,0.002174,0.002174,0.002251,0.002174,0.002213,0.002174,0.002213,0.002213,0.002251,0.002327,0.002365,0.002403,0.002441,0.002480,0.002518,0.002594,0.002556,0.002556,0.002518,0.002556,0.002632,0.002594,0.002556,0.002518,0.002518,0.002441,0.002403,0.002365,0.002327,0.002289,0.002251,0.002251,0.002213,0.002213,0.002174,0.002098,0.002060,0.002060,0.002022,0.002022,0.001984,0.002022,0.001984,0.001945,0.002022,0.001984,0.001984,0.001984,0.001984,0.002022,0.001984,0.001984,0.002022,0.002060,0.002022,0.002022,0.002060,0.001984,0.002022,0.001984,0.002022,0.002022,0.001984,0.002060,0.002022,0.001984,0.001945,0.001945,0.002022,0.002022,0.002022,0.002060,0.002022,0.002022,0.002022,0.001984,0.001984,0.002060,0.002022,0.001984,0.002060,0.002022,0.002060,0.002022,0.002060,0.002060,0.002060,0.002136,0.002098,0.002060,0.002060,0.002098,0.002174,0.002136,0.002136,0.002174,0.002213,0.002251,0.002251,0.002251,0.002327,0.002365,0.002289,0.002251,0.002365,0.002365,0.002327,0.002403,0.002403,0.002403,0.002403,0.002403,0.002365,0.002403,0.002403,0.002403,0.002365,0.002327,0.002365,0.002365,0.002327,0.002289,0.002289,0.002251,0.002251,0.002251,0.002213,0.002213,0.002174,0.002174,0.002213,0.002098,0.002136,0.002136,0.002098,0.002136,0.002136,0.002060,0.002098,0.002136,0.002098,0.002174,0.002136,0.002136,0.002060,0.002136,0.002213,0.002251,0.002213,0.002251,0.002213,0.002289,0.002289,0.002289,0.002251,0.002365,0.002365,0.002365,0.002327,0.002327,0.002403,0.002441,0.002365,0.002441,0.002441,0.002480,0.002441,0.002441,0.002441,0.002403,0.002327,0.002289,0.002327,0.002327,0.002289,0.002289,0.002174,0.002174,0.002136,0.002136,0.002098,0.002060,0.001984,0.002022,0.001945,0.001984,0.001984,0.001984,0.001984,0.001984,0.001945,0.001907,0.001869,0.001869,0.001907,0.001869,0.001869,0.001869,0.001793,0.001869,0.001869,0.001831,0.001831,0.001831,0.001831,0.001869,0.001831,0.001869,0.001907,0.001869,0.001945,0.001907,0.001907,0.001907,0.001907,0.001945,0.001907,0.001907,0.001984,0.002060,0.002060,0.002098,0.002060,0.002022,0.002060,0.002136,0.002136,0.002213,0.002174,0.002174,0.002174,0.002213,0.002213,0.002251,0.002251,0.002251,0.002213,0.002251,0.002213,0.002174,0.002174,0.002213,0.002174,0.002174,0.002174,0.002213,0.002213,0.002174,0.002136,0.002174,0.002136,0.002174,0.002136,0.002098,0.002174,0.002136,0.002136,0.002136,0.002136,0.002136,0.002174,0.002174,0.002251,0.002174,0.002136,0.002136,0.002174,0.002213,0.002098,0.002213,0.002213,0.002174,0.002136,0.002136,0.002098,0.002098,0.002060,0.002060,0.002022,0.001984,0.002022,0.002022,0.002022,0.002022,0.001984,0.001945,0.001984,0.001907,0.001869,0.001869,0.001907,0.001907,0.001907,0.001907,0.001869,0.001945,0.001984,0.001945,0.001907,0.001945,0.001984,0.002022,0.002060,0.002060,0.002060,0.002060,0.002060,0.002060,0.002098,0.002098,0.002060,0.002098,0.002098,0.002136,0.002136,0.002174,0.002136,0.002174,0.002136,0.002098,0.002098,0.002098,0.002098,0.002136,0.002098,0.002060,0.002060,0.002060,0.002098,0.002060,0.002098,0.002060,0.002022,0.002098,0.002060,0.002136,0.002136,0.002136,0.002136,0.002098,0.002251,0.002213,0.002251,0.002327,0.002289,0.002289,0.002251,0.002327,0.002327,0.002289,0.002365,0.002327,0.002327,0.002403,0.002289,0.002327,0.002289,0.002251,0.002251,0.002289,0.002289,0.002289,0.002289,0.002251,0.002213,0.002213,0.002213,0.002174,0.002213,0.002213,0.002174,0.002174,0.002098,0.002060,0.002136,0.002136,0.002098,0.002136,0.002136,0.002136,0.002136,0.002174,0.002136,0.002136,0.002174,0.002213,0.002213,0.002213,0.002251,0.002289,0.002251,0.002251,0.002289,0.002251,0.002251,0.002327,0.002289,0.002289,0.002289,0.002289,0.002327,0.002327,0.002327,0.002289,0.002327,0.002289,0.002251,0.002251,0.002289,0.002251,0.002251,0.002251,0.002174,0.002213,0.002136,0.002136,0.002174,0.002098,0.002060,0.002098,0.002060,0.002022,0.001984,0.001984,0.001945,0.001984,0.001945,0.001907,0.001907,0.001869,0.001793,0.001755,0.001793,0.001793,0.001755,0.001793,0.001755,0.001755,0.001678,0.001755,0.001717,0.001717,0.001755,0.001755,0.001717,0.001755,0.001755,0.001755,0.001717,0.001717,0.001793,0.001793,0.001793,0.001755,0.001831,0.001831,0.001755,0.001793,0.001869,0.001831,0.001831,0.001755,0.001831,0.001831,0.001831,0.001869,0.001793,0.001869,0.001907,0.001984,0.002022,0.001984,0.002022,0.001984,0.002060,0.002098,0.002098,0.002136,0.002174,0.002136,0.002251,0.002251,0.002251,0.002213,0.002327,0.002365,0.002365,0.002365,0.002365,0.002403,0.002403,0.002403,0.002441,0.002365,0.002403,0.002403,0.002365,0.002403,0.002441,0.002480,0.002403,0.002403,0.002403,0.002403,0.002365,0.002327,0.002289,0.002289,0.002327,0.002327,0.002251,0.002251,0.002251,0.002213,0.002213,0.002174,0.002213,0.002174,0.002174,0.002174,0.002098,0.002136,0.002098,0.002174,0.002098,0.002060,0.002022,0.002022,0.002022,0.002060,0.002022,0.002060,0.002098,0.002060,0.002098,0.002060,0.002098,0.002136,0.002098,0.002098,0.002022,0.002060,0.002060,0.002022,0.002022,0.002022,0.002060,0.002022,0.002022,0.001945,0.002022,0.001984,0.001945,0.001984,0.001984,0.002022,0.001984,0.002022,0.002022,0.002022,0.002022,0.002022,0.001984,0.002060,0.002060,0.002098,0.002098,0.002136,0.002098,0.002098,0.002098,0.002136,0.002213,0.002174,0.002136,0.002174,0.002174,0.002136,0.002174,0.002136,0.002213,0.002174,0.002174,0.002174,0.002174,0.002136,0.002098,0.002136,0.002174,0.002136,0.002136,0.002136,0.002136,0.002136,0.002098,0.002213,0.002098,0.002174,0.002213,0.002174,0.002174,0.002174,0.002174,0.002174,0.002251,0.002213,0.002213,0.002174,0.002213,0.002289,0.002213,0.002251,0.002251,0.002174,0.002251,0.002251,0.002213,0.002251,0.002213,0.002251,0.002213,0.002174,0.002251,0.002213,0.002174,0.002213,0.002174,0.002213,0.002174,0.002213,0.002213,0.002174,0.002174,0.002136,0.002213,0.002136,0.002174,0.002213,0.002213,0.002251,0.002136,0.002174,0.002136,0.002136,0.002136,0.002174,0.002174,0.002136,0.002174,0.002136,0.002136,0.002136,0.002060,0.002098,0.002060,0.002022,0.002060,0.002022,0.002098,0.002022,0.002022,0.001984,0.001984,0.002022,0.002022,0.001984,0.001984,0.001945,0.002022,0.001984,0.001945,0.001984,0.001984,0.001945,0.001984,0.002022,0.001984,0.001945,0.001984,0.001984,0.001984,0.002022,0.001945,0.001907,0.001945,0.001984,0.001984,0.001945,0.001945,0.001984,0.002022,0.001984,0.001984,0.002060,0.001984,0.002022,0.002022,0.002060,0.002060,0.002022,0.002060,0.002060,0.002098,0.002098,0.002098,0.002213,0.002136,0.002213,0.002251,0.002174,0.002213,0.002213,0.002174,0.002213,0.002213,0.002251,0.002174,0.002098,0.002174,0.002251,0.002213,0.002213,0.002213,0.002213,0.002251,0.002251,0.002213,0.002213,0.002174,0.002213,0.002174,0.002174,0.002174,0.002213,0.002213,0.002174,0.002174,0.002251,0.002174,0.002174,0.002174,0.002136,0.002251,0.002174,0.002174,0.002174,0.002251,0.002174,0.002136,0.002213,0.002174,0.002213,0.002213,0.002251,0.002213,0.002251,0.002251,0.002251,0.002213,0.002289,0.002174,0.002251,0.002251,0.002251,0.002213,0.002213,0.002251,0.002213,0.002174,0.002213,0.002213,0.002213,0.002213,0.002213,0.002213,0.002136,0.002213,0.002213,0.002174,0.002136,0.002174,0.002136,0.002098,0.002174,0.002136,0.002136,0.002136,0.002136,0.002251,0.002174,0.002136,0.002174,0.002136,0.002213,0.002174,0.002174,0.002136,0.002174,0.002174,0.002213,0.002174,0.002174,0.002098,0.002136,0.002136,0.002136,0.002213,0.002174,0.002213,0.002136,0.002174,0.002213,0.002136,0.002213,0.002174,0.002174,0.002251,0.002213,0.002174,0.002213,0.002251,0.002213,0.002251,0.002174,0.002174,0.002213,0.002174,0.002213,0.002174,0.002174,0.002213,0.002213,0.002174,0.002174,0.002136,0.002174,0.002098,0.002136,0.002060,0.002060,0.002098,0.002098,0.002060,0.002098,0.002060,0.002060,0.002022,0.002098,0.002098,0.002136,0.002136,0.002022,0.002060,0.002060,0.002098,0.002098,0.002022,0.002098,0.002098,0.002174,0.002174,0.002136,0.002213,0.002213,0.002213,0.002251,0.002251,0.002327,0.002289,0.002327,0.002327,0.002327,0.002403,0.002365,0.002403,0.002403,0.002441,0.002441,0.002480,0.002518,0.002480,0.002403,0.002480,0.002480,0.002441,0.002403,0.002403,0.002365,0.002289,0.002251,0.002213,0.002213,0.002174,0.002174,0.002098,0.002022,0.002060,0.001945,0.001945,0.001945,0.001869,0.001869,0.001869,0.001869,0.001869,0.001831,0.001907,0.001869,0.001869,0.001945,0.001869,0.001869,0.001907,0.002022,0.001984,0.001984,0.002060,0.002060,0.002060,0.002098,0.002098,0.002098,0.002098,0.002136,0.002098,0.002136,0.002098,0.002060,0.002098,0.002098,0.002136,0.002060,0.002022,0.002060,0.001984,0.002022,0.002060,0.001984,0.001984,0.001984,0.002098,0.002060,0.002022,0.002098,0.002060,0.002098,0.002098,0.002136,0.002136,0.002174,0.002251,0.002213,0.002174,0.002213,0.002174,0.002213,0.002289,0.002289,0.002365,0.002289,0.002251,0.002365,0.002403,0.002365,0.002289,0.002327,0.002365,0.002365,0.002327,0.002327,0.002365,0.002327,0.002289,0.002213,0.002289,0.002251,0.002289,0.002327,0.002289,0.002365,0.002289,0.002289,0.002327,0.002365,0.002403,0.002365,0.002365,0.002365,0.002327,0.002365,0.002327,0.002365,0.002365,0.002327,0.002365,0.002327,0.002251,0.002289,0.002213,0.002174,0.002174,0.002174,0.002098,0.002060,0.002174,0.002060,0.002022,0.002022,0.001984,0.001984,0.001945,0.001945,0.001907,0.001907,0.001869,0.001831,0.001907,0.001869,0.001831,0.001831,0.001793,0.001831,0.001793,0.001831,0.001831,0.001793,0.001869,0.001869,0.001869,0.001907,0.001869,0.001945,0.001907,0.001984,0.001984,0.001945,0.001984,0.002022,0.002022,0.002022,0.002022,0.002022,0.002022,0.002136,0.002136,0.002098,0.002098,0.002136,0.002174,0.002136,0.002136,0.002174,0.002098,0.002174,0.002136,0.002136,0.002136,0.002098,0.002136,0.002174,0.002174,0.002098,0.002136,0.002174,0.002098,0.002213,0.002136,0.002136,0.002136,0.002098,0.002136,0.002136,0.002098,0.002136,0.002174,0.002174,0.002136,0.002136,0.002174,0.002136,0.002174,0.002213,0.002213,0.002251,0.002174,0.002213,0.002213,0.002289,0.002251,0.002213,0.002251,0.002251,0.002213,0.002213,0.002251,0.002251,0.002251,0.002251,0.002251,0.002289,0.002327,0.002213,0.002251,0.002174,0.002251,0.002251,0.002213,0.002289,0.002213,0.002213,0.002213,0.002136,0.002174,0.002136,0.002213,0.002174,0.002098,0.002098,0.002060,0.002098,0.002022,0.001984,0.002022,0.002022,0.002060,0.002060,0.002136,0.002098,0.002022,0.002098,0.002136,0.002174,0.002136,0.002098,0.002174,0.002174,0.002174,0.002136,0.002213,0.002213,0.002136,0.002174,0.002174,0.002098,0.002060,0.002022,0.002022,0.001984,0.001984,0.001984,0.001907,0.002022,0.001945,0.001945,0.001907,0.001945,0.001984,0.001907,0.001907,0.001945,0.001907,0.001945,0.001984,0.001984,0.002022,0.002022,0.002060,0.002060,0.002136,0.002098,0.002098,0.002060,0.002136,0.002174,0.002174,0.002174,0.002251,0.002174,0.002213,0.002174,0.002213,0.002136,0.002136,0.002136,0.002136,0.002136,0.002174,0.002136,0.002136,0.002060,0.002136,0.002060,0.002022,0.002022,0.002098,0.002098,0.002060,0.002098,0.002060,0.002022,0.002098,0.002098,0.002098,0.002098,0.002022,0.002060,0.002022,0.002098,0.002098,0.002098,0.002136,0.002098,0.002174,0.002136,0.002174,0.002213,0.002213,0.002251,0.002251,0.002213,0.002289,0.002289,0.002289,0.002251,0.002289,0.002289,0.002289,0.002289,0.002327,0.002327,0.002327,0.002289,0.002289,0.002289,0.002327,0.002327,0.002289,0.002327,0.002327,0.002289,0.002289,0.002213,0.002213,0.002174,0.002213,0.002174,0.002174,0.002174,0.002098,0.002213,0.002136,0.002136,0.002060,0.002060,0.002060,0.002060,0.002060,0.002060,0.002098,0.002098,0.002098,0.002060,0.002060,0.002136,0.002060,0.002060,0.002136,0.002022,0.001984,0.002022,0.002022,0.002022,0.001984,0.001945,0.001984,0.001945,0.001945,0.001945,0.001945,0.001907,0.001831,0.001831,0.001831,0.001907,0.001869,0.001831,0.001831,0.001831,0.001831,0.001793,0.001831,0.001869,0.001831,0.001907,0.001869,0.001945,0.001984,0.001907,0.001907,0.001869,0.001984,0.001945,0.001945,0.001984,0.001907,0.001945,0.001984,0.001984,0.002022,0.001945,0.002060,0.001984,0.001984,0.001984,0.001984,0.002022,0.001984,0.001945,0.001984,0.002022,0.002022,0.002022,0.002022,0.001984,0.001945,0.001984,0.001984,0.001984,0.001984,0.002022,0.002060,0.002022,0.002098,0.002060,0.002098,0.002060,0.002060,0.002136,0.002136,0.002136,0.002136,0.002213,0.002251,0.002174,0.002174,0.002136,0.002174,0.002251,0.002251,0.002213,0.002289,0.002251,0.002213,0.002289,0.002327,0.002289,0.002327,0.002289,0.002289,0.002403,0.002365,0.002403,0.002365,0.002403,0.002441,0.002403,0.002441,0.002441,0.002365,0.002480,0.002480,0.002480,0.002403,0.002441,0.002480,0.002480,0.002403,0.002403,0.002365,0.002365,0.002289,0.002289,0.002213,0.002213,0.002136,0.002060,0.002098,0.002022,0.002022,0.001984,0.001907,0.001907,0.001831,0.001869,0.001831,0.001793,0.001831,0.001793,0.001907,0.001831,0.001793,0.001793,0.001755,0.001831,0.001793,0.001831,0.001831,0.001793,0.001869,0.001869,0.001907,0.001945,0.001907,0.001945,0.001945,0.001984,0.001984,0.002022,0.002060,0.002060,0.002098,0.002060,0.002060,0.002136,0.002098,0.002136,0.002174,0.002136,0.002213,0.002174,0.002213,0.002174,0.002136,0.002174,0.002213,0.002289,0.002251,0.002289,0.002251,0.002289,0.002327,0.002289,0.002365,0.002365,0.002365,0.002365,0.002327,0.002403,0.002365,0.002365,0.002365,0.002365,0.002403,0.002365,0.002403,0.002327,0.002289,0.002365,0.002327,0.002365,0.002327,0.002327,0.002365,0.002251,0.002403,0.002289,0.002327,0.002365,0.002289,0.002289,0.002289,0.002289,0.002289,0.002251,0.002327,0.002289,0.002289,0.002213,0.002213,0.002251,0.002251,0.002251,0.002174,0.002136,0.002213,0.002213,0.002251,0.002174,0.002098,0.002174,0.002174,0.002174,0.002136,0.002136,0.002136,0.002136,0.002174,0.002098,0.002098,0.002060,0.002022,0.002098,0.002060,0.002022,0.002060,0.001984,0.002022,0.001984,0.002022,0.001984,0.001984,0.001984,0.001984,0.001984,0.001945,0.001907,0.002022,0.001984,0.001945,0.001984,0.001945,0.002022,0.001945,0.002022,0.002060,0.002098,0.002022,0.001984,0.002022,0.001984,0.001984,0.001984,0.001984,0.002060,0.002022,0.001984,0.002022,0.002022,0.002060,0.001984,0.002022,0.002060,0.002098,0.002060,0.002060,0.002174,0.002098,0.002136,0.002098,0.002098,0.002174,0.002136,0.002213,0.002251,0.002213,0.002213,0.002213,0.002251,0.002251,0.002251,0.002327,0.002289,0.002289,0.002289,0.002289,0.002289,0.002327,0.002327,0.002327,0.002289,0.002289,0.002289,0.002289,0.002289,0.002365,0.002327,0.002251,0.002289,0.002213,0.002251,0.002289,0.002174,0.002251,0.002213,0.002251,0.002213,0.002213,0.002213,0.002213,0.002174,0.002213,0.002174,0.002136,0.002136,0.002174,0.002174,0.002136,0.002174,0.002060,0.002098,0.002060,0.002136,0.002174,0.002098,0.002098,0.002098,0.002174,0.002136,0.002136,0.002136,0.002136,0.002098,0.002136,0.002098,0.002098,0.002060,0.002098,0.002060,0.002060,0.002060,0.002022,0.001984,0.002022,0.002022,0.001984,0.001945,0.001945,0.001907,0.001984,0.001945,0.001907,0.001869,0.001869,0.001907,0.001869,0.001869,0.001907,0.001831,0.001907,0.001869,0.001869,0.001907,0.001831,0.001907,0.001831,0.001831,0.001869,0.001831,0.001907,0.001945,0.001945,0.001869,0.001907,0.001984,0.002022,0.002060,0.002022,0.002060,0.002060,0.001984,0.002098,0.002098,0.002098,0.002060,0.002098,0.002098,0.002060,0.002136,0.002136,0.002174,0.002174,0.002174,0.002251,0.002213,0.002174,0.002251,0.002251,0.002251,0.002289,0.002327,0.002289,0.002289,0.002289,0.002289,0.002289,0.002327,0.002327,0.002403,0.002365,0.002289,0.002327,0.002289,0.002327,0.002365,0.002327,0.002251,0.002289,0.002327,0.002213,0.002251,0.002251,0.002251,0.002251,0.002213,0.002213,0.002213,0.002213,0.002213,0.002213,0.002213,0.002174,0.002213,0.002251,0.002174,0.002174,0.002136,0.002213,0.002213,0.002136,0.002213,0.002098,0.002136,0.002174,0.002174,0.002174,0.002136,0.002174,0.002174,0.002174,0.002213,0.002174,0.002174,0.002174,0.002174,0.002174,0.002136,0.002136,0.002136,0.002174,0.002174,0.002174,0.002251,0.002251,0.002251,0.002213,0.002174,0.002213,0.002174,0.002251,0.002213,0.002251,0.002251,0.002213,0.002251,0.002251,0.002213,0.002251,0.002213,0.002251,0.002174,0.002251,0.002213,0.002213,0.002174,0.002174,0.002174,0.002174,0.002174,0.002213,0.002174,0.002251,0.002136,0.002213,0.002213,0.002136,0.002213,0.002174,0.002136,0.002174,0.002213,0.002213,0.002174,0.002213,0.002213,0.002213,0.002251,0.002213,0.002213,0.002213,0.002251,0.002251,0.002251,0.002251,0.002251,0.002251,0.002289,0.002213,0.002251,0.002136,0.002174,0.002213,0.002213,0.002251,0.002174,0.002136,0.002174,0.002136,0.002136,0.002060,0.002060,0.002060,0.002060,0.002060,0.001945,0.002022,0.001984,0.002022,0.001984,0.001907,0.001945,0.001907,0.001907,0.001945,0.001907,0.001869,0.001831,0.001869,0.001869,0.001907,0.001831,0.001793,0.001869,0.001869,0.001907,0.001831,0.001869,0.001907,0.001907,0.001945,0.001907,0.001945,0.001945,0.001945,0.002022,0.001984,0.002060,0.002060,0.002098,0.002136,0.002174,0.002213,0.002289,0.002213,0.002327,0.002289,0.002327,0.002289,0.002251,0.002327,0.002289,0.002289,0.002289,0.002289,0.002213,0.002251,0.002251,0.002213,0.002213,0.002174,0.002136,0.002136,0.002136,0.002174,0.002174,0.002136,0.002136,0.002136,0.002136,0.002174,0.002136,0.002174,0.002136,0.002174,0.002174,0.002213,0.002213,0.002251,0.002251,0.002251,0.002289,0.002251,0.002251,0.002327,0.002251,0.002327,0.002327,0.002213,0.002289,0.002251,0.002251,0.002213,0.002136,0.002174,0.002174,0.002174,0.002098,0.002060,0.002060,0.002022,0.001945,0.001907,0.001869,0.001869,0.001793,0.001831,0.001793,0.001793,0.001793,0.001755,0.001793,0.001755,0.001793,0.001831,0.001755,0.001831,0.001869,0.001869,0.001831,0.001945,0.001907,0.001907,0.001984,0.001945,0.001984,0.002022,0.002060,0.002060,0.002022,0.002060,0.002022,0.002022,0.002060,0.002060,0.002022,0.002060,0.002022,0.002060,0.001984,0.002098,0.002022,0.002022,0.002098,0.002022,0.002098,0.002060,0.002060,0.002098,0.002098,0.002136,0.002136,0.002136,0.002174,0.002136,0.002174,0.002136,0.002213,0.002251,0.002251,0.002289,0.002289,0.002365,0.002289,0.002289,0.002289,0.002251,0.002327,0.002289,0.002289,0.002289,0.002213,0.002289,0.002213,0.002251,0.002289,0.002174,0.002174,0.002213,0.002251,0.002136,0.002136,0.002251,0.002174,0.002174,0.002136,0.002174,0.002213,0.002213,0.002213,0.002213,0.002213,0.002174,0.002136,0.002213,0.002136,0.002174,0.002174,0.002136,0.002136,0.002174,0.002136,0.002136,0.002174,0.002136,0.002098,0.002136,0.002136,0.002136,0.002136,0.002060,0.002136,0.002098,0.002060,0.002060,0.002060,0.002060,0.002022,0.002098,0.002022,0.002060,0.002060,0.002022,0.002060,0.001984,0.002060,0.002022,0.002060,0.002098,0.002060,0.002022,0.002060,0.002060,0.002098,0.002060,0.002136,0.002022,0.002060,0.002136,0.002060,0.002060,0.002136,0.002136,0.002098,0.002098,0.002136,0.002136,0.002174,0.002174,0.002098,0.002136,0.002098,0.002136,0.002136,0.002174,0.002213,0.002136,0.002174,0.002174,0.002136,0.002174,0.002174,0.002213,0.002213,0.002174,0.002174,0.002174,0.002213,0.002098,0.002098,0.002174,0.002060,0.002098,0.002098,0.002136,0.002060,0.002060,0.002060,0.002022,0.002022,0.001984,0.001945,0.001984,0.001945,0.002060,0.001984,0.001984,0.001984,0.001984,0.002060,0.002022,0.002060,0.001984,0.001984,0.001984,0.001945,0.002022,0.001984,0.001984,0.002060,0.002022,0.002060,0.002022,0.002022,0.002022,0.002022,0.002022,0.002022,0.002022,0.002022,0.002022,0.002060,0.002022,0.002060,0.002060,0.002022,0.002098,0.002022,0.002060,0.002098,0.002060,0.002136,0.002022,0.002098,0.002098,0.002098,0.002136,0.002136,0.002251,0.002213,0.002136,0.002174,0.002174,0.002174,0.002136,0.002136,0.002174,0.002136,0.002174,0.002136,0.002098,0.002136,0.002098,0.002174,0.002136,0.002098,0.002060,0.002060,0.002060,0.002060,0.002098,0.002022,0.002060,0.002022,0.001984,0.002098,0.002136,0.002136,0.002098,0.002098,0.002098,0.002174,0.002136,0.002136,0.002174,0.002174,0.002174,0.002289,0.002251,0.002213,0.002289,0.002213,0.002327,0.002289,0.002251,0.002327,0.002289,0.002289,0.002251,0.002327,0.002289,0.002251,0.002251,0.002213,0.002213,0.002174,0.002213,0.002213,0.002174,0.002251,0.002213,0.002213,0.002174,0.002136,0.002174,0.002136,0.002174,0.002174,0.002136,0.002098,0.002136,0.002136,0.002174,0.002136,0.002136,0.002098,0.002060,0.002060,0.002098,0.002136,0.002060,0.002136,0.002136,0.002098,0.002098,0.002060,0.002098,0.002098,0.001984,0.002022,0.002022,0.002098,0.002022,0.001984,0.002022,0.002022,0.002022,0.002022,0.002022,0.002022,0.002022,0.001984,0.001945,0.001984,0.001984,0.001984,0.001907,0.001945,0.001984,0.001945,0.001984,0.001984,0.001984,0.001984,0.001984,0.001984,0.001984,0.001984,0.002022,0.002022,0.002060,0.002060,0.002060,0.002060,0.002022,0.002022,0.002060,0.002098,0.002098,0.002060,0.002060,0.002136,0.002136,0.002098,0.002098,0.002136,0.002098,0.002174,0.002174,0.002174,0.002251,0.002251,0.002213,0.002251,0.002251,0.002251,0.002213,0.002289,0.002289,0.002289,0.002327,0.002327,0.002289,0.002327,0.002327,0.002327,0.002327,0.002365,0.002327,0.002289,0.002289,0.002289,0.002365,0.002251,0.002327,0.002289,0.002213,0.002213,0.002213,0.002251,0.002251,0.002251,0.002213,0.002213,0.002213,0.002174,0.002251,0.002213,0.002136,0.002213,0.002174,0.002174,0.002098,0.002136,0.002174,0.002213,0.002213,0.002136,0.002174,0.002213,0.002174,0.002213,0.002174,0.002174,0.002174,0.002174,0.002174,0.002136,0.002136,0.002136,0.002174,0.002136,0.002136,0.002213,0.002174,0.002174,0.002136,0.002174,0.002213,0.002174,0.002213,0.002136,0.002098,0.002136,0.002060,0.002098,0.002060,0.002022,0.002022,0.001984,0.001984,0.001945,0.001945,0.001869,0.001869,0.001907,0.001907,0.001907,0.001907,0.001945,0.001984,0.002022,0.002022,0.002060,0.002136,0.002174,0.002213,0.002289,0.002251,0.002327,0.002365,0.002365,0.002403,0.002441,0.002480,0.002441,0.002403,0.002365,0.002365,0.002403,0.002365,0.002327,0.002251,0.002213,0.002174,0.002136,0.002136,0.002098,0.002060,0.002022,0.002060,0.001945,0.001907,0.001945,0.001984,0.001945,0.001945,0.001907,0.001945,0.001984,0.001984,0.001984,0.002060,0.002060,0.002136,0.002136,0.002213,0.002174,0.002174,0.002136,0.002251,0.002213,0.002213,0.002251,0.002251,0.002213,0.002213,0.002213,0.002213,0.002213,0.002213,0.002251,0.002174,0.002213,0.002213,0.002251,0.002213,0.002174,0.002174,0.002213,0.002213,0.002213,0.002213,0.002213,0.002174,0.002213,0.002174,0.002213,0.002213,0.002213,0.002289,0.002251,0.002213,0.002213,0.002289,0.002289,0.002289,0.002289,0.002251,0.002251,0.002251,0.002251,0.002289,0.002289,0.002251,0.002213,0.002213,0.002251,0.002251,0.002213,0.002174,0.002174,0.002251,0.002174,0.002213,0.002174,0.002136,0.002174,0.002136,0.002213,0.002136,0.002136,0.002174,0.002213,0.002174,0.002136,0.002136,0.002136,0.002098,0.002098,0.002136,0.002098,0.002060,0.002060,0.002060,0.002098,0.002060,0.002060,0.001984,0.002060,0.002022,0.002022,0.002022,0.002060,0.001984,0.001984,0.002022,0.002060,0.001945,0.002022,0.002060,0.002098,0.002098,0.002098,0.002136,0.002136,0.002213,0.002174,0.002174,0.002174,0.002098,0.002136,0.002174,0.002213,0.002213,0.002174,0.002213,0.002136,0.002174,0.002136,0.002136,0.002098,0.002136,0.002098,0.002060,0.002098,0.002098,0.002098,0.002060,0.002060,0.002022,0.002098,0.002060,0.002098,0.002060,0.002060,0.002136,0.002098,0.002098,0.002098,0.002174,0.002136,0.002136,0.002098,0.002136,0.002136,0.002098,0.002136,0.002174,0.002136,0.002213,0.002136,0.002174,0.002136,0.002098,0.002136,0.002174,0.002174,0.002136,0.002136,0.002174,0.002136,0.002174,0.002174,0.002174,0.002136,0.002174,0.002174,0.002174,0.002213,0.002213,0.002251,0.002213,0.002136,0.002174,0.002213,0.002174,0.002213,0.002136,0.002174,0.002098,0.002174,0.002174,0.002136,0.002136,0.002136,0.002136,0.002174,0.002213,0.002174,0.002136,0.002136,0.002060,0.002060,0.002098,0.002060,0.002060,0.002060,0.002098,0.002060,0.002022,0.002022,0.002060,0.002060,0.002022,0.002022,0.002022,0.001984,0.001984,0.001984,0.002022,0.002060,0.001984,0.001984,0.002022,0.002060,0.002022,0.002060,0.002060,0.002060,0.002060,0.002098,0.002098,0.002098,0.002098,0.002098,0.002060,0.002136,0.002098,0.002060,0.002136,0.002136,0.002136,0.002136,0.002098,0.002136,0.002136,0.002174,0.002136,0.002136,0.002136,0.002136,0.002174,0.002174,0.002174,0.002174,0.002174,0.002213,0.002213,0.002213,0.002251,0.002251,0.002251,0.002213,0.002251,0.002213,0.002289,0.002289,0.002251,0.002289,0.002213,0.002327,0.002289,0.002251,0.002289,0.002251,0.002213,0.002213,0.002136,0.002098,0.002136,0.002174,0.002136,0.002136,0.002098,0.002098,0.002060,0.002060,0.002060,0.002022,0.002060,0.002060,0.002098,0.002136,0.002060,0.002060,0.002022,0.002060,0.002060,0.001984,0.001945,0.001984,0.001984,0.002022,0.001984,0.001984,0.001945,0.001945,0.001907,0.001945,0.001984,0.001984,0.001945,0.001984,0.001945,0.001984,0.001984,0.001945,0.001945,0.002022,0.002060,0.001984,0.001984,0.002060,0.002022,0.002060,0.002060,0.002060,0.002060,0.002022,0.002022,0.002098,0.002098,0.002174,0.002136,0.002136,0.002136,0.002174,0.002213,0.002174,0.002174,0.002213,0.002213,0.002174,0.002289,0.002289,0.002213,0.002213,0.002251,0.002251,0.002213,0.002174,0.002251,0.002213,0.002174,0.002136,0.002136,0.002174,0.002098,0.002098,0.002098,0.002098,0.002022,0.001984,0.002022,0.001984,0.002022,0.001984,0.001984,0.001945,0.001907,0.001869,0.001831,0.001869,0.001831,0.001793,0.001831,0.001831,0.001755,0.001793,0.001869,0.001869,0.001869,0.001869,0.001945,0.001945,0.001984,0.001945,0.002022,0.002022,0.002060,0.002098,0.002060,0.002136,0.002174,0.002213,0.002174,0.002213,0.002174,0.002174,0.002251,0.002251,0.002213,0.002213,0.002213,0.002251,0.002213,0.002174,0.002174,0.002213,0.002213,0.002213,0.002213,0.002213,0.002213,0.002213,0.002213,0.002251,0.002213,0.002251,0.002289,0.002213,0.002213,0.002213,0.002174,0.002289,0.002289,0.002251,0.002251,0.002289,0.002289,0.002251,0.002251,0.002289,0.002251,0.002213,0.002251,0.002251,0.002213,0.002213,0.002174,0.002174,0.002174,0.002136,0.002098,0.002136,0.002136,0.002136,0.002060,0.002098,0.002022,0.002098,0.002060,0.002060,0.002060,0.002060,0.002060,0.002022,0.002060,0.002060,0.002060,0.002098,0.002174,0.002098,0.001984,0.001984,0.002022,0.002022,0.002060,0.001984,0.001984,0.002022,0.001945,0.001984,0.001984,0.001984,0.002060,0.002022,0.002060,0.002022,0.002098,0.002136,0.002136,0.002174,0.002136,0.002060,0.002098,0.002098,0.002022,0.001945,0.001984,0.001945,0.001945,0.001907,0.001869,0.001831,0.001793,0.001831,0.001869,0.001831,0.001831,0.001793,0.001831,0.001831,0.001831,0.001869,0.001907,0.001907,0.001907,0.001945,0.001945,0.001984,0.002022,0.001984,0.001907,0.001869,0.001869,0.001869,0.001831,0.001831,0.001869,0.001793,0.001793,0.001793,0.001869,0.001869,0.001869,0.001869,0.001907,0.001945,0.001907,0.001984,0.002060,0.001984,0.002022,0.002060,0.002022,0.002022,0.002022,0.001984,0.001984,0.002022,0.002060,0.002060,0.002098,0.002060,0.002022,0.002022,0.001984,0.002022,0.002098,0.002098,0.002136,0.002136,0.002098,0.002174,0.002213,0.002174,0.002251,0.002251,0.002289,0.002365,0.002289,0.002251,0.002365,0.002365,0.002403,0.002365,0.002403,0.002365,0.002403,0.002403,0.002327,0.002365,0.002327,0.002327,0.002251,0.002213,0.002174,0.002174,0.002213,0.002098,0.002136,0.002060,0.002098,0.002060,0.002022,0.002060,0.002060,0.001984,0.002022,0.001984,0.002022,0.002022,0.002060,0.002136,0.002060,0.002174,0.002136,0.002136,0.002174,0.002213,0.002213,0.002174,0.002213,0.002174,0.002213,0.002213,0.002251,0.002289,0.002213,0.002213,0.002213,0.002251,0.002251,0.002213,0.002174,0.002213,0.002213,0.002213,0.002136,0.002136,0.002136,0.002213,0.002213,0.002174,0.002174,0.002213,0.002136,0.002174,0.002136,0.002136,0.002098,0.002174,0.002213,0.002213,0.002213,0.002098,0.002098,0.002136,0.002174,0.002174,0.002174,0.002251,0.002174,0.002174,0.002213,0.002136,0.002174,0.002136,0.002174,0.002174,0.002136,0.002136,0.002098,0.002060,0.002098,0.002098,0.002136,0.002098,0.002098,0.002098,0.002136,0.002136,0.002174,0.002136,0.002136,0.002174,0.002174,0.002174,0.002174,0.002174,0.002136,0.002174,0.002174,0.002213,0.002136,0.002098,0.002174,0.002136,0.002136,0.002136,0.002174,0.002136,0.002098,0.002098,0.002174,0.002098,0.002060,0.002098,0.002060,0.002136,0.002136,0.002098,0.002098,0.002136,0.002174,0.002136,0.002136,0.002174,0.002174,0.002174,0.002174,0.002136,0.002174,0.002174,0.002136,0.002174,0.002136,0.002174,0.002174,0.002136,0.002136,0.002174,0.002136,0.002174,0.002136,0.002136,0.002213,0.002174,0.002136,0.002098,0.002136,0.002174,0.002098,0.002136,0.002174,0.002136,0.002136,0.002136,0.002136,0.002098,0.002174,0.002136,0.002098,0.002098,0.002098,0.002098,0.002136,0.002060,0.002060,0.002098,0.002098,0.002098,0.002098,0.002022,0.002098,0.002060,0.002098,0.002098,0.002060,0.002060,0.002060,0.002022,0.002098,0.002060,0.002060,0.002060,0.001984,0.002022,0.002022,0.002060,0.002060,0.001984,0.001984,0.001907,0.001984,0.002022,0.001945,0.002022,0.002022,0.002060,0.002022,0.002022,0.002060,0.002060,0.002060,0.002098,0.002098,0.002098,0.002098,0.002174,0.002136,0.002213,0.002213,0.002174,0.002251,0.002251,0.002251,0.002251,0.002251,0.002251,0.002251,0.002289,0.002365,0.002289,0.002327,0.002327,0.002289,0.002327,0.002327,0.002289,0.002327,0.002327,0.002289,0.002289,0.002251,0.002289,0.002289,0.002251,0.002213,0.002213,0.002213,0.002174,0.002174,0.002213,0.002213,0.002213,0.002136,0.002174,0.002136,0.002136,0.002136,0.002098,0.002174,0.002174,0.002213,0.002174,0.002174,0.002136,0.002213,0.002213,0.002251,0.002213,0.002251,0.002213,0.002251,0.002251,0.002251,0.002289,0.002251,0.002289,0.002289,0.002289,0.002327,0.002251,0.002289,0.002327,0.002289,0.002327,0.002289,0.002289,0.002251,0.002213,0.002251,0.002213,0.002251,0.002213,0.002251,0.002251,0.002174,0.002174,0.002174,0.002174,0.002060,0.002060,0.002060,0.002060,0.002022,0.002022,0.001984,0.001945,0.001945,0.001907,0.001831,0.001945,0.001907,0.001907,0.001907,0.001831,0.001831,0.001869,0.001907,0.001869,0.001907,0.001869,0.001945,0.001945,0.001945,0.001945,0.001984,0.002022,0.002060,0.002060,0.002098,0.002136,0.002098,0.002213,0.002213,0.002174,0.002289,0.002289,0.002327,0.002327,0.002327,0.002365,0.002327,0.002365,0.002327,0.002289,0.002289,0.002289,0.002289,0.002251,0.002251,0.002251,0.002251,0.002213,0.002213,0.002289,0.002174,0.002174,0.002213,0.002098,0.002136,0.002136,0.002174,0.002136,0.002174,0.002136,0.002098,0.002174,0.002136,0.002174,0.002174,0.002174,0.002213,0.002174,0.002174,0.002213,0.002213,0.002213,0.002251,0.002251,0.002289,0.002327,0.002251,0.002213,0.002251,0.002251,0.002289,0.002251,0.002251,0.002251,0.002289,0.002289,0.002327,0.002327,0.002289,0.002251,0.002251,0.002251,0.002289,0.002251,0.002213,0.002251,0.002213,0.002213,0.002213,0.002213,0.002251,0.002213,0.002213,0.002213,0.002213,0.002213,0.002213,0.002213,0.002213,0.002251,0.002174,0.002213,0.002251,0.002251,0.002251,0.002213,0.002174,0.002289,0.002213,0.002213,0.002174,0.002136,0.002213,0.002213,0.002174,0.002174,0.002174,0.002098,0.002136,0.002136,0.002098,0.002136,0.002022,0.002060,0.002098,0.002060,0.002060,0.002022,0.002060,0.002022,0.002060,0.002022,0.001984,0.002022,0.002022,0.001984,0.002022,0.002022,0.002060,0.001945,0.002022,0.002022,0.002022,0.002022,0.002022,0.002060,0.002060,0.002060,0.002060,0.002060,0.002022,0.002022,0.002098,0.002098,0.002060,0.002098,0.002060,0.002098,0.002022,0.002060,0.002060,0.002060,0.002022,0.002060,0.002022,0.002060,0.002022,0.002022,0.002022,0.001984,0.002022,0.001945,0.002022,0.002022,0.001984,0.001984,0.002060,0.001984,0.001945,0.002022,0.002022,0.002022,0.002022,0.002060,0.002098,0.002060,0.002060,0.002060,0.002098,0.002098,0.002060,0.002136,0.002098,0.002098,0.002098,0.002136,0.002136,0.002098,0.002136,0.002174,0.002136,0.002174,0.002098,0.002098,0.002136,0.002098,0.002174,0.002060,0.002136,0.002136,0.002136,0.002098,0.002098,0.002060,0.002060,0.002060,0.002060,0.002060,0.002060,0.001984,0.002022,0.002060,0.002022,0.002060,0.001984,0.001984,0.002022,0.002098,0.002022,0.002022,0.001984,0.001984,0.002022,0.002022,0.001984,0.002022,0.001984,0.001984,0.001984,0.002060,0.001984,0.002022,0.001984,0.001984,0.002060,0.002022,0.002060,0.002060,0.002098,0.002060,0.002060,0.002098,0.002098,0.002136,0.002098,0.002098,0.002098,0.002136,0.002098,0.002136,0.002174,0.002174,0.002060,0.002136,0.002174,0.002136,0.002098,0.002098,0.002174,0.002136,0.002136,0.002136,0.002136,0.002136,0.002098,0.002136,0.002174,0.002098,0.002136,0.002098,0.002174,0.002136,0.002098,0.002136,0.002098,0.002213,0.002136,0.002136,0.002136,0.002174,0.002136,0.002098,0.002136,0.002174,0.002136,0.002136,0.002136,0.002174,0.002251,0.002213,0.002174,0.002213,0.002174,0.002136,0.002213,0.002213,0.002251,0.002174,0.002174,0.002251,0.002251,0.002213,0.002213,0.002213,0.002289,0.002213,0.002251,0.002251,0.002251,0.002251,0.002251,0.002289,0.002289,0.002327,0.002327,0.002289,0.002289,0.002327,0.002365,0.002289,0.002327,0.002289,0.002289,0.002327,0.002213,0.002289,0.002251,0.002213,0.002213,0.002174,0.002251,0.002174,0.002174,0.002174,0.002060,0.002098,0.002098,0.002136,0.002136,0.002060,0.002060,0.002060,0.002060,0.002060,0.002022,0.002060,0.001984,0.002060,0.001984,0.001984,0.002060,0.001984,0.002022,0.002022,0.002060,0.002060,0.002022,0.001984,0.001984,0.002022,0.001984,0.001984,0.001984,0.001984,0.002022,0.001945,0.002022,0.002060,0.001984,0.002060,0.002022,0.002022,0.002022,0.002022,0.002022,0.001984,0.002060,0.002060,0.002022,0.001945,0.001984,0.002098,0.002060,0.001984,0.002060,0.002060,0.002098,0.002098,0.002098,0.002060,0.002098,0.002022,0.002060,0.002022,0.002060,0.002098,0.002060,0.001984,0.002098,0.002098,0.002098,0.002098,0.002098,0.002098,0.002098,0.002136,0.002174,0.002098,0.002174,0.002136,0.002098,0.002098,0.002174,0.002174,0.002174,0.002174,0.002174,0.002251,0.002174,0.002213,0.002251,0.002213,0.002289,0.002213,0.002289,0.002251,0.002251,0.002174,0.002174,0.002213,0.002174,0.002174,0.002174,0.002213,0.002136,0.002060,0.002098,0.002060,0.002060,0.002022,0.001984,0.001984,0.002022,0.001907,0.001907,0.001907,0.001869,0.001869,0.001907,0.001831,0.001869,0.001869,0.001831,0.001831,0.001869,0.001907,0.001869,0.001907,0.001907,0.001907,0.001907,0.001945,0.001984,0.002060,0.001945,0.001984,0.002022,0.002060,0.002022,0.001945,0.001984,0.001984,0.002022,0.001945,0.001907,0.001945,0.001945,0.001984,0.001907,0.001945,0.001907,0.001869,0.001907,0.001869,0.001869,0.001907,0.001831,0.001869,0.001907,0.001907,0.001869,0.001869,0.001945,0.001907,0.001907,0.001907,0.001945,0.001984,0.001945,0.001984,0.002022,0.002022,0.002060,0.002060,0.002060,0.002098,0.002174,0.002174,0.002213,0.002213,0.002174,0.002174,0.002213,0.002289,0.002251,0.002251,0.002289,0.002289,0.002327,0.002327,0.002365,0.002403,0.002365,0.002403,0.002480,0.002441,0.002441,0.002518,0.002480,0.002480,0.002518,0.002480,0.002556,0.002556,0.002518,0.002556,0.002518,0.002518,0.002556,0.002518,0.002594,0.002480,0.002518,0.002556,0.002480,0.002556,0.002480,0.002518,0.002480,0.002480,0.002441,0.002480,0.002441,0.002480,0.002441,0.002403,0.002403,0.002365,0.002365,0.002365,0.002327,0.002327,0.002327,0.002251,0.002213,0.002174,0.002174,0.002213,0.002174,0.002136,0.002136,0.002174,0.002098,0.002136,0.002098,0.002136,0.002136,0.002136,0.002136,0.002136,0.002136,0.002174,0.002174,0.002098,0.002098,0.002174,0.002098,0.002060,0.002098,0.002098,0.002060,0.002098,0.002060,0.002060,0.002060,0.002060,0.002022,0.002022,0.002022,0.002022,0.001984,0.001984,0.002022,0.002022,0.002022,0.001984,0.001945,0.001945,0.001907,0.001945,0.001945,0.001869,0.001907,0.001869,0.001945,0.001907,0.001907,0.001907,0.001945,0.001907,0.001907,0.001907,0.001945,0.001945,0.001984,0.001907,0.001907,0.001945,0.001945,0.001945,0.001945,0.001984,0.001945,0.001984,0.002022,0.002022,0.001984,0.002060,0.002022,0.002022,0.002098,0.002098,0.002060,0.002060,0.002060,0.002174,0.002060,0.002060,0.002098,0.002022,0.002060,0.002022,0.002098,0.002060,0.002022,0.002098,0.002098,0.002098,0.002060,0.002060,0.002060,0.002098,0.002098,0.002098,0.002174,0.002098,0.002098,0.002098,0.002098,0.002098,0.002136,0.002174,0.002136,0.002136,0.002174,0.002098,0.002136,0.002174,0.002174,0.002174,0.002174,0.002174,0.002174,0.002213,0.002213,0.002213,0.002213,0.002136,0.002136,0.002174,0.002174,0.002136,0.002174,0.002213,0.002136,0.002136,0.002174,0.002213,0.002251,0.002174,0.002251,0.002213,0.002213,0.002213,0.002251,0.002213,0.002174,0.002213,0.002213,0.002174,0.002289,0.002251,0.002251,0.002251,0.002251,0.002251,0.002174,0.002251,0.002289,0.002251,0.002251,0.002289,0.002289,0.002251,0.002213,0.002213,0.002251,0.002213,0.002251,0.002289,0.002213,0.002213,0.002213,0.002136,0.002213,0.002174,0.002136,0.002174,0.002251,0.002213,0.002174,0.002174,0.002174,0.002213,0.002213,0.002174,0.002213,0.002136,0.002174,0.002213,0.002213,0.002174,0.002174,0.002213,0.002213,0.002251,0.002174,0.002174,0.002213,0.002174,0.002213,0.002213,0.002213,0.002213,0.002174,0.002213,0.002213,0.002251,0.002213,0.002136,0.002174,0.002136,0.002174,0.002136,0.002174,0.002251,0.002213,0.002213,0.002174,0.002213,0.002213,0.002174,0.002136,0.002174,0.002213,0.002174,0.002136,0.002174,0.002174,0.002174,0.002136,0.002136,0.002136,0.002213,0.002174,0.002174,0.002174,0.002136,0.002136,0.002174,0.002174,0.002174,0.002136,0.002098,0.002098,0.002136,0.002136,0.002136,0.002174,0.002136,0.002136,0.002174,0.002098,0.002136,0.002174,0.002136,0.002098,0.002098,0.002098,0.002060,0.002060,0.002098,0.002060,0.002136,0.002060,0.002098,0.002098,0.002098,0.002098,0.002060,0.002136,0.002174,0.002098,0.002098,0.002174,0.002174,0.002174,0.002174,0.002174,0.002213,0.002251,0.002213,0.002251,0.002213,0.002174,0.002251,0.002251,0.002213,0.002251,0.002251,0.002213,0.002289,0.002289,0.002251,0.002251,0.002251,0.002289,0.002327,0.002327,0.002289,0.002327,0.002289,0.002327,0.002289,0.002289,0.002251,0.002251,0.002251,0.002251,0.002251,0.002213,0.002174,0.002289,0.002174,0.002174,0.002174,0.002174,0.002174,0.002174,0.002174,0.002136,0.002136,0.002136,0.002136,0.002136,0.002060,0.002022,0.002098,0.002060,0.002022,0.002060,0.002022,0.001984,0.001945,0.002022,0.002022,0.001984,0.001907,0.001945,0.001984,0.001945,0.001945,0.001984,0.001945,0.001984,0.001984,0.001984,0.001945,0.001984,0.001945,0.002022,0.001984,0.002022,0.002022,0.002098,0.001984,0.002098,0.002060,0.002022,0.002098,0.002136,0.002098,0.002136,0.002213,0.002213,0.002174,0.002213,0.002213,0.002213,0.002213,0.002174,0.002174,0.002213,0.002213,0.002174,0.002174,0.002213,0.002174,0.002174,0.002174,0.002213,0.002213,0.002136,0.002098,0.002174,0.002098,0.002136,0.002136,0.002098,0.002098,0.002136,0.002098,0.002060,0.002060,0.002098,0.002060,0.002098,0.002136,0.002136,0.002098,0.002136,0.002136,0.002136,0.002060,0.002060,0.002098,0.002136,0.002174,0.002098,0.002098,0.002098,0.002136,0.002098,0.002098,0.002098,0.002098,0.002060,0.002060,0.002060,0.002022,0.002098,0.002022,0.002022,0.001984,0.001984,0.001984,0.001984,0.001984,0.002022,0.002022,0.001984,0.001984,0.002022,0.001984,0.002022,0.001984,0.001984,0.002022,0.002060,0.002098,0.002136,0.002098,0.002098,0.002136,0.002136,0.002136,0.002174,0.002174,0.002136,0.002213,0.002213,0.002213,0.002213,0.002213,0.002174,0.002174,0.002174,0.002098,0.002136,0.002174,0.002213,0.002136,0.002136,0.002136,0.002136,0.002098,0.002136,0.002136,0.002213,0.002136,0.002174,0.002136,0.002136,0.002174,0.002213,0.002174,0.002213,0.002174,0.002174,0.002213,0.002174,0.002213,0.002213,0.002213,0.002213,0.002174,0.002213,0.002213,0.002213,0.002136,0.002136,0.002136,0.002136,0.002174,0.002174,0.002136,0.002098,0.002098,0.002136,0.002174,0.002098,0.002060,0.002098,0.002098,0.002060,0.002098,0.002098,0.002060,0.002136,0.002098,0.001984,0.002060,0.002060,0.002098,0.002060,0.002060,0.002060,0.002060,0.002060,0.002060,0.002060,0.002022,0.001984,0.002022,0.002022,0.002060,0.002060,0.002022,0.002060,0.002022,0.002060,0.002060,0.002022,0.002022,0.002022,0.002022,0.002060,0.002060,0.002022,0.002060,0.002022,0.002098,0.002136,0.002060,0.002060,0.002060,0.002022,0.002136,0.002060,0.002060,0.002098,0.002136,0.002136,0.002022,0.002136,0.002098,0.002060,0.002098,0.002098,0.002098,0.002098,0.002098,0.002060,0.002060,0.002098,0.002098,0.002060,0.002060,0.002060,0.002098,0.002098,0.002060,0.002060,0.002098,0.002136,0.002098,0.002098,0.002174,0.002174,0.002098,0.002098,0.002136,0.002098,0.002098,0.002136,0.002213,0.002136,0.002174,0.002136,0.002098,0.002136,0.002098,0.002136,0.002136,0.002136,0.002098,0.002098,0.002060,0.002022,0.002022,0.002022,0.002022,0.001945,0.001945,0.001984,0.001984,0.001945,0.001945,0.001945,0.001907,0.001907,0.001869,0.001869,0.001907,0.001869,0.001869,0.001907,0.001907,0.001984,0.001869,0.001869,0.001831,0.001907,0.001945,0.001945,0.001945,0.001907,0.001907,0.001984,0.002022,0.002060,0.002022,0.002098,0.002098,0.002060,0.002098,0.002098,0.002136,0.002098,0.002136,0.002213,0.002174,0.002174,0.002174,0.002174,0.002136,0.002098,0.002213,0.002174,0.002098,0.002136,0.002174,0.002136,0.002098,0.002136,0.002174,0.002213,0.002098,0.002136,0.002098,0.002098,0.002136,0.002136,0.002136,0.002174,0.002060,0.002098,0.002098,0.002098,0.002136,0.002136,0.002174,0.002098,0.002098,0.002136,0.002098,0.002098,0.002136,0.002174,0.002136,0.002174,0.002174,0.002136,0.002136,0.002174,0.002174,0.002174,0.002174,0.002174,0.002213,0.002136,0.002213,0.002174,0.002213,0.002251,0.002213,0.002213,0.002174,0.002174,0.002136,0.002213,0.002174,0.002174,0.002174,0.002174,0.002213,0.002213,0.002174,0.002213,0.002174,0.002174,0.002136,0.002060,0.002174,0.002136,0.002136,0.002136,0.002098,0.002098,0.002136,0.002136,0.002098,0.002098,0.002136,0.002098,0.002098,0.002060,0.002136,0.002060,0.002022,0.002098,0.002022,0.002022,0.002022,0.002060,0.002022,0.001984,0.001984,0.002022,0.002060,0.002060,0.002060,0.001984,0.002022,0.001984,0.002022,0.002060,0.002060,0.002060,0.002022,0.002098,0.002060,0.002060,0.002060,0.001984,0.002060,0.002060,0.002060,0.002098,0.002060,0.002098,0.002098,0.002060,0.002022,0.002060,0.002060,0.002098,0.002060,0.002098,0.002060,0.002022,0.002060,0.002098,0.002098,0.002136,0.002022,0.002060,0.002098,0.002098,0.002098,0.002098,0.002060,0.002060,0.002136,0.002098,0.002098,0.002174,0.002060,0.002098,0.002060,0.002060,0.002060,0.002098,0.002060,0.002098,0.002098,0.002098,0.002136,0.002136,0.002098,0.002060,0.002136,0.002174,0.002098,0.002136,0.002136,0.002136,0.002136,0.002136,0.002136,0.002174,0.002174,0.002174,0.002174,0.002174,0.002213,0.002213,0.002213,0.002289,0.002251,0.002251,0.002289,0.002289,0.002289,0.002289,0.002251,0.002327,0.002365,0.002365,0.002327,0.002327,0.002327,0.002327,0.002327,0.002365,0.002327,0.002327,0.002327,0.002365,0.002327,0.002327,0.002365,0.002289,0.002213,0.002251,0.002251,0.002213,0.002251,0.002251,0.002213,0.002213,0.002174,0.002136,0.002174,0.002136,0.002136,0.002136,0.002098,0.002098,0.002136,0.002098,0.002060,0.002060,0.002022,0.002060,0.002060,0.002060,0.002060,0.002060,0.002136,0.002098,0.002098,0.002098,0.002098,0.002136,0.002098,0.002060,0.002098,0.002098,0.002136,0.002136,0.002098,0.002098,0.002098,0.002136,0.002098,0.002098,0.002136,0.002098,0.002136,0.002136,0.002136,0.002213,0.002174,0.002174,0.002136,0.002213,0.002213,0.002213,0.002213,0.002174,0.002213,0.002213,0.002213,0.002213,0.002251,0.002251,0.002251,0.002289,0.002327,0.002251,0.002289,0.002289,0.002251,0.002289,0.002251,0.002251,0.002289,0.002251,0.002289,0.002251,0.002251,0.002213,0.002213,0.002174,0.002213,0.002174,0.002098,0.002098,0.002136,0.002136,0.002136,0.002136,0.002098,0.002022,0.002022,0.002060,0.002060,0.002060,0.002022,0.002060,0.002060,0.002022,0.002022,0.002022,0.002060,0.002060,0.001945,0.002060,0.002136,0.002060,0.002060,0.001984,0.001984,0.001984,0.002022,0.002022,0.002098,0.002098,0.002060,0.002022,0.002060,0.002098,0.002060,0.002022,0.002098,0.002098,0.002136,0.002098,0.002136,0.002174,0.002174,0.002251,0.002174,0.002174,0.002213,0.002213,0.002213,0.002174,0.002174,0.002174,0.002251,0.002213,0.002174,0.002213,0.002174,0.002213,0.002136,0.002136,0.002098,0.002136,0.002098,0.002060,0.002060,0.002022,0.002098,0.001984,0.001984,0.001984,0.002022,0.002022,0.002022,0.001984,0.001945,0.001984,0.001984,0.002022,0.001984,0.001984,0.002022,0.002022,0.002060,0.002022,0.002060,0.002136,0.002060,0.002098,0.002136,0.002098,0.002174,0.002136,0.002213,0.002136,0.002213,0.002251,0.002289,0.002289,0.002289,0.002327,0.002251,0.002251,0.002327,0.002327,0.002327,0.002327,0.002289,0.002289,0.002327,0.002327,0.002289,0.002365,0.002289,0.002213,0.002251,0.002213,0.002251,0.002251,0.002327,0.002251,0.002327,0.002289,0.002289,0.002289,0.002327,0.002251,0.002289,0.002289,0.002251,0.002289,0.002289,0.002289,0.002289,0.002251,0.002289,0.002251,0.002251,0.002289,0.002289,0.002251,0.002251,0.002289,0.002251,0.002289,0.002251,0.002251,0.002289,0.002251,0.002251,0.002251,0.002251,0.002251,0.002289,0.002251,0.002251,0.002251,0.002289,0.002289,0.002289,0.002327,0.002327,0.002251,0.002289,0.002289,0.002289,0.002289,0.002289,0.002289,0.002289,0.002289,0.002327,0.002327,0.002213,0.002213,0.002213,0.002327,0.002213,0.002213,0.002251,0.002213,0.002213,0.002213,0.002174,0.002174,0.002213,0.002136,0.002136,0.002174,0.002174,0.002136,0.002174,0.002174,0.002174,0.002174,0.002174,0.002136,0.002098,0.002174,0.002098,0.002098,0.002136,0.002098,0.002098,0.002022,0.002060,0.002060,0.002022,0.002098,0.002022,0.001984,0.001984,0.001945,0.001945,0.001907,0.001869,0.001907,0.001945,0.001869,0.001945,0.001945,0.001907,0.001831,0.001869,0.001869,0.001869,0.001907,0.001869,0.001869,0.001869,0.001869,0.001869,0.001907,0.001945,0.001907,0.001984,0.001984,0.002022,0.002022,0.002022,0.002060,0.002022,0.002098,0.002060,0.002022,0.002060,0.002098,0.002136,0.002060,0.002060,0.002098,0.002098,0.002060,0.002098,0.002098,0.002098,0.002060,0.002060,0.002136,0.002136,0.002136,0.002136,0.002174,0.002174,0.002136,0.002174,0.002213,0.002174,0.002213,0.002213,0.002251,0.002289,0.002289,0.002251,0.002289,0.002251,0.002289,0.002289,0.002251,0.002289,0.002289,0.002213,0.002251,0.002213,0.002213,0.002213,0.002174,0.002174,0.002136,0.002136,0.002136,0.002098,0.002098,0.002098,0.002098,0.002098,0.002060,0.002060,0.002060,0.002022,0.002022,0.002022,0.002022,0.001984,0.002060,0.001945,0.002022,0.001984,0.001984,0.002022,0.002022,0.002022,0.001945,0.001984,0.001945,0.001984,0.001984,0.002022,0.002022,0.001945,0.001984,0.001984,0.001984,0.002022,0.002022,0.001984,0.001984,0.001945,0.001945,0.001945,0.001945,0.002022,0.001945,0.001907,0.001945,0.001907,0.001907,0.001984,0.001945,0.001945,0.001945,0.002022,0.002022,0.002060,0.002060,0.002060,0.002022,0.002098,0.002136,0.002136,0.002060,0.002060,0.002060,0.002174,0.002136,0.002136,0.002136,0.002098,0.002136,0.002174,0.002174,0.002174,0.002213,0.002174,0.002174,0.002213,0.002136,0.002174,0.002136,0.002136,0.002174,0.002136,0.002136,0.002136,0.002136,0.002136,0.002136,0.002213,0.002174,0.002174,0.002136,0.002136,0.002213,0.002174,0.002174,0.002213,0.002174,0.002136,0.002136,0.002174,0.002136,0.002174,0.002136,0.002174,0.002174,0.002098,0.002174,0.002174,0.002136,0.002098,0.002136,0.002098,0.002098,0.002098,0.002098,0.002060,0.002060,0.002098,0.002060,0.002060,0.002098,0.002022,0.002022,0.002060,0.001984,0.001984,0.001984,0.001984,0.001984,0.001945,0.001945,0.002022,0.001984,0.001984,0.002022,0.001984,0.002022,0.001984,0.001984,0.001984,0.001907,0.002022,0.002022,0.002022,0.002022,0.002060,0.002060,0.002060,0.002022,0.001984,0.002060,0.002060,0.002060
29,19:00:00.000,12/31/1903,0.000000,0.100000,UNKNOWN,1,0/0,0.000000,0.000000,0.000000,0.000000,0.000000,0.000000,0.000000,0.000000,0,0,0,0,0.002213,0.002251,0.002251,0.002251,0.002213,0.002174,0.002174,0.002251,0.002213,0.002174,0.002213,0.002213,0.002213,0.002213,0.002251,0.002251,0.002251,0.002213,0.002213,0.002213,0.002213,0.002213,0.002213,0.002136,0.002174,0.002174,0.002174,0.002174,0.002174,0.002213,0.002174,0.002174,0.002136,0.002174,0.002174,0.002213,0.002174,0.002174,0.002174,0.002136,0.002136,0.002136,0.002136,0.002174,0.002136,0.002098,0.002136,0.002136,0.002136,0.002098,0.002098,0.002136,0.002098,0.002136,0.002136,0.002136,0.002136,0.002098,0.002136,0.002098,0.002098,0.002098,0.002098,0.002098,0.002136,0.002022,0.002136,0.002098,0.002060,0.002098,0.002060,0.002060,0.002060,0.002060,0.002136,0.002060,0.002060,0.002060,0.002060,0.002060,0.002060,0.002098,0.002098,0.002022,0.002022,0.002022,0.002098,0.002136,0.002136,0.002022,0.002022,0.002098,0.002136,0.002098,0.002060,0.002022,0.002098,0.002060,0.002098,0.002060,0.002098,0.002060,0.002060,0.002098,0.002136,0.002060,0.002098,0.002022,0.002022,0.002060,0.002136,0.002060,0.002060,0.002098,0.002098,0.002060,0.002098,0.002174,0.002098,0.002098,0.002098,0.002098,0.002098,0.002098,0.002098,0.002136,0.002098,0.002136,0.002098,0.002060,0.002136,0.002136,0.002060,0.002136,0.002098,0.002136,0.002098,0.002060,0.002098,0.002098,0.002174,0.002098,0.002060,0.002098,0.002098,0.002060,0.002098,0.002136,0.002136,0.002136,0.002136,0.002098,0.002098,0.002136,0.002213,0.002136,0.002136,0.002136,0.002098,0.002136,0.002136,0.002174,0.002136,0.002136,0.002213,0.002174,0.002174,0.002213,0.002213,0.002136,0.002174,0.002174,0.002174,0.002174,0.002136,0.002174,0.002136,0.002213,0.002174,0.002213,0.002251,0.002213,0.002174,0.002136,0.002213,0.002213,0.002213,0.002213,0.002136,0.002213,0.002213,0.002251,0.002174,0.002174,0.002174,0.002174,0.002136,0.002136,0.002136,0.002174,0.002136,0.002136,0.002174,0.002174,0.002174,0.002136,0.002098,0.002136,0.002174,0.002098,0.002136,0.002174,0.002174,0.002136,0.002136,0.002213,0.002174,0.002174,0.002136,0.002174,0.002213,0.002213,0.002213,0.002174,0.002174,0.002174,0.002213,0.002174,0.002136,0.002213,0.002213,0.002213,0.002174,0.002174,0.002251,0.002213,0.002174,0.002136,0.002213,0.002174,0.002174,0.002174,0.002251,0.002174,0.002213,0.002213,0.002251,0.002174,0.002251,0.002136,0.002136,0.002213,0.002289,0.002251,0.002174,0.002213,0.002213,0.002213,0.002174,0.002213,0.002213,0.002136,0.002098,0.002174,0.002213,0.002213,0.002174,0.002174,0.002136,0.002136,0.002136,0.002136,0.002136,0.002136,0.002136,0.002136,0.002098,0.002174,0.002098,0.002098,0.002136,0.002136,0.002060,0.002136,0.002136,0.002136,0.002098,0.002136,0.002098,0.002136,0.002098,0.002098,0.002098,0.002136,0.002136,0.002136,0.002098,0.002098,0.002098,0.002098,0.002098,0.002098,0.002098,0.002136,0.002136,0.002060,0.002060,0.002136,0.002098,0.002098,0.002060,0.002098,0.002098,0.002136,0.002136,0.002174,0.002098,0.002060,0.002060,0.002098,0.002098,0.002136,0.002098,0.002174,0.002098,0.002098,0.002136,0.002060,0.002060,0.002098,0.002098,0.002060,0.002098,0.002098,0.002098,0.002098,0.002136,0.002136,0.002136,0.002060,0.002136,0.002060,0.002136,0.002098,0.002098,0.002098,0.002022,0.002136,0.002098,0.002060,0.002098,0.002098,0.002136,0.002060,0.002098,0.002136,0.002098,0.002136,0.002098,0.002098,0.002136,0.002136,0.002136,0.002060,0.002136,0.002098,0.002136,0.002136,0.002174,0.002136,0.002060,0.002136,0.002136,0.002098,0.002098,0.002136,0.002098,0.002136,0.002060,0.002136,0.002174,0.002136,0.002060,0.002174,0.002174,0.002213,0.002136,0.002136,0.002174,0.002213,0.002136,0.002136,0.002136,0.002136,0.002174,0.002174,0.002136,0.002136,0.002174,0.002213,0.002174,0.002136,0.002174,0.002174,0.002213,0.002174,0.002174,0.002213,0.002213,0.002174,0.002174,0.002213,0.002174,0.002174,0.002213,0.002136,0.002174,0.002251,0.002213,0.002174,0.002251,0.002213,0.002136,0.002174,0.002251,0.002251,0.002251,0.002251,0.002213,0.002251,0.002251,0.002213,0.002251,0.002213,0.002251,0.002213,0.002174,0.002213,0.002174,0.002213,0.002174,0.002136,0.002213,0.002136,0.002136,0.002136,0.002174,0.002174,0.002213,0.002174,0.002213,0.002213,0.002213,0.002136,0.002136,0.002136,0.002098,0.002098,0.002174,0.002136,0.002136,0.002098,0.002174,0.002098,0.002098,0.002098,0.002060,0.002098,0.002098,0.002098,0.002060,0.002060,0.002098,0.002060,0.002060,0.002022,0.002022,0.002022,0.002060,0.002060,0.002060,0.002060,0.002022,0.002098,0.002022,0.002060,0.002022,0.002060,0.002022,0.001945,0.002022,0.002022,0.002022,0.002022,0.002022,0.002060,0.002022,0.002022,0.001984,0.001984,0.002060,0.002098,0.002060,0.002022,0.002022,0.002022,0.002060,0.002060,0.002022,0.002060,0.002098,0.002060,0.002060,0.002022,0.002060,0.002060,0.002022,0.001984,0.002022,0.002022,0.001984,0.002022,0.002136,0.002060,0.002098,0.002060,0.002060,0.002022,0.002098,0.002060,0.002060,0.002098,0.002098,0.002098,0.002060,0.002136,0.002098,0.002098,0.002098,0.002098,0.002136,0.002098,0.002098,0.002136,0.002136,0.002136,0.002136,0.002136,0.002136,0.002174,0.002174,0.002098,0.002136,0.002213,0.002213,0.002213,0.002174,0.002174,0.002213,0.002174,0.002136,0.002213,0.002136,0.002213,0.002174,0.002174,0.002136,0.002174,0.002136,0.002174,0.002136,0.002213,0.002174,0.002174,0.002136,0.002174,0.002213,0.002251,0.002213,0.002213,0.002213,0.002213,0.002213,0.002213,0.002213,0.002136,0.002136,0.002213,0.002174,0.002213,0.002136,0.002136,0.002174,0.002174,0.002174,0.002136,0.002136,0.002098,0.002136,0.002136,0.002098,0.002136,0.002136,0.002098,0.002098,0.002098,0.002098,0.002098,0.002098,0.002060,0.002136,0.002098,0.002060,0.002060,0.002098,0.002060,0.002098,0.002098,0.002098,0.002098,0.002022,0.002060,0.002098,0.002098,0.002136,0.002136,0.002098,0.002098,0.002136,0.002098,0.002098,0.002136,0.002136,0.002098,0.002098,0.002098,0.002060,0.002098,0.002098,0.002060,0.002136,0.002098,0.002098,0.002060,0.002098,0.002136,0.002136,0.002098,0.002098,0.002136,0.002098,0.002174,0.002060,0.002136,0.002098,0.002136,0.002136,0.002022,0.002060,0.002098,0.002098,0.002136,0.002098,0.002098,0.002060,0.002060,0.002098,0.002098,0.002098,0.002022,0.002060,0.002136,0.002136,0.002098,0.002060,0.002136,0.002098,0.002060,0.002060,0.002060,0.002060,0.002098,0.002098,0.002022,0.002022,0.002060,0.002060,0.002060,0.002022,0.002022,0.001984,0.002022,0.001984,0.002022,0.001945,0.001984,0.001984,0.001984,0.001945,0.001907,0.001869,0.001907,0.001869,0.001831,0.001831,0.001831,0.001831,0.001831,0.001793,0.001793,0.001717,0.001678,0.001678,0.001678,0.001564,0.001602,0.001602,0.001564,0.001564,0.001488,0.001488,0.001526,0.001564,0.001526,0.001602,0.001602,0.001640,0.001755,0.001831,0.001945,0.002060,0.002327,0.002441,0.002670,0.002937,0.003204,0.003433,0.003700,0.004005,0.004311,0.004692,0.005074,0.005341,0.005722,0.006180,0.006485,0.006790,0.007095,0.007286,0.007477,0.007553,0.007591,0.007477,0.007324,0.007095,0.006752,0.006371,0.005875,0.005379,0.004883,0.004311,0.003738,0.003090,0.002518,0.001984,0.001373,0.000763,0.000191,-0.000381,-0.000992,-0.001678,-0.002251,-0.002899,-0.003357,-0.003929,-0.004387,-0.004730,-0.005074,-0.005226,-0.005341,-0.005341,-0.005188,-0.004997,-0.004616,-0.004234,-0.003777,-0.003357,-0.002823,-0.002289,-0.001755,-0.001259,-0.000801,-0.000267,0.000114,0.000420,0.000801,0.001106,0.001373,0.001717,0.001831,0.002022,0.002213,0.002365,0.002365,0.002480,0.002518,0.002632,0.002708,0.002785,0.002861,0.002937,0.003014,0.003052,0.003052,0.003128,0.003242,0.003281,0.003357,0.003433,0.003471,0.003548,0.003662,0.003777,0.003929,0.003929,0.004120,0.004272,0.004387,0.004463,0.004616,0.004692,0.004768,0.004768,0.004845,0.004883,0.004768,0.004730,0.004730,0.004654,0.004578,0.004463,0.004349,0.004234,0.004234,0.004120,0.003967,0.003891,0.003738,0.003624,0.003433,0.003395,0.003242,0.003090,0.002975,0.002861,0.002747,0.002632,0.002556,0.002480,0.002441,0.002327,0.002327,0.002213,0.002098,0.002060,0.002022,0.001945,0.001945,0.001907,0.001907,0.001907,0.001869,0.001831,0.001793,0.001831,0.001831,0.001907,0.001869,0.001907,0.001945,0.001984,0.002022,0.002060,0.002098,0.002098,0.002098,0.002098,0.002060,0.002060,0.002022,0.001984,0.001945,0.001945,0.001945,0.001907,0.001869,0.001869,0.001793,0.001793,0.001831,0.001793,0.001793,0.001755,0.001793,0.001755,0.001678,0.001678,0.001678,0.001602,0.001526,0.001526,0.001488,0.001488,0.001488,0.001526,0.001526,0.001602,0.001602,0.001717,0.001717,0.001793,0.001869,0.001907,0.001907,0.001984,0.001984,0.001984,0.001984,0.001984,0.001907,0.001945,0.001945,0.001907,0.001907,0.001945,0.001945,0.001869,0.001831,0.001945,0.001984,0.001945,0.001984,0.002060,0.002022,0.002098,0.002022,0.002022,0.002022,0.001984,0.001945,0.001907,0.001945,0.001869,0.001907,0.001945,0.001869,0.001869,0.001945,0.001945,0.001984,0.002022,0.002098,0.002060,0.002174,0.002251,0.002289,0.002365,0.002441,0.002441,0.002518,0.002556,0.002594,0.002632,0.002632,0.002670,0.002556,0.002556,0.002518,0.002403,0.002365,0.002327,0.002289,0.002213,0.002098,0.002060,0.002060,0.001984,0.001945,0.001907,0.001869,0.001907,0.001907,0.001907,0.001945,0.001907,0.001945,0.001984,0.001945,0.001945,0.001907,0.001907,0.001831,0.001755,0.001831,0.001717,0.001640,0.001602,0.001602,0.001602,0.001526,0.001488,0.001526,0.001488,0.001450,0.001411,0.001488,0.001450,0.001450,0.001450,0.001450,0.001450,0.001488,0.001450,0.001526,0.001526,0.001602,0.001602,0.001678,0.001755,0.001755,0.001869,0.001907,0.001945,0.002022,0.002098,0.002174,0.002289,0.002365,0.002441,0.002480,0.002594,0.002670,0.002670,0.002708,0.002785,0.002785,0.002861,0.002861,0.002823,0.002823,0.002861,0.002823,0.002823,0.002785,0.002785,0.002823,0.002785,0.002747,0.002708,0.002708,0.002708,0.002670,0.002708,0.002708,0.002708,0.002670,0.002632,0.002670,0.002594,0.002556,0.002518,0.002518,0.002518,0.002441,0.002403,0.002327,0.002289,0.002251,0.002289,0.002213,0.002251,0.002251,0.002174,0.002174,0.002174,0.002213,0.002213,0.002213,0.002174,0.002213,0.002136,0.002213,0.002213,0.002174,0.002174,0.002136,0.002174,0.002098,0.002098,0.002098,0.002136,0.002174,0.002136,0.002098,0.002174,0.002213,0.002213,0.002251,0.002289,0.002365,0.002403,0.002403,0.002441,0.002480,0.002594,0.002556,0.002632,0.002632,0.002670,0.002670,0.002632,0.002708,0.002670,0.002594,0.002556,0.002518,0.002518,0.002327,0.002327,0.002251,0.002213,0.002136,0.002060,0.001984,0.001945,0.001869,0.001831,0.001793,0.001755,0.001755,0.001755,0.001755,0.001793,0.001831,0.001831,0.001869,0.001869,0.001907,0.001945,0.002022,0.002060,0.002136,0.002174,0.002213,0.002213,0.002174,0.002213,0.002213,0.002251,0.002251,0.002213,0.002213,0.002174,0.002098,0.002060,0.002098,0.002060,0.001984,0.001984,0.001984,0.001907,0.001907,0.001907,0.001869,0.001869,0.001793,0.001717,0.001755,0.001717,0.001678,0.001678,0.001678,0.001640,0.001602,0.001602,0.001640,0.001640,0.001640,0.001640,0.001717,0.001678,0.001717,0.001755,0.001793,0.001869,0.001869,0.001907,0.001869,0.001984,0.001984,0.001984,0.001945,0.002060,0.002098,0.002098,0.002098,0.002136,0.002136,0.002174,0.002174,0.002136,0.002174,0.002251,0.002213,0.002251,0.002213,0.002251,0.002213,0.002213,0.002251,0.002251,0.002289,0.002213,0.002251,0.002213,0.002213,0.002213,0.002251,0.002174,0.002213,0.002213,0.002213,0.002213,0.002251,0.002213,0.002174,0.002213,0.002213,0.002213,0.002251,0.002251,0.002251,0.002289,0.002213,0.002251,0.002251,0.002251,0.002289,0.002289,0.002213,0.002174,0.002251,0.002251,0.002213,0.002174,0.002213,0.002098,0.002136,0.002136,0.002060,0.002060,0.001984,0.002022,0.001984,0.001907,0.001945,0.001869,0.001831,0.001831,0.001831,0.001831,0.001793,0.001793,0.001755,0.001755,0.001755,0.001717,0.001755,0.001717,0.001755,0.001755,0.001678,0.001755,0.001755,0.001717,0.001793,0.001793,0.001831,0.001831,0.001869,0.001945,0.001945,0.002060,0.002060,0.002060,0.002098,0.002251,0.002213,0.002289,0.002327,0.002365,0.002365,0.002441,0.002403,0.002441,0.002480,0.002480,0.002480,0.002441,0.002480,0.002480,0.002556,0.002594,0.002518,0.002518,0.002556,0.002556,0.002594,0.002518,0.002556,0.002556,0.002518,0.002518,0.002594,0.002632,0.002480,0.002480,0.002556,0.002441,0.002403,0.002403,0.002441,0.002403,0.002327,0.002365,0.002251,0.002251,0.002174,0.002136,0.002098,0.002098,0.002098,0.002060,0.002060,0.002022,0.001984,0.002060,0.002060,0.002022,0.001984,0.002060,0.002060,0.002098,0.002136,0.002098,0.002136,0.002213,0.002251,0.002289,0.002289,0.002365,0.002403,0.002403,0.002403,0.002403,0.002403,0.002403,0.002365,0.002289,0.002327,0.002365,0.002327,0.002289,0.002289,0.002251,0.002136,0.002174,0.002136,0.002136,0.002060,0.002060,0.002060,0.001984,0.001984,0.001945,0.001907,0.001869,0.001907,0.001869,0.001869,0.001831,0.001831,0.001831,0.001831,0.001793,0.001793,0.001831,0.001793,0.001793,0.001793,0.001793,0.001793,0.001793,0.001793,0.001793,0.001831,0.001831,0.001831,0.001793,0.001755,0.001869,0.001831,0.001793,0.001755,0.001831,0.001793,0.001793,0.001793,0.001831,0.001869,0.001831,0.001869,0.001945,0.001907,0.001945,0.001984,0.001984,0.002060,0.002060,0.002098,0.002136,0.002174,0.002174,0.002213,0.002213,0.002289,0.002289,0.002327,0.002327,0.002289,0.002365,0.002289,0.002365,0.002365,0.002365,0.002289,0.002327,0.002327,0.002289,0.002289,0.002327,0.002289,0.002251,0.002213,0.002213,0.002213,0.002174,0.002174,0.002174,0.002174,0.002136,0.002098,0.002098,0.002136,0.002136,0.002136,0.002174,0.002136,0.002136,0.002213,0.002174,0.002136,0.002136,0.002136,0.002213,0.002136,0.002174,0.002174,0.002174,0.002136,0.002174,0.002174,0.002213,0.002174,0.002136,0.002136,0.002174,0.002213,0.002174,0.002174,0.002136,0.002213,0.002174,0.002174,0.002251,0.002251,0.002289,0.002289,0.002213,0.002213,0.002251,0.002251,0.002213,0.002289,0.002213,0.002213,0.002213,0.002174,0.002174,0.002098,0.002136,0.002098,0.002060,0.002098,0.002060,0.002060,0.002060,0.002060,0.002098,0.002022,0.002060,0.002022,0.002098,0.002098,0.002098,0.002136,0.002060,0.002098,0.002098,0.002098,0.002136,0.002098,0.002136,0.002174,0.002098,0.002136,0.002098,0.002213,0.002174,0.002136,0.002251,0.002174,0.002174,0.002251,0.002327,0.002251,0.002213,0.002251,0.002213,0.002213,0.002213,0.002174,0.002213,0.002174,0.002098,0.002098,0.002098,0.002098,0.002022,0.002022,0.002022,0.001984,0.001945,0.001945,0.001984,0.001984,0.001907,0.001984,0.001945,0.002022,0.001984,0.001907,0.001984,0.002022,0.002060,0.002022,0.001984,0.002060,0.002060,0.002136,0.002060,0.002136,0.002098,0.002136,0.002136,0.002136,0.002098,0.002098,0.002060,0.002136,0.002098,0.002136,0.002174,0.002136,0.002136,0.002136,0.002098,0.002098,0.002098,0.002136,0.002136,0.002098,0.002098,0.002060,0.002060,0.002022,0.002060,0.001984,0.002022,0.001945,0.001984,0.001984,0.001945,0.001984,0.001945,0.001907,0.001945,0.001984,0.002022,0.001984,0.001984,0.002060,0.002022,0.002098,0.002060,0.002098,0.002098,0.002174,0.002174,0.002136,0.002136,0.002251,0.002213,0.002213,0.002251,0.002251,0.002289,0.002289,0.002327,0.002327,0.002327,0.002327,0.002365,0.002365,0.002327,0.002365,0.002365,0.002403,0.002480,0.002365,0.002327,0.002365,0.002403,0.002365,0.002289,0.002327,0.002289,0.002251,0.002289,0.002289,0.002251,0.002213,0.002251,0.002251,0.002251,0.002213,0.002136,0.002136,0.002174,0.002174,0.002174,0.002136,0.002136,0.002136,0.002174,0.002098,0.002060,0.002060,0.002022,0.002060,0.002022,0.002060,0.002136,0.002098,0.002136,0.002213,0.002136,0.002213,0.002251,0.002251,0.002327,0.002365,0.002403,0.002403,0.002403,0.002480,0.002518,0.002556,0.002594,0.002670,0.002708,0.002747,0.002785,0.002785,0.002785,0.002785,0.002823,0.002747,0.002747,0.002785,0.002747,0.002708,0.002632,0.002594,0.002594,0.002518,0.002518,0.002441,0.002441,0.002441,0.002365,0.002365,0.002289,0.002289,0.002251,0.002174,0.002136,0.002060,0.002060,0.001984,0.001869,0.001869,0.001717,0.001602,0.001488,0.001411,0.001373,0.001259,0.001183,0.001106,0.001030,0.000992,0.000954,0.000992,0.000916,0.000992,0.000992,0.001068,0.001068,0.001183,0.001221,0.001373,0.001450,0.001564,0.001640,0.001678,0.001831,0.001907,0.001984,0.002060,0.002174,0.002251,0.002289,0.002327,0.002327,0.002365,0.002403,0.002403,0.002441,0.002480,0.002441,0.002441,0.002403,0.002403,0.002403,0.002327,0.002289,0.002289,0.002289,0.002251,0.002251,0.002213,0.002213,0.002213,0.002251,0.002327,0.002251,0.002327,0.002327,0.002365,0.002403,0.002403,0.002403,0.002441,0.002518,0.002594,0.002556,0.002556,0.002556,0.002632,0.002632,0.002556,0.002556,0.002556,0.002556,0.002556,0.002480,0.002441,0.002365,0.002403,0.002365,0.002251,0.002327,0.002289,0.002213,0.002213,0.002174,0.002098,0.002060,0.002136,0.002060,0.001984,0.002060,0.002022,0.001945,0.001984,0.001984,0.002060,0.001984,0.002060,0.002022,0.002060,0.002022,0.002060,0.002022,0.002060,0.002060,0.002060,0.002098,0.002060,0.002060,0.002060,0.002060,0.002060,0.002060,0.002060,0.002022,0.002022,0.001984,0.002060,0.002022,0.001984,0.002022,0.002022,0.002022,0.001984,0.002060,0.001984,0.002022,0.002060,0.001984,0.002098,0.002060,0.002060,0.002060,0.002098,0.002098,0.002098,0.002098,0.002098,0.002060,0.002174,0.002136,0.002174,0.002213,0.002213,0.002251,0.002289,0.002289,0.002251,0.002251,0.002327,0.002327,0.002365,0.002403,0.002365,0.002403,0.002403,0.002403,0.002441,0.002441,0.002441,0.002441,0.002441,0.002403,0.002441,0.002403,0.002365,0.002441,0.002365,0.002403,0.002327,0.002289,0.002365,0.002365,0.002327,0.002289,0.002213,0.002251,0.002251,0.002213,0.002174,0.002098,0.002174,0.002174,0.002174,0.002098,0.002136,0.002174,0.002213,0.002174,0.002098,0.002098,0.002174,0.002098,0.002174,0.002174,0.002251,0.002213,0.002213,0.002289,0.002289,0.002289,0.002289,0.002327,0.002289,0.002289,0.002327,0.002365,0.002327,0.002365,0.002403,0.002480,0.002441,0.002403,0.002480,0.002441,0.002480,0.002403,0.002365,0.002365,0.002327,0.002403,0.002365,0.002289,0.002289,0.002289,0.002251,0.002213,0.002136,0.002098,0.002136,0.002098,0.001984,0.002022,0.001984,0.001984,0.001984,0.001984,0.001945,0.001907,0.001945,0.001907,0.001869,0.001945,0.001907,0.001793,0.001869,0.001907,0.001869,0.001793,0.001793,0.001831,0.001831,0.001869,0.001831,0.001831,0.001831,0.001907,0.001907,0.001907,0.001907,0.001869,0.001869,0.001907,0.001907,0.001984,0.002022,0.001984,0.001945,0.001984,0.002060,0.002060,0.002060,0.002098,0.002060,0.002098,0.002098,0.002174,0.002136,0.002213,0.002213,0.002213,0.002174,0.002174,0.002213,0.002213,0.002213,0.002289,0.002251,0.002289,0.002213,0.002251,0.002251,0.002174,0.002174,0.002251,0.002213,0.002251,0.002174,0.002174,0.002174,0.002174,0.002136,0.002098,0.002098,0.002098,0.002098,0.002174,0.002136,0.002136,0.002174,0.002136,0.002213,0.002213,0.002174,0.002136,0.002136,0.002251,0.002251,0.002251,0.002213,0.002174,0.002174,0.002136,0.002098,0.002174,0.002174,0.002060,0.002060,0.002060,0.001945,0.001984,0.002022,0.001984,0.001984,0.001907,0.001945,0.001907,0.001869,0.001869,0.001869,0.001907,0.001869,0.001869,0.001984,0.001945,0.001945,0.001984,0.001984,0.001945,0.001984,0.001984,0.002022,0.002098,0.002136,0.002098,0.002098,0.002098,0.002098,0.002136,0.002098,0.002136,0.002136,0.002174,0.002136,0.002136,0.002174,0.002098,0.002136,0.002136,0.002098,0.002136,0.002098,0.002098,0.002098,0.002136,0.002098,0.002098,0.002098,0.002060,0.002098,0.002060,0.002098,0.002136,0.002136,0.002174,0.002136,0.002174,0.002251,0.002251,0.002213,0.002251,0.002251,0.002289,0.002289,0.002327,0.002327,0.002327,0.002327,0.002289,0.002365,0.002327,0.002327,0.002289,0.002289,0.002327,0.002289,0.002289,0.002289,0.002251,0.002251,0.002213,0.002251,0.002251,0.002251,0.002213,0.002136,0.002251,0.002174,0.002136,0.002174,0.002136,0.002136,0.002174,0.002136,0.002136,0.002098,0.002136,0.002174,0.002136,0.002174,0.002098,0.002136,0.002174,0.002213,0.002251,0.002213,0.002213,0.002251,0.002251,0.002213,0.002251,0.002365,0.002289,0.002289,0.002327,0.002289,0.002365,0.002327,0.002365,0.002327,0.002289,0.002365,0.002289,0.002327,0.002289,0.002289,0.002289,0.002251,0.002289,0.002213,0.002213,0.002213,0.002174,0.002174,0.002174,0.002098,0.002098,0.002098,0.002136,0.002060,0.002060,0.002022,0.002022,0.001945,0.001945,0.001945,0.001907,0.001907,0.001869,0.001869,0.001831,0.001793,0.001755,0.001793,0.001717,0.001755,0.001755,0.001793,0.001717,0.001717,0.001755,0.001755,0.001755,0.001755,0.001755,0.001793,0.001717,0.001755,0.001793,0.001831,0.001793,0.001793,0.001793,0.001793,0.001793,0.001793,0.001831,0.001869,0.001831,0.001869,0.001831,0.001755,0.001869,0.001831,0.001869,0.001907,0.001945,0.001945,0.001945,0.001945,0.001984,0.002022,0.002060,0.002060,0.002060,0.002098,0.002098,0.002174,0.002213,0.002289,0.002251,0.002251,0.002251,0.002289,0.002365,0.002327,0.002327,0.002403,0.002403,0.002441,0.002365,0.002441,0.002441,0.002403,0.002441,0.002441,0.002441,0.002441,0.002403,0.002403,0.002365,0.002403,0.002327,0.002327,0.002365,0.002327,0.002327,0.002289,0.002289,0.002251,0.002251,0.002251,0.002174,0.002213,0.002174,0.002174,0.002213,0.002136,0.002098,0.002136,0.002098,0.002098,0.002060,0.002060,0.002098,0.002060,0.002060,0.002060,0.002060,0.002060,0.002060,0.002098,0.002060,0.002060,0.002060,0.002060,0.002098,0.002098,0.002060,0.002060,0.002060,0.002022,0.002060,0.001984,0.002022,0.002022,0.001945,0.001907,0.001984,0.001945,0.001984,0.002022,0.001984,0.002022,0.001984,0.002022,0.002022,0.001984,0.001945,0.001945,0.001984,0.002022,0.002060,0.002098,0.002098,0.002136,0.002060,0.002136,0.002098,0.002098,0.002136,0.002136,0.002174,0.002174,0.002213,0.002213,0.002213,0.002213,0.002174,0.002136,0.002174,0.002174,0.002136,0.002136,0.002136,0.002136,0.002174,0.002174,0.002174,0.002136,0.002136,0.002136,0.002174,0.002098,0.002136,0.002174,0.002136,0.002136,0.002136,0.002174,0.002136,0.002136,0.002174,0.002213,0.002213,0.002251,0.002213,0.002251,0.002251,0.002251,0.002289,0.002251,0.002289,0.002289,0.002289,0.002174,0.002213,0.002289,0.002289,0.002251,0.002213,0.002251,0.002251,0.002213,0.002174,0.002174,0.002174,0.002136,0.002213,0.002213,0.002136,0.002174,0.002174,0.002213,0.002251,0.002136,0.002213,0.002213,0.002174,0.002213,0.002213,0.002213,0.002213,0.002174,0.002213,0.002136,0.002174,0.002136,0.002098,0.002098,0.002060,0.002136,0.002060,0.002060,0.002060,0.002022,0.002136,0.002022,0.002022,0.002098,0.002022,0.001984,0.001984,0.002022,0.001984,0.002022,0.001984,0.001984,0.001984,0.001907,0.001907,0.001945,0.001945,0.001984,0.001945,0.001945,0.002022,0.001945,0.001984,0.001984,0.001945,0.001945,0.001907,0.001907,0.001945,0.001945,0.001945,0.001984,0.002022,0.002022,0.001984,0.001984,0.001984,0.002022,0.001984,0.002022,0.002098,0.002060,0.002022,0.002022,0.002098,0.002098,0.002098,0.002060,0.002136,0.002136,0.002136,0.002174,0.002174,0.002174,0.002174,0.002213,0.002251,0.002174,0.002174,0.002213,0.002213,0.002251,0.002251,0.002213,0.002174,0.002213,0.002251,0.002213,0.002174,0.002251,0.002213,0.002213,0.002174,0.002174,0.002174,0.002174,0.002213,0.002098,0.002174,0.002174,0.002174,0.002213,0.002136,0.002174,0.002174,0.002174,0.002174,0.002174,0.002174,0.002213,0.002213,0.002174,0.002251,0.002289,0.002213,0.002213,0.002213,0.002174,0.002251,0.002213,0.002213,0.002251,0.002136,0.002174,0.002174,0.002174,0.002251,0.002213,0.002213,0.002174,0.002174,0.002213,0.002213,0.002213,0.002174,0.002174,0.002213,0.002174,0.002174,0.002136,0.002213,0.002174,0.002213,0.002174,0.002136,0.002174,0.002136,0.002174,0.002174,0.002174,0.002213,0.002174,0.002174,0.002098,0.002136,0.002098,0.002136,0.002174,0.002174,0.002136,0.002213,0.002213,0.002136,0.002136,0.002136,0.002098,0.002098,0.002136,0.002174,0.002174,0.002136,0.002136,0.002136,0.002174,0.002213,0.002174,0.002174,0.002174,0.002136,0.002174,0.002174,0.002213,0.002213,0.002174,0.002174,0.002136,0.002213,0.002213,0.002174,0.002213,0.002174,0.002213,0.002174,0.002136,0.002174,0.002136,0.002136,0.002060,0.002098,0.002098,0.002136,0.002098,0.002136,0.002060,0.002136,0.002098,0.002060,0.002060,0.002060,0.002098,0.002136,0.002098,0.002022,0.002060,0.002060,0.002022,0.002022,0.002060,0.002136,0.002098,0.002098,0.002098,0.002098,0.002136,0.002136,0.002213,0.002289,0.002174,0.002251,0.002213,0.002213,0.002289,0.002365,0.002327,0.002289,0.002327,0.002365,0.002365,0.002441,0.002365,0.002403,0.002441,0.002403,0.002441,0.002480,0.002441,0.002480,0.002441,0.002403,0.002403,0.002289,0.002327,0.002327,0.002289,0.002213,0.002174,0.002136,0.002098,0.002098,0.001984,0.002022,0.001945,0.001945,0.001907,0.001945,0.002022,0.001907,0.001793,0.001831,0.001869,0.001869,0.001869,0.001869,0.001907,0.001907,0.001984,0.001984,0.001984,0.001945,0.001945,0.002022,0.002060,0.002098,0.002098,0.002136,0.002174,0.002136,0.002136,0.002174,0.002136,0.002136,0.002060,0.002098,0.002022,0.002022,0.002098,0.001984,0.002022,0.001984,0.002022,0.002060,0.001984,0.002060,0.002060,0.002060,0.002060,0.002060,0.002098,0.002098,0.002136,0.002136,0.002136,0.002098,0.002136,0.002136,0.002136,0.002174,0.002213,0.002213,0.002251,0.002251,0.002251,0.002289,0.002327,0.002289,0.002289,0.002289,0.002365,0.002327,0.002403,0.002327,0.002365,0.002289,0.002289,0.002365,0.002289,0.002289,0.002327,0.002251,0.002289,0.002289,0.002289,0.002289,0.002327,0.002327,0.002365,0.002327,0.002289,0.002289,0.002365,0.002365,0.002365,0.002327,0.002327,0.002289,0.002251,0.002289,0.002289,0.002327,0.002289,0.002213,0.002174,0.002174,0.002213,0.002136,0.002136,0.002098,0.002022,0.002060,0.002022,0.002022,0.002060,0.001945,0.001984,0.001945,0.001945,0.001869,0.001869,0.001869,0.001907,0.001793,0.001869,0.001869,0.001793,0.001793,0.001869,0.001831,0.001869,0.001869,0.001793,0.001907,0.001907,0.001869,0.001869,0.001869,0.001907,0.001907,0.001907,0.001984,0.001945,0.001984,0.001984,0.002060,0.002022,0.002022,0.002060,0.002098,0.002136,0.002098,0.002136,0.002136,0.002136,0.002174,0.002136,0.002098,0.002060,0.002060,0.002174,0.002174,0.002136,0.002174,0.002136,0.002213,0.002174,0.002136,0.002174,0.002174,0.002174,0.002098,0.002174,0.002174,0.002174,0.002174,0.002136,0.002136,0.002174,0.002213,0.002213,0.002136,0.002174,0.002174,0.002213,0.002213,0.002213,0.002251,0.002251,0.002213,0.002213,0.002174,0.002213,0.002213,0.002251,0.002213,0.002213,0.002251,0.002213,0.002251,0.002289,0.002251,0.002289,0.002251,0.002289,0.002327,0.002251,0.002251,0.002213,0.002289,0.002251,0.002213,0.002213,0.002251,0.002289,0.002213,0.002174,0.002174,0.002136,0.002174,0.002136,0.002060,0.002060,0.002060,0.002098,0.002022,0.002060,0.002060,0.002022,0.002022,0.002022,0.002022,0.002022,0.002098,0.002060,0.002098,0.002174,0.002174,0.002136,0.002174,0.002136,0.002213,0.002213,0.002098,0.002136,0.002136,0.002213,0.002098,0.002060,0.002060,0.002060,0.002060,0.002060,0.002022,0.002022,0.001984,0.001945,0.001945,0.001907,0.001907,0.001945,0.001907,0.001869,0.001907,0.001945,0.001945,0.001945,0.001945,0.001984,0.002022,0.002022,0.002022,0.002022,0.002098,0.002060,0.002098,0.002098,0.002060,0.002136,0.002174,0.002174,0.002174,0.002213,0.002174,0.002213,0.002213,0.002174,0.002174,0.002174,0.002136,0.002174,0.002136,0.002174,0.002136,0.002060,0.002098,0.002022,0.002136,0.002060,0.002098,0.002022,0.002022,0.002022,0.002022,0.001984,0.002060,0.002060,0.002060,0.002060,0.002098,0.002098,0.002060,0.002098,0.002060,0.002022,0.002098,0.002098,0.002098,0.002060,0.002213,0.002213,0.002251,0.002174,0.002251,0.002251,0.002213,0.002251,0.002289,0.002289,0.002289,0.002251,0.002327,0.002327,0.002327,0.002365,0.002365,0.002365,0.002441,0.002327,0.002365,0.002327,0.002365,0.002327,0.002327,0.002251,0.002251,0.002289,0.002213,0.002251,0.002251,0.002213,0.002251,0.002174,0.002213,0.002174,0.002174,0.002136,0.002098,0.002060,0.002136,0.002136,0.002136,0.002098,0.002098,0.002098,0.002060,0.002060,0.002136,0.002098,0.002098,0.002136,0.002098,0.002060,0.002060,0.002022,0.002022,0.002060,0.002022,0.002022,0.001945,0.001984,0.001984,0.001945,0.001945,0.001945,0.001945,0.001907,0.001793,0.001831,0.001831,0.001793,0.001831,0.001831,0.001831,0.001831,0.001869,0.001869,0.001831,0.001831,0.001869,0.001907,0.001869,0.001907,0.001907,0.001907,0.001907,0.001907,0.001984,0.001984,0.001984,0.001984,0.001945,0.002022,0.002022,0.001984,0.002022,0.001984,0.002022,0.002022,0.001984,0.001945,0.001945,0.002022,0.001984,0.002022,0.001984,0.001945,0.002022,0.002022,0.002022,0.002022,0.001984,0.001984,0.001984,0.002022,0.002060,0.002060,0.002098,0.002022,0.002136,0.002098,0.002098,0.002060,0.002060,0.002136,0.002098,0.002136,0.002174,0.002213,0.002289,0.002251,0.002213,0.002174,0.002213,0.002251,0.002213,0.002289,0.002174,0.002289,0.002289,0.002251,0.002327,0.002327,0.002403,0.002365,0.002327,0.002441,0.002403,0.002441,0.002441,0.002441,0.002403,0.002403,0.002480,0.002518,0.002480,0.002480,0.002480,0.002480,0.002403,0.002441,0.002403,0.002403,0.002403,0.002327,0.002289,0.002289,0.002251,0.002251,0.002174,0.002174,0.002136,0.002060,0.002060,0.001984,0.002022,0.001945,0.001945,0.001907,0.001831,0.001907,0.001793,0.001831,0.001869,0.001831,0.001793,0.001831,0.001793,0.001793,0.001793,0.001831,0.001831,0.001869,0.001869,0.001907,0.001907,0.001945,0.001984,0.001945,0.001984,0.002022,0.001945,0.001945,0.002060,0.002022,0.002098,0.002022,0.002060,0.002060,0.002098,0.002098,0.002098,0.002174,0.002174,0.002174,0.002289,0.002213,0.002174,0.002213,0.002213,0.002251,0.002251,0.002327,0.002251,0.002365,0.002289,0.002289,0.002365,0.002327,0.002327,0.002327,0.002365,0.002365,0.002327,0.002403,0.002365,0.002365,0.002365,0.002403,0.002327,0.002289,0.002365,0.002327,0.002327,0.002403,0.002365,0.002327,0.002403,0.002365,0.002365,0.002327,0.002403,0.002327,0.002251,0.002327,0.002327,0.002327,0.002327,0.002289,0.002289,0.002289,0.002327,0.002327,0.002251,0.002213,0.002213,0.002213,0.002213,0.002213,0.002174,0.002213,0.002213,0.002213,0.002213,0.002213,0.002174,0.002136,0.002136,0.002136,0.002174,0.002136,0.002213,0.002213,0.002136,0.002060,0.002098,0.002136,0.002136,0.002136,0.002060,0.002060,0.002022,0.001984,0.002022,0.002022,0.002022,0.002022,0.001945,0.001984,0.001907,0.002022,0.001945,0.001907,0.001945,0.001907,0.001984,0.001984,0.001907,0.001907,0.001945,0.001984,0.002022,0.001984,0.001984,0.001984,0.002022,0.001984,0.002022,0.001984,0.002022,0.002060,0.002060,0.002098,0.002060,0.002060,0.002022,0.002060,0.002098,0.002098,0.002136,0.002136,0.002136,0.002136,0.002136,0.002136,0.002174,0.002174,0.002174,0.002136,0.002213,0.002174,0.002251,0.002289,0.002289,0.002289,0.002251,0.002213,0.002289,0.002289,0.002327,0.002289,0.002327,0.002289,0.002327,0.002365,0.002289,0.002327,0.002327,0.002365,0.002365,0.002251,0.002289,0.002251,0.002251,0.002327,0.002251,0.002289,0.002251,0.002213,0.002213,0.002251,0.002213,0.002174,0.002213,0.002213,0.002213,0.002213,0.002174,0.002136,0.002136,0.002136,0.002174,0.002136,0.002098,0.002136,0.002060,0.002098,0.002174,0.002136,0.002098,0.002174,0.002174,0.002098,0.002174,0.002136,0.002136,0.002098,0.002174,0.002174,0.002060,0.002174,0.002174,0.002060,0.002022,0.001984,0.002022,0.002060,0.002060,0.002022,0.002022,0.002022,0.002022,0.001984,0.001907,0.001945,0.001984,0.001907,0.001907,0.001945,0.001869,0.001984,0.001907,0.001869,0.001869,0.001907,0.001831,0.001831,0.001907,0.001869,0.001869,0.001869,0.001831,0.001907,0.001945,0.001945,0.001945,0.001945,0.001984,0.001945,0.001984,0.001984,0.001984,0.002022,0.002022,0.002022,0.002060,0.002022,0.002022,0.002098,0.002098,0.002060,0.002098,0.002174,0.002174,0.002174,0.002174,0.002213,0.002213,0.002213,0.002251,0.002213,0.002213,0.002289,0.002327,0.002289,0.002289,0.002289,0.002289,0.002327,0.002327,0.002327,0.002365,0.002289,0.002365,0.002365,0.002327,0.002327,0.002289,0.002289,0.002251,0.002289,0.002251,0.002251,0.002213,0.002289,0.002251,0.002251,0.002213,0.002251,0.002213,0.002251,0.002213,0.002174,0.002213,0.002213,0.002213,0.002174,0.002174,0.002174,0.002174,0.002213,0.002136,0.002174,0.002213,0.002174,0.002174,0.002174,0.002213,0.002213,0.002136,0.002213,0.002174,0.002136,0.002136,0.002136,0.002174,0.002174,0.002136,0.002174,0.002136,0.002213,0.002251,0.002213,0.002213,0.002174,0.002251,0.002213,0.002213,0.002251,0.002251,0.002251,0.002213,0.002213,0.002251,0.002213,0.002213,0.002251,0.002174,0.002213,0.002174,0.002174,0.002213,0.002174,0.002174,0.002213,0.002289,0.002213,0.002174,0.002174,0.002213,0.002251,0.002174,0.002136,0.002174,0.002174,0.002136,0.002174,0.002136,0.002136,0.002213,0.002136,0.002213,0.002174,0.002213,0.002251,0.002251,0.002174,0.002213,0.002251,0.002213,0.002251,0.002289,0.002251,0.002327,0.002251,0.002213,0.002213,0.002213,0.002289,0.002251,0.002251,0.002289,0.002251,0.002213,0.002213,0.002213,0.002251,0.002213,0.002136,0.002174,0.002174,0.002136,0.002136,0.002098,0.002136,0.002098,0.002098,0.002022,0.002022,0.002022,0.002022,0.002022,0.001945,0.001984,0.001907,0.001907,0.001945,0.001907,0.001945,0.001907,0.001907,0.001907,0.001869,0.001831,0.001869,0.001907,0.001907,0.001831,0.001907,0.001831,0.001907,0.001869,0.001869,0.001907,0.001945,0.001984,0.001907,0.001945,0.001945,0.002022,0.001984,0.002060,0.002060,0.002136,0.002174,0.002213,0.002213,0.002213,0.002251,0.002174,0.002213,0.002251,0.002289,0.002289,0.002327,0.002289,0.002251,0.002251,0.002213,0.002251,0.002289,0.002213,0.002251,0.002174,0.002174,0.002136,0.002174,0.002174,0.002136,0.002174,0.002136,0.002174,0.002136,0.002098,0.002136,0.002136,0.002174,0.002174,0.002136,0.002174,0.002174,0.002251,0.002251,0.002251,0.002251,0.002213,0.002251,0.002289,0.002213,0.002327,0.002289,0.002327,0.002289,0.002327,0.002251,0.002251,0.002251,0.002136,0.002174,0.002213,0.002098,0.002174,0.001984,0.002060,0.002060,0.001984,0.001945,0.001907,0.001831,0.001831,0.001831,0.001793,0.001755,0.001793,0.001717,0.001717,0.001793,0.001755,0.001755,0.001831,0.001793,0.001869,0.001831,0.001869,0.001831,0.001907,0.001984,0.001984,0.001984,0.001945,0.002022,0.002022,0.002060,0.002098,0.002022,0.002060,0.002022,0.002022,0.002060,0.002022,0.002060,0.002022,0.002060,0.002022,0.002022,0.002022,0.002022,0.002060,0.002060,0.002060,0.002098,0.002022,0.002136,0.002098,0.002098,0.002174,0.002136,0.002136,0.002174,0.002136,0.002174,0.002213,0.002289,0.002289,0.002289,0.002289,0.002365,0.002327,0.002251,0.002289,0.002365,0.002327,0.002289,0.002289,0.002403,0.002327,0.002213,0.002289,0.002251,0.002251,0.002289,0.002251,0.002251,0.002174,0.002174,0.002213,0.002213,0.002213,0.002213,0.002174,0.002213,0.002174,0.002213,0.002213,0.002174,0.002174,0.002213,0.002174,0.002136,0.002213,0.002174,0.002174,0.002174,0.002251,0.002213,0.002136,0.002213,0.002174,0.002098,0.002136,0.002060,0.002098,0.002098,0.002136,0.002060,0.002060,0.002060,0.002060,0.002060,0.002098,0.002098,0.002098,0.002060,0.002060,0.002060,0.002060,0.002022,0.002060,0.002098,0.002022,0.002098,0.002098,0.002060,0.002098,0.002060,0.002098,0.002060,0.002098,0.002098,0.002098,0.002174,0.002098,0.002174,0.002136,0.002060,0.002174,0.002213,0.002174,0.002174,0.002136,0.002136,0.002098,0.002174,0.002174,0.002213,0.002174,0.002136,0.002213,0.002174,0.002174,0.002174,0.002213,0.002289,0.002174,0.002174,0.002213,0.002213,0.002251,0.002251,0.002213,0.002213,0.002136,0.002213,0.002136,0.002136,0.002136,0.002136,0.002174,0.002060,0.002060,0.002098,0.002060,0.002098,0.002060,0.002060,0.001984,0.002060,0.001984,0.001984,0.002022,0.002022,0.002022,0.001984,0.002022,0.002060,0.001984,0.002022,0.002022,0.002022,0.001984,0.001984,0.002060,0.002022,0.002060,0.002022,0.002022,0.002098,0.001984,0.002060,0.002060,0.002060,0.002060,0.001984,0.002060,0.002060,0.002022,0.002022,0.002022,0.002098,0.002022,0.002060,0.002098,0.002136,0.002098,0.002136,0.002098,0.002098,0.002098,0.002098,0.002136,0.002174,0.002136,0.002174,0.002174,0.002098,0.002174,0.002174,0.002213,0.002174,0.002136,0.002136,0.002098,0.002174,0.002098,0.002136,0.002098,0.002098,0.002098,0.002060,0.002098,0.002098,0.002060,0.002060,0.002060,0.002022,0.002060,0.002060,0.002060,0.002060,0.002060,0.002060,0.002060,0.002136,0.002060,0.002174,0.002098,0.002098,0.002136,0.002136,0.002251,0.002213,0.002213,0.002289,0.002251,0.002327,0.002289,0.002289,0.002327,0.002289,0.002289,0.002289,0.002289,0.002327,0.002289,0.002289,0.002251,0.002213,0.002213,0.002251,0.002251,0.002213,0.002213,0.002213,0.002136,0.002213,0.002174,0.002174,0.002174,0.002213,0.002174,0.002136,0.002174,0.002136,0.002136,0.002136,0.002136,0.002098,0.002098,0.002136,0.002136,0.002098,0.002136,0.002098,0.002136,0.002060,0.002098,0.002022,0.002060,0.002060,0.002060,0.002060,0.002060,0.002022,0.002098,0.001984,0.002022,0.002022,0.002022,0.002060,0.001984,0.001984,0.001984,0.001984,0.002060,0.001984,0.002060,0.002022,0.002022,0.002022,0.001907,0.001945,0.001945,0.001945,0.001945,0.002022,0.002022,0.002060,0.002022,0.001945,0.001984,0.002022,0.001984,0.001984,0.002060,0.002022,0.002060,0.001984,0.002022,0.002022,0.002098,0.002098,0.002060,0.002098,0.002136,0.002098,0.002060,0.002136,0.002136,0.002174,0.002213,0.002174,0.002098,0.002251,0.002174,0.002213,0.002213,0.002289,0.002251,0.002251,0.002327,0.002251,0.002327,0.002327,0.002289,0.002251,0.002289,0.002327,0.002327,0.002327,0.002327,0.002289,0.002289,0.002251,0.002251,0.002289,0.002289,0.002327,0.002251,0.002289,0.002289,0.002213,0.002251,0.002213,0.002289,0.002251,0.002251,0.002213,0.002174,0.002213,0.002174,0.002213,0.002213,0.002174,0.002174,0.002174,0.002213,0.002174,0.002136,0.002136,0.002174,0.002213,0.002213,0.002174,0.002174,0.002174,0.002174,0.002174,0.002213,0.002213,0.002174,0.002174,0.002174,0.002213,0.002213,0.002174,0.002174,0.002136,0.002213,0.002213,0.002213,0.002213,0.002174,0.002251,0.002174,0.002174,0.002174,0.002136,0.002174,0.002136,0.002098,0.002098,0.002060,0.002022,0.001984,0.001984,0.001945,0.001945,0.001984,0.001945,0.001945,0.001907,0.001984,0.001945,0.001907,0.001984,0.002022,0.002098,0.002136,0.002136,0.002213,0.002174,0.002251,0.002289,0.002289,0.002327,0.002365,0.002403,0.002403,0.002441,0.002480,0.002403,0.002441,0.002365,0.002403,0.002403,0.002289,0.002289,0.002251,0.002174,0.002213,0.002098,0.002098,0.002060,0.002060,0.002022,0.001907,0.001945,0.001945,0.001945,0.001945,0.001945,0.001945,0.001945,0.002022,0.001984,0.002098,0.002136,0.002098,0.002213,0.002174,0.002213,0.002213,0.002213,0.002213,0.002251,0.002289,0.002251,0.002289,0.002327,0.002213,0.002289,0.002289,0.002251,0.002289,0.002251,0.002289,0.002251,0.002251,0.002213,0.002289,0.002251,0.002174,0.002213,0.002213,0.002251,0.002213,0.002174,0.002251,0.002213,0.002213,0.002213,0.002251,0.002289,0.002174,0.002213,0.002289,0.002251,0.002327,0.002213,0.002251,0.002289,0.002251,0.002289,0.002251,0.002327,0.002251,0.002213,0.002289,0.002213,0.002213,0.002213,0.002251,0.002213,0.002174,0.002174,0.002174,0.002213,0.002136,0.002213,0.002174,0.002136,0.002136,0.002136,0.002213,0.002251,0.002174,0.002174,0.002174,0.002174,0.002174,0.002136,0.002174,0.002174,0.002213,0.002174,0.002174,0.002174,0.002098,0.002136,0.002060,0.002060,0.002136,0.002060,0.002060,0.002060,0.002022,0.002022,0.002060,0.002060,0.002022,0.002060,0.002060,0.002098,0.002136,0.002098,0.002098,0.002174,0.002060,0.002136,0.002174,0.002174,0.002098,0.002136,0.002213,0.002174,0.002174,0.002174,0.002251,0.002251,0.002213,0.002213,0.002213,0.002213,0.002136,0.002098,0.002136,0.002098,0.002136,0.002098,0.002098,0.002098,0.002060,0.002136,0.002136,0.002136,0.002174,0.002098,0.002136,0.002136,0.002136,0.002136,0.002098,0.002136,0.002098,0.002174,0.002136,0.002174,0.002213,0.002174,0.002213,0.002174,0.002213,0.002213,0.002136,0.002174,0.002174,0.002213,0.002213,0.002213,0.002174,0.002174,0.002174,0.002174,0.002174,0.002174,0.002136,0.002174,0.002174,0.002213,0.002174,0.002174,0.002251,0.002174,0.002213,0.002251,0.002174,0.002213,0.002174,0.002213,0.002213,0.002213,0.002174,0.002213,0.002251,0.002213,0.002213,0.002251,0.002251,0.002213,0.002213,0.002213,0.002251,0.002213,0.002174,0.002136,0.002174,0.002136,0.002098,0.002136,0.002098,0.002098,0.002060,0.002098,0.002098,0.002022,0.002060,0.002060,0.002060,0.002060,0.002022,0.002060,0.002060,0.002060,0.002022,0.002022,0.002022,0.002060,0.002098,0.002060,0.002060,0.002060,0.002022,0.002098,0.002098,0.002060,0.002060,0.002060,0.002136,0.002136,0.002098,0.002022,0.002060,0.002098,0.002098,0.002136,0.002098,0.002136,0.002174,0.002174,0.002174,0.002136,0.002136,0.002174,0.002174,0.002213,0.002174,0.002174,0.002136,0.002174,0.002213,0.002174,0.002251,0.002289,0.002289,0.002251,0.002213,0.002327,0.002289,0.002251,0.002289,0.002289,0.002289,0.002251,0.002289,0.002289,0.002289,0.002289,0.002251,0.002251,0.002174,0.002213,0.002213,0.002174,0.002174,0.002098,0.002136,0.002098,0.002098,0.002136,0.002060,0.002098,0.002136,0.002060,0.002098,0.002022,0.002136,0.002136,0.002098,0.002098,0.002060,0.002060,0.002060,0.002022,0.002022,0.001945,0.001984,0.002022,0.002060,0.001984,0.001984,0.001984,0.001945,0.001984,0.001945,0.001984,0.001984,0.001945,0.002022,0.001984,0.002022,0.001984,0.001984,0.002022,0.002022,0.002022,0.002022,0.002022,0.002060,0.002022,0.002098,0.002060,0.002060,0.002060,0.002060,0.002022,0.002098,0.002136,0.002136,0.002060,0.002174,0.002213,0.002213,0.002251,0.002251,0.002289,0.002213,0.002251,0.002213,0.002251,0.002213,0.002289,0.002327,0.002327,0.002289,0.002213,0.002251,0.002251,0.002213,0.002213,0.002251,0.002174,0.002136,0.002136,0.002136,0.002136,0.002098,0.002098,0.002098,0.002022,0.002060,0.001984,0.001945,0.001907,0.001907,0.001945,0.001945,0.001831,0.001793,0.001907,0.001869,0.001831,0.001831,0.001869,0.001831,0.001907,0.001869,0.001869,0.001945,0.001945,0.001984,0.001984,0.002022,0.002060,0.002060,0.002060,0.002098,0.002098,0.002136,0.002174,0.002251,0.002251,0.002251,0.002251,0.002213,0.002289,0.002289,0.002251,0.002213,0.002251,0.002251,0.002213,0.002213,0.002213,0.002251,0.002289,0.002213,0.002289,0.002289,0.002251,0.002327,0.002251,0.002289,0.002251,0.002289,0.002251,0.002213,0.002289,0.002327,0.002251,0.002251,0.002213,0.002251,0.002289,0.002251,0.002289,0.002251,0.002213,0.002251,0.002327,0.002251,0.002213,0.002213,0.002251,0.002251,0.002213,0.002251,0.002213,0.002174,0.002174,0.002213,0.002136,0.002060,0.002060,0.002136,0.002098,0.002060,0.002174,0.002098,0.002098,0.002060,0.002136,0.002098,0.002136,0.002174,0.002136,0.002098,0.002098,0.002060,0.002098,0.002022,0.002022,0.002060,0.002022,0.002022,0.001984,0.001984,0.002022,0.002060,0.002022,0.002022,0.002060,0.002060,0.002098,0.002098,0.002136,0.002174,0.002213,0.002136,0.002174,0.002174,0.002136,0.002136,0.002098,0.002060,0.002060,0.001984,0.001945,0.001907,0.001831,0.001831,0.001831,0.001869,0.001831,0.001793,0.001869,0.001869,0.001831,0.001869,0.001831,0.001869,0.001945,0.001907,0.001907,0.001945,0.001984,0.001984,0.001984,0.001907,0.001907,0.001945,0.001869,0.001945,0.001945,0.001945,0.001869,0.001869,0.001945,0.001907,0.001869,0.001831,0.001869,0.001907,0.001945,0.001907,0.001984,0.002022,0.002022,0.002022,0.002022,0.002060,0.002098,0.002060,0.002022,0.002022,0.002022,0.002060,0.002022,0.002022,0.002022,0.002060,0.002098,0.002060,0.002098,0.002136,0.002098,0.002098,0.002136,0.002174,0.002174,0.002213,0.002213,0.002174,0.002251,0.002251,0.002365,0.002365,0.002327,0.002403,0.002365,0.002365,0.002403,0.002365,0.002441,0.002441,0.002403,0.002365,0.002327,0.002365,0.002365,0.002251,0.002251,0.002289,0.002251,0.002213,0.002213,0.002098,0.002098,0.002060,0.002098,0.002060,0.002060,0.002022,0.002022,0.002060,0.002098,0.002022,0.002022,0.002098,0.002136,0.002060,0.002060,0.002098,0.002136,0.002174,0.002213,0.002174,0.002251,0.002213,0.002251,0.002251,0.002327,0.002289,0.002213,0.002213,0.002213,0.002213,0.002251,0.002251,0.002289,0.002213,0.002251,0.002213,0.002213,0.002251,0.002174,0.002251,0.002174,0.002174,0.002213,0.002136,0.002213,0.002136,0.002213,0.002251,0.002174,0.002136,0.002174,0.002213,0.002174,0.002174,0.002213,0.002251,0.002213,0.002213,0.002213,0.002213,0.002213,0.002213,0.002213,0.002174,0.002213,0.002174,0.002213,0.002174,0.002213,0.002174,0.002136,0.002174,0.002136,0.002098,0.002174,0.002098,0.002136,0.002098,0.002136,0.002136,0.002136,0.002174,0.002174,0.002174,0.002098,0.002174,0.002174,0.002174,0.002213,0.002213,0.002174,0.002174,0.002213,0.002251,0.002213,0.002251,0.002213,0.002174,0.002213,0.002174,0.002174,0.002174,0.002136,0.002136,0.002098,0.002136,0.002098,0.002098,0.002136,0.002098,0.002174,0.002136,0.002136,0.002098,0.002136,0.002174,0.002136,0.002213,0.002174,0.002174,0.002174,0.002174,0.002174,0.002174,0.002174,0.002174,0.002251,0.002213,0.002213,0.002136,0.002136,0.002174,0.002174,0.002136,0.002213,0.002136,0.002213,0.002136,0.002136,0.002174,0.002174,0.002136,0.002213,0.002174,0.002213,0.002213,0.002213,0.002136,0.002136,0.002098,0.002136,0.002174,0.002213,0.002136,0.002136,0.002174,0.002174,0.002098,0.002136,0.002136,0.002136,0.002098,0.002136,0.002174,0.002136,0.002136,0.002136,0.002136,0.002098,0.002098,0.002098,0.002098,0.002098,0.002098,0.002098,0.002098,0.002022,0.001984,0.001984,0.002022,0.002022,0.001984,0.001907,0.001984,0.002022,0.002060,0.002022,0.002022,0.002022,0.002060,0.002022,0.002060,0.002060,0.002098,0.002136,0.002098,0.002136,0.002174,0.002136,0.002213,0.002174,0.002213,0.002251,0.002251,0.002327,0.002251,0.002213,0.002213,0.002289,0.002289,0.002327,0.002289,0.002289,0.002289,0.002327,0.002289,0.002327,0.002327,0.002365,0.002365,0.002365,0.002289,0.002289,0.002327,0.002327,0.002327,0.002289,0.002251,0.002289,0.002289,0.002251,0.002251,0.002213,0.002174,0.002174,0.002174,0.002174,0.002136,0.002174,0.002098,0.002136,0.002136,0.002174,0.002136,0.002098,0.002213,0.002213,0.002251,0.002174,0.002213,0.002213,0.002213,0.002251,0.002251,0.002213,0.002213,0.002251,0.002251,0.002213,0.002327,0.002365,0.002327,0.002251,0.002289,0.002289,0.002327,0.002289,0.002251,0.002251,0.002251,0.002213,0.002251,0.002289,0.002251,0.002251,0.002174,0.002174,0.002251,0.002174,0.002136,0.002136,0.002098,0.002136,0.002098,0.002098,0.002060,0.002022,0.002022,0.001984,0.001984,0.001984,0.001945,0.001907,0.001907,0.001907,0.001869,0.001793,0.001945,0.001945,0.001907,0.001831,0.001907,0.001907,0.001945,0.001907,0.001945,0.001945,0.001984,0.002022,0.002022,0.001984,0.002060,0.002098,0.002136,0.002098,0.002136,0.002251,0.002251,0.002289,0.002289,0.002289,0.002365,0.002365,0.002327,0.002365,0.002403,0.002327,0.002365,0.002289,0.002327,0.002365,0.002365,0.002327,0.002213,0.002213,0.002289,0.002213,0.002213,0.002213,0.002251,0.002251,0.002174,0.002174,0.002174,0.002174,0.002174,0.002136,0.002174,0.002213,0.002174,0.002098,0.002174,0.002213,0.002251,0.002251,0.002213,0.002213,0.002213,0.002213,0.002251,0.002251,0.002251,0.002251,0.002251,0.002327,0.002327,0.002327,0.002251,0.002289,0.002251,0.002327,0.002365,0.002289,0.002327,0.002251,0.002251,0.002251,0.002289,0.002289,0.002289,0.002213,0.002251,0.002251,0.002289,0.002213,0.002213,0.002251,0.002213,0.002251,0.002174,0.002251,0.002251,0.002213,0.002213,0.002213,0.002251,0.002174,0.002136,0.002213,0.002251,0.002289,0.002251,0.002251,0.002251,0.002213,0.002251,0.002289,0.002251,0.002174,0.002174,0.002213,0.002213,0.002213,0.002174,0.002213,0.002136,0.002136,0.002098,0.002098,0.002098,0.002098,0.002060,0.002060,0.002060,0.002060,0.002022,0.002060,0.002022,0.002022,0.002022,0.002022,0.002060,0.002060,0.002060,0.002060,0.002022,0.002060,0.002022,0.001984,0.002022,0.002022,0.002098,0.002060,0.002060,0.002022,0.002060,0.002098,0.002136,0.002098,0.002060,0.002060,0.002136,0.002098,0.002060,0.002098,0.002136,0.002060,0.002098,0.002098,0.002098,0.002060,0.002060,0.002022,0.002060,0.002060,0.002060,0.002060,0.002022,0.001984,0.002022,0.002022,0.002022,0.001984,0.001984,0.002060,0.002098,0.002022,0.002022,0.002060,0.002060,0.002098,0.002060,0.002098,0.002098,0.002060,0.002098,0.002098,0.002136,0.002136,0.002136,0.002136,0.002136,0.002060,0.002136,0.002136,0.002060,0.002136,0.002136,0.002136,0.002174,0.002136,0.002136,0.002136,0.002213,0.002060,0.002098,0.002136,0.002136,0.002098,0.002136,0.002060,0.002060,0.002136,0.002098,0.002060,0.002022,0.002098,0.002060,0.002060,0.002022,0.002060,0.002060,0.002098,0.002060,0.002022,0.002022,0.002022,0.002060,0.002022,0.002022,0.001984,0.001984,0.002022,0.002060,0.002022,0.001984,0.001984,0.002022,0.002022,0.002022,0.002060,0.001984,0.002022,0.002022,0.002022,0.002060,0.002022,0.002098,0.002098,0.002098,0.002098,0.002098,0.002136,0.002136,0.002098,0.002136,0.002136,0.002098,0.002098,0.002136,0.002136,0.002136,0.002174,0.002174,0.002136,0.002060,0.002098,0.002136,0.002136,0.002136,0.002136,0.002098,0.002098,0.002098,0.002136,0.002136,0.002136,0.002136,0.002136,0.002098,0.002136,0.002136,0.002098,0.002098,0.002136,0.002174,0.002213,0.002136,0.002174,0.002136,0.002174,0.002213,0.002136,0.002098,0.002098,0.002136,0.002174,0.002136,0.002136,0.002174,0.002136,0.002098,0.002213,0.002098,0.002174,0.002213,0.002174,0.002213,0.002174,0.002213,0.002213,0.002213,0.002251,0.002251,0.002213,0.002213,0.002251,0.002251,0.002289,0.002251,0.002251,0.002289,0.002213,0.002289,0.002289,0.002289,0.002327,0.002289,0.002251,0.002327,0.002289,0.002251,0.002289,0.002251,0.002251,0.002251,0.002213,0.002251,0.002251,0.002213,0.002174,0.002174,0.002136,0.002136,0.002136,0.002136,0.002098,0.002060,0.002060,0.002060,0.002060,0.002060,0.002060,0.002022,0.002022,0.002022,0.002022,0.002060,0.002060,0.002022,0.002098,0.002022,0.001984,0.001984,0.002022,0.002022,0.002022,0.002022,0.001945,0.001984,0.002022,0.002022,0.002022,0.001945,0.001945,0.001984,0.001984,0.002022,0.002022,0.001984,0.001945,0.001984,0.001984,0.002022,0.002022,0.002022,0.002022,0.001984,0.002022,0.002022,0.002098,0.002022,0.002022,0.002022,0.002098,0.002060,0.002136,0.002060,0.002098,0.002098,0.002098,0.002136,0.002098,0.002060,0.002022,0.002060,0.002136,0.002098,0.002136,0.002174,0.002098,0.002098,0.002098,0.002060,0.002136,0.002136,0.002174,0.002136,0.002098,0.002174,0.002213,0.002213,0.002289,0.002213,0.002251,0.002251,0.002251,0.002251,0.002213,0.002213,0.002213,0.002251,0.002289,0.002251,0.002174,0.002289,0.002251,0.002213,0.002136,0.002136,0.002174,0.002136,0.002098,0.002098,0.002136,0.002022,0.002022,0.001984,0.001945,0.001984,0.001945,0.001907,0.001945,0.001945,0.001907,0.001869,0.001869,0.001831,0.001793,0.001869,0.001869,0.001831,0.001869,0.001869,0.001869,0.001907,0.001984,0.001945,0.001984,0.001984,0.001984,0.001984,0.001984,0.002022,0.002022,0.002060,0.002022,0.001945,0.001945,0.001984,0.001984,0.001984,0.001945,0.001945,0.001907,0.001907,0.001907,0.001907,0.001869,0.001907,0.001831,0.001907,0.001907,0.001869,0.001907,0.001831,0.001831,0.001869,0.001831,0.001907,0.001907,0.001907,0.001945,0.001907,0.001945,0.001984,0.001984,0.001984,0.001984,0.002060,0.002022,0.002060,0.002060,0.002098,0.002174,0.002213,0.002213,0.002213,0.002213,0.002251,0.002251,0.002327,0.002327,0.002289,0.002327,0.002403,0.002327,0.002365,0.002327,0.002365,0.002441,0.002441,0.002441,0.002403,0.002480,0.002480,0.002480,0.002518,0.002518,0.002518,0.002518,0.002556,0.002518,0.002518,0.002518,0.002556,0.002594,0.002556,0.002556,0.002518,0.002518,0.002594,0.002556,0.002556,0.002556,0.002556,0.002518,0.002594,0.002518,0.002518,0.002480,0.002441,0.002480,0.002441,0.002365,0.002403,0.002327,0.002365,0.002327,0.002289,0.002289,0.002327,0.002251,0.002213,0.002213,0.002174,0.002213,0.002213,0.002174,0.002136,0.002136,0.002174,0.002174,0.002136,0.002174,0.002174,0.002174,0.002136,0.002174,0.002098,0.002174,0.002174,0.002136,0.002060,0.002060,0.002136,0.002136,0.002098,0.002136,0.002060,0.002022,0.002060,0.002136,0.002098,0.002022,0.002060,0.002060,0.002022,0.002022,0.002098,0.002022,0.001984,0.001984,0.001945,0.001945,0.001984,0.001984,0.001945,0.001907,0.001907,0.001869,0.001869,0.001907,0.001907,0.001907,0.001907,0.001907,0.001945,0.001945,0.001945,0.001945,0.001945,0.001984,0.001984,0.001945,0.001945,0.001984,0.001984,0.001945,0.001984,0.001945,0.001945,0.002022,0.002022,0.002060,0.002022,0.002098,0.002098,0.002098,0.002060,0.002060,0.002098,0.002136,0.002136,0.002098,0.002022,0.002098,0.002136,0.002136,0.002060,0.002060,0.002098,0.002098,0.002060,0.002098,0.002060,0.002098,0.002098,0.002098,0.002060,0.002136,0.002060,0.002098,0.002136,0.002136,0.002098,0.002060,0.002098,0.002136,0.002174,0.002136,0.002174,0.002136,0.002174,0.002136,0.002136,0.002136,0.002213,0.002174,0.002174,0.002213,0.002251,0.002174,0.002136,0.002213,0.002174,0.002174,0.002213,0.002136,0.002174,0.002174,0.002174,0.002174,0.002174,0.002136,0.002136,0.002213,0.002213,0.002251,0.002174,0.002174,0.002213,0.002213,0.002213,0.002213,0.002213,0.002251,0.002174,0.002213,0.002213,0.002289,0.002289,0.002289,0.002289,0.002251,0.002327,0.002327,0.002213,0.002213,0.002327,0.002251,0.002213,0.002289,0.002251,0.002251,0.002213,0.002174,0.002251,0.002251,0.002174,0.002213,0.002213,0.002213,0.002174,0.002213,0.002251,0.002251,0.002289,0.002174,0.002213,0.002251,0.002213,0.002213,0.002174,0.002213,0.002174,0.002213,0.002251,0.002213,0.002251,0.002174,0.002213,0.002213,0.002213,0.002289,0.002213,0.002251,0.002174,0.002174,0.002251,0.002136,0.002213,0.002174,0.002174,0.002251,0.002213,0.002174,0.002213,0.002174,0.002213,0.002213,0.002251,0.002213,0.002213,0.002213,0.002251,0.002174,0.002174,0.002174,0.002213,0.002213,0.002213,0.002251,0.002251,0.002213,0.002213,0.002174,0.002174,0.002174,0.002213,0.002251,0.002213,0.002251,0.002174,0.002174,0.002213,0.002174,0.002213,0.002174,0.002136,0.002136,0.002136,0.002174,0.002136,0.002136,0.002098,0.002174,0.002174,0.002136,0.002174,0.002098,0.002136,0.002060,0.002060,0.002098,0.002098,0.002136,0.002136,0.002098,0.002060,0.002098,0.002060,0.002098,0.002136,0.002060,0.002098,0.002098,0.002060,0.002174,0.002098,0.002136,0.002174,0.002174,0.002174,0.002136,0.002251,0.002213,0.002174,0.002174,0.002174,0.002213,0.002251,0.002289,0.002213,0.002251,0.002289,0.002213,0.002251,0.002213,0.002327,0.002289,0.002289,0.002289,0.002289,0.002289,0.002289,0.002289,0.002289,0.002251,0.002289,0.002251,0.002289,0.002289,0.002251,0.002251,0.002251,0.002289,0.002213,0.002213,0.002251,0.002213,0.002251,0.002213,0.002251,0.002213,0.002213,0.002174,0.002136,0.002174,0.002098,0.002174,0.002174,0.002098,0.002098,0.002022,0.002098,0.002136,0.002060,0.002098,0.002022,0.002022,0.002022,0.001984,0.001945,0.001984,0.001945,0.001984,0.001984,0.001945,0.001984,0.001984,0.001984,0.001984,0.001984,0.001984,0.001984,0.002022,0.002060,0.001984,0.002022,0.002060,0.002060,0.002098,0.002060,0.002098,0.002098,0.002136,0.002136,0.002060,0.002174,0.002174,0.002174,0.002213,0.002174,0.002213,0.002251,0.002251,0.002174,0.002174,0.002213,0.002213,0.002174,0.002213,0.002251,0.002136,0.002174,0.002136,0.002174,0.002174,0.002136,0.002174,0.002098,0.002136,0.002098,0.002098,0.002136,0.002098,0.002098,0.002136,0.002098,0.002174,0.002098,0.002098,0.002136,0.002098,0.002098,0.002060,0.002060,0.002098,0.002136,0.002136,0.002098,0.002136,0.002136,0.002136,0.002136,0.002174,0.002136,0.002136,0.002098,0.002136,0.002098,0.002136,0.002098,0.002060,0.002022,0.002136,0.002060,0.002060,0.002060,0.002060,0.002060,0.001984,0.002022,0.002022,0.002060,0.002022,0.002022,0.002022,0.002022,0.002060,0.002022,0.002022,0.002022,0.002022,0.002060,0.002098,0.002174,0.002136,0.002098,0.002213,0.002174,0.002174,0.002174,0.002174,0.002174,0.002213,0.002251,0.002174,0.002251,0.002251,0.002251,0.002289,0.002174,0.002174,0.002213,0.002174,0.002174,0.002174,0.002174,0.002174,0.002136,0.002136,0.002174,0.002174,0.002136,0.002136,0.002174,0.002174,0.002213,0.002213,0.002251,0.002213,0.002174,0.002174,0.002174,0.002213,0.002213,0.002251,0.002213,0.002213,0.002213,0.002213,0.002174,0.002174,0.002213,0.002174,0.002213,0.002174,0.002213,0.002213,0.002174,0.002213,0.002174,0.002213,0.002174,0.002136,0.002098,0.002098,0.002098,0.002136,0.002098,0.002136,0.002060,0.002136,0.002098,0.002060,0.002098,0.002136,0.002098,0.002060,0.002060,0.002098,0.002060,0.002060,0.002060,0.002060,0.002060,0.002022,0.002022,0.001984,0.002022,0.002022,0.002060,0.002098,0.002022,0.002098,0.002022,0.002060,0.002098,0.002022,0.002022,0.002060,0.002098,0.002022,0.002022,0.002098,0.002060,0.002060,0.002098,0.002060,0.002060,0.002136,0.002098,0.002060,0.002098,0.002098,0.002136,0.002098,0.002098,0.002136,0.002136,0.002136,0.002098,0.002098,0.002136,0.002174,0.002174,0.002174,0.002136,0.002098,0.002136,0.002098,0.002022,0.002136,0.002136,0.002136,0.002136,0.002136,0.002136,0.002136,0.002213,0.002136,0.002136,0.002136,0.002136,0.002098,0.002098,0.002136,0.002174,0.002136,0.002174,0.002136,0.002174,0.002174,0.002213,0.002213,0.002136,0.002174,0.002136,0.002136,0.002136,0.002098,0.002098,0.002060,0.002060,0.002060,0.002022,0.001984,0.001984,0.002022,0.002022,0.001984,0.001945,0.001984,0.001907,0.001907,0.001945,0.001907,0.001869,0.001945,0.001907,0.001945,0.001907,0.001869,0.001869,0.001907,0.001945,0.001907,0.001907,0.001945,0.001945,0.001945,0.001984,0.001984,0.001984,0.002060,0.002022,0.002022,0.002136,0.002098,0.002136,0.002060,0.002136,0.002098,0.002213,0.002174,0.002174,0.002213,0.002174,0.002174,0.002213,0.002174,0.002213,0.002174,0.002136,0.002136,0.002136,0.002136,0.002136,0.002174,0.002098,0.002136,0.002136,0.002174,0.002098,0.002136,0.002174,0.002098,0.002174,0.002098,0.002174,0.002098,0.002098,0.002136,0.002098,0.002174,0.002174,0.002213,0.002136,0.002136,0.002136,0.002060,0.002136,0.002136,0.002098,0.002174,0.002136,0.002136,0.002213,0.002174,0.002174,0.002136,0.002213,0.002174,0.002251,0.002213,0.002213,0.002289,0.002213,0.002213,0.002251,0.002213,0.002251,0.002251,0.002213,0.002213,0.002251,0.002251,0.002213,0.002251,0.002174,0.002213,0.002174,0.002213,0.002251,0.002213,0.002213,0.002174,0.002098,0.002174,0.002174,0.002136,0.002098,0.002174,0.002174,0.002174,0.002174,0.002098,0.002136,0.002098,0.002098,0.002060,0.002136,0.002098,0.002022,0.002060,0.002022,0.002098,0.002022,0.002022,0.002022,0.002060,0.002060,0.002060,0.002022,0.002022,0.002060,0.002022,0.002098,0.002022,0.001984,0.002022,0.002022,0.002060,0.002060,0.002022,0.002022,0.002060,0.002060,0.002022,0.002060,0.002098,0.002098,0.002098,0.002060,0.002060,0.002098,0.002060,0.002098,0.002022,0.002098,0.002136,0.002060,0.002098,0.002060,0.002060,0.002060,0.002098,0.002060,0.002060,0.002136,0.002060,0.002136,0.002136,0.002136,0.002136,0.002136,0.002098,0.002136,0.002098,0.002136,0.002136,0.002136,0.002098,0.002174,0.002136,0.002098,0.002136,0.002136,0.002136,0.002098,0.002136,0.002136,0.002098,0.002098,0.002136,0.002136,0.002136,0.002213,0.002174,0.002174,0.002098,0.002060,0.002174,0.002174,0.002174,0.002213,0.002136,0.002213,0.002213,0.002213,0.002213,0.002251,0.002289,0.002289,0.002251,0.002289,0.002327,0.002327,0.002289,0.002289,0.002289,0.002289,0.002327,0.002327,0.002365,0.002365,0.002365,0.002365,0.002365,0.002403,0.002365,0.002403,0.002327,0.002327,0.002365,0.002365,0.002289,0.002327,0.002327,0.002251,0.002289,0.002327,0.002289,0.002327,0.002251,0.002251,0.002251,0.002213,0.002213,0.002136,0.002213,0.002136,0.002174,0.002174,0.002136,0.002136,0.002098,0.002098,0.002098,0.002098,0.002060,0.002098,0.002098,0.002098,0.002136,0.002060,0.002136,0.002174,0.002098,0.002136,0.002098,0.002174,0.002174,0.002174,0.002098,0.002136,0.002136,0.002098,0.002136,0.002174,0.002174,0.002174,0.002136,0.002174,0.002136,0.002213,0.002174,0.002174,0.002213,0.002251,0.002174,0.002136,0.002213,0.002213,0.002251,0.002251,0.002213,0.002213,0.002251,0.002251,0.002289,0.002213,0.002289,0.002251,0.002251,0.002327,0.002289,0.002289,0.002289,0.002327,0.002289,0.002327,0.002289,0.002289,0.002327,0.002289,0.002289,0.002251,0.002213,0.002174,0.002251,0.002213,0.002174,0.002174,0.002174,0.002174,0.002136,0.002136,0.002174,0.002136,0.002098,0.002136,0.002060,0.002136,0.002098,0.002060,0.002022,0.002098,0.002098,0.002098,0.002098,0.002022,0.002060,0.001984,0.002060,0.002060,0.002098,0.002098,0.002060,0.002022,0.002060,0.001984,0.002060,0.002098,0.002060,0.002060,0.002060,0.002060,0.002098,0.002060,0.002098,0.002136,0.002098,0.002098,0.002174,0.002174,0.002213,0.002213,0.002213,0.002251,0.002213,0.002251,0.002251,0.002251,0.002213,0.002213,0.002327,0.002251,0.002289,0.002213,0.002174,0.002098,0.002174,0.002136,0.002060,0.002174,0.002136,0.002136,0.002098,0.002060,0.002060,0.002060,0.002022,0.002022,0.002022,0.001984,0.002022,0.002060,0.001984,0.001945,0.001984,0.002022,0.002060,0.002022,0.002022,0.001984,0.002060,0.002060,0.002060,0.002060,0.002060,0.002098,0.002098,0.002136,0.002174,0.002136,0.002174,0.002213,0.002213,0.002213,0.002251,0.002289,0.002289,0.002327,0.002327,0.002327,0.002327,0.002327,0.002289,0.002327,0.002327,0.002289,0.002327,0.002365,0.002327,0.002327,0.002251,0.002365,0.002327,0.002289,0.002213,0.002289,0.002365,0.002327,0.002327,0.002251,0.002327,0.002289,0.002365,0.002327,0.002289,0.002327,0.002327,0.002327,0.002289,0.002327,0.002365,0.002289,0.002327,0.002289,0.002251,0.002365,0.002289,0.002327,0.002327,0.002327,0.002289,0.002327,0.002289,0.002289,0.002289,0.002289,0.002289,0.002289,0.002251,0.002251,0.002289,0.002289,0.002289,0.002327,0.002327,0.002327,0.002327,0.002289,0.002327,0.002327,0.002289,0.002327,0.002327,0.002327,0.002289,0.002327,0.002365,0.002365,0.002289,0.002289,0.002289,0.002251,0.002327,0.002327,0.002251,0.002289,0.002213,0.002289,0.002251,0.002251,0.002251,0.002251,0.002289,0.002213,0.002136,0.002174,0.002213,0.002213,0.002174,0.002174,0.002213,0.002174,0.002136,0.002136,0.002213,0.002098,0.002174,0.002136,0.002136,0.002136,0.002136,0.002098,0.002136,0.002136,0.002136,0.002098,0.002060,0.002022,0.002060,0.001984,0.001984,0.001984,0.001907,0.001945,0.001907,0.001945,0.001907,0.001945,0.001945,0.001907,0.001945,0.001907,0.001869,0.001869,0.001869,0.001907,0.001907,0.001945,0.001907,0.001984,0.001984,0.002022,0.001984,0.002022,0.002022,0.002022,0.002060,0.002022,0.002022,0.002060,0.002022,0.002060,0.002136,0.002136,0.002136,0.002136,0.002174,0.002098,0.002098,0.002060,0.002060,0.002098,0.002098,0.002136,0.002098,0.002174,0.002174,0.002174,0.002174,0.002136,0.002174,0.002174,0.002251,0.002213,0.002251,0.002289,0.002251,0.002213,0.002213,0.002251,0.002251,0.002251,0.002327,0.002327,0.002289,0.002251,0.002289,0.002327,0.002289,0.002289,0.002289,0.002289,0.002327,0.002289,0.002251,0.002251,0.002213,0.002174,0.002174,0.002213,0.002174,0.002136,0.002136,0.002174,0.002098,0.002136,0.002022,0.002098,0.002098,0.002060,0.002022,0.001984,0.002022,0.002060,0.002022,0.002060,0.001984,0.002022,0.002022,0.002060,0.002060,0.002022,0.002022,0.002022,0.002022,0.002060,0.001945,0.001984,0.002060,0.002022,0.001984,0.002022,0.002022,0.001945,0.002060,0.002022,0.002022,0.002022,0.002022,0.001945,0.002022,0.001984,0.001984,0.002022,0.002022,0.002022,0.002022,0.002022,0.002022,0.002060,0.002060,0.002060,0.002060,0.002060,0.002098,0.002174,0.002098,0.002174,0.002136,0.002098,0.002174,0.002174,0.002136,0.002136,0.002174,0.002136,0.002251,0.002213,0.002174,0.002136,0.002174,0.002174,0.002174,0.002136,0.002213,0.002213,0.002251,0.002136,0.002174,0.002174,0.002136,0.002213,0.002213,0.002213,0.002251,0.002213,0.002251,0.002174,0.002136,0.002136,0.002174,0.002213,0.002174,0.002174,0.002174,0.002174,0.002213,0.002174,0.002174,0.002213,0.002213,0.002174,0.002174,0.002174,0.002213,0.002174,0.002174,0.002136,0.002136,0.002136,0.002174,0.002098,0.002136,0.002136,0.002098,0.002098,0.002098,0.002060,0.002022,0.002060,0.002060,0.002060,0.002098,0.002022,0.002022,0.001945,0.002060,0.002060,0.001984,0.002022,0.002060,0.002022,0.001984,0.002022,0.002022,0.002060,0.002060,0.002060,0.001984,0.002022,0.002022,0.002098,0.002060,0.002060,0.002060,0.002060,0.002022,0.002060,0.002060,0.002098,0.002098
30,19:00:00.000,12/31/1903,0.000000,0.100000,UNKNOWN,1,0/0,0.000000,0.000000,0.000000,0.000000,0.000000,0.000000,0.000000,0.000000,0,0,0,0,0.002251,0.002213,0.002213,0.002174,0.002213,0.002213,0.002213,0.002251,0.002213,0.002213,0.002213,0.002136,0.002174,0.002174,0.002174,0.002136,0.002136,0.002213,0.002174,0.002174,0.002136,0.002174,0.002136,0.002136,0.002213,0.002174,0.002098,0.002174,0.002174,0.002251,0.002174,0.002251,0.002174,0.002174,0.002174,0.002098,0.002098,0.002174,0.002251,0.002213,0.002174,0.002136,0.002098,0.002136,0.002098,0.002136,0.002098,0.002098,0.002174,0.002136,0.002098,0.002098,0.002136,0.002136,0.002136,0.002136,0.002098,0.002022,0.002136,0.002098,0.002098,0.002098,0.002060,0.002098,0.002060,0.002060,0.002098,0.002098,0.002060,0.002060,0.002060,0.002060,0.002098,0.002060,0.002098,0.002098,0.002060,0.002136,0.002060,0.002022,0.002022,0.002022,0.002060,0.002098,0.002060,0.002098,0.002060,0.002060,0.002022,0.002098,0.002060,0.002060,0.002060,0.002098,0.002060,0.002060,0.002060,0.002060,0.002060,0.002022,0.002098,0.002098,0.002136,0.002060,0.002136,0.002136,0.002174,0.002098,0.002060,0.002098,0.002098,0.002060,0.002098,0.002136,0.002098,0.002098,0.002098,0.002098,0.002136,0.002098,0.002136,0.002098,0.002098,0.002098,0.002098,0.002136,0.002136,0.002136,0.002060,0.002098,0.002098,0.002098,0.002136,0.002060,0.002098,0.002098,0.002060,0.002098,0.002098,0.002060,0.002060,0.002136,0.002098,0.002098,0.002136,0.002136,0.002098,0.002136,0.002136,0.002136,0.002098,0.002098,0.002136,0.002098,0.002098,0.002174,0.002098,0.002060,0.002098,0.002174,0.002136,0.002174,0.002098,0.002136,0.002136,0.002098,0.002174,0.002136,0.002174,0.002174,0.002213,0.002174,0.002174,0.002213,0.002136,0.002136,0.002098,0.002174,0.002174,0.002174,0.002251,0.002213,0.002136,0.002136,0.002174,0.002213,0.002136,0.002136,0.002174,0.002136,0.002174,0.002136,0.002136,0.002174,0.002174,0.002174,0.002174,0.002174,0.002174,0.002174,0.002174,0.002136,0.002174,0.002136,0.002136,0.002136,0.002174,0.002136,0.002136,0.002174,0.002136,0.002136,0.002213,0.002174,0.002136,0.002136,0.002136,0.002213,0.002213,0.002136,0.002136,0.002174,0.002136,0.002136,0.002174,0.002174,0.002098,0.002136,0.002174,0.002251,0.002174,0.002174,0.002213,0.002136,0.002213,0.002251,0.002251,0.002174,0.002213,0.002174,0.002174,0.002213,0.002174,0.002136,0.002174,0.002136,0.002174,0.002213,0.002213,0.002174,0.002213,0.002213,0.002213,0.002174,0.002251,0.002213,0.002213,0.002174,0.002174,0.002174,0.002174,0.002136,0.002174,0.002174,0.002174,0.002174,0.002174,0.002213,0.002213,0.002174,0.002174,0.002174,0.002136,0.002136,0.002174,0.002174,0.002098,0.002174,0.002174,0.002136,0.002136,0.002136,0.002174,0.002174,0.002136,0.002098,0.002136,0.002136,0.002098,0.002098,0.002136,0.002136,0.002060,0.002098,0.002098,0.002098,0.002098,0.002060,0.002060,0.002060,0.002098,0.002098,0.002060,0.002098,0.002136,0.002098,0.002060,0.002098,0.002098,0.002060,0.002136,0.002098,0.002098,0.002060,0.002098,0.002136,0.002060,0.002098,0.002060,0.002060,0.002098,0.002136,0.002136,0.002098,0.002136,0.002136,0.002136,0.002136,0.002136,0.002098,0.002060,0.002174,0.002098,0.002060,0.002136,0.002098,0.002136,0.002060,0.002098,0.002098,0.002098,0.002098,0.002060,0.002060,0.002098,0.002060,0.002098,0.002136,0.002136,0.002136,0.002098,0.002174,0.002136,0.002136,0.002098,0.002136,0.002136,0.002136,0.002136,0.002174,0.002174,0.002213,0.002136,0.002136,0.002136,0.002098,0.002174,0.002098,0.002136,0.002136,0.002136,0.002136,0.002174,0.002136,0.002136,0.002174,0.002098,0.002060,0.002136,0.002174,0.002174,0.002136,0.002098,0.002136,0.002136,0.002136,0.002174,0.002174,0.002136,0.002136,0.002174,0.002174,0.002213,0.002174,0.002174,0.002213,0.002174,0.002174,0.002174,0.002136,0.002251,0.002213,0.002213,0.002213,0.002174,0.002251,0.002213,0.002174,0.002174,0.002174,0.002136,0.002174,0.002136,0.002174,0.002213,0.002251,0.002174,0.002174,0.002213,0.002213,0.002289,0.002213,0.002327,0.002289,0.002251,0.002251,0.002327,0.002251,0.002251,0.002289,0.002251,0.002174,0.002213,0.002213,0.002213,0.002251,0.002213,0.002251,0.002251,0.002213,0.002251,0.002213,0.002251,0.002213,0.002251,0.002213,0.002213,0.002174,0.002213,0.002213,0.002213,0.002174,0.002174,0.002136,0.002174,0.002136,0.002136,0.002174,0.002136,0.002174,0.002098,0.002136,0.002136,0.002136,0.002098,0.002136,0.002136,0.002098,0.002136,0.002136,0.002098,0.002098,0.002060,0.002060,0.002136,0.002098,0.002060,0.002136,0.002136,0.002098,0.002060,0.002098,0.002098,0.002136,0.002060,0.002098,0.002098,0.002060,0.002022,0.002060,0.002060,0.002060,0.002060,0.002098,0.002098,0.002060,0.002098,0.002060,0.002060,0.002098,0.002060,0.002060,0.002060,0.002060,0.002060,0.002098,0.002060,0.002060,0.002060,0.002060,0.002098,0.002098,0.002098,0.002136,0.002098,0.002022,0.002022,0.002060,0.002060,0.002060,0.002098,0.002136,0.002098,0.002060,0.002060,0.002098,0.002136,0.002136,0.002098,0.002060,0.002060,0.002136,0.002098,0.002060,0.002098,0.002060,0.002060,0.002174,0.002060,0.002098,0.002136,0.002136,0.002136,0.002174,0.002136,0.002174,0.002098,0.002136,0.002213,0.002174,0.002213,0.002174,0.002174,0.002174,0.002136,0.002213,0.002213,0.002174,0.002213,0.002213,0.002174,0.002174,0.002213,0.002213,0.002251,0.002213,0.002213,0.002213,0.002174,0.002213,0.002136,0.002213,0.002251,0.002213,0.002174,0.002174,0.002213,0.002251,0.002213,0.002213,0.002174,0.002213,0.002213,0.002174,0.002213,0.002174,0.002251,0.002213,0.002136,0.002213,0.002213,0.002213,0.002213,0.002174,0.002213,0.002136,0.002136,0.002098,0.002136,0.002136,0.002174,0.002136,0.002098,0.002136,0.002136,0.002136,0.002136,0.002098,0.002136,0.002060,0.002136,0.002136,0.002136,0.002136,0.002098,0.002136,0.002136,0.002098,0.002098,0.002060,0.002174,0.002136,0.002060,0.002098,0.002060,0.002174,0.002098,0.002136,0.002136,0.002060,0.002098,0.002098,0.002136,0.002060,0.002098,0.002136,0.002022,0.002060,0.002136,0.002136,0.002174,0.002060,0.002098,0.002174,0.002098,0.002136,0.002136,0.002174,0.002136,0.002098,0.002098,0.002098,0.002136,0.002136,0.002136,0.002098,0.002098,0.002136,0.002098,0.002098,0.002098,0.002098,0.002174,0.002136,0.002098,0.002136,0.002060,0.002098,0.002098,0.002060,0.002098,0.002060,0.002098,0.002098,0.002098,0.002098,0.002098,0.002060,0.002136,0.002098,0.002022,0.002060,0.002060,0.002098,0.002136,0.002098,0.002060,0.002136,0.002022,0.002022,0.002022,0.002060,0.002060,0.002022,0.002022,0.001945,0.001945,0.001984,0.001907,0.001945,0.001907,0.001945,0.001869,0.001869,0.001907,0.001869,0.001831,0.001793,0.001755,0.001755,0.001755,0.001755,0.001678,0.001640,0.001678,0.001602,0.001602,0.001564,0.001526,0.001526,0.001488,0.001488,0.001526,0.001602,0.001602,0.001602,0.001640,0.001678,0.001831,0.001907,0.002022,0.002251,0.002441,0.002670,0.002899,0.003128,0.003433,0.003662,0.004044,0.004387,0.004692,0.004997,0.005379,0.005798,0.006065,0.006485,0.006790,0.007019,0.007324,0.007477,0.007591,0.007591,0.007477,0.007362,0.007095,0.006828,0.006371,0.005989,0.005455,0.004959,0.004349,0.003777,0.003204,0.002556,0.001984,0.001373,0.000763,0.000191,-0.000343,-0.000992,-0.001602,-0.002213,-0.002785,-0.003357,-0.003891,-0.004349,-0.004883,-0.005035,-0.005188,-0.005341,-0.005341,-0.005188,-0.004883,-0.004616,-0.004234,-0.003777,-0.003395,-0.002823,-0.002289,-0.001717,-0.001259,-0.000763,-0.000305,0.000038,0.000496,0.000839,0.001183,0.001488,0.001678,0.001869,0.002098,0.002174,0.002327,0.002403,0.002480,0.002518,0.002632,0.002785,0.002785,0.002861,0.003014,0.003014,0.003052,0.003128,0.003166,0.003204,0.003319,0.003357,0.003471,0.003510,0.003586,0.003700,0.003853,0.003967,0.004044,0.004196,0.004311,0.004425,0.004501,0.004578,0.004654,0.004807,0.004730,0.004845,0.004768,0.004730,0.004768,0.004768,0.004730,0.004654,0.004501,0.004425,0.004349,0.004272,0.004120,0.004005,0.003853,0.003777,0.003662,0.003510,0.003395,0.003281,0.003128,0.003014,0.002937,0.002785,0.002670,0.002556,0.002441,0.002441,0.002327,0.002289,0.002136,0.002098,0.002174,0.002098,0.001984,0.001907,0.001869,0.001869,0.001907,0.001831,0.001793,0.001869,0.001869,0.001869,0.001831,0.001907,0.001945,0.001984,0.002022,0.002022,0.002060,0.002098,0.002060,0.002136,0.002022,0.002060,0.002098,0.002060,0.002060,0.001984,0.001945,0.001945,0.001869,0.001869,0.001869,0.001869,0.001831,0.001869,0.001907,0.001831,0.001831,0.001831,0.001793,0.001755,0.001678,0.001678,0.001640,0.001564,0.001526,0.001450,0.001526,0.001488,0.001488,0.001564,0.001526,0.001602,0.001678,0.001793,0.001793,0.001755,0.001869,0.001907,0.001945,0.001907,0.001945,0.002022,0.001984,0.001984,0.001907,0.001907,0.001907,0.001869,0.001869,0.001869,0.001945,0.001984,0.001945,0.001984,0.001984,0.002022,0.002060,0.002060,0.002098,0.002060,0.002098,0.002060,0.001984,0.001984,0.001907,0.001945,0.001945,0.001984,0.001907,0.001907,0.001907,0.001907,0.001984,0.001945,0.001984,0.002060,0.002098,0.002213,0.002213,0.002289,0.002441,0.002441,0.002441,0.002556,0.002632,0.002632,0.002632,0.002632,0.002670,0.002594,0.002556,0.002556,0.002556,0.002441,0.002327,0.002251,0.002174,0.002136,0.002060,0.001984,0.001945,0.001945,0.001945,0.001907,0.001945,0.001907,0.001984,0.001984,0.001984,0.001945,0.001984,0.001907,0.001984,0.001945,0.001907,0.001831,0.001831,0.001755,0.001755,0.001717,0.001640,0.001564,0.001564,0.001526,0.001564,0.001526,0.001450,0.001488,0.001488,0.001450,0.001450,0.001450,0.001488,0.001450,0.001450,0.001450,0.001526,0.001488,0.001526,0.001564,0.001602,0.001640,0.001678,0.001755,0.001869,0.001907,0.001984,0.002060,0.002098,0.002174,0.002289,0.002365,0.002441,0.002480,0.002556,0.002556,0.002670,0.002747,0.002785,0.002861,0.002861,0.002823,0.002861,0.002861,0.002823,0.002823,0.002785,0.002785,0.002823,0.002785,0.002747,0.002785,0.002670,0.002708,0.002708,0.002708,0.002708,0.002632,0.002632,0.002632,0.002632,0.002632,0.002594,0.002594,0.002480,0.002518,0.002480,0.002403,0.002403,0.002403,0.002327,0.002289,0.002289,0.002251,0.002213,0.002289,0.002251,0.002213,0.002213,0.002174,0.002213,0.002174,0.002174,0.002174,0.002174,0.002213,0.002213,0.002251,0.002213,0.002213,0.002213,0.002174,0.002174,0.002174,0.002136,0.002136,0.002136,0.002251,0.002213,0.002213,0.002251,0.002213,0.002327,0.002403,0.002403,0.002365,0.002480,0.002556,0.002594,0.002632,0.002670,0.002670,0.002670,0.002708,0.002708,0.002708,0.002632,0.002594,0.002556,0.002556,0.002480,0.002365,0.002365,0.002289,0.002213,0.002098,0.002022,0.002022,0.001907,0.001869,0.001869,0.001793,0.001755,0.001717,0.001793,0.001793,0.001755,0.001755,0.001755,0.001869,0.001907,0.001945,0.001984,0.002060,0.002098,0.002098,0.002174,0.002174,0.002213,0.002213,0.002213,0.002289,0.002213,0.002251,0.002213,0.002213,0.002174,0.002136,0.002098,0.002098,0.002060,0.002022,0.001984,0.001984,0.001945,0.001869,0.001869,0.001831,0.001831,0.001831,0.001755,0.001717,0.001717,0.001678,0.001602,0.001602,0.001678,0.001640,0.001640,0.001640,0.001602,0.001640,0.001678,0.001717,0.001717,0.001755,0.001831,0.001793,0.001831,0.001869,0.001945,0.001984,0.001907,0.002022,0.001984,0.001984,0.002022,0.002060,0.002098,0.002136,0.002136,0.002213,0.002174,0.002136,0.002136,0.002213,0.002213,0.002213,0.002289,0.002251,0.002251,0.002289,0.002327,0.002289,0.002213,0.002289,0.002289,0.002327,0.002289,0.002251,0.002289,0.002213,0.002213,0.002213,0.002213,0.002251,0.002174,0.002213,0.002213,0.002213,0.002174,0.002174,0.002174,0.002251,0.002251,0.002251,0.002251,0.002289,0.002289,0.002251,0.002251,0.002289,0.002289,0.002289,0.002251,0.002213,0.002251,0.002251,0.002174,0.002213,0.002213,0.002136,0.002136,0.002136,0.002060,0.002098,0.002022,0.001984,0.001945,0.001907,0.001907,0.001831,0.001869,0.001793,0.001793,0.001755,0.001755,0.001717,0.001755,0.001831,0.001755,0.001755,0.001755,0.001717,0.001717,0.001755,0.001793,0.001755,0.001717,0.001755,0.001793,0.001831,0.001869,0.001907,0.001984,0.001945,0.002022,0.002060,0.002136,0.002174,0.002174,0.002213,0.002251,0.002327,0.002289,0.002365,0.002403,0.002403,0.002480,0.002480,0.002518,0.002480,0.002480,0.002518,0.002518,0.002480,0.002556,0.002556,0.002556,0.002556,0.002556,0.002518,0.002556,0.002556,0.002594,0.002556,0.002518,0.002518,0.002518,0.002670,0.002518,0.002480,0.002480,0.002556,0.002480,0.002441,0.002403,0.002365,0.002365,0.002251,0.002289,0.002213,0.002174,0.002174,0.002098,0.002098,0.002060,0.002098,0.002060,0.002022,0.001984,0.001984,0.002022,0.002060,0.002022,0.002098,0.002098,0.002136,0.002136,0.002174,0.002213,0.002289,0.002251,0.002289,0.002327,0.002365,0.002327,0.002403,0.002365,0.002365,0.002365,0.002327,0.002403,0.002327,0.002289,0.002327,0.002289,0.002251,0.002174,0.002213,0.002174,0.002136,0.002098,0.002060,0.002022,0.002022,0.001945,0.001945,0.001945,0.001945,0.001869,0.001831,0.001869,0.001831,0.001907,0.001831,0.001831,0.001793,0.001793,0.001831,0.001793,0.001793,0.001793,0.001755,0.001793,0.001755,0.001755,0.001793,0.001831,0.001831,0.001793,0.001869,0.001831,0.001793,0.001717,0.001831,0.001869,0.001831,0.001793,0.001793,0.001793,0.001793,0.001831,0.001869,0.001831,0.001907,0.001945,0.001869,0.001945,0.001984,0.001984,0.002022,0.002022,0.002098,0.002136,0.002136,0.002213,0.002213,0.002251,0.002289,0.002327,0.002327,0.002289,0.002289,0.002327,0.002365,0.002403,0.002327,0.002289,0.002289,0.002251,0.002327,0.002327,0.002289,0.002289,0.002251,0.002251,0.002174,0.002213,0.002136,0.002174,0.002174,0.002136,0.002136,0.002060,0.002136,0.002174,0.002136,0.002098,0.002136,0.002136,0.002213,0.002136,0.002136,0.002098,0.002098,0.002136,0.002136,0.002174,0.002098,0.002174,0.002136,0.002174,0.002174,0.002174,0.002136,0.002136,0.002174,0.002136,0.002136,0.002098,0.002136,0.002174,0.002174,0.002098,0.002098,0.002174,0.002213,0.002174,0.002174,0.002251,0.002289,0.002289,0.002289,0.002213,0.002251,0.002251,0.002174,0.002213,0.002174,0.002174,0.002098,0.002098,0.002098,0.002098,0.002098,0.002098,0.002098,0.002060,0.002060,0.002060,0.002060,0.002060,0.002098,0.002098,0.002060,0.002060,0.002060,0.002098,0.002060,0.002098,0.002136,0.002098,0.002098,0.002060,0.002098,0.002136,0.002174,0.002136,0.002174,0.002136,0.002098,0.002174,0.002213,0.002174,0.002213,0.002251,0.002251,0.002289,0.002251,0.002251,0.002251,0.002213,0.002251,0.002213,0.002174,0.002174,0.002098,0.002098,0.002098,0.002022,0.002022,0.002022,0.001984,0.001945,0.001907,0.001907,0.001984,0.001907,0.001907,0.001869,0.001869,0.001945,0.001984,0.001907,0.001945,0.001984,0.001907,0.001945,0.002022,0.001984,0.002060,0.002060,0.002060,0.002022,0.002060,0.002098,0.002136,0.002098,0.002098,0.002098,0.002098,0.002098,0.002174,0.002136,0.002136,0.002098,0.002136,0.002136,0.002136,0.002136,0.002136,0.002098,0.002060,0.002098,0.002098,0.002098,0.002022,0.002022,0.001907,0.001984,0.002022,0.002022,0.002022,0.001945,0.001945,0.001945,0.001945,0.001945,0.001945,0.001907,0.001945,0.001945,0.001984,0.001984,0.002060,0.002060,0.002060,0.002098,0.002060,0.002098,0.002098,0.002136,0.002174,0.002213,0.002213,0.002174,0.002251,0.002213,0.002251,0.002213,0.002289,0.002327,0.002365,0.002365,0.002365,0.002327,0.002365,0.002289,0.002289,0.002365,0.002365,0.002365,0.002289,0.002365,0.002327,0.002365,0.002327,0.002251,0.002327,0.002327,0.002251,0.002289,0.002251,0.002327,0.002213,0.002213,0.002251,0.002174,0.002213,0.002213,0.002213,0.002136,0.002174,0.002136,0.002174,0.002174,0.002136,0.002136,0.002136,0.002060,0.002060,0.002098,0.002060,0.002022,0.002022,0.002136,0.002098,0.002098,0.002136,0.002098,0.002174,0.002251,0.002251,0.002289,0.002327,0.002365,0.002403,0.002480,0.002518,0.002480,0.002594,0.002632,0.002670,0.002670,0.002670,0.002708,0.002670,0.002747,0.002747,0.002747,0.002708,0.002670,0.002670,0.002708,0.002632,0.002632,0.002594,0.002594,0.002518,0.002441,0.002480,0.002403,0.002365,0.002289,0.002327,0.002289,0.002213,0.002174,0.002174,0.002098,0.002060,0.002022,0.001984,0.001831,0.001831,0.001717,0.001602,0.001488,0.001411,0.001373,0.001259,0.001144,0.001030,0.001030,0.000992,0.000992,0.000954,0.000916,0.000954,0.000954,0.001030,0.001106,0.001183,0.001221,0.001335,0.001411,0.001526,0.001640,0.001755,0.001755,0.001831,0.001984,0.002098,0.002136,0.002174,0.002251,0.002289,0.002365,0.002403,0.002403,0.002403,0.002441,0.002403,0.002403,0.002403,0.002365,0.002403,0.002365,0.002289,0.002289,0.002251,0.002251,0.002213,0.002213,0.002174,0.002174,0.002251,0.002213,0.002213,0.002251,0.002289,0.002289,0.002327,0.002365,0.002365,0.002403,0.002518,0.002403,0.002480,0.002480,0.002556,0.002556,0.002594,0.002556,0.002556,0.002518,0.002518,0.002518,0.002441,0.002480,0.002441,0.002403,0.002365,0.002365,0.002251,0.002289,0.002213,0.002213,0.002174,0.002136,0.002136,0.002098,0.002060,0.002060,0.001984,0.002022,0.002022,0.001984,0.001945,0.001945,0.001984,0.002022,0.002022,0.002022,0.001984,0.001984,0.002060,0.002022,0.001984,0.002022,0.002060,0.002022,0.002022,0.001984,0.002060,0.002060,0.001984,0.002060,0.002022,0.002060,0.002060,0.002060,0.002022,0.002022,0.001984,0.002022,0.001984,0.001984,0.002022,0.002060,0.001984,0.001984,0.002022,0.002022,0.002098,0.002060,0.002060,0.002098,0.002098,0.002022,0.002098,0.002136,0.002060,0.002098,0.002136,0.002098,0.002174,0.002174,0.002213,0.002174,0.002213,0.002289,0.002289,0.002289,0.002289,0.002327,0.002327,0.002365,0.002403,0.002441,0.002441,0.002480,0.002403,0.002403,0.002403,0.002441,0.002327,0.002327,0.002441,0.002403,0.002403,0.002403,0.002365,0.002327,0.002327,0.002327,0.002365,0.002289,0.002289,0.002251,0.002213,0.002174,0.002174,0.002213,0.002213,0.002174,0.002136,0.002098,0.002136,0.002136,0.002136,0.002136,0.002098,0.002136,0.002136,0.002213,0.002136,0.002174,0.002213,0.002174,0.002136,0.002174,0.002213,0.002213,0.002213,0.002251,0.002251,0.002251,0.002251,0.002289,0.002365,0.002327,0.002403,0.002365,0.002403,0.002403,0.002403,0.002441,0.002403,0.002403,0.002403,0.002403,0.002441,0.002480,0.002403,0.002441,0.002365,0.002327,0.002289,0.002251,0.002174,0.002136,0.002136,0.002098,0.002098,0.002098,0.002022,0.002022,0.001984,0.002022,0.002022,0.001945,0.001945,0.001945,0.001907,0.001869,0.001831,0.001869,0.001869,0.001907,0.001831,0.001831,0.001869,0.001793,0.001793,0.001831,0.001831,0.001907,0.001831,0.001831,0.001831,0.001831,0.001869,0.001907,0.001907,0.001945,0.001907,0.001907,0.001907,0.001984,0.001945,0.001945,0.001984,0.002022,0.002022,0.002060,0.002060,0.001945,0.002060,0.002136,0.002060,0.002098,0.002098,0.002136,0.002174,0.002174,0.002136,0.002213,0.002213,0.002174,0.002213,0.002251,0.002251,0.002251,0.002213,0.002174,0.002251,0.002174,0.002213,0.002174,0.002136,0.002174,0.002174,0.002213,0.002136,0.002174,0.002098,0.002136,0.002136,0.002136,0.002136,0.002213,0.002174,0.002213,0.002174,0.002174,0.002136,0.002174,0.002213,0.002213,0.002213,0.002174,0.002174,0.002213,0.002174,0.002251,0.002174,0.002174,0.002136,0.002098,0.002098,0.002060,0.002060,0.002060,0.002022,0.001984,0.001945,0.001945,0.001984,0.001907,0.001907,0.001945,0.001907,0.001907,0.001869,0.001907,0.001907,0.001869,0.001945,0.001945,0.001945,0.001907,0.001945,0.001945,0.002022,0.002022,0.002022,0.002022,0.002060,0.002060,0.002098,0.002136,0.002098,0.002098,0.002136,0.002136,0.002174,0.002174,0.002098,0.002136,0.002136,0.002136,0.002174,0.002136,0.002136,0.002136,0.002060,0.002060,0.002098,0.002098,0.002098,0.002060,0.002136,0.002060,0.002098,0.002060,0.002060,0.002098,0.002098,0.002174,0.002136,0.002098,0.002136,0.002174,0.002213,0.002251,0.002289,0.002251,0.002289,0.002289,0.002327,0.002289,0.002289,0.002289,0.002365,0.002327,0.002327,0.002327,0.002365,0.002327,0.002289,0.002327,0.002289,0.002289,0.002327,0.002251,0.002251,0.002251,0.002213,0.002174,0.002174,0.002136,0.002136,0.002098,0.002174,0.002174,0.002136,0.002060,0.002136,0.002098,0.002098,0.002098,0.002098,0.002136,0.002098,0.002060,0.002136,0.002174,0.002174,0.002174,0.002174,0.002174,0.002213,0.002251,0.002251,0.002251,0.002251,0.002251,0.002289,0.002327,0.002327,0.002327,0.002327,0.002327,0.002327,0.002365,0.002327,0.002327,0.002327,0.002289,0.002251,0.002251,0.002289,0.002251,0.002251,0.002289,0.002213,0.002213,0.002251,0.002136,0.002136,0.002136,0.002174,0.002060,0.002098,0.002022,0.002060,0.002022,0.002060,0.001984,0.001945,0.001907,0.001984,0.001907,0.001869,0.001869,0.001831,0.001831,0.001793,0.001793,0.001793,0.001793,0.001755,0.001755,0.001717,0.001755,0.001717,0.001793,0.001755,0.001755,0.001793,0.001717,0.001793,0.001793,0.001793,0.001831,0.001793,0.001793,0.001755,0.001793,0.001793,0.001831,0.001831,0.001831,0.001831,0.001869,0.001793,0.001831,0.001831,0.001907,0.001907,0.001907,0.001907,0.001945,0.001984,0.002022,0.002022,0.002022,0.002060,0.002098,0.002060,0.002098,0.002136,0.002213,0.002251,0.002251,0.002289,0.002327,0.002289,0.002289,0.002327,0.002403,0.002403,0.002365,0.002403,0.002365,0.002403,0.002441,0.002403,0.002441,0.002403,0.002365,0.002441,0.002403,0.002403,0.002403,0.002365,0.002365,0.002365,0.002365,0.002327,0.002327,0.002365,0.002327,0.002289,0.002251,0.002251,0.002251,0.002251,0.002174,0.002174,0.002174,0.002213,0.002174,0.002098,0.002098,0.002060,0.002022,0.002136,0.002098,0.002098,0.002022,0.001984,0.002060,0.002060,0.002060,0.002098,0.002060,0.002060,0.002060,0.002060,0.002098,0.002098,0.002098,0.002060,0.002098,0.002098,0.002022,0.002060,0.002060,0.002022,0.001984,0.002060,0.002060,0.002022,0.001945,0.001945,0.002022,0.001945,0.001984,0.001984,0.001984,0.002022,0.001984,0.001984,0.001984,0.001984,0.002098,0.001984,0.002022,0.002060,0.002098,0.002136,0.002098,0.002136,0.002136,0.002098,0.002136,0.002136,0.002136,0.002136,0.002136,0.002174,0.002213,0.002213,0.002174,0.002136,0.002136,0.002174,0.002174,0.002136,0.002136,0.002136,0.002060,0.002136,0.002136,0.002136,0.002098,0.002136,0.002251,0.002174,0.002136,0.002136,0.002174,0.002174,0.002213,0.002174,0.002213,0.002174,0.002251,0.002289,0.002251,0.002289,0.002251,0.002251,0.002251,0.002289,0.002289,0.002251,0.002213,0.002251,0.002251,0.002213,0.002251,0.002251,0.002213,0.002251,0.002213,0.002213,0.002213,0.002174,0.002174,0.002174,0.002213,0.002213,0.002174,0.002213,0.002213,0.002213,0.002174,0.002174,0.002174,0.002174,0.002174,0.002174,0.002136,0.002174,0.002174,0.002174,0.002213,0.002174,0.002174,0.002136,0.002174,0.002136,0.002136,0.002136,0.002098,0.002098,0.002098,0.002136,0.002098,0.002022,0.002022,0.001945,0.002022,0.002022,0.001984,0.001984,0.002022,0.002022,0.002022,0.002022,0.001945,0.001984,0.002022,0.001984,0.001984,0.001907,0.001907,0.001945,0.001945,0.001945,0.001984,0.001984,0.001984,0.001907,0.001984,0.001984,0.001945,0.001984,0.001984,0.001984,0.001984,0.001945,0.002022,0.002022,0.002022,0.002060,0.002060,0.002060,0.002060,0.002060,0.002098,0.002098,0.002098,0.002098,0.002136,0.002098,0.002098,0.002098,0.002136,0.002213,0.002213,0.002213,0.002174,0.002289,0.002251,0.002213,0.002251,0.002213,0.002213,0.002251,0.002251,0.002251,0.002251,0.002213,0.002174,0.002251,0.002289,0.002174,0.002213,0.002251,0.002213,0.002174,0.002174,0.002213,0.002174,0.002174,0.002174,0.002174,0.002213,0.002174,0.002174,0.002174,0.002174,0.002174,0.002136,0.002136,0.002174,0.002174,0.002213,0.002136,0.002213,0.002213,0.002174,0.002213,0.002289,0.002251,0.002213,0.002289,0.002251,0.002174,0.002251,0.002251,0.002213,0.002251,0.002174,0.002213,0.002289,0.002174,0.002174,0.002174,0.002251,0.002213,0.002213,0.002213,0.002251,0.002213,0.002136,0.002174,0.002213,0.002213,0.002213,0.002174,0.002136,0.002174,0.002213,0.002174,0.002174,0.002136,0.002174,0.002174,0.002174,0.002174,0.002213,0.002174,0.002136,0.002136,0.002213,0.002174,0.002174,0.002136,0.002174,0.002136,0.002174,0.002174,0.002174,0.002136,0.002174,0.002174,0.002174,0.002174,0.002213,0.002213,0.002213,0.002213,0.002213,0.002251,0.002174,0.002174,0.002213,0.002213,0.002174,0.002174,0.002174,0.002213,0.002213,0.002213,0.002213,0.002213,0.002174,0.002174,0.002174,0.002174,0.002174,0.002136,0.002174,0.002136,0.002136,0.002098,0.002060,0.002098,0.002060,0.002098,0.002060,0.002098,0.002136,0.002098,0.002136,0.002022,0.002022,0.002060,0.002060,0.002060,0.002098,0.002098,0.002098,0.002060,0.002136,0.002098,0.002098,0.002060,0.002136,0.002136,0.002136,0.002213,0.002213,0.002213,0.002251,0.002251,0.002289,0.002289,0.002327,0.002327,0.002365,0.002365,0.002403,0.002403,0.002403,0.002403,0.002441,0.002480,0.002441,0.002480,0.002480,0.002480,0.002441,0.002403,0.002403,0.002365,0.002327,0.002289,0.002327,0.002251,0.002213,0.002174,0.002174,0.002060,0.002060,0.001984,0.001984,0.001945,0.001945,0.001907,0.001869,0.001869,0.001869,0.001907,0.001869,0.001831,0.001831,0.001793,0.001945,0.001907,0.001984,0.001907,0.001945,0.001984,0.001984,0.002022,0.002060,0.002060,0.002098,0.002136,0.002136,0.002098,0.002136,0.002136,0.002136,0.002098,0.002060,0.002136,0.002098,0.002060,0.002022,0.002022,0.002022,0.001984,0.002022,0.002060,0.002022,0.002022,0.001984,0.002022,0.002060,0.002060,0.002098,0.002060,0.002098,0.002136,0.002060,0.002174,0.002213,0.002174,0.002213,0.002213,0.002251,0.002251,0.002251,0.002289,0.002289,0.002327,0.002327,0.002327,0.002327,0.002365,0.002327,0.002327,0.002365,0.002327,0.002289,0.002365,0.002327,0.002327,0.002327,0.002289,0.002327,0.002289,0.002289,0.002289,0.002289,0.002251,0.002251,0.002251,0.002251,0.002327,0.002327,0.002289,0.002403,0.002365,0.002365,0.002327,0.002365,0.002365,0.002365,0.002327,0.002365,0.002289,0.002327,0.002213,0.002251,0.002213,0.002251,0.002174,0.002098,0.002136,0.002098,0.002098,0.002098,0.002098,0.002022,0.001984,0.001984,0.001945,0.001984,0.001945,0.001907,0.001869,0.001869,0.001907,0.001869,0.001793,0.001869,0.001869,0.001831,0.001793,0.001907,0.001907,0.001831,0.001831,0.001869,0.001907,0.001907,0.001907,0.001907,0.001907,0.001907,0.001984,0.001984,0.002022,0.001984,0.001984,0.002060,0.002022,0.002098,0.002098,0.002174,0.002136,0.002098,0.002136,0.002136,0.002098,0.002136,0.002136,0.002174,0.002136,0.002136,0.002136,0.002136,0.002136,0.002098,0.002174,0.002174,0.002136,0.002098,0.002060,0.002136,0.002136,0.002136,0.002174,0.002174,0.002098,0.002136,0.002098,0.002098,0.002136,0.002213,0.002174,0.002136,0.002174,0.002136,0.002213,0.002213,0.002251,0.002174,0.002174,0.002251,0.002213,0.002213,0.002213,0.002251,0.002289,0.002251,0.002251,0.002213,0.002174,0.002213,0.002289,0.002251,0.002251,0.002289,0.002327,0.002289,0.002289,0.002289,0.002289,0.002213,0.002213,0.002251,0.002251,0.002251,0.002289,0.002213,0.002174,0.002174,0.002174,0.002136,0.002098,0.002098,0.002098,0.002136,0.002060,0.002098,0.002098,0.002060,0.002098,0.002060,0.002098,0.002098,0.002022,0.002060,0.002136,0.002098,0.002136,0.002136,0.002098,0.002213,0.002174,0.002174,0.002174,0.002174,0.002136,0.002098,0.002098,0.002098,0.002098,0.002098,0.002098,0.002060,0.002022,0.002022,0.002022,0.001984,0.001984,0.001945,0.001945,0.001907,0.001869,0.001907,0.001869,0.001869,0.001907,0.001945,0.001907,0.001984,0.001945,0.001945,0.002022,0.001984,0.002022,0.002022,0.002060,0.002136,0.002136,0.002174,0.002174,0.002136,0.002213,0.002174,0.002174,0.002213,0.002251,0.002136,0.002213,0.002213,0.002136,0.002213,0.002174,0.002136,0.002136,0.002098,0.002098,0.002098,0.002136,0.002060,0.002098,0.002060,0.002022,0.002022,0.002060,0.002098,0.002060,0.002060,0.002060,0.002060,0.002098,0.002060,0.002060,0.002060,0.002060,0.002136,0.002098,0.002098,0.002136,0.002136,0.002098,0.002136,0.002213,0.002213,0.002174,0.002251,0.002213,0.002213,0.002251,0.002289,0.002365,0.002289,0.002327,0.002365,0.002365,0.002327,0.002327,0.002327,0.002365,0.002365,0.002365,0.002327,0.002289,0.002327,0.002327,0.002251,0.002251,0.002251,0.002289,0.002289,0.002213,0.002213,0.002174,0.002213,0.002174,0.002174,0.002174,0.002136,0.002098,0.002098,0.002098,0.002098,0.002136,0.002098,0.002098,0.002136,0.002098,0.002136,0.002136,0.002098,0.002098,0.002098,0.002098,0.002098,0.002098,0.002060,0.002098,0.002060,0.002060,0.002022,0.002022,0.002022,0.002022,0.002022,0.001945,0.001945,0.001945,0.001907,0.001907,0.001907,0.001831,0.001869,0.001907,0.001831,0.001869,0.001869,0.001869,0.001907,0.001869,0.001869,0.001869,0.001869,0.001907,0.001907,0.001907,0.001945,0.001907,0.001907,0.001907,0.001945,0.001945,0.001945,0.002022,0.001984,0.001984,0.001984,0.002022,0.002022,0.002022,0.002022,0.002022,0.002060,0.002098,0.001984,0.001945,0.002022,0.002022,0.002022,0.002022,0.002022,0.002022,0.001984,0.002022,0.001984,0.001984,0.002060,0.001984,0.001984,0.002060,0.002060,0.002022,0.002060,0.002098,0.002060,0.002136,0.002136,0.002136,0.002174,0.002136,0.002174,0.002174,0.002174,0.002213,0.002251,0.002251,0.002213,0.002213,0.002251,0.002289,0.002251,0.002251,0.002213,0.002251,0.002327,0.002327,0.002365,0.002327,0.002403,0.002441,0.002441,0.002441,0.002480,0.002403,0.002403,0.002441,0.002441,0.002480,0.002480,0.002480,0.002480,0.002441,0.002441,0.002365,0.002365,0.002365,0.002403,0.002365,0.002365,0.002289,0.002251,0.002174,0.002174,0.002136,0.002136,0.002098,0.002060,0.002060,0.001984,0.001945,0.001869,0.001869,0.001869,0.001831,0.001831,0.001793,0.001831,0.001793,0.001831,0.001831,0.001831,0.001831,0.001793,0.001831,0.001869,0.001869,0.001907,0.001869,0.001831,0.001984,0.001984,0.001945,0.001945,0.002022,0.002022,0.002022,0.002060,0.002060,0.002060,0.002060,0.002098,0.002136,0.002060,0.002098,0.002136,0.002174,0.002213,0.002174,0.002213,0.002213,0.002213,0.002213,0.002251,0.002289,0.002289,0.002251,0.002289,0.002289,0.002327,0.002289,0.002327,0.002327,0.002403,0.002403,0.002365,0.002365,0.002403,0.002365,0.002365,0.002365,0.002403,0.002365,0.002327,0.002327,0.002365,0.002327,0.002327,0.002327,0.002327,0.002327,0.002327,0.002289,0.002327,0.002327,0.002289,0.002327,0.002289,0.002327,0.002327,0.002365,0.002327,0.002251,0.002327,0.002251,0.002289,0.002251,0.002327,0.002213,0.002289,0.002251,0.002213,0.002174,0.002174,0.002213,0.002174,0.002213,0.002213,0.002213,0.002174,0.002098,0.002213,0.002213,0.002174,0.002136,0.002136,0.002174,0.002136,0.002098,0.002098,0.002098,0.002136,0.002098,0.002098,0.002060,0.002060,0.001984,0.001945,0.001984,0.001984,0.001984,0.001984,0.001945,0.001945,0.001945,0.001984,0.001945,0.002022,0.001945,0.001984,0.001907,0.001945,0.002022,0.001984,0.001984,0.001984,0.001945,0.001984,0.002022,0.001984,0.002022,0.002022,0.002098,0.002022,0.002060,0.002060,0.002060,0.002098,0.002136,0.002098,0.002060,0.002136,0.002098,0.002136,0.002098,0.002098,0.002136,0.002098,0.002213,0.002213,0.002174,0.002174,0.002213,0.002251,0.002174,0.002098,0.002213,0.002213,0.002251,0.002251,0.002251,0.002213,0.002327,0.002289,0.002365,0.002327,0.002327,0.002289,0.002289,0.002327,0.002289,0.002327,0.002327,0.002289,0.002289,0.002289,0.002289,0.002251,0.002289,0.002213,0.002213,0.002289,0.002289,0.002213,0.002213,0.002251,0.002174,0.002174,0.002213,0.002213,0.002174,0.002136,0.002174,0.002136,0.002136,0.002136,0.002174,0.002136,0.002136,0.002098,0.002174,0.002098,0.002136,0.002136,0.002136,0.002136,0.002136,0.002098,0.002136,0.002098,0.002098,0.002136,0.002136,0.002136,0.002136,0.002060,0.002098,0.002098,0.002060,0.002098,0.002098,0.002022,0.001984,0.002022,0.002022,0.002060,0.001945,0.001945,0.001907,0.001945,0.001907,0.001945,0.001907,0.001907,0.001907,0.001907,0.001907,0.001869,0.001869,0.001793,0.001869,0.001869,0.001869,0.001869,0.001869,0.001869,0.001907,0.001869,0.001869,0.001869,0.001945,0.001945,0.002022,0.001984,0.001984,0.001945,0.001984,0.001984,0.002022,0.002060,0.002098,0.002060,0.002098,0.002098,0.002136,0.002136,0.002136,0.002136,0.002098,0.002136,0.002174,0.002174,0.002213,0.002213,0.002251,0.002251,0.002289,0.002289,0.002251,0.002327,0.002327,0.002327,0.002327,0.002289,0.002365,0.002365,0.002327,0.002327,0.002327,0.002327,0.002403,0.002365,0.002289,0.002327,0.002327,0.002327,0.002251,0.002251,0.002289,0.002251,0.002174,0.002251,0.002251,0.002251,0.002174,0.002213,0.002289,0.002213,0.002213,0.002213,0.002251,0.002174,0.002174,0.002174,0.002174,0.002174,0.002136,0.002213,0.002213,0.002213,0.002251,0.002213,0.002213,0.002174,0.002174,0.002213,0.002213,0.002213,0.002213,0.002136,0.002136,0.002174,0.002213,0.002174,0.002251,0.002251,0.002251,0.002251,0.002213,0.002213,0.002251,0.002213,0.002251,0.002251,0.002213,0.002174,0.002251,0.002213,0.002251,0.002213,0.002213,0.002174,0.002213,0.002213,0.002174,0.002251,0.002213,0.002213,0.002213,0.002251,0.002251,0.002213,0.002289,0.002213,0.002251,0.002213,0.002213,0.002213,0.002213,0.002213,0.002213,0.002213,0.002213,0.002174,0.002213,0.002174,0.002213,0.002174,0.002213,0.002213,0.002213,0.002213,0.002251,0.002213,0.002251,0.002213,0.002213,0.002251,0.002251,0.002213,0.002251,0.002289,0.002289,0.002251,0.002213,0.002174,0.002213,0.002213,0.002213,0.002213,0.002174,0.002174,0.002098,0.002213,0.002136,0.002136,0.002136,0.002098,0.002174,0.002098,0.002060,0.002022,0.002022,0.002060,0.001945,0.001945,0.001945,0.001945,0.001945,0.001907,0.001945,0.001907,0.001907,0.001907,0.001869,0.001907,0.001907,0.001869,0.001831,0.001869,0.001869,0.001869,0.001831,0.001831,0.001869,0.001907,0.001907,0.001907,0.001945,0.001945,0.002022,0.001945,0.001984,0.001984,0.001984,0.002098,0.002060,0.002098,0.002098,0.002136,0.002213,0.002213,0.002251,0.002213,0.002289,0.002213,0.002213,0.002251,0.002289,0.002289,0.002251,0.002213,0.002251,0.002213,0.002251,0.002251,0.002213,0.002251,0.002098,0.002174,0.002174,0.002174,0.002213,0.002136,0.002098,0.002174,0.002174,0.002174,0.002136,0.002136,0.002136,0.002174,0.002174,0.002251,0.002251,0.002213,0.002251,0.002213,0.002251,0.002289,0.002213,0.002327,0.002289,0.002289,0.002365,0.002289,0.002327,0.002289,0.002213,0.002213,0.002251,0.002251,0.002213,0.002213,0.002174,0.002174,0.002098,0.002060,0.001984,0.001945,0.001984,0.001907,0.001831,0.001831,0.001869,0.001869,0.001831,0.001793,0.001831,0.001793,0.001793,0.001755,0.001869,0.001869,0.001793,0.001793,0.001793,0.001907,0.001984,0.001907,0.001945,0.001945,0.002022,0.002060,0.002022,0.002060,0.002022,0.002060,0.002098,0.002098,0.002098,0.002060,0.002098,0.002060,0.002022,0.002022,0.002060,0.002098,0.002022,0.001984,0.002098,0.002098,0.002136,0.002060,0.002098,0.002060,0.002098,0.002098,0.002136,0.002136,0.002136,0.002136,0.002213,0.002213,0.002213,0.002251,0.002213,0.002289,0.002289,0.002251,0.002327,0.002327,0.002365,0.002327,0.002327,0.002327,0.002327,0.002289,0.002289,0.002289,0.002251,0.002251,0.002289,0.002251,0.002251,0.002213,0.002213,0.002213,0.002213,0.002251,0.002174,0.002213,0.002174,0.002174,0.002174,0.002174,0.002174,0.002213,0.002213,0.002213,0.002174,0.002213,0.002174,0.002213,0.002174,0.002174,0.002213,0.002174,0.002136,0.002174,0.002098,0.002136,0.002136,0.002136,0.002098,0.002098,0.002098,0.002098,0.002136,0.002098,0.002060,0.002060,0.001984,0.002060,0.002098,0.002136,0.002060,0.002022,0.002060,0.002022,0.002098,0.002098,0.002136,0.002098,0.002098,0.002098,0.002098,0.002136,0.002136,0.002098,0.002098,0.002098,0.002098,0.002098,0.002098,0.002136,0.002136,0.002136,0.002213,0.002136,0.002136,0.002174,0.002174,0.002136,0.002174,0.002136,0.002213,0.002213,0.002174,0.002213,0.002174,0.002174,0.002251,0.002174,0.002213,0.002213,0.002251,0.002174,0.002174,0.002213,0.002174,0.002213,0.002174,0.002213,0.002174,0.002174,0.002136,0.002136,0.002136,0.002136,0.002174,0.002098,0.002060,0.002060,0.002098,0.002098,0.002060,0.002060,0.002022,0.002022,0.001945,0.002022,0.002022,0.002022,0.001984,0.002022,0.002022,0.002022,0.002022,0.001984,0.001945,0.002060,0.001984,0.001984,0.002060,0.002022,0.002022,0.002060,0.002060,0.002060,0.002060,0.002060,0.001984,0.002022,0.002098,0.002022,0.002060,0.002060,0.002060,0.002022,0.002022,0.002022,0.002060,0.002060,0.002060,0.002098,0.002060,0.002098,0.002098,0.002098,0.002060,0.002098,0.002174,0.002174,0.002174,0.002174,0.002174,0.002213,0.002174,0.002174,0.002213,0.002213,0.002136,0.002136,0.002136,0.002174,0.002174,0.002098,0.002136,0.002098,0.002098,0.002060,0.002098,0.002060,0.002060,0.002098,0.002060,0.002060,0.002060,0.002060,0.002060,0.002060,0.002098,0.002098,0.002098,0.002098,0.002098,0.002098,0.002136,0.002098,0.002136,0.002213,0.002213,0.002213,0.002251,0.002251,0.002289,0.002251,0.002251,0.002327,0.002251,0.002289,0.002327,0.002213,0.002251,0.002289,0.002251,0.002251,0.002251,0.002289,0.002251,0.002251,0.002213,0.002213,0.002251,0.002213,0.002174,0.002213,0.002251,0.002136,0.002174,0.002213,0.002174,0.002136,0.002174,0.002213,0.002098,0.002136,0.002098,0.002136,0.002174,0.002174,0.002098,0.002174,0.002136,0.002174,0.002098,0.002060,0.002060,0.002098,0.002098,0.002060,0.002060,0.002098,0.002022,0.002060,0.002098,0.002022,0.002060,0.002060,0.002060,0.002022,0.002022,0.002022,0.002022,0.002022,0.001984,0.001984,0.002098,0.002022,0.002060,0.001984,0.001984,0.001984,0.001984,0.002022,0.002022,0.001984,0.002060,0.002022,0.002022,0.001945,0.002022,0.002022,0.002098,0.002022,0.002022,0.002060,0.002060,0.002098,0.002060,0.002060,0.002060,0.002060,0.002098,0.002098,0.002098,0.002098,0.002098,0.002174,0.002098,0.002136,0.002174,0.002136,0.002213,0.002174,0.002174,0.002213,0.002213,0.002251,0.002251,0.002251,0.002289,0.002289,0.002327,0.002251,0.002327,0.002251,0.002289,0.002327,0.002327,0.002365,0.002327,0.002365,0.002327,0.002327,0.002365,0.002327,0.002327,0.002327,0.002289,0.002327,0.002327,0.002327,0.002289,0.002251,0.002213,0.002251,0.002251,0.002174,0.002174,0.002213,0.002213,0.002251,0.002213,0.002213,0.002213,0.002213,0.002213,0.002213,0.002251,0.002251,0.002213,0.002213,0.002136,0.002174,0.002174,0.002174,0.002213,0.002213,0.002213,0.002174,0.002213,0.002174,0.002136,0.002136,0.002213,0.002213,0.002251,0.002213,0.002251,0.002213,0.002251,0.002251,0.002136,0.002213,0.002213,0.002174,0.002174,0.002136,0.002174,0.002098,0.002174,0.002098,0.002060,0.001984,0.001984,0.002022,0.001945,0.001907,0.001945,0.001984,0.001945,0.001907,0.001984,0.001945,0.001945,0.001984,0.002022,0.002060,0.002060,0.002136,0.002174,0.002174,0.002251,0.002251,0.002289,0.002365,0.002327,0.002365,0.002480,0.002441,0.002403,0.002441,0.002403,0.002441,0.002518,0.002403,0.002365,0.002289,0.002251,0.002251,0.002213,0.002174,0.002136,0.002060,0.002060,0.002022,0.002060,0.002060,0.001984,0.001984,0.002022,0.002022,0.001984,0.001984,0.002060,0.002022,0.002098,0.002098,0.002098,0.002136,0.002098,0.002174,0.002136,0.002174,0.002213,0.002213,0.002213,0.002213,0.002213,0.002251,0.002289,0.002289,0.002251,0.002251,0.002289,0.002289,0.002327,0.002213,0.002213,0.002213,0.002251,0.002174,0.002174,0.002251,0.002213,0.002251,0.002213,0.002251,0.002213,0.002251,0.002251,0.002251,0.002251,0.002289,0.002251,0.002213,0.002251,0.002289,0.002251,0.002251,0.002327,0.002251,0.002289,0.002289,0.002251,0.002289,0.002251,0.002251,0.002251,0.002251,0.002289,0.002289,0.002289,0.002213,0.002213,0.002289,0.002251,0.002213,0.002213,0.002213,0.002174,0.002136,0.002213,0.002251,0.002251,0.002213,0.002174,0.002213,0.002174,0.002213,0.002213,0.002213,0.002174,0.002213,0.002213,0.002174,0.002213,0.002136,0.002136,0.002098,0.002136,0.002136,0.002098,0.002098,0.002060,0.002060,0.002060,0.002060,0.002098,0.002060,0.002098,0.002060,0.002060,0.002098,0.002060,0.002098,0.002136,0.002136,0.002174,0.002136,0.002136,0.002136,0.002174,0.002213,0.002213,0.002213,0.002174,0.002213,0.002213,0.002213,0.002289,0.002251,0.002174,0.002213,0.002136,0.002174,0.002213,0.002136,0.002174,0.002136,0.002213,0.002174,0.002213,0.002136,0.002098,0.002174,0.002098,0.002098,0.002136,0.002174,0.002174,0.002136,0.002174,0.002136,0.002174,0.002174,0.002136,0.002136,0.002213,0.002174,0.002174,0.002174,0.002174,0.002136,0.002213,0.002174,0.002213,0.002174,0.002136,0.002213,0.002136,0.002213,0.002136,0.002136,0.002174,0.002174,0.002174,0.002174,0.002174,0.002213,0.002174,0.002213,0.002213,0.002174,0.002174,0.002213,0.002174,0.002213,0.002098,0.002174,0.002174,0.002213,0.002213,0.002213,0.002213,0.002174,0.002213,0.002213,0.002251,0.002174,0.002251,0.002174,0.002213,0.002213,0.002136,0.002174,0.002174,0.002213,0.002174,0.002136,0.002136,0.002174,0.002098,0.002136,0.002060,0.002098,0.002060,0.002022,0.002060,0.002060,0.002022,0.002060,0.002060,0.002022,0.002060,0.002060,0.002022,0.002060,0.002060,0.002022,0.002060,0.002022,0.002060,0.002060,0.002060,0.002136,0.002060,0.002098,0.002098,0.002136,0.002098,0.002098,0.002098,0.002098,0.002060,0.002174,0.002136,0.002136,0.002098,0.002136,0.002136,0.002174,0.002136,0.002136,0.002136,0.002174,0.002098,0.002213,0.002213,0.002174,0.002174,0.002174,0.002213,0.002213,0.002174,0.002251,0.002251,0.002251,0.002251,0.002251,0.002289,0.002289,0.002289,0.002251,0.002289,0.002289,0.002289,0.002251,0.002251,0.002289,0.002174,0.002251,0.002213,0.002174,0.002174,0.002136,0.002136,0.002136,0.002136,0.002098,0.002098,0.002098,0.002060,0.002098,0.002060,0.002060,0.002098,0.002098,0.002098,0.002060,0.002060,0.002060,0.002022,0.002060,0.001984,0.002022,0.002060,0.002022,0.002022,0.001984,0.001945,0.001984,0.001945,0.001984,0.001945,0.001984,0.001945,0.001984,0.002022,0.001984,0.001945,0.001945,0.001984,0.002022,0.001945,0.002022,0.002022,0.001984,0.001984,0.001984,0.002060,0.002060,0.002098,0.002060,0.002060,0.002098,0.002098,0.002174,0.002136,0.002136,0.002136,0.002098,0.002213,0.002174,0.002213,0.002251,0.002213,0.002251,0.002251,0.002327,0.002289,0.002289,0.002251,0.002251,0.002213,0.002251,0.002251,0.002213,0.002213,0.002174,0.002213,0.002174,0.002174,0.002174,0.002213,0.002174,0.002136,0.002098,0.002060,0.002098,0.002060,0.002060,0.002022,0.002022,0.001984,0.001869,0.001907,0.001869,0.001907,0.001869,0.001869,0.001831,0.001869,0.001869,0.001793,0.001793,0.001831,0.001869,0.001869,0.001869,0.001907,0.001945,0.002022,0.002022,0.002022,0.002098,0.002098,0.002098,0.002060,0.002174,0.002213,0.002174,0.002213,0.002251,0.002213,0.002251,0.002251,0.002289,0.002251,0.002174,0.002213,0.002213,0.002251,0.002251,0.002174,0.002213,0.002213,0.002289,0.002289,0.002251,0.002289,0.002289,0.002289,0.002289,0.002251,0.002251,0.002289,0.002251,0.002251,0.002327,0.002327,0.002327,0.002251,0.002289,0.002327,0.002327,0.002327,0.002289,0.002251,0.002327,0.002251,0.002289,0.002251,0.002213,0.002213,0.002213,0.002251,0.002213,0.002213,0.002213,0.002174,0.002136,0.002098,0.002098,0.002174,0.002098,0.002060,0.002060,0.002022,0.002098,0.002098,0.002098,0.002098,0.002136,0.002060,0.002098,0.002098,0.002060,0.002136,0.002060,0.002060,0.001984,0.002060,0.002098,0.002060,0.002022,0.002060,0.002022,0.001984,0.002022,0.002060,0.002022,0.002060,0.002136,0.002098,0.002136,0.002098,0.002098,0.002213,0.002213,0.002174,0.002136,0.002174,0.002136,0.002098,0.002060,0.001984,0.002022,0.001984,0.001945,0.001945,0.001869,0.001907,0.001831,0.001793,0.001831,0.001793,0.001869,0.001831,0.001831,0.001907,0.001945,0.001945,0.001945,0.001907,0.001907,0.001984,0.001984,0.001945,0.001984,0.001945,0.001907,0.001945,0.001907,0.001907,0.001869,0.001869,0.001907,0.001831,0.001831,0.001831,0.001907,0.001869,0.001907,0.001945,0.001869,0.001984,0.001945,0.002022,0.002022,0.002022,0.002060,0.002022,0.002060,0.002060,0.002022,0.002022,0.002022,0.002060,0.002022,0.002022,0.002098,0.002022,0.002098,0.002098,0.002098,0.002022,0.002022,0.002098,0.002098,0.002174,0.002174,0.002174,0.002174,0.002213,0.002251,0.002365,0.002289,0.002289,0.002327,0.002327,0.002403,0.002441,0.002441,0.002441,0.002403,0.002365,0.002441,0.002327,0.002327,0.002327,0.002251,0.002289,0.002251,0.002251,0.002213,0.002174,0.002174,0.002136,0.002098,0.002098,0.002098,0.002060,0.001984,0.002022,0.001984,0.002022,0.002022,0.002060,0.002098,0.002060,0.002098,0.002098,0.002098,0.002174,0.002174,0.002213,0.002213,0.002213,0.002251,0.002174,0.002251,0.002251,0.002289,0.002213,0.002174,0.002289,0.002174,0.002213,0.002251,0.002251,0.002289,0.002213,0.002213,0.002174,0.002213,0.002213,0.002136,0.002213,0.002136,0.002136,0.002174,0.002174,0.002136,0.002174,0.002213,0.002174,0.002136,0.002213,0.002213,0.002213,0.002213,0.002213,0.002213,0.002251,0.002213,0.002213,0.002251,0.002251,0.002251,0.002251,0.002174,0.002251,0.002174,0.002174,0.002174,0.002174,0.002213,0.002174,0.002213,0.002174,0.002136,0.002136,0.002098,0.002136,0.002174,0.002098,0.002213,0.002136,0.002136,0.002136,0.002174,0.002174,0.002174,0.002174,0.002174,0.002136,0.002174,0.002251,0.002174,0.002251,0.002213,0.002251,0.002174,0.002174,0.002136,0.002174,0.002098,0.002136,0.002213,0.002060,0.002136,0.002136,0.002136,0.002174,0.002136,0.002136,0.002174,0.002213,0.002213,0.002174,0.002136,0.002174,0.002251,0.002213,0.002213,0.002251,0.002174,0.002213,0.002174,0.002251,0.002251,0.002251,0.002136,0.002174,0.002174,0.002251,0.002174,0.002174,0.002136,0.002213,0.002174,0.002174,0.002174,0.002174,0.002213,0.002174,0.002213,0.002136,0.002174,0.002174,0.002174,0.002213,0.002174,0.002136,0.002174,0.002174,0.002251,0.002136,0.002136,0.002174,0.002174,0.002174,0.002136,0.002174,0.002174,0.002174,0.002174,0.002098,0.002136,0.002098,0.002136,0.002098,0.002136,0.002174,0.002060,0.002098,0.002098,0.002060,0.002098,0.002022,0.002098,0.002060,0.001984,0.001984,0.002022,0.002060,0.002060,0.002022,0.002022,0.002022,0.002022,0.001984,0.002022,0.002060,0.002022,0.002060,0.002022,0.002060,0.002060,0.002098,0.002136,0.002098,0.002136,0.002098,0.002136,0.002136,0.002174,0.002174,0.002174,0.002251,0.002213,0.002213,0.002289,0.002251,0.002251,0.002251,0.002289,0.002289,0.002327,0.002365,0.002365,0.002327,0.002327,0.002327,0.002365,0.002327,0.002327,0.002365,0.002327,0.002327,0.002289,0.002289,0.002213,0.002251,0.002251,0.002251,0.002289,0.002213,0.002251,0.002251,0.002174,0.002174,0.002174,0.002174,0.002174,0.002174,0.002136,0.002174,0.002251,0.002213,0.002213,0.002251,0.002213,0.002251,0.002174,0.002251,0.002251,0.002251,0.002251,0.002251,0.002251,0.002251,0.002289,0.002327,0.002251,0.002289,0.002251,0.002327,0.002327,0.002289,0.002289,0.002251,0.002327,0.002327,0.002327,0.002289,0.002289,0.002327,0.002365,0.002327,0.002251,0.002251,0.002251,0.002213,0.002213,0.002213,0.002174,0.002174,0.002098,0.002136,0.002060,0.002098,0.002060,0.002022,0.002060,0.001984,0.001984,0.001945,0.001945,0.001945,0.001907,0.001907,0.001869,0.001869,0.001869,0.001869,0.001945,0.001907,0.001907,0.001907,0.001907,0.001907,0.001907,0.001984,0.002022,0.001984,0.002022,0.002022,0.002098,0.002136,0.002136,0.002174,0.002174,0.002251,0.002251,0.002289,0.002327,0.002327,0.002327,0.002289,0.002365,0.002327,0.002365,0.002327,0.002365,0.002365,0.002365,0.002365,0.002365,0.002365,0.002327,0.002251,0.002327,0.002251,0.002213,0.002251,0.002213,0.002251,0.002174,0.002213,0.002136,0.002174,0.002174,0.002136,0.002174,0.002136,0.002174,0.002174,0.002136,0.002213,0.002213,0.002213,0.002174,0.002213,0.002251,0.002251,0.002327,0.002327,0.002289,0.002289,0.002327,0.002327,0.002289,0.002251,0.002289,0.002289,0.002365,0.002251,0.002289,0.002327,0.002327,0.002289,0.002251,0.002289,0.002327,0.002327,0.002289,0.002251,0.002289,0.002213,0.002213,0.002251,0.002213,0.002251,0.002213,0.002251,0.002213,0.002174,0.002213,0.002213,0.002213,0.002213,0.002251,0.002251,0.002213,0.002251,0.002213,0.002289,0.002251,0.002289,0.002289,0.002174,0.002251,0.002251,0.002289,0.002213,0.002213,0.002251,0.002213,0.002136,0.002136,0.002136,0.002136,0.002098,0.002136,0.002060,0.002022,0.002060,0.002060,0.002098,0.001984,0.002022,0.002022,0.002022,0.002060,0.002022,0.002060,0.002060,0.002060,0.002060,0.002060,0.002022,0.002022,0.002022,0.002060,0.002022,0.002060,0.002022,0.002060,0.002022,0.001984,0.002022,0.002022,0.002022,0.002022,0.002022,0.002098,0.002098,0.002098,0.002022,0.002060,0.002098,0.002060,0.002060,0.002060,0.002098,0.002060,0.002022,0.002098,0.002060,0.002098,0.002022,0.001984,0.002022,0.001984,0.001984,0.001984,0.001984,0.001984,0.002022,0.001984,0.002022,0.002060,0.002022,0.002022,0.002022,0.002060,0.002022,0.001945,0.002060,0.002098,0.002060,0.002098,0.002098,0.002136,0.002136,0.002136,0.002213,0.002136,0.002136,0.002136,0.002136,0.002174,0.002174,0.002213,0.002174,0.002174,0.002136,0.002174,0.002174,0.002136,0.002174,0.002098,0.002098,0.002136,0.002098,0.002098,0.002098,0.002136,0.002098,0.002098,0.002060,0.002060,0.002136,0.002060,0.002098,0.002174,0.002174,0.002136,0.002060,0.002022,0.002060,0.002060,0.002060,0.001984,0.002060,0.001984,0.001945,0.002022,0.002022,0.002022,0.002022,0.002022,0.002022,0.002060,0.002060,0.002022,0.002060,0.002060,0.002060,0.002098,0.002060,0.002098,0.002060,0.002136,0.002136,0.002136,0.002136,0.002098,0.002136,0.002098,0.002098,0.002174,0.002136,0.002136,0.002060,0.002174,0.002136,0.002136,0.002174,0.002136,0.002136,0.002098,0.002098,0.002174,0.002098,0.002136,0.002136,0.002136,0.002174,0.002098,0.002213,0.002098,0.002136,0.002098,0.002022,0.002098,0.002060,0.002213,0.002098,0.002060,0.002136,0.002136,0.002136,0.002136,0.002136,0.002136,0.002136,0.002213,0.002060,0.002174,0.002213,0.002136,0.002213,0.002136,0.002098,0.002136,0.002136,0.002174,0.002136,0.002136,0.002136,0.002213,0.002213,0.002213,0.002251,0.002213,0.002251,0.002213,0.002213,0.002251,0.002251,0.002289,0.002213,0.002289,0.002289,0.002289,0.002289,0.002251,0.002251,0.002289,0.002327,0.002289,0.002327,0.002289,0.002289,0.002327,0.002251,0.002289,0.002289,0.002251,0.002289,0.002251,0.002213,0.002213,0.002213,0.002213,0.002213,0.002174,0.002098,0.002098,0.002136,0.002098,0.002098,0.002098,0.002060,0.002060,0.002022,0.002060,0.001984,0.002022,0.002022,0.002022,0.002098,0.002022,0.002022,0.001984,0.002022,0.001984,0.001984,0.001984,0.002022,0.002060,0.002060,0.002022,0.002022,0.001984,0.002022,0.002022,0.001984,0.001945,0.001945,0.002022,0.001984,0.002022,0.002060,0.001984,0.002022,0.001984,0.002060,0.002060,0.002022,0.002060,0.002060,0.002022,0.001984,0.002022,0.002060,0.002060,0.002136,0.002022,0.002098,0.002136,0.002098,0.002060,0.002060,0.002136,0.002098,0.002098,0.002098,0.002060,0.002174,0.002098,0.002060,0.002060,0.002098,0.002098,0.001984,0.002098,0.002098,0.002060,0.002098,0.002136,0.002174,0.002174,0.002213,0.002213,0.002174,0.002174,0.002136,0.002251,0.002213,0.002213,0.002251,0.002213,0.002213,0.002213,0.002251,0.002251,0.002213,0.002251,0.002213,0.002213,0.002213,0.002213,0.002174,0.002136,0.002213,0.002174,0.002136,0.002098,0.002098,0.002098,0.002022,0.002022,0.001945,0.001945,0.001984,0.001945,0.001945,0.001907,0.001869,0.001831,0.001831,0.001869,0.001869,0.001869,0.001869,0.001869,0.001831,0.001831,0.001907,0.001907,0.001869,0.001945,0.001984,0.001984,0.001984,0.002022,0.001945,0.001984,0.002022,0.002022,0.002022,0.001945,0.001984,0.002022,0.001945,0.001984,0.001945,0.001907,0.001945,0.001907,0.001945,0.001907,0.001945,0.001869,0.001907,0.001907,0.001869,0.001984,0.001907,0.001869,0.001869,0.001907,0.001907,0.001869,0.001945,0.001945,0.001907,0.001945,0.001907,0.001945,0.001945,0.001984,0.001984,0.002022,0.002022,0.002060,0.002136,0.002174,0.002136,0.002213,0.002174,0.002213,0.002213,0.002251,0.002251,0.002289,0.002327,0.002251,0.002289,0.002365,0.002403,0.002365,0.002403,0.002365,0.002403,0.002441,0.002441,0.002441,0.002441,0.002441,0.002480,0.002441,0.002480,0.002441,0.002518,0.002518,0.002556,0.002556,0.002518,0.002518,0.002556,0.002556,0.002556,0.002594,0.002480,0.002556,0.002518,0.002594,0.002594,0.002594,0.002518,0.002480,0.002518,0.002518,0.002518,0.002480,0.002441,0.002441,0.002403,0.002403,0.002327,0.002327,0.002365,0.002327,0.002327,0.002251,0.002213,0.002251,0.002251,0.002251,0.002136,0.002213,0.002174,0.002213,0.002174,0.002136,0.002174,0.002174,0.002251,0.002174,0.002136,0.002174,0.002098,0.002174,0.002136,0.002136,0.002098,0.002022,0.002136,0.002098,0.002060,0.002098,0.002136,0.002136,0.002098,0.002060,0.002060,0.002098,0.002022,0.001984,0.002060,0.002022,0.002022,0.001984,0.001984,0.002022,0.001984,0.002022,0.001945,0.001945,0.001907,0.001907,0.001907,0.001831,0.001907,0.001945,0.001945,0.001907,0.001945,0.001945,0.001869,0.001907,0.001869,0.001869,0.001869,0.001869,0.001945,0.001907,0.001907,0.001869,0.001869,0.001945,0.001984,0.001984,0.002022,0.002060,0.002022,0.002022,0.002022,0.002022,0.002022,0.002098,0.002060,0.002098,0.002098,0.002098,0.002136,0.002098,0.002098,0.002022,0.002060,0.002022,0.002022,0.002060,0.002060,0.002060,0.002022,0.002060,0.002022,0.002060,0.002098,0.002060,0.002098,0.002098,0.002098,0.002098,0.002060,0.002098,0.002098,0.002060,0.002098,0.002136,0.002136,0.002136,0.002098,0.002098,0.002136,0.002174,0.002174,0.002213,0.002098,0.002213,0.002174,0.002136,0.002174,0.002174,0.002213,0.002174,0.002174,0.002174,0.002136,0.002213,0.002174,0.002213,0.002213,0.002213,0.002213,0.002174,0.002174,0.002213,0.002213,0.002136,0.002213,0.002251,0.002174,0.002213,0.002136,0.002136,0.002251,0.002213,0.002213,0.002251,0.002251,0.002289,0.002213,0.002289,0.002213,0.002289,0.002251,0.002251,0.002289,0.002289,0.002289,0.002289,0.002289,0.002327,0.002251,0.002289,0.002213,0.002251,0.002213,0.002213,0.002213,0.002174,0.002213,0.002174,0.002174,0.002174,0.002174,0.002251,0.002174,0.002213,0.002213,0.002213,0.002213,0.002213,0.002213,0.002213,0.002174,0.002213,0.002251,0.002213,0.002174,0.002213,0.002213,0.002213,0.002213,0.002174,0.002213,0.002213,0.002213,0.002213,0.002213,0.002251,0.002213,0.002213,0.002251,0.002213,0.002251,0.002174,0.002213,0.002213,0.002174,0.002174,0.002136,0.002174,0.002174,0.002174,0.002213,0.002251,0.002289,0.002174,0.002213,0.002213,0.002213,0.002251,0.002136,0.002213,0.002213,0.002174,0.002136,0.002174,0.002213,0.002136,0.002174,0.002174,0.002174,0.002174,0.002136,0.002174,0.002136,0.002174,0.002174,0.002174,0.002174,0.002136,0.002174,0.002098,0.002136,0.002136,0.002136,0.002098,0.002098,0.002136,0.002136,0.002098,0.002174,0.002136,0.002136,0.002098,0.002098,0.002060,0.002098,0.002174,0.002098,0.002098,0.002060,0.002136,0.002098,0.002060,0.002136,0.002136,0.002136,0.002136,0.002136,0.002213,0.002174,0.002174,0.002174,0.002174,0.002174,0.002213,0.002251,0.002136,0.002213,0.002213,0.002213,0.002213,0.002251,0.002213,0.002213,0.002213,0.002289,0.002251,0.002251,0.002289,0.002251,0.002289,0.002289,0.002327,0.002289,0.002327,0.002289,0.002327,0.002289,0.002289,0.002289,0.002174,0.002213,0.002289,0.002174,0.002251,0.002174,0.002251,0.002213,0.002213,0.002174,0.002174,0.002213,0.002136,0.002174,0.002136,0.002213,0.002174,0.002136,0.002098,0.002098,0.002060,0.002060,0.002022,0.002098,0.002098,0.002022,0.002060,0.002060,0.002022,0.001984,0.001984,0.001984,0.001945,0.001945,0.001945,0.001984,0.001984,0.002022,0.001984,0.001984,0.001984,0.002022,0.002022,0.001984,0.002022,0.002022,0.001945,0.002022,0.001945,0.002060,0.002060,0.002098,0.002098,0.002060,0.002174,0.002174,0.002136,0.002136,0.002174,0.002174,0.002136,0.002251,0.002251,0.002251,0.002251,0.002251,0.002213,0.002174,0.002213,0.002213,0.002213,0.002213,0.002174,0.002174,0.002174,0.002136,0.002174,0.002174,0.002136,0.002136,0.002136,0.002136,0.002136,0.002136,0.002022,0.002060,0.002060,0.002136,0.002098,0.002060,0.002060,0.002060,0.002098,0.002060,0.002098,0.002098,0.002060,0.002098,0.002098,0.002136,0.002136,0.002098,0.002098,0.002098,0.002136,0.002098,0.002136,0.002098,0.002136,0.002136,0.002060,0.002098,0.002098,0.002060,0.002098,0.002060,0.002060,0.002060,0.002098,0.002060,0.001984,0.002022,0.002022,0.002022,0.001984,0.002022,0.001984,0.002060,0.002060,0.002060,0.002060,0.002022,0.002098,0.002136,0.002098,0.002136,0.002174,0.002174,0.002136,0.002098,0.002213,0.002174,0.002213,0.002213,0.002174,0.002174,0.002213,0.002174,0.002213,0.002174,0.002174,0.002136,0.002213,0.002136,0.002213,0.002174,0.002174,0.002174,0.002174,0.002174,0.002136,0.002136,0.002098,0.002136,0.002213,0.002213,0.002213,0.002174,0.002213,0.002213,0.002213,0.002289,0.002251,0.002251,0.002213,0.002289,0.002289,0.002251,0.002213,0.002213,0.002251,0.002251,0.002251,0.002251,0.002213,0.002213,0.002174,0.002136,0.002136,0.002174,0.002174,0.002174,0.002136,0.002174,0.002136,0.002174,0.002136,0.002136,0.002098,0.002098,0.002136,0.002098,0.002098,0.002060,0.002098,0.002098,0.002060,0.002060,0.002060,0.002022,0.002060,0.002060,0.002060,0.002060,0.002060,0.002022,0.002022,0.002022,0.002022,0.002060,0.002060,0.002098,0.002060,0.002022,0.001984,0.002060,0.002060,0.002098,0.002098,0.002022,0.002098,0.002060,0.002060,0.002098,0.002060,0.002060,0.002098,0.002098,0.002136,0.002098,0.002136,0.002060,0.002098,0.002098,0.002060,0.002136,0.002098,0.002136,0.002136,0.002098,0.002136,0.002136,0.002136,0.002098,0.002098,0.002098,0.002136,0.002136,0.002098,0.002174,0.002136,0.002098,0.002136,0.002136,0.002174,0.002136,0.002098,0.002098,0.002174,0.002136,0.002136,0.002174,0.002098,0.002136,0.002213,0.002136,0.002174,0.002174,0.002136,0.002213,0.002174,0.002136,0.002136,0.002174,0.002136,0.002136,0.002098,0.002136,0.002098,0.002060,0.002098,0.002060,0.002098,0.002060,0.002022,0.001984,0.002022,0.002022,0.002022,0.001984,0.001945,0.001945,0.001907,0.001869,0.001869,0.001907,0.001907,0.001984,0.001869,0.001907,0.001907,0.001907,0.001869,0.001869,0.001869,0.001869,0.001907,0.001907,0.001945,0.001945,0.001984,0.002022,0.001945,0.001945,0.001984,0.002022,0.002060,0.002022,0.002060,0.002060,0.002098,0.002136,0.002098,0.002136,0.002136,0.002136,0.002213,0.002136,0.002174,0.002174,0.002174,0.002136,0.002136,0.002136,0.002174,0.002174,0.002213,0.002251,0.002136,0.002136,0.002174,0.002136,0.002174,0.002136,0.002213,0.002136,0.002098,0.002136,0.002136,0.002098,0.002136,0.002098,0.002060,0.002098,0.002136,0.002136,0.002098,0.002174,0.002174,0.002136,0.002136,0.002098,0.002136,0.002174,0.002174,0.002136,0.002136,0.002136,0.002213,0.002174,0.002174,0.002174,0.002174,0.002213,0.002174,0.002251,0.002213,0.002213,0.002251,0.002174,0.002213,0.002213,0.002174,0.002251,0.002251,0.002213,0.002251,0.002174,0.002174,0.002136,0.002174,0.002098,0.002174,0.002174,0.002136,0.002174,0.002174,0.002136,0.002136,0.002098,0.002174,0.002174,0.002136,0.002098,0.002174,0.002098,0.002174,0.002098,0.002098,0.002098,0.002060,0.002098,0.002098,0.002022,0.001984,0.001945,0.002022,0.002022,0.001984,0.002022,0.002060,0.002060,0.002022,0.002022,0.002022,0.002060,0.002060,0.002060,0.002060,0.002022,0.002098,0.002098,0.002060,0.002060,0.002060,0.002098,0.002098,0.002098,0.002060,0.002060,0.002060,0.002022,0.002136,0.002098,0.002060,0.002022,0.002060,0.002060,0.002098,0.002136,0.002098,0.002022,0.002060,0.001984,0.002060,0.002060,0.002060,0.002060,0.002022,0.002060,0.002060,0.002098,0.002098,0.002098,0.002136,0.002098,0.002098,0.002098,0.002098,0.002060,0.002136,0.002136,0.002098,0.002098,0.002060,0.002098,0.002136,0.002098,0.002022,0.002098,0.002136,0.002098,0.002098,0.002060,0.002060,0.002174,0.002098,0.002174,0.002174,0.002136,0.002136,0.002174,0.002213,0.002136,0.002136,0.002174,0.002136,0.002213,0.002213,0.002289,0.002251,0.002213,0.002251,0.002251,0.002251,0.002289,0.002289,0.002365,0.002327,0.002365,0.002327,0.002327,0.002327,0.002327,0.002327,0.002327,0.002365,0.002365,0.002365,0.002327,0.002365,0.002289,0.002327,0.002327,0.002327,0.002327,0.002327,0.002327,0.002289,0.002289,0.002289,0.002289,0.002251,0.002251,0.002213,0.002213,0.002174,0.002213,0.002136,0.002174,0.002174,0.002174,0.002136,0.002098,0.002098,0.002022,0.002136,0.002136,0.002098,0.002060,0.002060,0.002060,0.002098,0.002060,0.002098,0.002136,0.002136,0.002098,0.002098,0.002136,0.002136,0.002098,0.002060,0.002098,0.002098,0.002174,0.002136,0.002098,0.002098,0.002098,0.002136,0.002098,0.002098,0.002136,0.002174,0.002174,0.002174,0.002174,0.002174,0.002136,0.002136,0.002174,0.002174,0.002213,0.002174,0.002213,0.002251,0.002213,0.002213,0.002213,0.002289,0.002213,0.002289,0.002213,0.002251,0.002289,0.002289,0.002327,0.002251,0.002213,0.002251,0.002289,0.002365,0.002289,0.002289,0.002289,0.002251,0.002213,0.002251,0.002213,0.002174,0.002174,0.002213,0.002136,0.002098,0.002098,0.002136,0.002136,0.002136,0.002098,0.002098,0.001984,0.002022,0.002136,0.002060,0.002022,0.002022,0.002060,0.002060,0.002022,0.001984,0.002060,0.002060,0.002022,0.002022,0.002022,0.002022,0.002022,0.002060,0.002098,0.002022,0.002022,0.002060,0.002022,0.002060,0.002060,0.002098,0.002060,0.002098,0.002060,0.002098,0.002098,0.002098,0.002136,0.002136,0.002174,0.002213,0.002213,0.002213,0.002213,0.002213,0.002213,0.002174,0.002251,0.002213,0.002213,0.002251,0.002174,0.002174,0.002174,0.002251,0.002213,0.002136,0.002098,0.002098,0.002136,0.002060,0.002098,0.002060,0.002060,0.002060,0.002022,0.002060,0.002060,0.001984,0.002022,0.002022,0.002060,0.001984,0.002022,0.001984,0.002060,0.002060,0.001984,0.002022,0.001984,0.002060,0.002022,0.002060,0.002098,0.002136,0.002098,0.002136,0.002098,0.002174,0.002136,0.002136,0.002174,0.002213,0.002174,0.002213,0.002213,0.002289,0.002289,0.002327,0.002365,0.002289,0.002327,0.002327,0.002251,0.002365,0.002365,0.002365,0.002365,0.002327,0.002289,0.002289,0.002327,0.002327,0.002327,0.002251,0.002251,0.002327,0.002289,0.002289,0.002289,0.002289,0.002289,0.002327,0.002289,0.002327,0.002289,0.002289,0.002289,0.002327,0.002289,0.002251,0.002327,0.002289,0.002327,0.002327,0.002289,0.002251,0.002365,0.002365,0.002289,0.002289,0.002327,0.002289,0.002251,0.002251,0.002327,0.002327,0.002289,0.002289,0.002289,0.002289,0.002327,0.002289,0.002327,0.002289,0.002289,0.002327,0.002327,0.002365,0.002327,0.002289,0.002327,0.002289,0.002327,0.002289,0.002289,0.002289,0.002289,0.002251,0.002289,0.002289,0.002289,0.002289,0.002251,0.002289,0.002289,0.002251,0.002251,0.002251,0.002251,0.002213,0.002174,0.002174,0.002213,0.002213,0.002213,0.002174,0.002174,0.002136,0.002174,0.002174,0.002136,0.002136,0.002136,0.002136,0.002136,0.002098,0.002098,0.002136,0.002098,0.002060,0.002098,0.002060,0.002060,0.002022,0.002022,0.002022,0.002022,0.001984,0.001984,0.002022,0.001945,0.001984,0.001869,0.001907,0.001907,0.001907,0.001945,0.001907,0.001945,0.001907,0.001869,0.001945,0.001907,0.001907,0.001945,0.001907,0.001945,0.001945,0.001945,0.001984,0.001945,0.001945,0.002022,0.002022,0.001945,0.002022,0.002060,0.002098,0.002098,0.002022,0.002136,0.002098,0.002136,0.002136,0.002098,0.002060,0.002098,0.002098,0.002174,0.002060,0.002098,0.002098,0.002136,0.002136,0.002174,0.002213,0.002174,0.002136,0.002174,0.002213,0.002174,0.002213,0.002251,0.002213,0.002251,0.002251,0.002251,0.002213,0.002251,0.002289,0.002251,0.002327,0.002289,0.002289,0.002327,0.002251,0.002213,0.002251,0.002251,0.002174,0.002251,0.002213,0.002213,0.002174,0.002213,0.002174,0.002174,0.002136,0.002098,0.002098,0.002098,0.002060,0.002060,0.002060,0.002060,0.002098,0.002098,0.002060,0.002022,0.001984,0.001984,0.002022,0.002060,0.002022,0.001945,0.001984,0.001984,0.001984,0.002022,0.002022,0.002022,0.002022,0.001945,0.001984,0.002022,0.002022,0.001984,0.001984,0.001984,0.002022,0.001984,0.001984,0.001945,0.001984,0.001945,0.001984,0.001945,0.001984,0.001984,0.001984,0.002022,0.001984,0.001984,0.001984,0.002022,0.002022,0.002022,0.002060,0.002060,0.002060,0.002060,0.002060,0.002060,0.002098,0.002098,0.002136,0.002098,0.002136,0.002098,0.002174,0.002174,0.002174,0.002174,0.002136,0.002213,0.002213,0.002174,0.002098,0.002174,0.002174,0.002174,0.002174,0.002174,0.002213,0.002136,0.002174,0.002174,0.002174,0.002136,0.002174,0.002136,0.002174,0.002174,0.002174,0.002136,0.002213,0.002174,0.002136,0.002136,0.002174,0.002174,0.002174,0.002174,0.002213,0.002174,0.002136,0.002136,0.002174,0.002174,0.002136,0.002098,0.002174,0.002136,0.002136,0.002174,0.002174,0.002174,0.002098,0.002136,0.002136,0.002098,0.002098,0.002060,0.002060,0.002136,0.002098,0.002022,0.002022,0.001984,0.001984,0.002060,0.002022,0.002060,0.001984,0.001984,0.002022,0.002060,0.002060,0.001984,0.002022,0.002022,0.001945,0.001984,0.002060,0.001984,0.002060,0.002060,0.002022,0.002022,0.002060,0.002022,0.002060,0.002098,0.002060,0.002060,0.002022,0.002060,0.002098,0.002098
31,19:00:00.000,12/31/1903,0.000000,0.100000,UNKNOWN,1,0/0,0.000000,0.000000,0.000000,0.000000,0.000000,0.000000,0.000000,0.000000,0,0,0,0,0.002251,0.002251,0.002213,0.002251,0.002213,0.002251,0.002251,0.002213,0.002213,0.002174,0.002251,0.002251,0.002289,0.002289,0.002213,0.002251,0.002251,0.002213,0.002174,0.002174,0.002251,0.002213,0.002213,0.002174,0.002251,0.002174,0.002174,0.002136,0.002136,0.002174,0.002136,0.002174,0.002251,0.002213,0.002174,0.002174,0.002174,0.002136,0.002136,0.002213,0.002213,0.002251,0.002213,0.002174,0.002213,0.002174,0.002213,0.002174,0.002174,0.002136,0.002136,0.002136,0.002098,0.002213,0.002213,0.002174,0.002136,0.002174,0.002060,0.002174,0.002136,0.002136,0.002098,0.002060,0.002136,0.002098,0.002060,0.002136,0.002136,0.002136,0.002136,0.002098,0.002060,0.002060,0.002060,0.002098,0.002098,0.002060,0.002098,0.002060,0.002060,0.002098,0.002060,0.002136,0.002098,0.002098,0.002060,0.002098,0.002098,0.002098,0.002136,0.002098,0.002136,0.002098,0.002098,0.002098,0.002136,0.002022,0.002060,0.002136,0.002098,0.002098,0.002098,0.002174,0.002098,0.002098,0.002098,0.002136,0.002098,0.002098,0.002174,0.002174,0.002136,0.002060,0.002098,0.002098,0.002098,0.002136,0.002136,0.002136,0.002174,0.002136,0.002213,0.002174,0.002098,0.002174,0.002174,0.002174,0.002174,0.002136,0.002136,0.002136,0.002174,0.002174,0.002213,0.002213,0.002174,0.002174,0.002174,0.002174,0.002174,0.002136,0.002213,0.002174,0.002174,0.002174,0.002174,0.002136,0.002174,0.002213,0.002136,0.002136,0.002098,0.002098,0.002098,0.002174,0.002136,0.002174,0.002136,0.002136,0.002136,0.002213,0.002174,0.002098,0.002213,0.002136,0.002136,0.002213,0.002136,0.002213,0.002174,0.002213,0.002251,0.002251,0.002251,0.002174,0.002251,0.002251,0.002251,0.002213,0.002213,0.002213,0.002174,0.002174,0.002213,0.002174,0.002213,0.002251,0.002174,0.002213,0.002213,0.002174,0.002213,0.002174,0.002136,0.002136,0.002136,0.002136,0.002136,0.002174,0.002136,0.002174,0.002136,0.002174,0.002251,0.002213,0.002174,0.002136,0.002136,0.002098,0.002136,0.002174,0.002251,0.002213,0.002174,0.002289,0.002174,0.002174,0.002213,0.002213,0.002213,0.002213,0.002174,0.002213,0.002251,0.002251,0.002213,0.002174,0.002213,0.002174,0.002251,0.002213,0.002251,0.002213,0.002251,0.002213,0.002213,0.002251,0.002213,0.002251,0.002251,0.002174,0.002251,0.002251,0.002213,0.002251,0.002213,0.002251,0.002213,0.002213,0.002251,0.002213,0.002289,0.002251,0.002251,0.002213,0.002251,0.002251,0.002213,0.002174,0.002251,0.002174,0.002213,0.002213,0.002213,0.002213,0.002174,0.002174,0.002136,0.002174,0.002174,0.002213,0.002136,0.002136,0.002174,0.002174,0.002174,0.002136,0.002136,0.002174,0.002174,0.002174,0.002174,0.002136,0.002174,0.002136,0.002136,0.002136,0.002098,0.002174,0.002174,0.002136,0.002174,0.002136,0.002174,0.002136,0.002098,0.002098,0.002098,0.002136,0.002098,0.002098,0.002098,0.002136,0.002136,0.002098,0.002136,0.002136,0.002136,0.002136,0.002098,0.002213,0.002136,0.002136,0.002174,0.002174,0.002136,0.002098,0.002136,0.002136,0.002136,0.002098,0.002098,0.002136,0.002098,0.002136,0.002174,0.002174,0.002136,0.002136,0.002174,0.002136,0.002136,0.002098,0.002098,0.002098,0.002098,0.002136,0.002098,0.002098,0.002136,0.002136,0.002136,0.002174,0.002098,0.002060,0.002098,0.002136,0.002136,0.002098,0.002174,0.002098,0.002174,0.002098,0.002136,0.002136,0.002098,0.002136,0.002136,0.002213,0.002136,0.002098,0.002136,0.002174,0.002136,0.002136,0.002136,0.002136,0.002098,0.002136,0.002136,0.002136,0.002136,0.002098,0.002136,0.002174,0.002174,0.002136,0.002136,0.002174,0.002136,0.002136,0.002098,0.002136,0.002136,0.002136,0.002136,0.002174,0.002136,0.002174,0.002213,0.002174,0.002213,0.002174,0.002174,0.002174,0.002213,0.002136,0.002213,0.002213,0.002174,0.002213,0.002213,0.002213,0.002174,0.002174,0.002174,0.002174,0.002174,0.002136,0.002136,0.002213,0.002251,0.002251,0.002174,0.002213,0.002251,0.002213,0.002251,0.002251,0.002251,0.002213,0.002289,0.002213,0.002251,0.002251,0.002251,0.002289,0.002251,0.002251,0.002251,0.002251,0.002213,0.002251,0.002251,0.002251,0.002213,0.002213,0.002289,0.002213,0.002213,0.002251,0.002213,0.002213,0.002174,0.002174,0.002174,0.002213,0.002213,0.002174,0.002251,0.002213,0.002174,0.002213,0.002213,0.002174,0.002136,0.002136,0.002174,0.002136,0.002174,0.002174,0.002098,0.002098,0.002136,0.002174,0.002098,0.002136,0.002136,0.002098,0.002098,0.002098,0.002098,0.002136,0.002060,0.002098,0.002060,0.002136,0.002098,0.002136,0.002098,0.002060,0.002060,0.002060,0.002060,0.002098,0.002098,0.002098,0.002098,0.002060,0.002098,0.002098,0.002060,0.002060,0.002098,0.002098,0.002060,0.002022,0.002060,0.002136,0.002136,0.002098,0.002098,0.002098,0.002022,0.002060,0.002022,0.002060,0.002136,0.002098,0.002098,0.002098,0.002060,0.002098,0.002098,0.002022,0.002098,0.002098,0.002174,0.002136,0.002098,0.002060,0.002136,0.002136,0.002060,0.002098,0.002098,0.002098,0.002098,0.002098,0.002060,0.002098,0.002098,0.002136,0.002098,0.002060,0.002060,0.002098,0.002136,0.002136,0.002098,0.002098,0.002098,0.002136,0.002136,0.002098,0.002136,0.002174,0.002213,0.002136,0.002213,0.002213,0.002174,0.002213,0.002174,0.002174,0.002136,0.002136,0.002174,0.002213,0.002213,0.002213,0.002174,0.002213,0.002136,0.002174,0.002213,0.002174,0.002213,0.002251,0.002213,0.002174,0.002213,0.002213,0.002213,0.002213,0.002213,0.002213,0.002213,0.002174,0.002289,0.002251,0.002174,0.002213,0.002213,0.002174,0.002251,0.002289,0.002174,0.002174,0.002213,0.002174,0.002251,0.002136,0.002136,0.002174,0.002136,0.002213,0.002098,0.002174,0.002174,0.002136,0.002174,0.002136,0.002174,0.002174,0.002098,0.002098,0.002098,0.002136,0.002098,0.002136,0.002136,0.002060,0.002136,0.002136,0.002136,0.002098,0.002136,0.002174,0.002174,0.002136,0.002098,0.002098,0.002136,0.002098,0.002136,0.002098,0.002098,0.002136,0.002098,0.002136,0.002174,0.002098,0.002136,0.002098,0.002098,0.002136,0.002136,0.002174,0.002098,0.002136,0.002098,0.002098,0.002136,0.002136,0.002136,0.002136,0.002136,0.002136,0.002136,0.002174,0.002098,0.002098,0.002098,0.002098,0.002136,0.002098,0.002136,0.002098,0.002098,0.002098,0.002098,0.002136,0.002098,0.002060,0.002098,0.002060,0.002098,0.002098,0.002136,0.002136,0.002136,0.002174,0.002098,0.002098,0.002098,0.002098,0.002098,0.002098,0.002060,0.002098,0.002060,0.002136,0.002098,0.002060,0.002060,0.002098,0.002060,0.002060,0.002060,0.002022,0.002060,0.002060,0.002022,0.002060,0.002022,0.002022,0.002022,0.002022,0.002022,0.001945,0.001907,0.001869,0.001869,0.001869,0.001831,0.001755,0.001793,0.001717,0.001755,0.001678,0.001717,0.001678,0.001640,0.001602,0.001564,0.001564,0.001526,0.001564,0.001526,0.001526,0.001526,0.001526,0.001602,0.001678,0.001640,0.001793,0.001869,0.001984,0.002098,0.002251,0.002403,0.002670,0.002937,0.003166,0.003433,0.003738,0.004044,0.004387,0.004654,0.005035,0.005417,0.005722,0.006104,0.006447,0.006828,0.007133,0.007324,0.007477,0.007553,0.007591,0.007477,0.007286,0.007133,0.006752,0.006409,0.005951,0.005417,0.004807,0.004272,0.003777,0.003166,0.002594,0.001945,0.001297,0.000763,0.000114,-0.000420,-0.000954,-0.001602,-0.002174,-0.002899,-0.003433,-0.003891,-0.004387,-0.004768,-0.005074,-0.005188,-0.005226,-0.005264,-0.005150,-0.004921,-0.004578,-0.004272,-0.003815,-0.003319,-0.002823,-0.002289,-0.001831,-0.001259,-0.000687,-0.000305,0.000114,0.000458,0.000839,0.001183,0.001488,0.001678,0.001907,0.002098,0.002213,0.002289,0.002403,0.002480,0.002518,0.002632,0.002670,0.002785,0.002861,0.002937,0.003052,0.003052,0.003166,0.003166,0.003242,0.003281,0.003357,0.003395,0.003510,0.003586,0.003662,0.003777,0.003891,0.004005,0.004196,0.004272,0.004425,0.004501,0.004616,0.004654,0.004730,0.004807,0.004807,0.004845,0.004807,0.004730,0.004692,0.004654,0.004616,0.004539,0.004387,0.004311,0.004158,0.004158,0.004044,0.003815,0.003777,0.003586,0.003471,0.003357,0.003204,0.003128,0.003014,0.002937,0.002785,0.002670,0.002594,0.002518,0.002403,0.002289,0.002251,0.002251,0.002174,0.002174,0.002098,0.002022,0.001945,0.001945,0.001907,0.001869,0.001907,0.001869,0.001831,0.001831,0.001869,0.001869,0.001945,0.001945,0.001984,0.002022,0.002136,0.002098,0.002098,0.002136,0.002098,0.002098,0.002098,0.002136,0.002022,0.002060,0.001945,0.001907,0.001907,0.001869,0.001907,0.001907,0.001831,0.001869,0.001831,0.001869,0.001869,0.001793,0.001793,0.001793,0.001755,0.001640,0.001640,0.001640,0.001564,0.001526,0.001488,0.001526,0.001526,0.001526,0.001564,0.001564,0.001640,0.001717,0.001755,0.001793,0.001869,0.001869,0.001945,0.001945,0.002022,0.001984,0.001984,0.002022,0.001984,0.001945,0.001945,0.001984,0.001984,0.001907,0.001907,0.001945,0.001984,0.001984,0.001945,0.002022,0.002022,0.002060,0.002098,0.002098,0.002098,0.002098,0.002022,0.002060,0.001984,0.001984,0.001984,0.001984,0.001945,0.001869,0.001907,0.001907,0.001984,0.001984,0.001984,0.002136,0.002098,0.002136,0.002174,0.002327,0.002365,0.002365,0.002403,0.002518,0.002594,0.002670,0.002670,0.002708,0.002708,0.002670,0.002632,0.002632,0.002556,0.002441,0.002441,0.002327,0.002327,0.002213,0.002136,0.002136,0.002060,0.002022,0.001984,0.001945,0.001945,0.001945,0.001945,0.001945,0.001984,0.002022,0.001945,0.001984,0.001945,0.001945,0.001945,0.001869,0.001907,0.001869,0.001831,0.001755,0.001678,0.001678,0.001602,0.001640,0.001564,0.001526,0.001564,0.001488,0.001488,0.001488,0.001526,0.001450,0.001450,0.001450,0.001450,0.001450,0.001526,0.001450,0.001526,0.001564,0.001526,0.001564,0.001678,0.001793,0.001831,0.001907,0.001984,0.002022,0.002060,0.002060,0.002174,0.002327,0.002403,0.002480,0.002518,0.002556,0.002632,0.002670,0.002785,0.002747,0.002785,0.002861,0.002899,0.002861,0.002823,0.002861,0.002861,0.002861,0.002823,0.002785,0.002785,0.002747,0.002747,0.002785,0.002747,0.002747,0.002747,0.002708,0.002708,0.002747,0.002670,0.002632,0.002632,0.002670,0.002594,0.002556,0.002518,0.002441,0.002441,0.002441,0.002441,0.002365,0.002327,0.002251,0.002251,0.002251,0.002213,0.002251,0.002251,0.002174,0.002251,0.002251,0.002213,0.002213,0.002174,0.002213,0.002213,0.002251,0.002174,0.002213,0.002213,0.002213,0.002251,0.002174,0.002174,0.002174,0.002136,0.002213,0.002174,0.002136,0.002213,0.002289,0.002289,0.002327,0.002403,0.002403,0.002441,0.002480,0.002556,0.002594,0.002594,0.002670,0.002708,0.002708,0.002708,0.002708,0.002708,0.002670,0.002670,0.002594,0.002518,0.002556,0.002518,0.002365,0.002327,0.002251,0.002174,0.002060,0.002022,0.001907,0.001907,0.001869,0.001831,0.001793,0.001793,0.001793,0.001831,0.001717,0.001793,0.001869,0.001869,0.001945,0.001907,0.002022,0.002060,0.002136,0.002174,0.002251,0.002213,0.002213,0.002213,0.002289,0.002289,0.002251,0.002251,0.002213,0.002213,0.002174,0.002174,0.002136,0.002098,0.002098,0.002022,0.002022,0.001984,0.001984,0.001945,0.001984,0.001869,0.001793,0.001793,0.001793,0.001793,0.001755,0.001717,0.001678,0.001678,0.001678,0.001678,0.001602,0.001640,0.001678,0.001717,0.001755,0.001717,0.001755,0.001831,0.001793,0.001831,0.001831,0.001869,0.001907,0.001984,0.001984,0.002022,0.002060,0.002022,0.002098,0.002098,0.002136,0.002174,0.002098,0.002136,0.002136,0.002174,0.002213,0.002213,0.002213,0.002213,0.002213,0.002289,0.002251,0.002327,0.002251,0.002289,0.002289,0.002327,0.002327,0.002251,0.002289,0.002289,0.002289,0.002289,0.002213,0.002251,0.002213,0.002289,0.002174,0.002174,0.002213,0.002174,0.002251,0.002213,0.002251,0.002289,0.002213,0.002289,0.002251,0.002289,0.002289,0.002327,0.002289,0.002327,0.002289,0.002251,0.002213,0.002213,0.002251,0.002213,0.002213,0.002174,0.002174,0.002060,0.002098,0.002136,0.002060,0.002022,0.001907,0.001984,0.001945,0.001945,0.001869,0.001869,0.001831,0.001831,0.001793,0.001793,0.001793,0.001831,0.001755,0.001755,0.001717,0.001678,0.001793,0.001755,0.001755,0.001717,0.001755,0.001793,0.001755,0.001793,0.001831,0.001869,0.001869,0.001907,0.001945,0.001984,0.002098,0.002098,0.002098,0.002174,0.002213,0.002213,0.002289,0.002327,0.002403,0.002403,0.002403,0.002441,0.002441,0.002480,0.002480,0.002480,0.002518,0.002556,0.002556,0.002556,0.002556,0.002556,0.002518,0.002594,0.002594,0.002632,0.002594,0.002670,0.002594,0.002480,0.002518,0.002632,0.002556,0.002594,0.002556,0.002518,0.002556,0.002518,0.002556,0.002441,0.002441,0.002441,0.002327,0.002327,0.002289,0.002289,0.002251,0.002174,0.002098,0.002098,0.002060,0.002022,0.002060,0.002060,0.002022,0.002060,0.002022,0.001984,0.002060,0.002174,0.002098,0.002136,0.002174,0.002251,0.002251,0.002251,0.002251,0.002289,0.002327,0.002327,0.002365,0.002365,0.002403,0.002403,0.002403,0.002441,0.002403,0.002403,0.002327,0.002289,0.002289,0.002289,0.002174,0.002174,0.002174,0.002136,0.002098,0.002098,0.002060,0.002022,0.001984,0.001984,0.001945,0.001945,0.001945,0.001907,0.001831,0.001831,0.001831,0.001793,0.001793,0.001755,0.001793,0.001755,0.001831,0.001793,0.001831,0.001831,0.001831,0.001869,0.001793,0.001869,0.001793,0.001831,0.001869,0.001793,0.001869,0.001793,0.001831,0.001831,0.001793,0.001869,0.001793,0.001793,0.001907,0.001869,0.001907,0.001831,0.001869,0.001907,0.001907,0.001945,0.001945,0.001945,0.002022,0.002098,0.002098,0.002136,0.002098,0.002174,0.002213,0.002213,0.002213,0.002251,0.002327,0.002327,0.002365,0.002365,0.002327,0.002327,0.002365,0.002403,0.002327,0.002327,0.002327,0.002327,0.002289,0.002289,0.002289,0.002213,0.002213,0.002174,0.002174,0.002213,0.002136,0.002098,0.002174,0.002174,0.002136,0.002136,0.002174,0.002136,0.002174,0.002136,0.002136,0.002136,0.002174,0.002174,0.002098,0.002174,0.002174,0.002174,0.002136,0.002174,0.002136,0.002213,0.002174,0.002174,0.002174,0.002174,0.002174,0.002174,0.002213,0.002213,0.002174,0.002136,0.002136,0.002213,0.002213,0.002213,0.002213,0.002289,0.002327,0.002251,0.002251,0.002213,0.002289,0.002289,0.002251,0.002289,0.002251,0.002251,0.002213,0.002174,0.002213,0.002213,0.002136,0.002136,0.002136,0.002136,0.002136,0.002098,0.002136,0.002098,0.002098,0.002098,0.002060,0.002060,0.002022,0.002098,0.002098,0.002136,0.002136,0.002060,0.002136,0.002098,0.002098,0.002098,0.002060,0.002098,0.002174,0.002136,0.002136,0.002136,0.002174,0.002213,0.002213,0.002251,0.002213,0.002251,0.002289,0.002251,0.002251,0.002327,0.002289,0.002327,0.002289,0.002251,0.002251,0.002251,0.002174,0.002136,0.002136,0.002098,0.002136,0.002098,0.002022,0.001945,0.001984,0.001984,0.001984,0.002022,0.001945,0.001945,0.001984,0.001945,0.001945,0.001907,0.001984,0.001984,0.002022,0.001984,0.002022,0.001984,0.002022,0.002022,0.002022,0.002060,0.002136,0.002060,0.002098,0.002098,0.002174,0.002174,0.002136,0.002136,0.002174,0.002174,0.002174,0.002136,0.002174,0.002174,0.002136,0.002136,0.002098,0.002136,0.002136,0.002174,0.002136,0.002060,0.002060,0.002060,0.002060,0.002098,0.002060,0.001984,0.002022,0.002022,0.001984,0.002022,0.002060,0.001984,0.001984,0.001984,0.002022,0.002060,0.002060,0.002098,0.002022,0.002022,0.002098,0.002098,0.002098,0.002098,0.002136,0.002136,0.002174,0.002174,0.002213,0.002213,0.002289,0.002365,0.002327,0.002327,0.002289,0.002327,0.002365,0.002289,0.002251,0.002327,0.002289,0.002403,0.002365,0.002365,0.002365,0.002403,0.002403,0.002365,0.002365,0.002327,0.002327,0.002403,0.002365,0.002289,0.002327,0.002327,0.002327,0.002327,0.002289,0.002251,0.002213,0.002213,0.002289,0.002213,0.002213,0.002174,0.002213,0.002174,0.002098,0.002174,0.002136,0.002174,0.002136,0.002098,0.002098,0.002022,0.002060,0.002060,0.002022,0.002098,0.002136,0.002098,0.002136,0.002174,0.002213,0.002174,0.002289,0.002251,0.002327,0.002327,0.002403,0.002441,0.002441,0.002518,0.002556,0.002632,0.002670,0.002670,0.002670,0.002708,0.002747,0.002747,0.002785,0.002785,0.002823,0.002785,0.002708,0.002708,0.002708,0.002670,0.002594,0.002594,0.002594,0.002556,0.002518,0.002480,0.002441,0.002403,0.002327,0.002327,0.002327,0.002327,0.002251,0.002174,0.002136,0.002098,0.002022,0.001945,0.001869,0.001793,0.001717,0.001678,0.001564,0.001411,0.001335,0.001259,0.001144,0.001106,0.001068,0.001030,0.000992,0.000954,0.000916,0.000992,0.001030,0.001068,0.001106,0.001183,0.001259,0.001411,0.001488,0.001564,0.001678,0.001755,0.001793,0.001907,0.002060,0.002098,0.002174,0.002213,0.002289,0.002365,0.002403,0.002365,0.002441,0.002403,0.002403,0.002441,0.002403,0.002480,0.002480,0.002403,0.002365,0.002327,0.002327,0.002365,0.002327,0.002213,0.002289,0.002251,0.002213,0.002251,0.002213,0.002289,0.002251,0.002289,0.002365,0.002327,0.002365,0.002403,0.002441,0.002480,0.002556,0.002594,0.002518,0.002632,0.002556,0.002594,0.002594,0.002632,0.002594,0.002556,0.002556,0.002518,0.002518,0.002441,0.002480,0.002441,0.002403,0.002327,0.002289,0.002251,0.002213,0.002174,0.002098,0.002136,0.002060,0.002060,0.002022,0.002022,0.002060,0.002022,0.002022,0.001945,0.002022,0.002022,0.002022,0.002022,0.001984,0.001984,0.002022,0.002022,0.002098,0.002060,0.002060,0.002022,0.002060,0.002098,0.002098,0.002060,0.002022,0.002060,0.002098,0.002022,0.002022,0.002060,0.002060,0.002060,0.002022,0.002022,0.002098,0.002022,0.002060,0.002060,0.002060,0.002060,0.002060,0.002098,0.002098,0.002098,0.002098,0.001984,0.002098,0.002022,0.002098,0.002136,0.002136,0.002174,0.002098,0.002136,0.002098,0.002136,0.002251,0.002213,0.002251,0.002289,0.002251,0.002251,0.002327,0.002327,0.002365,0.002365,0.002403,0.002403,0.002403,0.002441,0.002441,0.002441,0.002441,0.002403,0.002441,0.002441,0.002441,0.002403,0.002441,0.002403,0.002441,0.002403,0.002403,0.002327,0.002365,0.002289,0.002289,0.002327,0.002289,0.002251,0.002289,0.002251,0.002251,0.002213,0.002213,0.002213,0.002213,0.002213,0.002174,0.002174,0.002136,0.002136,0.002174,0.002174,0.002213,0.002213,0.002213,0.002251,0.002213,0.002213,0.002251,0.002327,0.002289,0.002289,0.002289,0.002251,0.002327,0.002403,0.002365,0.002365,0.002365,0.002403,0.002441,0.002441,0.002480,0.002441,0.002480,0.002480,0.002441,0.002480,0.002441,0.002480,0.002480,0.002441,0.002403,0.002365,0.002365,0.002289,0.002289,0.002251,0.002213,0.002213,0.002136,0.002098,0.002098,0.002060,0.002060,0.002060,0.001984,0.001945,0.001984,0.001984,0.001984,0.001984,0.001907,0.001945,0.001907,0.001907,0.001907,0.001945,0.001869,0.001945,0.001869,0.001869,0.001793,0.001869,0.001869,0.001945,0.001907,0.001907,0.001907,0.001869,0.001945,0.001945,0.001907,0.001945,0.001984,0.001984,0.002022,0.002060,0.002022,0.002060,0.002060,0.002060,0.002098,0.002098,0.002174,0.002174,0.002136,0.002174,0.002136,0.002136,0.002213,0.002251,0.002213,0.002251,0.002251,0.002251,0.002327,0.002251,0.002289,0.002289,0.002289,0.002289,0.002213,0.002251,0.002251,0.002213,0.002213,0.002174,0.002213,0.002213,0.002174,0.002174,0.002213,0.002174,0.002174,0.002213,0.002213,0.002098,0.002174,0.002213,0.002251,0.002213,0.002213,0.002213,0.002251,0.002213,0.002251,0.002289,0.002213,0.002213,0.002213,0.002213,0.002251,0.002213,0.002213,0.002136,0.002136,0.002136,0.002174,0.002136,0.002098,0.002060,0.002098,0.002060,0.002022,0.001984,0.001945,0.001984,0.001984,0.001984,0.001945,0.001945,0.001945,0.001945,0.001945,0.001945,0.001945,0.002022,0.001984,0.001984,0.001984,0.001984,0.002098,0.002098,0.002022,0.002136,0.002098,0.002174,0.002174,0.002136,0.002136,0.002174,0.002136,0.002174,0.002174,0.002136,0.002174,0.002174,0.002098,0.002136,0.002098,0.002174,0.002136,0.002174,0.002136,0.002098,0.002098,0.002098,0.002060,0.002136,0.002136,0.002098,0.002136,0.002136,0.002098,0.002098,0.002136,0.002136,0.002174,0.002213,0.002251,0.002213,0.002213,0.002289,0.002327,0.002327,0.002327,0.002251,0.002327,0.002365,0.002327,0.002403,0.002365,0.002327,0.002327,0.002365,0.002289,0.002327,0.002403,0.002403,0.002327,0.002289,0.002289,0.002251,0.002289,0.002251,0.002213,0.002213,0.002213,0.002174,0.002174,0.002174,0.002136,0.002136,0.002098,0.002136,0.002136,0.002136,0.002098,0.002136,0.002136,0.002136,0.002174,0.002213,0.002136,0.002136,0.002213,0.002213,0.002213,0.002251,0.002289,0.002289,0.002327,0.002289,0.002289,0.002327,0.002365,0.002327,0.002365,0.002327,0.002365,0.002327,0.002403,0.002365,0.002327,0.002365,0.002327,0.002289,0.002289,0.002289,0.002251,0.002213,0.002251,0.002251,0.002213,0.002213,0.002136,0.002136,0.002136,0.002098,0.002098,0.002022,0.002022,0.002060,0.001984,0.002022,0.001984,0.001984,0.001907,0.001907,0.001907,0.001869,0.001869,0.001831,0.001869,0.001793,0.001755,0.001755,0.001755,0.001755,0.001717,0.001755,0.001793,0.001717,0.001717,0.001755,0.001793,0.001831,0.001755,0.001831,0.001793,0.001755,0.001793,0.001755,0.001831,0.001831,0.001831,0.001831,0.001831,0.001831,0.001793,0.001869,0.001831,0.001869,0.001831,0.001869,0.001907,0.001869,0.001945,0.001984,0.001945,0.001984,0.001984,0.002060,0.002136,0.002136,0.002174,0.002174,0.002213,0.002174,0.002213,0.002251,0.002251,0.002251,0.002327,0.002289,0.002327,0.002365,0.002403,0.002403,0.002403,0.002403,0.002441,0.002518,0.002480,0.002441,0.002441,0.002480,0.002441,0.002365,0.002441,0.002441,0.002403,0.002365,0.002365,0.002365,0.002327,0.002327,0.002327,0.002289,0.002251,0.002289,0.002251,0.002289,0.002251,0.002174,0.002251,0.002174,0.002213,0.002174,0.002136,0.002136,0.002136,0.002174,0.002136,0.002060,0.002098,0.002098,0.002098,0.002060,0.002098,0.002098,0.002060,0.002098,0.002060,0.002136,0.002060,0.002098,0.002136,0.002060,0.002060,0.001984,0.002060,0.002060,0.002060,0.002060,0.002022,0.001984,0.002022,0.001984,0.001984,0.001984,0.002022,0.001945,0.001984,0.001984,0.001984,0.001984,0.001984,0.002060,0.001984,0.002022,0.002022,0.002022,0.002098,0.002098,0.002060,0.002098,0.002098,0.002136,0.002136,0.002136,0.002174,0.002213,0.002136,0.002213,0.002213,0.002213,0.002213,0.002213,0.002136,0.002174,0.002213,0.002251,0.002213,0.002136,0.002174,0.002136,0.002174,0.002136,0.002136,0.002136,0.002136,0.002174,0.002174,0.002174,0.002098,0.002136,0.002136,0.002213,0.002174,0.002174,0.002213,0.002213,0.002174,0.002213,0.002213,0.002289,0.002251,0.002289,0.002289,0.002289,0.002289,0.002327,0.002213,0.002213,0.002327,0.002251,0.002327,0.002289,0.002289,0.002251,0.002251,0.002251,0.002251,0.002213,0.002251,0.002174,0.002213,0.002251,0.002213,0.002174,0.002136,0.002136,0.002174,0.002174,0.002174,0.002213,0.002251,0.002213,0.002213,0.002174,0.002213,0.002213,0.002251,0.002174,0.002213,0.002174,0.002136,0.002136,0.002136,0.002136,0.002136,0.002174,0.002098,0.002098,0.002098,0.002060,0.002060,0.002060,0.002022,0.002060,0.002060,0.002022,0.002022,0.002022,0.001984,0.001984,0.001984,0.001984,0.001984,0.001945,0.001984,0.001984,0.001984,0.002022,0.001984,0.001984,0.001945,0.001984,0.002060,0.001984,0.001984,0.001984,0.001945,0.001984,0.001945,0.002022,0.001945,0.001984,0.001984,0.002022,0.002060,0.002022,0.002060,0.002098,0.002060,0.002098,0.002136,0.002098,0.002098,0.002174,0.002174,0.002098,0.002098,0.002136,0.002174,0.002174,0.002174,0.002174,0.002174,0.002213,0.002213,0.002174,0.002289,0.002251,0.002213,0.002251,0.002213,0.002213,0.002251,0.002213,0.002289,0.002251,0.002289,0.002251,0.002289,0.002213,0.002213,0.002251,0.002213,0.002251,0.002213,0.002213,0.002213,0.002174,0.002251,0.002213,0.002213,0.002174,0.002136,0.002174,0.002136,0.002251,0.002174,0.002174,0.002251,0.002213,0.002213,0.002213,0.002213,0.002213,0.002213,0.002289,0.002213,0.002289,0.002251,0.002251,0.002251,0.002213,0.002251,0.002251,0.002289,0.002289,0.002213,0.002289,0.002251,0.002136,0.002251,0.002213,0.002213,0.002174,0.002174,0.002251,0.002213,0.002174,0.002174,0.002213,0.002213,0.002136,0.002213,0.002213,0.002174,0.002213,0.002213,0.002174,0.002098,0.002136,0.002213,0.002136,0.002174,0.002213,0.002174,0.002174,0.002174,0.002174,0.002174,0.002174,0.002174,0.002251,0.002213,0.002136,0.002174,0.002174,0.002174,0.002174,0.002174,0.002174,0.002174,0.002174,0.002213,0.002213,0.002213,0.002213,0.002213,0.002213,0.002213,0.002213,0.002174,0.002251,0.002213,0.002213,0.002213,0.002136,0.002174,0.002251,0.002174,0.002251,0.002174,0.002213,0.002174,0.002174,0.002136,0.002136,0.002174,0.002136,0.002136,0.002174,0.002098,0.002098,0.002136,0.002136,0.002098,0.002136,0.002174,0.002060,0.002098,0.002136,0.002098,0.002098,0.002022,0.002174,0.002136,0.002136,0.002136,0.002136,0.002136,0.002060,0.002136,0.002174,0.002136,0.002213,0.002213,0.002251,0.002289,0.002289,0.002327,0.002289,0.002251,0.002327,0.002327,0.002365,0.002365,0.002365,0.002403,0.002441,0.002480,0.002480,0.002480,0.002480,0.002518,0.002556,0.002518,0.002480,0.002441,0.002403,0.002441,0.002365,0.002403,0.002327,0.002289,0.002251,0.002213,0.002251,0.002174,0.002098,0.002060,0.002060,0.002022,0.001945,0.001984,0.001945,0.001984,0.001945,0.001869,0.001907,0.001907,0.001945,0.001907,0.001869,0.001907,0.001907,0.001945,0.001945,0.001907,0.001984,0.002022,0.002022,0.002022,0.002098,0.002136,0.002136,0.002136,0.002098,0.002136,0.002174,0.002174,0.002098,0.002098,0.002136,0.002098,0.002098,0.002098,0.002060,0.002098,0.002098,0.002060,0.002022,0.002022,0.002022,0.002060,0.002098,0.002060,0.002060,0.002136,0.002098,0.002098,0.002136,0.002136,0.002136,0.002213,0.002213,0.002174,0.002213,0.002251,0.002251,0.002251,0.002251,0.002251,0.002327,0.002327,0.002403,0.002365,0.002327,0.002365,0.002365,0.002403,0.002365,0.002365,0.002365,0.002289,0.002365,0.002327,0.002327,0.002327,0.002289,0.002289,0.002289,0.002289,0.002289,0.002289,0.002365,0.002327,0.002365,0.002327,0.002289,0.002441,0.002365,0.002365,0.002365,0.002365,0.002403,0.002365,0.002441,0.002441,0.002289,0.002327,0.002289,0.002327,0.002251,0.002213,0.002251,0.002174,0.002136,0.002098,0.002098,0.002136,0.002060,0.002098,0.001984,0.001945,0.001984,0.001945,0.001907,0.001945,0.001907,0.001907,0.001907,0.001907,0.001869,0.001869,0.001831,0.001869,0.001869,0.001869,0.001869,0.001869,0.001945,0.001907,0.001869,0.001869,0.001907,0.001907,0.001945,0.001984,0.001984,0.001945,0.002022,0.002060,0.002022,0.002060,0.002060,0.002060,0.002022,0.002098,0.002098,0.002060,0.002098,0.002136,0.002174,0.002174,0.002213,0.002174,0.002174,0.002174,0.002213,0.002136,0.002174,0.002213,0.002213,0.002174,0.002098,0.002213,0.002174,0.002174,0.002174,0.002136,0.002174,0.002174,0.002174,0.002174,0.002213,0.002174,0.002174,0.002174,0.002174,0.002174,0.002136,0.002136,0.002213,0.002251,0.002213,0.002251,0.002213,0.002251,0.002289,0.002251,0.002289,0.002251,0.002289,0.002251,0.002289,0.002365,0.002327,0.002327,0.002251,0.002251,0.002289,0.002289,0.002289,0.002289,0.002327,0.002327,0.002251,0.002289,0.002327,0.002327,0.002289,0.002289,0.002289,0.002213,0.002289,0.002213,0.002213,0.002174,0.002174,0.002136,0.002136,0.002136,0.002098,0.002098,0.002098,0.002098,0.002098,0.002060,0.002060,0.002060,0.002060,0.002174,0.002136,0.002174,0.002174,0.002136,0.002174,0.002060,0.002174,0.002174,0.002174,0.002251,0.002174,0.002174,0.002213,0.002098,0.002136,0.002098,0.002022,0.002098,0.002098,0.002060,0.001984,0.002098,0.002022,0.002022,0.001984,0.002022,0.001984,0.001869,0.001907,0.001907,0.001907,0.001984,0.001945,0.001984,0.001984,0.001984,0.001984,0.002022,0.002022,0.002098,0.002098,0.002213,0.002174,0.002174,0.002174,0.002174,0.002213,0.002174,0.002213,0.002174,0.002213,0.002213,0.002213,0.002213,0.002174,0.002174,0.002174,0.002098,0.002136,0.002098,0.002136,0.002136,0.002098,0.002098,0.002098,0.002098,0.002060,0.002060,0.002098,0.002060,0.002098,0.002060,0.002022,0.002098,0.002098,0.002060,0.002022,0.002098,0.002136,0.002098,0.002174,0.002136,0.002174,0.002136,0.002174,0.002174,0.002213,0.002213,0.002213,0.002289,0.002251,0.002213,0.002251,0.002289,0.002289,0.002289,0.002327,0.002327,0.002365,0.002365,0.002403,0.002289,0.002365,0.002403,0.002403,0.002403,0.002327,0.002365,0.002327,0.002365,0.002327,0.002327,0.002251,0.002251,0.002289,0.002213,0.002213,0.002213,0.002213,0.002174,0.002213,0.002136,0.002136,0.002136,0.002213,0.002174,0.002136,0.002098,0.002136,0.002136,0.002098,0.002136,0.002098,0.002098,0.002022,0.002022,0.002098,0.002098,0.002136,0.002022,0.002022,0.002098,0.002098,0.002098,0.002098,0.002022,0.002060,0.002022,0.001907,0.001945,0.001945,0.001984,0.001869,0.001869,0.001869,0.001831,0.001869,0.001869,0.001907,0.001907,0.001831,0.001831,0.001831,0.001907,0.001945,0.001869,0.001945,0.001907,0.001907,0.001945,0.001984,0.001945,0.001907,0.001984,0.001984,0.002060,0.002022,0.001984,0.002022,0.001984,0.002060,0.002022,0.002022,0.002098,0.002022,0.002022,0.002060,0.002060,0.002060,0.002022,0.002022,0.002022,0.002022,0.002060,0.002022,0.002022,0.002060,0.002022,0.002060,0.002022,0.002098,0.002060,0.002060,0.002060,0.002060,0.002136,0.002060,0.002136,0.002136,0.002098,0.002136,0.002174,0.002213,0.002213,0.002213,0.002213,0.002251,0.002213,0.002213,0.002213,0.002213,0.002174,0.002289,0.002251,0.002289,0.002327,0.002327,0.002327,0.002327,0.002365,0.002327,0.002365,0.002365,0.002403,0.002403,0.002365,0.002480,0.002480,0.002441,0.002518,0.002480,0.002441,0.002480,0.002441,0.002480,0.002403,0.002403,0.002441,0.002403,0.002403,0.002365,0.002365,0.002327,0.002289,0.002289,0.002213,0.002174,0.002136,0.002098,0.002060,0.002022,0.001984,0.001945,0.001984,0.001984,0.001907,0.001869,0.001831,0.001907,0.001869,0.001831,0.001755,0.001793,0.001831,0.001793,0.001831,0.001945,0.001831,0.001869,0.001945,0.001907,0.001945,0.001945,0.001945,0.001945,0.001984,0.001984,0.002022,0.002098,0.002022,0.002060,0.002098,0.002098,0.002136,0.002136,0.002174,0.002174,0.002174,0.002174,0.002213,0.002174,0.002289,0.002251,0.002251,0.002289,0.002365,0.002327,0.002327,0.002327,0.002327,0.002327,0.002365,0.002365,0.002403,0.002403,0.002403,0.002403,0.002441,0.002441,0.002365,0.002403,0.002327,0.002403,0.002403,0.002365,0.002365,0.002365,0.002365,0.002327,0.002365,0.002365,0.002365,0.002365,0.002365,0.002365,0.002365,0.002327,0.002403,0.002327,0.002327,0.002327,0.002327,0.002365,0.002327,0.002327,0.002327,0.002251,0.002251,0.002251,0.002289,0.002289,0.002251,0.002251,0.002289,0.002213,0.002213,0.002213,0.002251,0.002174,0.002251,0.002251,0.002251,0.002213,0.002251,0.002213,0.002174,0.002174,0.002136,0.002174,0.002136,0.002136,0.002174,0.002136,0.002136,0.002098,0.002098,0.002098,0.002060,0.002060,0.002022,0.002060,0.001984,0.001984,0.001984,0.002022,0.001984,0.002022,0.001984,0.001945,0.001907,0.001984,0.001945,0.001907,0.001945,0.001984,0.002098,0.002022,0.001984,0.002022,0.002022,0.002060,0.002022,0.002060,0.002060,0.002022,0.002060,0.002098,0.002060,0.002060,0.002098,0.002098,0.002060,0.002098,0.002136,0.002060,0.002060,0.002136,0.002136,0.002174,0.002136,0.002136,0.002213,0.002174,0.002213,0.002213,0.002213,0.002213,0.002213,0.002289,0.002327,0.002289,0.002251,0.002289,0.002365,0.002327,0.002365,0.002327,0.002289,0.002327,0.002365,0.002327,0.002327,0.002327,0.002365,0.002327,0.002327,0.002289,0.002327,0.002327,0.002327,0.002289,0.002289,0.002327,0.002289,0.002327,0.002289,0.002213,0.002251,0.002213,0.002213,0.002213,0.002213,0.002213,0.002174,0.002174,0.002098,0.002136,0.002174,0.002136,0.002174,0.002136,0.002136,0.002136,0.002174,0.002174,0.002136,0.002174,0.002174,0.002213,0.002213,0.002136,0.002136,0.002136,0.002136,0.002174,0.002174,0.002136,0.002098,0.002136,0.002136,0.002098,0.002060,0.001984,0.002022,0.002022,0.002022,0.002060,0.001984,0.001984,0.001984,0.002022,0.001984,0.001945,0.001945,0.001984,0.001945,0.001907,0.001907,0.001907,0.001869,0.001831,0.001793,0.001869,0.001869,0.001945,0.001869,0.001869,0.001907,0.001945,0.001945,0.001907,0.001945,0.001984,0.001984,0.001945,0.001945,0.001984,0.001984,0.002022,0.002022,0.002022,0.002098,0.002060,0.002060,0.002136,0.002098,0.002174,0.002174,0.002213,0.002174,0.002213,0.002136,0.002174,0.002136,0.002251,0.002251,0.002289,0.002327,0.002251,0.002251,0.002327,0.002327,0.002365,0.002327,0.002327,0.002365,0.002365,0.002403,0.002403,0.002403,0.002365,0.002327,0.002327,0.002365,0.002365,0.002289,0.002289,0.002289,0.002289,0.002289,0.002289,0.002289,0.002251,0.002251,0.002251,0.002251,0.002251,0.002251,0.002251,0.002251,0.002251,0.002213,0.002213,0.002251,0.002251,0.002251,0.002251,0.002213,0.002174,0.002174,0.002174,0.002213,0.002174,0.002213,0.002174,0.002213,0.002213,0.002136,0.002213,0.002213,0.002213,0.002251,0.002213,0.002213,0.002174,0.002174,0.002213,0.002251,0.002251,0.002251,0.002213,0.002251,0.002213,0.002251,0.002251,0.002251,0.002251,0.002213,0.002174,0.002213,0.002289,0.002174,0.002289,0.002251,0.002251,0.002289,0.002251,0.002251,0.002213,0.002251,0.002251,0.002251,0.002251,0.002251,0.002251,0.002289,0.002213,0.002213,0.002213,0.002251,0.002174,0.002213,0.002213,0.002174,0.002251,0.002251,0.002174,0.002213,0.002213,0.002251,0.002251,0.002213,0.002251,0.002251,0.002289,0.002251,0.002213,0.002213,0.002289,0.002289,0.002251,0.002251,0.002251,0.002251,0.002327,0.002289,0.002327,0.002327,0.002213,0.002251,0.002251,0.002174,0.002289,0.002213,0.002213,0.002213,0.002136,0.002136,0.002174,0.002060,0.002060,0.002098,0.002136,0.002060,0.002098,0.002022,0.001984,0.001945,0.001984,0.001984,0.001945,0.001907,0.001907,0.001907,0.001945,0.001907,0.001945,0.001907,0.001907,0.001907,0.001907,0.001907,0.001907,0.001831,0.001869,0.001869,0.001907,0.001869,0.001945,0.001907,0.001907,0.001945,0.001945,0.001984,0.002022,0.002022,0.002060,0.002098,0.002098,0.002136,0.002174,0.002136,0.002213,0.002251,0.002327,0.002289,0.002327,0.002289,0.002327,0.002327,0.002365,0.002365,0.002327,0.002327,0.002289,0.002289,0.002213,0.002251,0.002251,0.002251,0.002251,0.002174,0.002213,0.002174,0.002136,0.002213,0.002174,0.002213,0.002174,0.002174,0.002174,0.002174,0.002213,0.002174,0.002174,0.002213,0.002174,0.002251,0.002251,0.002251,0.002289,0.002289,0.002289,0.002327,0.002289,0.002327,0.002327,0.002327,0.002289,0.002213,0.002251,0.002251,0.002251,0.002251,0.002289,0.002213,0.002136,0.002098,0.002060,0.002098,0.002022,0.001984,0.001907,0.001831,0.001869,0.001907,0.001907,0.001793,0.001793,0.001755,0.001793,0.001793,0.001793,0.001793,0.001793,0.001831,0.001869,0.001907,0.001907,0.001869,0.001907,0.001984,0.001984,0.001984,0.001984,0.002022,0.002098,0.002022,0.002022,0.002060,0.002098,0.002060,0.002022,0.002098,0.002098,0.002098,0.002060,0.002098,0.002060,0.002060,0.002060,0.002098,0.002060,0.002098,0.002098,0.002098,0.002060,0.002098,0.002174,0.002098,0.002174,0.002174,0.002136,0.002174,0.002213,0.002213,0.002213,0.002289,0.002289,0.002251,0.002289,0.002289,0.002251,0.002327,0.002327,0.002289,0.002327,0.002289,0.002289,0.002289,0.002327,0.002251,0.002289,0.002289,0.002251,0.002327,0.002289,0.002289,0.002289,0.002213,0.002213,0.002213,0.002213,0.002213,0.002251,0.002289,0.002251,0.002251,0.002174,0.002251,0.002136,0.002213,0.002174,0.002174,0.002213,0.002174,0.002213,0.002174,0.002213,0.002174,0.002213,0.002174,0.002213,0.002174,0.002213,0.002136,0.002136,0.002174,0.002174,0.002136,0.002098,0.002136,0.002136,0.002022,0.002098,0.002060,0.002136,0.002136,0.002060,0.002060,0.002022,0.002060,0.002098,0.002098,0.002098,0.002098,0.002136,0.002098,0.002060,0.002060,0.002136,0.002136,0.002174,0.002136,0.002098,0.002098,0.002136,0.002060,0.002136,0.002136,0.002174,0.002174,0.002174,0.002251,0.002174,0.002174,0.002174,0.002174,0.002213,0.002174,0.002136,0.002213,0.002251,0.002251,0.002174,0.002213,0.002213,0.002213,0.002213,0.002213,0.002213,0.002213,0.002251,0.002213,0.002174,0.002251,0.002174,0.002251,0.002174,0.002136,0.002136,0.002174,0.002136,0.002136,0.002136,0.002098,0.002098,0.002136,0.002136,0.002098,0.002060,0.002060,0.002060,0.002060,0.002098,0.002060,0.002060,0.002022,0.002022,0.002022,0.002022,0.002022,0.002022,0.002060,0.002060,0.002060,0.002060,0.002098,0.002022,0.002022,0.002060,0.002022,0.002098,0.002098,0.002060,0.002060,0.002060,0.002098,0.002060,0.002060,0.002060,0.002022,0.002060,0.002022,0.002060,0.002098,0.002136,0.002060,0.002098,0.002136,0.002136,0.002136,0.002174,0.002213,0.002174,0.002174,0.002213,0.002136,0.002174,0.002136,0.002136,0.002174,0.002213,0.002174,0.002136,0.002174,0.002174,0.002136,0.002098,0.002136,0.002136,0.002098,0.002136,0.002174,0.002136,0.002098,0.002136,0.002098,0.002098,0.002098,0.002098,0.002060,0.002098,0.002098,0.002060,0.002136,0.002060,0.002098,0.002136,0.002098,0.002136,0.002098,0.002136,0.002136,0.002213,0.002213,0.002213,0.002174,0.002251,0.002251,0.002251,0.002289,0.002327,0.002327,0.002289,0.002327,0.002365,0.002289,0.002251,0.002251,0.002289,0.002289,0.002213,0.002251,0.002251,0.002251,0.002289,0.002251,0.002251,0.002213,0.002251,0.002213,0.002251,0.002251,0.002251,0.002174,0.002174,0.002213,0.002174,0.002136,0.002136,0.002174,0.002136,0.002098,0.002136,0.002136,0.002136,0.002060,0.002098,0.002060,0.002060,0.002060,0.002060,0.002060,0.002098,0.002060,0.002098,0.002022,0.002022,0.002022,0.002022,0.002022,0.002098,0.002098,0.001984,0.002022,0.002098,0.002060,0.002060,0.001984,0.001945,0.002022,0.002060,0.002098,0.002022,0.001984,0.002022,0.002022,0.002022,0.001984,0.002022,0.002022,0.002060,0.002022,0.001984,0.002060,0.002022,0.002022,0.002022,0.002022,0.002098,0.002060,0.002022,0.002060,0.002060,0.002060,0.002060,0.002136,0.002098,0.002136,0.002098,0.002174,0.002174,0.002136,0.002136,0.002213,0.002251,0.002251,0.002174,0.002213,0.002213,0.002289,0.002289,0.002251,0.002251,0.002327,0.002327,0.002289,0.002327,0.002289,0.002327,0.002327,0.002289,0.002327,0.002365,0.002365,0.002327,0.002403,0.002327,0.002365,0.002327,0.002327,0.002327,0.002365,0.002327,0.002289,0.002289,0.002251,0.002289,0.002213,0.002251,0.002251,0.002289,0.002213,0.002213,0.002251,0.002251,0.002251,0.002213,0.002251,0.002213,0.002213,0.002174,0.002213,0.002213,0.002251,0.002289,0.002251,0.002251,0.002174,0.002174,0.002213,0.002174,0.002213,0.002251,0.002213,0.002251,0.002251,0.002213,0.002213,0.002251,0.002251,0.002213,0.002251,0.002213,0.002251,0.002213,0.002174,0.002213,0.002213,0.002213,0.002213,0.002213,0.002213,0.002136,0.002098,0.002098,0.002136,0.002098,0.002060,0.002022,0.002022,0.002022,0.001945,0.001984,0.001907,0.001945,0.001945,0.001984,0.002022,0.002022,0.002098,0.002060,0.002136,0.002174,0.002213,0.002213,0.002327,0.002289,0.002365,0.002365,0.002480,0.002441,0.002480,0.002480,0.002518,0.002441,0.002403,0.002441,0.002403,0.002365,0.002289,0.002327,0.002327,0.002213,0.002174,0.002174,0.002098,0.002098,0.002060,0.002022,0.001984,0.001945,0.001984,0.002022,0.001945,0.002022,0.002022,0.002022,0.002060,0.002060,0.002060,0.002060,0.002136,0.002174,0.002174,0.002136,0.002213,0.002213,0.002213,0.002213,0.002251,0.002289,0.002251,0.002289,0.002289,0.002251,0.002251,0.002289,0.002213,0.002251,0.002213,0.002251,0.002251,0.002251,0.002251,0.002251,0.002213,0.002213,0.002213,0.002327,0.002251,0.002289,0.002251,0.002251,0.002251,0.002251,0.002251,0.002251,0.002327,0.002365,0.002289,0.002327,0.002327,0.002289,0.002251,0.002289,0.002327,0.002289,0.002327,0.002327,0.002251,0.002289,0.002327,0.002213,0.002213,0.002251,0.002251,0.002251,0.002213,0.002174,0.002251,0.002251,0.002213,0.002251,0.002213,0.002213,0.002213,0.002174,0.002213,0.002213,0.002213,0.002174,0.002174,0.002174,0.002174,0.002213,0.002174,0.002136,0.002174,0.002174,0.002136,0.002136,0.002174,0.002136,0.002098,0.002098,0.002098,0.002060,0.002060,0.002060,0.002022,0.002060,0.002098,0.002060,0.002060,0.002098,0.002098,0.002136,0.002136,0.002098,0.002136,0.002174,0.002174,0.002213,0.002174,0.002136,0.002174,0.002213,0.002213,0.002174,0.002213,0.002251,0.002251,0.002213,0.002251,0.002213,0.002174,0.002174,0.002174,0.002213,0.002174,0.002213,0.002174,0.002136,0.002174,0.002136,0.002136,0.002174,0.002174,0.002136,0.002136,0.002174,0.002174,0.002174,0.002098,0.002136,0.002174,0.002136,0.002174,0.002136,0.002136,0.002174,0.002213,0.002213,0.002174,0.002213,0.002174,0.002213,0.002174,0.002174,0.002213,0.002174,0.002213,0.002213,0.002174,0.002174,0.002174,0.002213,0.002251,0.002213,0.002213,0.002213,0.002251,0.002251,0.002174,0.002213,0.002213,0.002251,0.002213,0.002251,0.002251,0.002213,0.002213,0.002289,0.002251,0.002213,0.002213,0.002174,0.002213,0.002251,0.002213,0.002213,0.002136,0.002213,0.002174,0.002174,0.002174,0.002213,0.002174,0.002213,0.002174,0.002174,0.002174,0.002136,0.002098,0.002098,0.002136,0.002136,0.002098,0.002174,0.002136,0.002098,0.002098,0.002098,0.002060,0.002060,0.002060,0.002060,0.002022,0.002060,0.002098,0.002022,0.002060,0.002098,0.002136,0.002136,0.002098,0.002060,0.002098,0.002098,0.002060,0.002060,0.002098,0.002136,0.002136,0.002136,0.002174,0.002174,0.002136,0.002136,0.002174,0.002136,0.002174,0.002174,0.002136,0.002136,0.002174,0.002174,0.002136,0.002174,0.002174,0.002174,0.002213,0.002213,0.002251,0.002251,0.002289,0.002213,0.002289,0.002289,0.002251,0.002289,0.002251,0.002289,0.002327,0.002289,0.002289,0.002327,0.002289,0.002289,0.002327,0.002327,0.002213,0.002289,0.002251,0.002251,0.002213,0.002213,0.002213,0.002174,0.002174,0.002136,0.002136,0.002098,0.002098,0.002098,0.002098,0.002098,0.002136,0.002098,0.002098,0.002136,0.002174,0.002136,0.002098,0.002136,0.002098,0.002060,0.002060,0.002022,0.002060,0.002098,0.002060,0.002022,0.002022,0.001984,0.001945,0.001984,0.002022,0.002060,0.001984,0.002022,0.002022,0.001984,0.002022,0.001984,0.001984,0.001984,0.001945,0.002022,0.002060,0.002098,0.002060,0.002098,0.002060,0.002098,0.002098,0.002098,0.002098,0.002136,0.002174,0.002136,0.002174,0.002213,0.002251,0.002174,0.002213,0.002213,0.002213,0.002251,0.002213,0.002251,0.002251,0.002289,0.002327,0.002327,0.002289,0.002251,0.002251,0.002251,0.002251,0.002289,0.002289,0.002251,0.002213,0.002251,0.002213,0.002251,0.002174,0.002098,0.002098,0.002098,0.002098,0.002060,0.002022,0.002060,0.001984,0.001984,0.001907,0.001984,0.002022,0.001907,0.001869,0.001869,0.001869,0.001793,0.001793,0.001869,0.001869,0.001869,0.001831,0.001907,0.001945,0.001907,0.001984,0.001984,0.002022,0.002060,0.002060,0.002136,0.002098,0.002136,0.002136,0.002213,0.002213,0.002213,0.002251,0.002213,0.002251,0.002289,0.002289,0.002251,0.002251,0.002289,0.002251,0.002251,0.002289,0.002251,0.002251,0.002213,0.002213,0.002213,0.002327,0.002251,0.002251,0.002327,0.002251,0.002251,0.002251,0.002289,0.002213,0.002289,0.002251,0.002289,0.002289,0.002251,0.002289,0.002289,0.002289,0.002327,0.002289,0.002213,0.002289,0.002289,0.002289,0.002289,0.002289,0.002213,0.002251,0.002251,0.002251,0.002213,0.002213,0.002174,0.002136,0.002098,0.002098,0.002136,0.002060,0.002136,0.002060,0.002060,0.002098,0.002098,0.002098,0.002098,0.002098,0.002098,0.002136,0.002098,0.002136,0.002060,0.002098,0.002098,0.002060,0.002060,0.002022,0.002060,0.002060,0.002098,0.002022,0.002022,0.002022,0.002060,0.002060,0.002136,0.002174,0.002136,0.002174,0.002213,0.002213,0.002213,0.002213,0.002213,0.002213,0.002174,0.002098,0.002022,0.002022,0.002060,0.001984,0.002022,0.001945,0.001907,0.001869,0.001869,0.001907,0.001831,0.001869,0.001831,0.001793,0.001793,0.001907,0.001984,0.002022,0.001984,0.001984,0.001907,0.001945,0.001984,0.002022,0.001907,0.001945,0.001945,0.001945,0.001945,0.001907,0.001907,0.001907,0.001907,0.001869,0.001907,0.001831,0.001907,0.001907,0.001907,0.001907,0.001945,0.001984,0.001984,0.001984,0.002022,0.001984,0.002022,0.002022,0.002060,0.002022,0.002098,0.002060,0.002022,0.002060,0.002060,0.002098,0.002098,0.002060,0.002060,0.002098,0.002098,0.002098,0.002136,0.002060,0.002174,0.002213,0.002174,0.002213,0.002289,0.002213,0.002289,0.002365,0.002327,0.002289,0.002365,0.002441,0.002441,0.002403,0.002441,0.002480,0.002480,0.002441,0.002365,0.002365,0.002403,0.002403,0.002365,0.002289,0.002251,0.002213,0.002289,0.002251,0.002136,0.002174,0.002136,0.002136,0.002136,0.002098,0.002022,0.001984,0.002022,0.002098,0.002060,0.002060,0.002098,0.002098,0.002136,0.002098,0.002136,0.002174,0.002174,0.002213,0.002174,0.002174,0.002213,0.002251,0.002251,0.002251,0.002289,0.002289,0.002213,0.002213,0.002289,0.002251,0.002251,0.002251,0.002251,0.002251,0.002213,0.002213,0.002213,0.002289,0.002213,0.002136,0.002174,0.002213,0.002251,0.002174,0.002174,0.002174,0.002174,0.002213,0.002251,0.002213,0.002213,0.002213,0.002174,0.002174,0.002251,0.002289,0.002174,0.002251,0.002213,0.002213,0.002251,0.002213,0.002251,0.002251,0.002174,0.002213,0.002174,0.002251,0.002213,0.002251,0.002213,0.002174,0.002174,0.002136,0.002174,0.002136,0.002136,0.002136,0.002098,0.002174,0.002174,0.002213,0.002213,0.002136,0.002174,0.002174,0.002213,0.002174,0.002174,0.002213,0.002213,0.002213,0.002213,0.002251,0.002174,0.002251,0.002251,0.002213,0.002213,0.002174,0.002251,0.002174,0.002136,0.002136,0.002136,0.002136,0.002213,0.002098,0.002136,0.002174,0.002136,0.002136,0.002174,0.002251,0.002136,0.002136,0.002136,0.002174,0.002174,0.002213,0.002251,0.002174,0.002213,0.002213,0.002174,0.002213,0.002213,0.002213,0.002251,0.002213,0.002251,0.002174,0.002213,0.002251,0.002136,0.002213,0.002251,0.002213,0.002251,0.002289,0.002213,0.002213,0.002289,0.002213,0.002174,0.002213,0.002213,0.002213,0.002174,0.002213,0.002213,0.002174,0.002136,0.002136,0.002213,0.002136,0.002136,0.002174,0.002136,0.002098,0.002136,0.002174,0.002174,0.002136,0.002174,0.002098,0.002136,0.002136,0.002098,0.002098,0.002136,0.002098,0.002060,0.002022,0.002060,0.002022,0.002060,0.002022,0.002098,0.002022,0.002022,0.002022,0.001945,0.002022,0.001984,0.001984,0.002060,0.002022,0.002060,0.002060,0.002098,0.002098,0.002098,0.002136,0.002174,0.002174,0.002174,0.002213,0.002213,0.002213,0.002213,0.002251,0.002289,0.002327,0.002251,0.002289,0.002289,0.002327,0.002365,0.002365,0.002289,0.002327,0.002327,0.002365,0.002365,0.002327,0.002327,0.002403,0.002365,0.002365,0.002327,0.002327,0.002327,0.002289,0.002327,0.002289,0.002289,0.002289,0.002289,0.002213,0.002213,0.002289,0.002251,0.002213,0.002174,0.002174,0.002174,0.002098,0.002174,0.002213,0.002213,0.002213,0.002136,0.002174,0.002251,0.002213,0.002251,0.002213,0.002251,0.002251,0.002213,0.002213,0.002213,0.002251,0.002327,0.002289,0.002251,0.002327,0.002327,0.002289,0.002365,0.002289,0.002327,0.002289,0.002327,0.002289,0.002289,0.002327,0.002327,0.002251,0.002327,0.002251,0.002327,0.002289,0.002251,0.002251,0.002251,0.002251,0.002251,0.002213,0.002213,0.002174,0.002136,0.002174,0.002174,0.002136,0.002098,0.002098,0.002022,0.001984,0.002022,0.001984,0.001945,0.001907,0.001907,0.001945,0.001907,0.001907,0.001869,0.001945,0.001984,0.001984,0.001984,0.001945,0.001945,0.001907,0.001984,0.002060,0.002098,0.002060,0.002098,0.002098,0.002174,0.002213,0.002174,0.002251,0.002213,0.002213,0.002327,0.002327,0.002327,0.002289,0.002365,0.002365,0.002365,0.002365,0.002403,0.002365,0.002365,0.002327,0.002327,0.002327,0.002327,0.002327,0.002289,0.002289,0.002251,0.002213,0.002289,0.002251,0.002251,0.002213,0.002213,0.002213,0.002174,0.002174,0.002174,0.002213,0.002213,0.002174,0.002174,0.002174,0.002213,0.002136,0.002213,0.002251,0.002251,0.002289,0.002251,0.002251,0.002289,0.002289,0.002327,0.002289,0.002289,0.002289,0.002327,0.002289,0.002289,0.002327,0.002289,0.002365,0.002327,0.002327,0.002327,0.002327,0.002289,0.002327,0.002251,0.002289,0.002289,0.002251,0.002289,0.002289,0.002251,0.002213,0.002251,0.002174,0.002213,0.002213,0.002174,0.002289,0.002174,0.002213,0.002251,0.002213,0.002213,0.002174,0.002289,0.002251,0.002213,0.002251,0.002213,0.002251,0.002251,0.002327,0.002213,0.002213,0.002251,0.002251,0.002213,0.002213,0.002213,0.002174,0.002136,0.002136,0.002136,0.002174,0.002136,0.002098,0.002060,0.002022,0.002136,0.002098,0.001984,0.002022,0.002060,0.002060,0.001984,0.002060,0.002098,0.002022,0.002022,0.002060,0.002136,0.002098,0.002060,0.002098,0.002060,0.002098,0.002060,0.002022,0.002060,0.002060,0.002098,0.002060,0.002098,0.002098,0.002060,0.002098,0.002060,0.002098,0.002098,0.002174,0.002136,0.002060,0.002098,0.002136,0.002098,0.002098,0.002136,0.002098,0.002098,0.002098,0.002060,0.002060,0.002060,0.002022,0.001984,0.001984,0.002022,0.001984,0.001945,0.002022,0.001984,0.002060,0.002060,0.002060,0.002098,0.002060,0.002098,0.002098,0.002060,0.002022,0.002098,0.002136,0.002136,0.002174,0.002098,0.002136,0.002174,0.002136,0.002136,0.002136,0.002136,0.002213,0.002213,0.002213,0.002174,0.002174,0.002213,0.002213,0.002174,0.002174,0.002174,0.002136,0.002136,0.002136,0.002136,0.002136,0.002136,0.002098,0.002136,0.002098,0.002174,0.002174,0.002098,0.002098,0.002098,0.002098,0.002060,0.002098,0.002060,0.002060,0.002060,0.002060,0.002022,0.002022,0.002060,0.002022,0.002022,0.002098,0.002022,0.002022,0.002060,0.002060,0.002060,0.002022,0.002060,0.002060,0.002022,0.002060,0.002060,0.002060,0.002174,0.002174,0.002098,0.002098,0.002098,0.002098,0.002213,0.002174,0.002136,0.002174,0.002098,0.002174,0.002136,0.002136,0.002174,0.002136,0.002136,0.002174,0.002136,0.002174,0.002174,0.002136,0.002136,0.002174,0.002136,0.002098,0.002098,0.002136,0.002174,0.002136,0.002174,0.002213,0.002174,0.002136,0.002136,0.002174,0.002136,0.002136,0.002174,0.002213,0.002136,0.002174,0.002213,0.002136,0.002136,0.002174,0.002174,0.002251,0.002174,0.002174,0.002174,0.002136,0.002136,0.002174,0.002174,0.002174,0.002213,0.002213,0.002174,0.002289,0.002213,0.002251,0.002289,0.002213,0.002251,0.002251,0.002289,0.002289,0.002289,0.002327,0.002289,0.002289,0.002289,0.002289,0.002327,0.002327,0.002365,0.002289,0.002365,0.002327,0.002289,0.002403,0.002327,0.002327,0.002289,0.002327,0.002327,0.002251,0.002251,0.002251,0.002365,0.002327,0.002251,0.002289,0.002251,0.002213,0.002213,0.002174,0.002098,0.002098,0.002213,0.002098,0.002136,0.002098,0.002060,0.002060,0.002022,0.002136,0.002098,0.002022,0.002060,0.002022,0.002022,0.002022,0.002060,0.002022,0.001984,0.002022,0.001984,0.002022,0.002022,0.001984,0.001984,0.001984,0.002022,0.001984,0.002022,0.001984,0.001984,0.002022,0.002022,0.002022,0.002060,0.002060,0.002060,0.002022,0.002022,0.002022,0.002060,0.002098,0.002022,0.002060,0.002060,0.002060,0.001984,0.002022,0.002098,0.002098,0.002098,0.002060,0.002098,0.002098,0.002060,0.002136,0.002136,0.002136,0.002098,0.002098,0.002098,0.002060,0.002098,0.002098,0.002098,0.002136,0.002022,0.002136,0.002098,0.002136,0.002174,0.002098,0.002136,0.002136,0.002136,0.002136,0.002174,0.002213,0.002136,0.002213,0.002174,0.002213,0.002251,0.002251,0.002289,0.002213,0.002289,0.002251,0.002213,0.002289,0.002213,0.002289,0.002251,0.002213,0.002213,0.002174,0.002289,0.002251,0.002251,0.002136,0.002136,0.002213,0.002136,0.002098,0.002060,0.002022,0.002022,0.001984,0.001984,0.001907,0.001945,0.001907,0.001869,0.001907,0.001869,0.001869,0.001907,0.001907,0.001869,0.001907,0.001869,0.001869,0.001945,0.001907,0.001945,0.001984,0.001984,0.002022,0.001984,0.002060,0.002022,0.001984,0.002022,0.002022,0.002022,0.002022,0.002022,0.002022,0.002022,0.001984,0.001984,0.002022,0.002022,0.001984,0.001945,0.001945,0.001907,0.001945,0.001907,0.001907,0.001907,0.001907,0.001907,0.001907,0.001907,0.001907,0.001984,0.001907,0.001869,0.001907,0.001945,0.002022,0.001907,0.001984,0.002022,0.002022,0.002060,0.002022,0.002060,0.002060,0.002098,0.002098,0.002136,0.002136,0.002213,0.002251,0.002251,0.002251,0.002289,0.002365,0.002289,0.002289,0.002327,0.002403,0.002365,0.002365,0.002365,0.002365,0.002403,0.002403,0.002518,0.002518,0.002480,0.002441,0.002518,0.002556,0.002518,0.002518,0.002594,0.002594,0.002594,0.002594,0.002594,0.002556,0.002594,0.002594,0.002594,0.002556,0.002594,0.002632,0.002632,0.002518,0.002518,0.002594,0.002594,0.002518,0.002594,0.002518,0.002556,0.002556,0.002441,0.002480,0.002480,0.002518,0.002441,0.002365,0.002365,0.002327,0.002403,0.002327,0.002289,0.002289,0.002213,0.002289,0.002213,0.002289,0.002251,0.002174,0.002251,0.002213,0.002213,0.002213,0.002213,0.002213,0.002136,0.002174,0.002136,0.002213,0.002213,0.002174,0.002136,0.002174,0.002136,0.002136,0.002136,0.002136,0.002136,0.002136,0.002098,0.002098,0.002098,0.002098,0.002098,0.002060,0.002098,0.002060,0.002060,0.002098,0.001984,0.002060,0.001945,0.001984,0.001945,0.001945,0.001945,0.001945,0.001984,0.001945,0.001945,0.002022,0.001869,0.001945,0.001945,0.001945,0.001945,0.001984,0.001984,0.001945,0.001945,0.001945,0.001984,0.001984,0.001984,0.001984,0.001984,0.001984,0.001984,0.001984,0.002060,0.002060,0.002022,0.002022,0.002098,0.002136,0.002060,0.002136,0.002098,0.002060,0.002098,0.002136,0.002136,0.002098,0.002136,0.002098,0.002098,0.002098,0.002136,0.002136,0.002060,0.002098,0.002060,0.002022,0.002060,0.002098,0.002098,0.002136,0.002136,0.002136,0.002136,0.002174,0.002136,0.002136,0.002136,0.002174,0.002136,0.002136,0.002136,0.002174,0.002174,0.002213,0.002136,0.002213,0.002174,0.002213,0.002251,0.002213,0.002174,0.002174,0.002213,0.002213,0.002213,0.002213,0.002174,0.002251,0.002213,0.002174,0.002213,0.002174,0.002289,0.002213,0.002174,0.002174,0.002251,0.002251,0.002213,0.002251,0.002213,0.002251,0.002174,0.002251,0.002251,0.002251,0.002213,0.002213,0.002174,0.002289,0.002251,0.002251,0.002289,0.002251,0.002289,0.002327,0.002327,0.002289,0.002251,0.002289,0.002289,0.002289,0.002251,0.002289,0.002251,0.002251,0.002251,0.002251,0.002251,0.002289,0.002251,0.002251,0.002251,0.002251,0.002251,0.002213,0.002251,0.002213,0.002251,0.002213,0.002251,0.002174,0.002213,0.002213,0.002251,0.002251,0.002213,0.002213,0.002213,0.002251,0.002213,0.002213,0.002289,0.002251,0.002289,0.002289,0.002213,0.002251,0.002251,0.002289,0.002251,0.002251,0.002251,0.002213,0.002213,0.002251,0.002213,0.002213,0.002251,0.002251,0.002251,0.002213,0.002213,0.002213,0.002174,0.002174,0.002251,0.002289,0.002213,0.002174,0.002213,0.002251,0.002251,0.002213,0.002213,0.002289,0.002251,0.002174,0.002174,0.002213,0.002213,0.002213,0.002174,0.002251,0.002289,0.002213,0.002174,0.002251,0.002213,0.002136,0.002174,0.002174,0.002213,0.002174,0.002213,0.002213,0.002213,0.002213,0.002136,0.002174,0.002174,0.002136,0.002174,0.002098,0.002098,0.002136,0.002136,0.002136,0.002098,0.002060,0.002136,0.002098,0.002098,0.002136,0.002136,0.002136,0.002098,0.002136,0.002213,0.002136,0.002098,0.002174,0.002136,0.002213,0.002174,0.002136,0.002136,0.002174,0.002251,0.002213,0.002213,0.002251,0.002251,0.002289,0.002251,0.002289,0.002251,0.002251,0.002251,0.002289,0.002327,0.002251,0.002213,0.002289,0.002251,0.002289,0.002289,0.002327,0.002251,0.002289,0.002289,0.002289,0.002327,0.002327,0.002327,0.002327,0.002289,0.002251,0.002251,0.002251,0.002213,0.002289,0.002213,0.002213,0.002251,0.002213,0.002213,0.002251,0.002213,0.002174,0.002174,0.002174,0.002174,0.002174,0.002136,0.002136,0.002136,0.002136,0.002060,0.002060,0.002060,0.002098,0.002022,0.001984,0.001984,0.002022,0.002022,0.001945,0.001945,0.001945,0.001984,0.001984,0.001907,0.001984,0.002022,0.001984,0.001984,0.001984,0.002022,0.002022,0.001984,0.002022,0.002060,0.002098,0.002098,0.002098,0.002098,0.002136,0.002136,0.002174,0.002174,0.002174,0.002136,0.002174,0.002213,0.002174,0.002213,0.002213,0.002213,0.002213,0.002251,0.002251,0.002174,0.002174,0.002213,0.002174,0.002174,0.002213,0.002213,0.002213,0.002213,0.002213,0.002136,0.002136,0.002213,0.002098,0.002098,0.002098,0.002136,0.002136,0.002136,0.002098,0.002136,0.002136,0.002174,0.002174,0.002174,0.002136,0.002136,0.002060,0.002136,0.002136,0.002136,0.002174,0.002136,0.002136,0.002136,0.002136,0.002174,0.002174,0.002213,0.002174,0.002098,0.002136,0.002136,0.002174,0.002136,0.002136,0.002098,0.002098,0.002098,0.002060,0.002098,0.002098,0.002098,0.002098,0.002060,0.002060,0.002060,0.002060,0.002098,0.002060,0.002098,0.002098,0.002060,0.002060,0.002060,0.002098,0.002098,0.002136,0.002174,0.002174,0.002174,0.002174,0.002136,0.002136,0.002213,0.002174,0.002213,0.002213,0.002213,0.002213,0.002213,0.002213,0.002174,0.002213,0.002251,0.002174,0.002213,0.002174,0.002174,0.002174,0.002174,0.002174,0.002174,0.002174,0.002213,0.002213,0.002251,0.002213,0.002213,0.002213,0.002251,0.002251,0.002251,0.002251,0.002174,0.002213,0.002289,0.002251,0.002213,0.002251,0.002289,0.002289,0.002213,0.002213,0.002251,0.002251,0.002213,0.002213,0.002213,0.002213,0.002213,0.002213,0.002174,0.002213,0.002174,0.002174,0.002136,0.002136,0.002174,0.002136,0.002174,0.002174,0.002174,0.002136,0.002136,0.002174,0.002136,0.002098,0.002098,0.002060,0.002022,0.002060,0.002098,0.002060,0.002060,0.002022,0.002060,0.002060,0.002098,0.002098,0.002060,0.002060,0.002098,0.002022,0.002060,0.002060,0.002098,0.002098,0.002098,0.002022,0.002060,0.002098,0.002098,0.002060,0.002060,0.002098,0.002098,0.002098,0.002060,0.002136,0.002136,0.002136,0.002136,0.002136,0.002136,0.002136,0.002136,0.002174,0.002174,0.002174,0.002098,0.002098,0.002136,0.002136,0.002136,0.002174,0.002174,0.002136,0.002136,0.002174,0.002174,0.002136,0.002136,0.002136,0.002174,0.002098,0.002060,0.002098,0.002136,0.002136,0.002136,0.002174,0.002136,0.002174,0.002136,0.002136,0.002174,0.002136,0.002136,0.002136,0.002136,0.002136,0.002213,0.002213,0.002136,0.002098,0.002136,0.002136,0.002174,0.002136,0.002174,0.002136,0.002136,0.002098,0.002098,0.002136,0.002098,0.002098,0.002060,0.002060,0.001984,0.002022,0.002022,0.001984,0.002022,0.001945,0.001984,0.001945,0.001984,0.001945,0.001984,0.001945,0.001945,0.001907,0.001945,0.001945,0.001907,0.001907,0.001984,0.001907,0.001945,0.001945,0.001984,0.001984,0.001984,0.002022,0.002022,0.002022,0.002060,0.002098,0.002098,0.002060,0.002098,0.002136,0.002098,0.002174,0.002213,0.002136,0.002136,0.002213,0.002213,0.002251,0.002213,0.002174,0.002213,0.002213,0.002213,0.002174,0.002174,0.002136,0.002174,0.002136,0.002136,0.002174,0.002213,0.002174,0.002136,0.002136,0.002174,0.002174,0.002213,0.002213,0.002174,0.002174,0.002136,0.002136,0.002174,0.002213,0.002136,0.002174,0.002174,0.002174,0.002136,0.002136,0.002136,0.002136,0.002213,0.002174,0.002174,0.002213,0.002213,0.002213,0.002251,0.002251,0.002213,0.002174,0.002213,0.002251,0.002289,0.002289,0.002213,0.002289,0.002327,0.002289,0.002251,0.002251,0.002289,0.002251,0.002251,0.002289,0.002251,0.002251,0.002289,0.002251,0.002251,0.002213,0.002213,0.002213,0.002213,0.002174,0.002174,0.002174,0.002174,0.002174,0.002213,0.002136,0.002136,0.002136,0.002136,0.002136,0.002136,0.002136,0.002174,0.002098,0.002098,0.002098,0.002098,0.002060,0.002098,0.002060,0.002098,0.002060,0.002060,0.002060,0.002060,0.002060,0.002060,0.002098,0.002098,0.002022,0.002060,0.002060,0.002098,0.002098,0.002098,0.002098,0.002136,0.002060,0.002022,0.002022,0.002060,0.002098,0.002060,0.002060,0.002136,0.002098,0.002060,0.002060,0.002098,0.002098,0.002136,0.002098,0.002136,0.002060,0.002098,0.002098,0.002098,0.002060,0.002060,0.002098,0.002098,0.002098,0.002098,0.002098,0.002098,0.002136,0.002136,0.002136,0.002136,0.002098,0.002136,0.002098,0.002174,0.002136,0.002136,0.002136,0.002098,0.002136,0.002098,0.002136,0.002136,0.002136,0.002136,0.002098,0.002098,0.002098,0.002136,0.002136,0.002136,0.002174,0.002174,0.002136,0.002174,0.002174,0.002174,0.002174,0.002098,0.002174,0.002174,0.002213,0.002174,0.002213,0.002213,0.002213,0.002251,0.002251,0.002327,0.002327,0.002327,0.002365,0.002327,0.002289,0.002327,0.002365,0.002365,0.002365,0.002365,0.002403,0.002403,0.002365,0.002365,0.002365,0.002327,0.002365,0.002365,0.002327,0.002365,0.002365,0.002365,0.002289,0.002327,0.002289,0.002289,0.002327,0.002289,0.002289,0.002289,0.002251,0.002213,0.002213,0.002251,0.002213,0.002174,0.002174,0.002213,0.002136,0.002174,0.002174,0.002098,0.002136,0.002136,0.002098,0.002098,0.002136,0.002174,0.002136,0.002174,0.002136,0.002174,0.002174,0.002136,0.002136,0.002174,0.002174,0.002098,0.002098,0.002213,0.002136,0.002060,0.002136,0.002174,0.002136,0.002136,0.002174,0.002213,0.002174,0.002174,0.002136,0.002174,0.002174,0.002251,0.002251,0.002213,0.002174,0.002213,0.002174,0.002213,0.002251,0.002289,0.002251,0.002289,0.002289,0.002251,0.002289,0.002251,0.002327,0.002289,0.002289,0.002289,0.002365,0.002327,0.002327,0.002327,0.002289,0.002289,0.002289,0.002251,0.002327,0.002365,0.002251,0.002213,0.002213,0.002289,0.002251,0.002213,0.002213,0.002136,0.002136,0.002136,0.002136,0.002098,0.002098,0.002098,0.002060,0.002098,0.002060,0.002098,0.002098,0.002060,0.002060,0.002060,0.002060,0.002022,0.002060,0.002060,0.002060,0.002060,0.002098,0.002060,0.002098,0.002098,0.002098,0.002022,0.002060,0.002098,0.002060,0.002060,0.002060,0.002022,0.002060,0.002098,0.002098,0.002098,0.002174,0.002098,0.002098,0.002174,0.002213,0.002213,0.002213,0.002251,0.002251,0.002251,0.002327,0.002213,0.002289,0.002251,0.002213,0.002251,0.002213,0.002251,0.002289,0.002213,0.002174,0.002213,0.002213,0.002174,0.002174,0.002174,0.002136,0.002174,0.002098,0.002060,0.002098,0.002060,0.002060,0.002060,0.002022,0.002022,0.002060,0.002022,0.002022,0.002022,0.002022,0.002060,0.002060,0.002060,0.002022,0.002060,0.002022,0.001984,0.002022,0.002022,0.002060,0.002136,0.002136,0.002136,0.002136,0.002174,0.002174,0.002251,0.002213,0.002289,0.002251,0.002251,0.002327,0.002365,0.002327,0.002327,0.002327,0.002327,0.002327,0.002327,0.002403,0.002327,0.002327,0.002289,0.002327,0.002327,0.002327,0.002327,0.002289,0.002327,0.002327,0.002289,0.002289,0.002327,0.002327,0.002327,0.002251,0.002289,0.002289,0.002289,0.002213,0.002251,0.002289,0.002327,0.002327,0.002289,0.002327,0.002365,0.002327,0.002289,0.002289,0.002251,0.002289,0.002327,0.002289,0.002327,0.002327,0.002289,0.002289,0.002327,0.002327,0.002289,0.002289,0.002289,0.002327,0.002327,0.002327,0.002289,0.002251,0.002327,0.002327,0.002327,0.002365,0.002365,0.002327,0.002289,0.002327,0.002327,0.002327,0.002327,0.002327,0.002327,0.002327,0.002327,0.002289,0.002289,0.002327,0.002327,0.002289,0.002289,0.002213,0.002289,0.002251,0.002213,0.002289,0.002251,0.002251,0.002289,0.002251,0.002251,0.002213,0.002251,0.002251,0.002213,0.002213,0.002136,0.002136,0.002174,0.002213,0.002213,0.002213,0.002174,0.002174,0.002136,0.002136,0.002060,0.002098,0.002098,0.002136,0.002098,0.002098,0.002098,0.002022,0.002022,0.002022,0.002022,0.002022,0.001984,0.001984,0.001984,0.001984,0.001945,0.001907,0.001945,0.001907,0.001984,0.001945,0.001945,0.001945,0.001945,0.001869,0.001945,0.001945,0.001945,0.001945,0.001984,0.002022,0.001984,0.001984,0.002022,0.002022,0.002022,0.002060,0.002022,0.002098,0.002060,0.002136,0.002136,0.002098,0.002060,0.002098,0.002098,0.002136,0.002098,0.002098,0.002136,0.002174,0.002136,0.002060,0.002098,0.002098,0.002174,0.002174,0.002174,0.002174,0.002213,0.002251,0.002174,0.002174,0.002251,0.002213,0.002213,0.002251,0.002251,0.002289,0.002289,0.002289,0.002327,0.002327,0.002327,0.002289,0.002289,0.002289,0.002289,0.002251,0.002251,0.002327,0.002251,0.002251,0.002213,0.002251,0.002251,0.002213,0.002174,0.002213,0.002174,0.002174,0.002174,0.002136,0.002136,0.002098,0.002136,0.002136,0.002098,0.002098,0.002098,0.002060,0.002022,0.002060,0.002022,0.002022,0.002022,0.002022,0.002022,0.001984,0.002022,0.001984,0.001945,0.002022,0.002060,0.002022,0.001984,0.002022,0.002022,0.001984,0.002022,0.002022,0.002022,0.002022,0.002060,0.001984,0.002060,0.002022,0.002022,0.001984,0.002022,0.001984,0.001984,0.001984,0.001984,0.002022,0.002022,0.001984,0.002098,0.002022,0.002060,0.001984,0.002022,0.002098,0.002098,0.002136,0.002060,0.002098,0.002136,0.002174,0.002213,0.002174,0.002213,0.002136,0.002174,0.002174,0.002174,0.002174,0.002174,0.002174,0.002174,0.002213,0.002213,0.002136,0.002174,0.002174,0.002213,0.002213,0.002251,0.002174,0.002213,0.002213,0.002213,0.002213,0.002174,0.002213,0.002174,0.002136,0.002136,0.002174,0.002174,0.002213,0.002213,0.002213,0.002213,0.002213,0.002174,0.002174,0.002174,0.002213,0.002174,0.002174,0.002251,0.002251,0.002136,0.002174,0.002174,0.002136,0.002174,0.002136,0.002098,0.002136,0.002136,0.002136,0.002060,0.002098,0.002098,0.002060,0.002098,0.002098,0.002022,0.002060,0.002022,0.002060,0.002022,0.002022,0.002060,0.002060,0.002022,0.001984,0.002060,0.001984,0.002060,0.002022,0.002022,0.002060,0.002060,0.002060,0.002022,0.002098,0.002022,0.002060,0.002098,0.002060,0.002098,0.002136,0.002136,0.002098,0.002098,0.002136,0.002098
32,19:00:00.000,12/31/1903,0.000000,0.100000,UNKNOWN,1,0/0,0.000000,0.000000,0.000000,0.000000,0.000000,0.000000,0.000000,0.000000,0,0,0,0,0.002213,0.002213,0.002174,0.002136,0.002213,0.002174,0.002251,0.002174,0.002174,0.002174,0.002174,0.002174,0.002174,0.002136,0.002213,0.002174,0.002174,0.002136,0.002136,0.002136,0.002136,0.002098,0.002136,0.002136,0.002136,0.002098,0.002174,0.002174,0.002174,0.002136,0.002136,0.002136,0.002174,0.002136,0.002136,0.002136,0.002136,0.002098,0.002060,0.002174,0.002060,0.002098,0.002098,0.002136,0.002136,0.002136,0.002174,0.002136,0.002136,0.002136,0.002022,0.002136,0.002098,0.002060,0.002060,0.002098,0.002060,0.002098,0.002136,0.002022,0.002060,0.002174,0.002098,0.002060,0.002060,0.002098,0.002060,0.002060,0.002022,0.002022,0.002098,0.002022,0.002060,0.002022,0.002022,0.002060,0.002022,0.002022,0.002060,0.002098,0.002022,0.002060,0.002098,0.002060,0.002060,0.002022,0.002022,0.002060,0.002098,0.002022,0.002022,0.002060,0.002022,0.002022,0.002060,0.002060,0.002022,0.002022,0.002022,0.002098,0.002060,0.002060,0.002022,0.002060,0.002098,0.002060,0.002060,0.002060,0.002098,0.002060,0.002098,0.002060,0.002060,0.002060,0.002060,0.002060,0.002060,0.002060,0.002060,0.002098,0.002098,0.002098,0.002098,0.002098,0.002098,0.002060,0.002098,0.002136,0.002098,0.002060,0.002060,0.002098,0.002098,0.002060,0.002060,0.002060,0.002098,0.002136,0.002136,0.002098,0.002136,0.002098,0.002060,0.002136,0.002098,0.002136,0.002098,0.002098,0.002098,0.002060,0.002174,0.002098,0.002060,0.002136,0.002060,0.002136,0.002174,0.002136,0.002136,0.002098,0.002098,0.002174,0.002060,0.002136,0.002174,0.002098,0.002098,0.002098,0.002136,0.002136,0.002174,0.002174,0.002136,0.002098,0.002098,0.002136,0.002098,0.002098,0.002136,0.002136,0.002098,0.002174,0.002174,0.002174,0.002136,0.002174,0.002174,0.002174,0.002213,0.002174,0.002174,0.002098,0.002174,0.002136,0.002136,0.002174,0.002136,0.002136,0.002136,0.002098,0.002136,0.002136,0.002136,0.002174,0.002136,0.002136,0.002174,0.002098,0.002098,0.002136,0.002174,0.002174,0.002174,0.002174,0.002174,0.002174,0.002136,0.002213,0.002098,0.002174,0.002136,0.002136,0.002174,0.002174,0.002174,0.002136,0.002174,0.002136,0.002174,0.002174,0.002213,0.002174,0.002174,0.002136,0.002136,0.002174,0.002136,0.002174,0.002174,0.002174,0.002174,0.002174,0.002213,0.002174,0.002174,0.002136,0.002213,0.002174,0.002174,0.002174,0.002213,0.002174,0.002174,0.002174,0.002174,0.002174,0.002213,0.002213,0.002174,0.002098,0.002174,0.002098,0.002136,0.002174,0.002136,0.002136,0.002136,0.002174,0.002136,0.002098,0.002098,0.002136,0.002174,0.002136,0.002022,0.002098,0.002136,0.002098,0.002060,0.002098,0.002098,0.002098,0.002136,0.002098,0.002060,0.002098,0.002136,0.002098,0.002060,0.002098,0.002060,0.002060,0.002060,0.002060,0.002060,0.002098,0.002022,0.002098,0.002136,0.002098,0.002060,0.002022,0.002060,0.002098,0.002060,0.002060,0.002060,0.002022,0.002022,0.002022,0.002060,0.002022,0.002022,0.002060,0.002136,0.002060,0.002098,0.002136,0.002060,0.002060,0.002098,0.002136,0.002098,0.002098,0.002060,0.002098,0.002136,0.002098,0.002098,0.002098,0.002060,0.002098,0.002098,0.002060,0.002098,0.002022,0.002060,0.002022,0.002136,0.002098,0.002060,0.002098,0.002060,0.002060,0.002060,0.002060,0.002098,0.002060,0.002022,0.002060,0.002098,0.002060,0.002098,0.002174,0.002098,0.002060,0.002098,0.002136,0.002022,0.002098,0.002098,0.002098,0.002060,0.002174,0.002174,0.002098,0.002098,0.002136,0.002136,0.002098,0.002098,0.002136,0.002136,0.002098,0.002022,0.002060,0.002098,0.002060,0.002098,0.002136,0.002136,0.002136,0.002098,0.002060,0.002098,0.002136,0.002136,0.002136,0.002098,0.002098,0.002174,0.002174,0.002136,0.002098,0.002136,0.002136,0.002136,0.002136,0.002098,0.002174,0.002174,0.002136,0.002136,0.002213,0.002174,0.002174,0.002174,0.002174,0.002136,0.002136,0.002098,0.002136,0.002136,0.002136,0.002174,0.002136,0.002136,0.002213,0.002213,0.002174,0.002174,0.002213,0.002213,0.002174,0.002174,0.002213,0.002174,0.002136,0.002174,0.002251,0.002174,0.002213,0.002213,0.002174,0.002174,0.002174,0.002213,0.002213,0.002174,0.002251,0.002213,0.002174,0.002174,0.002136,0.002174,0.002174,0.002098,0.002098,0.002174,0.002136,0.002136,0.002136,0.002098,0.002136,0.002098,0.002060,0.002098,0.002060,0.002060,0.002060,0.002060,0.002098,0.002060,0.002060,0.002060,0.002060,0.002060,0.002060,0.002022,0.002098,0.002098,0.002022,0.002060,0.002098,0.002060,0.002022,0.002022,0.002060,0.002060,0.001984,0.002022,0.002060,0.002022,0.002022,0.002022,0.001984,0.002022,0.001984,0.002022,0.001984,0.002022,0.001984,0.001984,0.002060,0.002022,0.001984,0.002022,0.002060,0.002060,0.002022,0.001984,0.001984,0.002022,0.002022,0.002022,0.002022,0.002022,0.002022,0.001984,0.002060,0.002098,0.002022,0.002022,0.002060,0.002098,0.002022,0.002022,0.002098,0.001984,0.002022,0.002022,0.002022,0.002022,0.002060,0.002098,0.002060,0.002022,0.002022,0.001984,0.001984,0.002022,0.001984,0.002060,0.002022,0.002022,0.002022,0.002060,0.002060,0.002060,0.002098,0.002060,0.002060,0.002022,0.002098,0.002136,0.002098,0.002098,0.002136,0.002098,0.002098,0.002174,0.002174,0.002098,0.002174,0.002213,0.002136,0.002098,0.002136,0.002213,0.002174,0.002174,0.002136,0.002174,0.002136,0.002174,0.002174,0.002174,0.002136,0.002174,0.002174,0.002174,0.002174,0.002136,0.002174,0.002174,0.002136,0.002174,0.002174,0.002136,0.002174,0.002098,0.002098,0.002174,0.002174,0.002136,0.002136,0.002136,0.002136,0.002136,0.002098,0.002136,0.002136,0.002174,0.002174,0.002060,0.002136,0.002136,0.002098,0.002136,0.002060,0.002060,0.002060,0.002098,0.002060,0.002060,0.002098,0.002060,0.002022,0.002022,0.002060,0.002060,0.002022,0.002060,0.002098,0.002060,0.002098,0.002060,0.002022,0.002022,0.002060,0.002060,0.002060,0.002098,0.002060,0.002022,0.002060,0.002060,0.002060,0.002060,0.002060,0.002098,0.002098,0.002098,0.002060,0.002098,0.002022,0.002060,0.002022,0.002022,0.002098,0.002060,0.002060,0.002098,0.002060,0.002098,0.002060,0.002022,0.002060,0.002022,0.002022,0.001984,0.002060,0.002060,0.002098,0.002098,0.002060,0.002060,0.002060,0.002022,0.002022,0.002060,0.002098,0.002098,0.002060,0.002098,0.002060,0.002060,0.002060,0.002060,0.002098,0.002060,0.002060,0.002022,0.002022,0.002060,0.002060,0.002098,0.002060,0.002022,0.002098,0.002022,0.002060,0.002022,0.002022,0.002060,0.001945,0.001984,0.001945,0.002060,0.001984,0.001984,0.001984,0.002022,0.001984,0.001984,0.001945,0.001984,0.001907,0.001831,0.001831,0.001907,0.001907,0.001869,0.001831,0.001831,0.001831,0.001793,0.001793,0.001717,0.001717,0.001717,0.001678,0.001640,0.001602,0.001564,0.001564,0.001564,0.001564,0.001564,0.001450,0.001488,0.001450,0.001488,0.001488,0.001450,0.001564,0.001640,0.001717,0.001793,0.001907,0.002022,0.002251,0.002441,0.002594,0.002861,0.003166,0.003357,0.003700,0.003967,0.004272,0.004654,0.004921,0.005341,0.005646,0.006065,0.006409,0.006714,0.007019,0.007210,0.007439,0.007591,0.007553,0.007439,0.007324,0.007095,0.006714,0.006332,0.005951,0.005455,0.004883,0.004311,0.003738,0.003128,0.002480,0.001984,0.001335,0.000763,0.000153,-0.000420,-0.000992,-0.001678,-0.002251,-0.002861,-0.003433,-0.003967,-0.004425,-0.004883,-0.005112,-0.005302,-0.005379,-0.005341,-0.005188,-0.004997,-0.004654,-0.004272,-0.003891,-0.003395,-0.002899,-0.002365,-0.001831,-0.001335,-0.000839,-0.000343,0.000076,0.000458,0.000839,0.001183,0.001411,0.001640,0.001907,0.001984,0.002098,0.002289,0.002441,0.002518,0.002556,0.002632,0.002670,0.002785,0.002823,0.002861,0.002937,0.002937,0.003090,0.003166,0.003128,0.003281,0.003319,0.003395,0.003433,0.003548,0.003624,0.003700,0.003891,0.003929,0.004044,0.004196,0.004349,0.004463,0.004501,0.004616,0.004692,0.004768,0.004768,0.004768,0.004730,0.004692,0.004730,0.004616,0.004501,0.004463,0.004349,0.004311,0.004234,0.004120,0.003967,0.003815,0.003700,0.003548,0.003433,0.003357,0.003166,0.003014,0.002899,0.002899,0.002823,0.002670,0.002556,0.002441,0.002327,0.002365,0.002251,0.002174,0.002098,0.002098,0.002022,0.001945,0.001907,0.001907,0.001907,0.001907,0.001831,0.001793,0.001755,0.001831,0.001755,0.001793,0.001869,0.001907,0.001984,0.001984,0.002022,0.002060,0.002022,0.002060,0.002060,0.002060,0.002098,0.002060,0.002060,0.001984,0.001907,0.001907,0.001869,0.001831,0.001755,0.001831,0.001831,0.001793,0.001831,0.001793,0.001755,0.001793,0.001717,0.001755,0.001678,0.001640,0.001602,0.001564,0.001526,0.001488,0.001488,0.001450,0.001411,0.001488,0.001488,0.001564,0.001564,0.001678,0.001640,0.001755,0.001793,0.001869,0.001869,0.001945,0.001869,0.001945,0.001869,0.001907,0.001907,0.001907,0.001907,0.001869,0.001907,0.001869,0.001831,0.001907,0.001907,0.001945,0.001945,0.002022,0.002098,0.001984,0.002060,0.002022,0.002022,0.002022,0.002022,0.001984,0.001984,0.001984,0.001907,0.001945,0.001907,0.001831,0.001831,0.001869,0.001869,0.001869,0.001984,0.002022,0.002060,0.002136,0.002174,0.002213,0.002289,0.002365,0.002441,0.002480,0.002556,0.002594,0.002518,0.002632,0.002670,0.002670,0.002670,0.002556,0.002556,0.002480,0.002365,0.002289,0.002174,0.002136,0.002060,0.002022,0.001945,0.001907,0.001945,0.001907,0.001869,0.001907,0.001907,0.001907,0.001869,0.001945,0.002022,0.001907,0.001907,0.001869,0.001869,0.001869,0.001869,0.001755,0.001717,0.001678,0.001678,0.001602,0.001526,0.001526,0.001488,0.001488,0.001488,0.001450,0.001411,0.001373,0.001373,0.001411,0.001411,0.001373,0.001411,0.001450,0.001411,0.001411,0.001450,0.001564,0.001526,0.001526,0.001640,0.001678,0.001755,0.001755,0.001869,0.001869,0.001945,0.002060,0.002136,0.002174,0.002289,0.002365,0.002480,0.002480,0.002594,0.002632,0.002708,0.002785,0.002747,0.002785,0.002861,0.002823,0.002861,0.002785,0.002823,0.002785,0.002747,0.002785,0.002670,0.002708,0.002670,0.002747,0.002670,0.002708,0.002632,0.002670,0.002670,0.002670,0.002670,0.002632,0.002594,0.002594,0.002556,0.002518,0.002480,0.002480,0.002403,0.002327,0.002327,0.002327,0.002251,0.002213,0.002174,0.002213,0.002174,0.002213,0.002174,0.002136,0.002213,0.002174,0.002213,0.002213,0.002136,0.002174,0.002213,0.002174,0.002136,0.002098,0.002098,0.002098,0.002098,0.002098,0.002060,0.002060,0.002098,0.002098,0.002174,0.002213,0.002174,0.002174,0.002289,0.002251,0.002289,0.002327,0.002403,0.002441,0.002480,0.002556,0.002518,0.002556,0.002632,0.002670,0.002670,0.002670,0.002594,0.002594,0.002518,0.002518,0.002518,0.002441,0.002441,0.002289,0.002289,0.002174,0.002022,0.002060,0.001945,0.001907,0.001869,0.001793,0.001793,0.001755,0.001717,0.001678,0.001717,0.001793,0.001717,0.001793,0.001869,0.001945,0.001907,0.001945,0.002022,0.002022,0.002060,0.002098,0.002136,0.002213,0.002174,0.002213,0.002251,0.002174,0.002213,0.002136,0.002136,0.002136,0.002060,0.002098,0.002022,0.001984,0.002022,0.001984,0.001945,0.001869,0.001869,0.001869,0.001793,0.001755,0.001717,0.001755,0.001678,0.001640,0.001602,0.001602,0.001640,0.001564,0.001602,0.001602,0.001526,0.001602,0.001602,0.001602,0.001640,0.001717,0.001755,0.001755,0.001831,0.001869,0.001869,0.001793,0.001907,0.001984,0.001945,0.001945,0.002022,0.002022,0.002098,0.002060,0.002060,0.002098,0.002098,0.002136,0.002136,0.002136,0.002213,0.002289,0.002251,0.002174,0.002174,0.002213,0.002251,0.002251,0.002251,0.002251,0.002174,0.002213,0.002251,0.002289,0.002251,0.002213,0.002213,0.002174,0.002174,0.002174,0.002060,0.002136,0.002136,0.002174,0.002174,0.002136,0.002174,0.002174,0.002174,0.002213,0.002174,0.002213,0.002213,0.002213,0.002251,0.002213,0.002213,0.002213,0.002213,0.002251,0.002213,0.002174,0.002213,0.002174,0.002174,0.002136,0.002136,0.002060,0.002060,0.002022,0.001945,0.002022,0.001907,0.001869,0.001869,0.001831,0.001831,0.001793,0.001793,0.001793,0.001755,0.001755,0.001755,0.001755,0.001678,0.001717,0.001717,0.001678,0.001678,0.001678,0.001678,0.001717,0.001717,0.001717,0.001717,0.001831,0.001831,0.001755,0.001869,0.001907,0.001984,0.001984,0.001984,0.002060,0.002060,0.002174,0.002289,0.002289,0.002327,0.002289,0.002365,0.002365,0.002403,0.002403,0.002403,0.002441,0.002441,0.002518,0.002518,0.002480,0.002518,0.002480,0.002518,0.002518,0.002556,0.002556,0.002480,0.002556,0.002518,0.002556,0.002556,0.002518,0.002556,0.002480,0.002480,0.002518,0.002480,0.002480,0.002441,0.002441,0.002403,0.002365,0.002403,0.002289,0.002213,0.002213,0.002213,0.002174,0.002098,0.002098,0.002060,0.002022,0.002022,0.002022,0.001984,0.001984,0.001984,0.001945,0.001984,0.002022,0.002022,0.002060,0.002060,0.002098,0.002098,0.002136,0.002213,0.002251,0.002289,0.002327,0.002289,0.002327,0.002365,0.002327,0.002327,0.002327,0.002327,0.002289,0.002289,0.002251,0.002289,0.002289,0.002174,0.002174,0.002098,0.002060,0.002098,0.002060,0.002098,0.002022,0.002022,0.002022,0.001945,0.001984,0.001869,0.001793,0.001831,0.001793,0.001793,0.001869,0.001831,0.001793,0.001755,0.001755,0.001755,0.001755,0.001755,0.001755,0.001755,0.001793,0.001755,0.001831,0.001755,0.001793,0.001755,0.001755,0.001717,0.001755,0.001831,0.001793,0.001793,0.001793,0.001831,0.001793,0.001755,0.001793,0.001793,0.001831,0.001793,0.001793,0.001831,0.001831,0.001869,0.001869,0.001907,0.001945,0.001984,0.002022,0.002060,0.002060,0.002136,0.002174,0.002174,0.002289,0.002251,0.002289,0.002289,0.002251,0.002327,0.002327,0.002327,0.002289,0.002289,0.002289,0.002251,0.002251,0.002213,0.002213,0.002213,0.002251,0.002213,0.002136,0.002213,0.002098,0.002136,0.002136,0.002136,0.002098,0.002060,0.002060,0.002136,0.002136,0.002136,0.002060,0.002136,0.002098,0.002060,0.002060,0.002060,0.002060,0.002060,0.002098,0.002098,0.002098,0.002136,0.002022,0.002060,0.002098,0.002060,0.002136,0.002098,0.002098,0.002136,0.002098,0.002098,0.002136,0.002098,0.002136,0.002136,0.002136,0.002136,0.002174,0.002174,0.002213,0.002213,0.002136,0.002213,0.002174,0.002174,0.002251,0.002213,0.002174,0.002136,0.002136,0.002174,0.002174,0.002098,0.002060,0.002060,0.002060,0.002060,0.002060,0.002022,0.002098,0.002060,0.002022,0.002098,0.002022,0.002022,0.002022,0.002022,0.002098,0.002022,0.002022,0.002022,0.002022,0.002060,0.002022,0.002098,0.002060,0.002098,0.002136,0.002098,0.002136,0.002098,0.002098,0.002174,0.002174,0.002174,0.002174,0.002174,0.002213,0.002174,0.002213,0.002213,0.002251,0.002213,0.002213,0.002251,0.002213,0.002213,0.002136,0.002136,0.002136,0.002022,0.002022,0.002022,0.001945,0.002022,0.001984,0.001945,0.001907,0.001945,0.001945,0.001869,0.001907,0.001869,0.001831,0.001907,0.001907,0.001984,0.001945,0.001907,0.001984,0.001984,0.002022,0.002022,0.002022,0.002060,0.002060,0.002060,0.002060,0.002060,0.002060,0.002060,0.002098,0.002060,0.002060,0.002098,0.002098,0.002136,0.002098,0.002136,0.002136,0.002136,0.002136,0.002098,0.002022,0.002060,0.002060,0.002098,0.002022,0.002022,0.002022,0.002022,0.002060,0.002022,0.001907,0.001984,0.001984,0.001945,0.001907,0.001984,0.001907,0.001907,0.001945,0.002022,0.001984,0.001945,0.001984,0.001984,0.002060,0.002098,0.002098,0.002098,0.002022,0.002098,0.002174,0.002136,0.002174,0.002136,0.002251,0.002213,0.002213,0.002251,0.002251,0.002251,0.002289,0.002289,0.002289,0.002289,0.002251,0.002289,0.002365,0.002441,0.002327,0.002327,0.002289,0.002289,0.002327,0.002327,0.002289,0.002251,0.002251,0.002289,0.002251,0.002251,0.002289,0.002289,0.002213,0.002289,0.002213,0.002136,0.002136,0.002136,0.002136,0.002213,0.002136,0.002136,0.002098,0.002060,0.002098,0.002060,0.002098,0.002060,0.002060,0.002060,0.002060,0.002136,0.002022,0.002098,0.002022,0.002022,0.002098,0.002098,0.002136,0.002174,0.002213,0.002251,0.002289,0.002327,0.002289,0.002365,0.002441,0.002441,0.002480,0.002480,0.002518,0.002632,0.002632,0.002708,0.002670,0.002670,0.002708,0.002747,0.002747,0.002632,0.002670,0.002670,0.002708,0.002670,0.002556,0.002594,0.002556,0.002556,0.002518,0.002365,0.002403,0.002441,0.002365,0.002327,0.002213,0.002251,0.002174,0.002136,0.002098,0.001984,0.002060,0.001907,0.001831,0.001793,0.001678,0.001602,0.001526,0.001373,0.001297,0.001183,0.001144,0.001068,0.000954,0.000954,0.000916,0.000954,0.000916,0.000916,0.000992,0.001030,0.001068,0.001183,0.001221,0.001297,0.001335,0.001450,0.001564,0.001717,0.001793,0.001907,0.001945,0.001984,0.002098,0.002174,0.002213,0.002327,0.002289,0.002327,0.002365,0.002365,0.002403,0.002441,0.002403,0.002365,0.002403,0.002327,0.002327,0.002327,0.002251,0.002174,0.002213,0.002289,0.002174,0.002174,0.002174,0.002136,0.002174,0.002251,0.002213,0.002251,0.002251,0.002251,0.002289,0.002365,0.002441,0.002441,0.002441,0.002441,0.002480,0.002594,0.002556,0.002556,0.002556,0.002556,0.002556,0.002480,0.002556,0.002441,0.002403,0.002441,0.002403,0.002365,0.002251,0.002213,0.002251,0.002213,0.002174,0.002136,0.002098,0.002098,0.002098,0.002022,0.001984,0.002022,0.002022,0.001984,0.001984,0.001945,0.001984,0.001945,0.001907,0.001945,0.001945,0.002022,0.001984,0.001945,0.002022,0.002022,0.002060,0.002022,0.002022,0.001984,0.002022,0.002022,0.001984,0.001945,0.001984,0.002022,0.001984,0.001945,0.001945,0.001984,0.001945,0.001945,0.001984,0.001984,0.001984,0.001984,0.001945,0.002022,0.002022,0.002022,0.002022,0.002060,0.001984,0.002022,0.001984,0.002060,0.002060,0.002060,0.002022,0.002060,0.002060,0.002098,0.002098,0.002136,0.002098,0.002136,0.002174,0.002174,0.002251,0.002251,0.002289,0.002213,0.002289,0.002365,0.002327,0.002327,0.002365,0.002403,0.002403,0.002365,0.002365,0.002365,0.002365,0.002403,0.002365,0.002403,0.002365,0.002365,0.002365,0.002327,0.002289,0.002289,0.002327,0.002251,0.002251,0.002289,0.002213,0.002213,0.002174,0.002174,0.002136,0.002136,0.002174,0.002174,0.002136,0.002098,0.002098,0.002136,0.002136,0.002098,0.002060,0.002098,0.002098,0.002060,0.002060,0.002060,0.002098,0.002174,0.002174,0.002136,0.002174,0.002213,0.002213,0.002213,0.002289,0.002289,0.002289,0.002327,0.002327,0.002365,0.002365,0.002403,0.002441,0.002365,0.002441,0.002403,0.002403,0.002441,0.002441,0.002403,0.002365,0.002403,0.002365,0.002365,0.002327,0.002289,0.002251,0.002174,0.002174,0.002136,0.002098,0.002022,0.002022,0.002022,0.002022,0.001984,0.001984,0.001907,0.001945,0.002022,0.001984,0.001945,0.001907,0.001869,0.001831,0.001869,0.001869,0.001831,0.001793,0.001831,0.001793,0.001907,0.001869,0.001831,0.001793,0.001831,0.001831,0.001793,0.001869,0.001907,0.001869,0.001869,0.001869,0.001945,0.001945,0.001907,0.001945,0.001984,0.001984,0.001945,0.001984,0.002060,0.002060,0.002022,0.002022,0.002060,0.002060,0.002060,0.002060,0.002098,0.002136,0.002251,0.002136,0.002213,0.002136,0.002174,0.002251,0.002251,0.002213,0.002174,0.002213,0.002213,0.002251,0.002213,0.002174,0.002174,0.002136,0.002136,0.002174,0.002136,0.002136,0.002136,0.002136,0.002136,0.002136,0.002136,0.002098,0.002098,0.002136,0.002136,0.002136,0.002136,0.002098,0.002136,0.002136,0.002174,0.002098,0.002213,0.002174,0.002174,0.002213,0.002136,0.002174,0.002098,0.002060,0.002060,0.002098,0.002098,0.002022,0.002060,0.002022,0.001984,0.002022,0.001945,0.001984,0.001945,0.001907,0.001945,0.001907,0.001907,0.001945,0.001869,0.001869,0.001907,0.001907,0.001869,0.001869,0.001907,0.001907,0.001945,0.001907,0.001945,0.002022,0.002022,0.002022,0.002060,0.002022,0.002022,0.002098,0.002136,0.002136,0.002136,0.002098,0.002136,0.002136,0.002174,0.002174,0.002136,0.002136,0.002098,0.002136,0.002098,0.002060,0.002098,0.002136,0.002098,0.002098,0.002060,0.002060,0.002060,0.002060,0.002136,0.002060,0.002098,0.002060,0.002098,0.002213,0.002174,0.002136,0.002174,0.002213,0.002251,0.002213,0.002251,0.002251,0.002213,0.002289,0.002251,0.002327,0.002251,0.002251,0.002327,0.002251,0.002327,0.002289,0.002289,0.002289,0.002289,0.002251,0.002251,0.002213,0.002289,0.002251,0.002213,0.002136,0.002213,0.002136,0.002136,0.002174,0.002136,0.002174,0.002174,0.002136,0.002098,0.002136,0.002136,0.002098,0.002098,0.002098,0.002060,0.002098,0.002098,0.002098,0.002136,0.002060,0.002174,0.002174,0.002136,0.002174,0.002136,0.002213,0.002251,0.002251,0.002251,0.002251,0.002251,0.002213,0.002251,0.002327,0.002327,0.002365,0.002327,0.002289,0.002289,0.002289,0.002251,0.002174,0.002289,0.002327,0.002213,0.002174,0.002213,0.002251,0.002213,0.002174,0.002174,0.002136,0.002136,0.002098,0.002022,0.002022,0.001984,0.001984,0.001984,0.001984,0.001945,0.001945,0.001945,0.001945,0.001945,0.001831,0.001755,0.001869,0.001793,0.001755,0.001793,0.001793,0.001755,0.001678,0.001755,0.001755,0.001717,0.001717,0.001717,0.001755,0.001717,0.001755,0.001755,0.001717,0.001755,0.001755,0.001717,0.001755,0.001755,0.001755,0.001755,0.001755,0.001717,0.001793,0.001755,0.001831,0.001831,0.001831,0.001831,0.001831,0.001869,0.001869,0.001869,0.001869,0.001907,0.001984,0.001984,0.001945,0.002022,0.002022,0.002060,0.002060,0.002060,0.002174,0.002174,0.002174,0.002251,0.002289,0.002251,0.002251,0.002289,0.002251,0.002327,0.002327,0.002365,0.002365,0.002403,0.002365,0.002403,0.002365,0.002441,0.002441,0.002403,0.002403,0.002365,0.002365,0.002365,0.002327,0.002365,0.002289,0.002289,0.002251,0.002213,0.002289,0.002251,0.002289,0.002213,0.002213,0.002213,0.002174,0.002213,0.002174,0.002136,0.002136,0.002136,0.002098,0.002060,0.002098,0.002136,0.002060,0.002060,0.002022,0.001984,0.002022,0.002022,0.001984,0.002022,0.001984,0.002022,0.002060,0.002022,0.002022,0.002060,0.002060,0.002022,0.002022,0.002022,0.002022,0.001945,0.002022,0.001984,0.002022,0.001984,0.002022,0.002022,0.001907,0.001907,0.001945,0.001945,0.001984,0.001907,0.001984,0.001945,0.001907,0.001945,0.001984,0.001945,0.002022,0.002022,0.001984,0.002022,0.002060,0.002060,0.002022,0.002060,0.002098,0.002098,0.002098,0.002174,0.002098,0.002060,0.002136,0.002098,0.002136,0.002098,0.002136,0.002136,0.002213,0.002174,0.002136,0.002098,0.002098,0.002060,0.002098,0.002098,0.002060,0.002136,0.002098,0.002098,0.002098,0.002060,0.002098,0.002098,0.002098,0.002136,0.002136,0.002174,0.002136,0.002136,0.002174,0.002174,0.002213,0.002213,0.002174,0.002213,0.002174,0.002213,0.002213,0.002251,0.002213,0.002251,0.002174,0.002174,0.002213,0.002251,0.002213,0.002213,0.002174,0.002213,0.002213,0.002213,0.002136,0.002174,0.002174,0.002136,0.002174,0.002213,0.002174,0.002136,0.002136,0.002174,0.002136,0.002136,0.002136,0.002136,0.002136,0.002136,0.002136,0.002174,0.002136,0.002136,0.002098,0.002098,0.002098,0.002060,0.002136,0.002098,0.002022,0.002098,0.002098,0.002098,0.002022,0.002022,0.002060,0.002022,0.002022,0.001984,0.002022,0.001945,0.001984,0.001945,0.001907,0.001907,0.001907,0.001907,0.001907,0.001945,0.001984,0.001984,0.001945,0.001945,0.001945,0.001945,0.001945,0.001945,0.001945,0.001907,0.001945,0.001945,0.001984,0.001945,0.001907,0.001945,0.001984,0.001945,0.001984,0.001945,0.001945,0.001945,0.001984,0.001984,0.002022,0.002022,0.002022,0.002060,0.002060,0.002060,0.002098,0.002098,0.002098,0.002136,0.002098,0.002098,0.002098,0.002136,0.002098,0.002174,0.002136,0.002136,0.002174,0.002174,0.002174,0.002213,0.002213,0.002174,0.002136,0.002136,0.002213,0.002213,0.002174,0.002174,0.002174,0.002213,0.002213,0.002174,0.002213,0.002174,0.002136,0.002136,0.002174,0.002136,0.002213,0.002136,0.002136,0.002136,0.002136,0.002136,0.002098,0.002174,0.002174,0.002213,0.002174,0.002136,0.002174,0.002136,0.002136,0.002098,0.002136,0.002174,0.002174,0.002174,0.002213,0.002174,0.002213,0.002174,0.002213,0.002213,0.002251,0.002213,0.002174,0.002174,0.002174,0.002213,0.002174,0.002174,0.002174,0.002213,0.002174,0.002174,0.002174,0.002174,0.002136,0.002174,0.002098,0.002136,0.002136,0.002174,0.002136,0.002136,0.002174,0.002174,0.002174,0.002098,0.002136,0.002136,0.002136,0.002213,0.002174,0.002136,0.002136,0.002098,0.002136,0.002174,0.002136,0.002136,0.002098,0.002136,0.002174,0.002098,0.002136,0.002174,0.002136,0.002136,0.002136,0.002174,0.002174,0.002136,0.002136,0.002174,0.002136,0.002136,0.002174,0.002174,0.002174,0.002136,0.002136,0.002136,0.002174,0.002136,0.002213,0.002136,0.002174,0.002174,0.002136,0.002213,0.002174,0.002174,0.002098,0.002098,0.002213,0.002136,0.002098,0.002060,0.002060,0.002098,0.002098,0.002060,0.002060,0.002022,0.002022,0.002022,0.002060,0.002022,0.002060,0.002022,0.002060,0.002060,0.002060,0.002060,0.002098,0.002022,0.002060,0.002060,0.002060,0.002098,0.002136,0.002098,0.002136,0.002136,0.002174,0.002213,0.002213,0.002251,0.002251,0.002251,0.002289,0.002289,0.002289,0.002403,0.002365,0.002403,0.002403,0.002403,0.002441,0.002441,0.002480,0.002441,0.002441,0.002441,0.002403,0.002365,0.002365,0.002289,0.002327,0.002327,0.002251,0.002174,0.002213,0.002174,0.002098,0.002060,0.002060,0.002022,0.002022,0.001984,0.001945,0.001907,0.001907,0.001869,0.001831,0.001831,0.001793,0.001869,0.001831,0.001793,0.001869,0.001945,0.001907,0.001907,0.001869,0.001907,0.001907,0.001984,0.001984,0.002022,0.002098,0.002060,0.002098,0.002060,0.002060,0.002060,0.002098,0.002098,0.002060,0.002136,0.002060,0.002060,0.001984,0.002022,0.002022,0.001984,0.002060,0.001984,0.001984,0.001984,0.002022,0.002060,0.002060,0.002022,0.002060,0.002098,0.002098,0.002098,0.002098,0.002098,0.002098,0.002098,0.002136,0.002136,0.002251,0.002213,0.002213,0.002213,0.002251,0.002251,0.002251,0.002289,0.002251,0.002327,0.002327,0.002289,0.002327,0.002327,0.002289,0.002251,0.002327,0.002289,0.002251,0.002213,0.002251,0.002289,0.002251,0.002251,0.002251,0.002251,0.002251,0.002289,0.002251,0.002289,0.002289,0.002251,0.002289,0.002327,0.002289,0.002251,0.002327,0.002365,0.002289,0.002365,0.002251,0.002289,0.002289,0.002251,0.002174,0.002213,0.002213,0.002136,0.002174,0.002136,0.002022,0.002022,0.002022,0.001984,0.001945,0.001945,0.001907,0.001869,0.001869,0.001869,0.001869,0.001869,0.001869,0.001831,0.001869,0.001869,0.001793,0.001793,0.001793,0.001793,0.001869,0.001869,0.001831,0.001869,0.001831,0.001869,0.001869,0.001907,0.001869,0.001907,0.001869,0.001907,0.001907,0.001907,0.001945,0.001945,0.002022,0.001984,0.002060,0.002022,0.002060,0.002098,0.002060,0.002098,0.002136,0.002060,0.002098,0.002136,0.002098,0.002136,0.002136,0.002136,0.002136,0.002136,0.002098,0.002136,0.002136,0.002098,0.002098,0.002136,0.002136,0.002060,0.002060,0.002136,0.002136,0.002174,0.002136,0.002098,0.002136,0.002098,0.002136,0.002136,0.002098,0.002136,0.002213,0.002174,0.002136,0.002136,0.002251,0.002213,0.002174,0.002174,0.002174,0.002213,0.002251,0.002174,0.002213,0.002251,0.002213,0.002213,0.002251,0.002213,0.002213,0.002174,0.002174,0.002251,0.002251,0.002251,0.002251,0.002289,0.002251,0.002174,0.002213,0.002174,0.002174,0.002213,0.002136,0.002174,0.002174,0.002136,0.002098,0.002098,0.002098,0.002060,0.001984,0.001984,0.002022,0.001945,0.001984,0.001984,0.001984,0.001984,0.002022,0.002022,0.002022,0.002060,0.002098,0.002098,0.002098,0.002136,0.002098,0.002098,0.002174,0.002060,0.002060,0.002060,0.002098,0.002136,0.002174,0.002098,0.002060,0.002022,0.002022,0.001984,0.001984,0.001984,0.002060,0.001984,0.001945,0.001869,0.001869,0.001869,0.001907,0.001869,0.001869,0.001869,0.001869,0.001907,0.001907,0.001945,0.001945,0.001945,0.001945,0.002022,0.002022,0.002060,0.002022,0.002098,0.002098,0.002098,0.002136,0.002174,0.002174,0.002174,0.002174,0.002136,0.002213,0.002213,0.002098,0.002098,0.002136,0.002136,0.002060,0.002098,0.002098,0.002098,0.002098,0.002098,0.002060,0.002060,0.002022,0.002060,0.002060,0.002022,0.002022,0.002022,0.001984,0.002022,0.002022,0.002022,0.002022,0.002060,0.002060,0.002098,0.002060,0.002022,0.002060,0.002098,0.002098,0.002174,0.002098,0.002098,0.002136,0.002174,0.002174,0.002251,0.002251,0.002213,0.002251,0.002213,0.002289,0.002289,0.002251,0.002289,0.002289,0.002289,0.002289,0.002327,0.002365,0.002403,0.002327,0.002289,0.002289,0.002289,0.002327,0.002251,0.002251,0.002251,0.002251,0.002213,0.002213,0.002136,0.002174,0.002136,0.002136,0.002098,0.002098,0.002136,0.002098,0.002098,0.002060,0.002060,0.002098,0.002060,0.002098,0.002098,0.002098,0.002060,0.002022,0.002022,0.002060,0.002060,0.002022,0.002060,0.002022,0.002022,0.001984,0.002060,0.002022,0.001945,0.001945,0.001945,0.001831,0.001869,0.001945,0.001907,0.001869,0.001869,0.001793,0.001831,0.001831,0.001831,0.001869,0.001793,0.001755,0.001793,0.001831,0.001793,0.001793,0.001793,0.001831,0.001831,0.001831,0.001831,0.001869,0.001907,0.001907,0.001907,0.001907,0.001907,0.001907,0.001907,0.001907,0.001984,0.001945,0.001984,0.001945,0.001984,0.001945,0.001984,0.002022,0.001945,0.002022,0.001945,0.001907,0.001984,0.002022,0.001984,0.001984,0.001984,0.001945,0.001945,0.002022,0.001984,0.001984,0.001984,0.002022,0.002022,0.002022,0.002022,0.002060,0.002060,0.002060,0.002098,0.002060,0.002098,0.002136,0.002098,0.002136,0.002136,0.002136,0.002136,0.002251,0.002174,0.002251,0.002213,0.002213,0.002251,0.002251,0.002213,0.002251,0.002251,0.002251,0.002289,0.002327,0.002365,0.002327,0.002327,0.002327,0.002327,0.002365,0.002403,0.002403,0.002441,0.002441,0.002403,0.002441,0.002441,0.002403,0.002441,0.002441,0.002327,0.002403,0.002365,0.002289,0.002289,0.002251,0.002251,0.002251,0.002213,0.002213,0.002136,0.002098,0.002060,0.001984,0.002022,0.001907,0.001907,0.001869,0.001907,0.001869,0.001831,0.001793,0.001793,0.001755,0.001755,0.001717,0.001793,0.001793,0.001755,0.001793,0.001793,0.001869,0.001869,0.001831,0.001869,0.001907,0.001907,0.001907,0.001945,0.001945,0.001907,0.001945,0.001984,0.001984,0.002022,0.002022,0.002022,0.002022,0.001984,0.002022,0.002060,0.002098,0.002098,0.002174,0.002136,0.002174,0.002213,0.002251,0.002213,0.002174,0.002174,0.002213,0.002251,0.002251,0.002213,0.002327,0.002289,0.002289,0.002327,0.002327,0.002289,0.002289,0.002365,0.002251,0.002327,0.002365,0.002327,0.002327,0.002289,0.002327,0.002365,0.002289,0.002365,0.002289,0.002327,0.002327,0.002327,0.002327,0.002327,0.002327,0.002365,0.002289,0.002289,0.002327,0.002289,0.002289,0.002289,0.002289,0.002289,0.002251,0.002289,0.002289,0.002213,0.002251,0.002251,0.002213,0.002174,0.002213,0.002136,0.002136,0.002174,0.002174,0.002136,0.002174,0.002174,0.002136,0.002098,0.002098,0.002174,0.002136,0.002136,0.002098,0.002098,0.002174,0.002136,0.002136,0.002098,0.002136,0.002060,0.002022,0.001984,0.001984,0.001984,0.001984,0.002022,0.001984,0.001907,0.001907,0.001945,0.001984,0.001907,0.001907,0.001907,0.001984,0.001907,0.001907,0.001945,0.001984,0.001984,0.001984,0.001945,0.001984,0.001945,0.002022,0.001945,0.001945,0.002022,0.001984,0.001984,0.002022,0.002022,0.002022,0.002022,0.002060,0.002022,0.002060,0.002098,0.002098,0.002060,0.002098,0.002060,0.002060,0.002098,0.002136,0.002136,0.002098,0.002136,0.002213,0.002174,0.002213,0.002213,0.002213,0.002213,0.002213,0.002251,0.002289,0.002289,0.002251,0.002289,0.002289,0.002289,0.002327,0.002289,0.002289,0.002251,0.002289,0.002289,0.002289,0.002327,0.002327,0.002327,0.002289,0.002289,0.002289,0.002213,0.002251,0.002213,0.002251,0.002213,0.002174,0.002136,0.002136,0.002213,0.002174,0.002136,0.002098,0.002136,0.002136,0.002136,0.002136,0.002136,0.002098,0.002098,0.002136,0.002098,0.002136,0.002098,0.002098,0.002060,0.002136,0.002098,0.002174,0.002060,0.002098,0.002060,0.002098,0.002174,0.002098,0.002098,0.002098,0.002022,0.002060,0.002098,0.002060,0.001984,0.002022,0.002060,0.002022,0.001945,0.001984,0.001984,0.001945,0.001945,0.001984,0.001907,0.001869,0.001869,0.001907,0.001869,0.001869,0.001831,0.001831,0.001793,0.001755,0.001831,0.001793,0.001755,0.001755,0.001831,0.001869,0.001793,0.001831,0.001869,0.001869,0.001945,0.001907,0.001869,0.001869,0.001945,0.001945,0.001945,0.001945,0.001984,0.002022,0.002060,0.002022,0.002022,0.001984,0.002022,0.002022,0.002098,0.002060,0.002060,0.002136,0.002098,0.002136,0.002213,0.002213,0.002213,0.002174,0.002213,0.002251,0.002251,0.002251,0.002251,0.002289,0.002289,0.002289,0.002289,0.002327,0.002365,0.002327,0.002289,0.002327,0.002289,0.002289,0.002289,0.002327,0.002289,0.002289,0.002251,0.002213,0.002213,0.002213,0.002213,0.002213,0.002251,0.002213,0.002136,0.002251,0.002251,0.002213,0.002213,0.002213,0.002136,0.002136,0.002136,0.002174,0.002174,0.002213,0.002174,0.002174,0.002213,0.002213,0.002174,0.002174,0.002213,0.002136,0.002136,0.002136,0.002174,0.002174,0.002136,0.002174,0.002136,0.002174,0.002136,0.002174,0.002174,0.002136,0.002174,0.002174,0.002174,0.002136,0.002136,0.002136,0.002136,0.002174,0.002174,0.002213,0.002213,0.002251,0.002213,0.002213,0.002251,0.002174,0.002174,0.002213,0.002174,0.002213,0.002213,0.002213,0.002251,0.002174,0.002174,0.002174,0.002174,0.002213,0.002174,0.002213,0.002174,0.002174,0.002213,0.002213,0.002174,0.002213,0.002213,0.002213,0.002136,0.002174,0.002174,0.002213,0.002136,0.002174,0.002174,0.002098,0.002174,0.002174,0.002174,0.002213,0.002251,0.002213,0.002213,0.002251,0.002174,0.002213,0.002289,0.002251,0.002213,0.002251,0.002213,0.002136,0.002213,0.002174,0.002213,0.002251,0.002136,0.002174,0.002136,0.002136,0.002060,0.002098,0.002098,0.002098,0.002060,0.002022,0.002022,0.001984,0.001984,0.001984,0.001984,0.001945,0.001984,0.001945,0.001907,0.001869,0.001869,0.001869,0.001831,0.001793,0.001869,0.001869,0.001831,0.001831,0.001869,0.001831,0.001831,0.001831,0.001831,0.001907,0.001869,0.001869,0.001831,0.001869,0.001907,0.001945,0.001945,0.001984,0.001945,0.001984,0.002060,0.002022,0.002060,0.002136,0.002136,0.002136,0.002174,0.002213,0.002174,0.002174,0.002174,0.002213,0.002251,0.002251,0.002251,0.002289,0.002289,0.002174,0.002213,0.002213,0.002213,0.002213,0.002213,0.002213,0.002174,0.002136,0.002136,0.002136,0.002098,0.002060,0.002174,0.002136,0.002098,0.002136,0.002098,0.002136,0.002174,0.002213,0.002213,0.002136,0.002174,0.002213,0.002213,0.002174,0.002213,0.002213,0.002251,0.002213,0.002213,0.002174,0.002251,0.002289,0.002251,0.002213,0.002174,0.002213,0.002174,0.002174,0.002174,0.002174,0.002174,0.002060,0.002022,0.002022,0.001984,0.001869,0.001907,0.001831,0.001869,0.001831,0.001793,0.001717,0.001793,0.001755,0.001755,0.001755,0.001717,0.001717,0.001755,0.001755,0.001755,0.001793,0.001831,0.001869,0.001869,0.001907,0.001907,0.001907,0.001945,0.002022,0.002060,0.002060,0.001984,0.001984,0.002060,0.002060,0.001984,0.002022,0.002022,0.002060,0.002022,0.002060,0.002022,0.002022,0.002022,0.002022,0.002022,0.002022,0.002060,0.002022,0.002022,0.002022,0.002060,0.002098,0.002060,0.002060,0.002098,0.002136,0.002136,0.002174,0.002136,0.002174,0.002213,0.002251,0.002289,0.002289,0.002251,0.002251,0.002289,0.002213,0.002289,0.002289,0.002289,0.002289,0.002327,0.002213,0.002174,0.002213,0.002213,0.002251,0.002213,0.002213,0.002174,0.002174,0.002174,0.002174,0.002174,0.002136,0.002136,0.002174,0.002174,0.002174,0.002174,0.002174,0.002136,0.002136,0.002136,0.002174,0.002098,0.002174,0.002174,0.002136,0.002136,0.002098,0.002136,0.002098,0.002098,0.002174,0.002136,0.002136,0.002098,0.002060,0.002060,0.002060,0.002060,0.002060,0.002022,0.001984,0.001984,0.002022,0.001984,0.002022,0.002022,0.002022,0.002022,0.002060,0.002022,0.002022,0.002022,0.001984,0.002022,0.002060,0.002060,0.002022,0.002060,0.002022,0.002060,0.002060,0.002060,0.002136,0.002060,0.002060,0.002098,0.002098,0.002136,0.002098,0.002136,0.002022,0.002060,0.002060,0.002098,0.002060,0.002098,0.002136,0.002213,0.002098,0.002098,0.002136,0.002136,0.002098,0.002136,0.002174,0.002174,0.002174,0.002174,0.002136,0.002136,0.002174,0.002174,0.002136,0.002136,0.002098,0.002098,0.002098,0.002136,0.002136,0.002174,0.002060,0.002022,0.002060,0.002022,0.002022,0.002022,0.001984,0.001984,0.001984,0.001984,0.001945,0.001984,0.001907,0.001984,0.001984,0.001945,0.001945,0.001984,0.001907,0.001907,0.001907,0.001984,0.001945,0.001945,0.001984,0.001984,0.002022,0.002022,0.002022,0.001945,0.001984,0.002022,0.001984,0.002022,0.002022,0.001984,0.001984,0.002022,0.002022,0.002022,0.002022,0.002022,0.001984,0.002022,0.001984,0.002022,0.002060,0.002060,0.002060,0.002022,0.002060,0.002098,0.002098,0.002060,0.002098,0.002174,0.002098,0.002098,0.002174,0.002098,0.002098,0.002098,0.002060,0.002098,0.002060,0.002098,0.002060,0.002098,0.002098,0.002022,0.002022,0.002060,0.002098,0.002022,0.001984,0.001984,0.002022,0.002060,0.002060,0.002022,0.002022,0.002060,0.002022,0.002060,0.002098,0.002022,0.002098,0.002098,0.002098,0.002136,0.002136,0.002174,0.002213,0.002174,0.002251,0.002213,0.002251,0.002213,0.002213,0.002251,0.002289,0.002213,0.002251,0.002289,0.002213,0.002136,0.002251,0.002213,0.002213,0.002251,0.002136,0.002174,0.002174,0.002174,0.002213,0.002136,0.002174,0.002174,0.002136,0.002174,0.002174,0.002174,0.002136,0.002174,0.002136,0.002098,0.002060,0.002022,0.002060,0.002060,0.002060,0.002136,0.002060,0.002060,0.002098,0.002022,0.002022,0.002022,0.002022,0.002022,0.002060,0.002022,0.002022,0.002022,0.002022,0.002022,0.002022,0.001984,0.001984,0.001984,0.001984,0.001945,0.001945,0.001945,0.001984,0.001907,0.001984,0.002022,0.001945,0.001984,0.001945,0.001907,0.001984,0.001907,0.001907,0.001984,0.001984,0.001984,0.001984,0.001984,0.001945,0.001945,0.001984,0.001945,0.001984,0.001945,0.001945,0.001984,0.001945,0.001984,0.002022,0.001945,0.001984,0.001984,0.002060,0.002022,0.002022,0.002060,0.002060,0.002098,0.002098,0.002098,0.002098,0.002174,0.002136,0.002098,0.002174,0.002174,0.002136,0.002213,0.002213,0.002213,0.002213,0.002213,0.002289,0.002251,0.002251,0.002289,0.002251,0.002289,0.002289,0.002289,0.002251,0.002251,0.002327,0.002213,0.002251,0.002251,0.002289,0.002251,0.002289,0.002251,0.002251,0.002174,0.002174,0.002174,0.002213,0.002174,0.002213,0.002174,0.002174,0.002174,0.002136,0.002174,0.002136,0.002174,0.002174,0.002174,0.002174,0.002213,0.002136,0.002136,0.002136,0.002174,0.002174,0.002174,0.002174,0.002136,0.002136,0.002174,0.002213,0.002136,0.002136,0.002174,0.002174,0.002174,0.002136,0.002136,0.002174,0.002136,0.002136,0.002098,0.002136,0.002136,0.002174,0.002136,0.002136,0.002098,0.002060,0.002098,0.002060,0.002022,0.002060,0.002022,0.001945,0.001945,0.001907,0.001984,0.001945,0.001907,0.001907,0.001907,0.001907,0.001831,0.001869,0.001907,0.001984,0.001945,0.002022,0.002022,0.002022,0.002060,0.002136,0.002174,0.002213,0.002251,0.002251,0.002365,0.002327,0.002327,0.002403,0.002327,0.002365,0.002403,0.002403,0.002289,0.002327,0.002327,0.002289,0.002213,0.002251,0.002174,0.002136,0.002098,0.002022,0.001984,0.001984,0.001907,0.001907,0.001945,0.001869,0.001907,0.001945,0.001945,0.001945,0.001945,0.001984,0.002060,0.002022,0.002060,0.002060,0.002060,0.002098,0.002213,0.002174,0.002213,0.002174,0.002213,0.002251,0.002213,0.002213,0.002213,0.002213,0.002174,0.002098,0.002213,0.002213,0.002136,0.002213,0.002136,0.002136,0.002174,0.002174,0.002174,0.002174,0.002174,0.002174,0.002136,0.002174,0.002174,0.002174,0.002174,0.002174,0.002174,0.002251,0.002213,0.002174,0.002174,0.002289,0.002251,0.002213,0.002213,0.002251,0.002174,0.002251,0.002213,0.002213,0.002251,0.002251,0.002251,0.002174,0.002174,0.002174,0.002213,0.002213,0.002136,0.002174,0.002136,0.002174,0.002213,0.002136,0.002136,0.002213,0.002174,0.002174,0.002174,0.002174,0.002136,0.002174,0.002136,0.002098,0.002213,0.002136,0.002136,0.002136,0.002136,0.002098,0.002098,0.002098,0.002098,0.002060,0.002060,0.002098,0.002060,0.001984,0.002022,0.002060,0.001984,0.002022,0.002060,0.002060,0.001984,0.002022,0.002022,0.002060,0.002060,0.002022,0.002022,0.002098,0.002098,0.002098,0.002136,0.002098,0.002136,0.002174,0.002136,0.002136,0.002174,0.002174,0.002174,0.002136,0.002136,0.002174,0.002136,0.002174,0.002136,0.002136,0.002136,0.002098,0.002136,0.002136,0.002098,0.002022,0.002060,0.002060,0.002098,0.002098,0.002098,0.002060,0.002060,0.002098,0.002098,0.002136,0.002098,0.002098,0.002136,0.002098,0.002174,0.002098,0.002060,0.002060,0.002136,0.002136,0.002136,0.002098,0.002136,0.002213,0.002136,0.002136,0.002098,0.002098,0.002136,0.002098,0.002098,0.002098,0.002060,0.002098,0.002136,0.002174,0.002136,0.002136,0.002174,0.002213,0.002213,0.002136,0.002060,0.002136,0.002174,0.002174,0.002136,0.002174,0.002174,0.002174,0.002136,0.002136,0.002136,0.002136,0.002174,0.002174,0.002174,0.002174,0.002136,0.002136,0.002098,0.002213,0.002174,0.002136,0.002136,0.002098,0.002098,0.002022,0.002060,0.002136,0.002098,0.002136,0.002098,0.002022,0.002022,0.002060,0.002022,0.001984,0.002022,0.002022,0.001984,0.001984,0.001945,0.001984,0.001945,0.001984,0.002022,0.002022,0.002022,0.002060,0.002022,0.002022,0.002060,0.002060,0.002060,0.002098,0.002060,0.002098,0.002060,0.002060,0.002022,0.002098,0.002060,0.002136,0.002098,0.002060,0.002098,0.002060,0.002098,0.002098,0.002098,0.002098,0.002136,0.002136,0.002098,0.002136,0.002174,0.002174,0.002136,0.002098,0.002136,0.002213,0.002174,0.002136,0.002213,0.002174,0.002251,0.002213,0.002251,0.002213,0.002213,0.002213,0.002213,0.002251,0.002251,0.002213,0.002174,0.002213,0.002174,0.002136,0.002136,0.002174,0.002213,0.002136,0.002136,0.002060,0.002060,0.002060,0.002060,0.002098,0.002060,0.002022,0.002060,0.002060,0.002022,0.002060,0.002022,0.002022,0.002022,0.002022,0.002022,0.002022,0.002022,0.001984,0.001984,0.001984,0.001984,0.001945,0.001945,0.001945,0.001945,0.001869,0.001984,0.001945,0.001945,0.001869,0.001831,0.001831,0.001945,0.001907,0.001907,0.001984,0.001945,0.001984,0.001945,0.001945,0.001945,0.001945,0.001945,0.002022,0.002098,0.002060,0.002060,0.002098,0.002060,0.002060,0.002060,0.002136,0.002136,0.002136,0.002098,0.002174,0.002136,0.002213,0.002174,0.002213,0.002174,0.002174,0.002213,0.002213,0.002174,0.002174,0.002213,0.002251,0.002213,0.002213,0.002213,0.002213,0.002213,0.002213,0.002136,0.002174,0.002174,0.002174,0.002060,0.002098,0.002060,0.002022,0.002060,0.002022,0.001907,0.001945,0.001907,0.001945,0.001907,0.001869,0.001793,0.001831,0.001831,0.001831,0.001793,0.001793,0.001793,0.001831,0.001831,0.001869,0.001869,0.001831,0.001869,0.001945,0.001907,0.001907,0.001984,0.002060,0.001984,0.001984,0.002022,0.002098,0.002174,0.002136,0.002251,0.002213,0.002213,0.002213,0.002213,0.002213,0.002174,0.002136,0.002213,0.002136,0.002174,0.002213,0.002174,0.002136,0.002136,0.002098,0.002136,0.002174,0.002213,0.002174,0.002136,0.002174,0.002251,0.002289,0.002251,0.002289,0.002251,0.002174,0.002289,0.002251,0.002213,0.002213,0.002174,0.002213,0.002251,0.002289,0.002251,0.002213,0.002213,0.002251,0.002213,0.002213,0.002174,0.002136,0.002136,0.002174,0.002136,0.002098,0.002060,0.002060,0.002136,0.002060,0.002098,0.002060,0.002060,0.002098,0.002060,0.002022,0.002060,0.002022,0.002060,0.002022,0.001984,0.002022,0.002136,0.002098,0.002060,0.002022,0.002022,0.002022,0.001984,0.002022,0.002022,0.002022,0.001984,0.001945,0.001945,0.001984,0.001945,0.001984,0.001984,0.002022,0.002098,0.002098,0.002098,0.002098,0.002098,0.002098,0.002060,0.002098,0.002098,0.002098,0.002098,0.002022,0.001984,0.001945,0.001869,0.001945,0.001907,0.001831,0.001793,0.001869,0.001831,0.001793,0.001793,0.001831,0.001755,0.001793,0.001831,0.001869,0.001831,0.001907,0.001907,0.001907,0.001907,0.001945,0.001945,0.001907,0.001945,0.001907,0.001907,0.001869,0.001869,0.001907,0.001831,0.001869,0.001869,0.001869,0.001869,0.001869,0.001907,0.001907,0.001869,0.001907,0.001907,0.001945,0.001945,0.001984,0.002022,0.001984,0.001984,0.002022,0.002022,0.002022,0.001984,0.001945,0.001945,0.001945,0.002022,0.002022,0.001984,0.002022,0.002060,0.002022,0.002098,0.002098,0.002060,0.002098,0.002098,0.002098,0.002136,0.002174,0.002213,0.002213,0.002213,0.002251,0.002213,0.002289,0.002365,0.002365,0.002365,0.002365,0.002365,0.002365,0.002327,0.002289,0.002327,0.002327,0.002289,0.002251,0.002251,0.002251,0.002213,0.002174,0.002213,0.002098,0.002060,0.002022,0.002060,0.001984,0.001984,0.001984,0.002060,0.002022,0.001984,0.002022,0.002022,0.002022,0.001984,0.002022,0.002136,0.002098,0.002060,0.002136,0.002136,0.002174,0.002136,0.002174,0.002174,0.002251,0.002213,0.002213,0.002174,0.002213,0.002136,0.002174,0.002174,0.002213,0.002251,0.002174,0.002174,0.002213,0.002174,0.002136,0.002136,0.002136,0.002136,0.002174,0.002098,0.002136,0.002136,0.002098,0.002098,0.002098,0.002136,0.002136,0.002174,0.002174,0.002174,0.002213,0.002174,0.002174,0.002174,0.002174,0.002174,0.002136,0.002136,0.002174,0.002174,0.002136,0.002174,0.002136,0.002174,0.002174,0.002098,0.002098,0.002136,0.002060,0.002060,0.002098,0.002174,0.002136,0.002098,0.002098,0.002098,0.002098,0.002136,0.002136,0.002098,0.002098,0.002174,0.002098,0.002136,0.002098,0.002136,0.002174,0.002136,0.002136,0.002136,0.002174,0.002136,0.002136,0.002098,0.002136,0.002136,0.002136,0.002174,0.002098,0.002098,0.002098,0.002098,0.002060,0.002060,0.002060,0.002060,0.002098,0.002098,0.002098,0.002098,0.002098,0.002098,0.002136,0.002098,0.002098,0.002098,0.002136,0.002174,0.002174,0.002136,0.002136,0.002174,0.002174,0.002136,0.002136,0.002136,0.002136,0.002136,0.002136,0.002136,0.002136,0.002098,0.002136,0.002136,0.002060,0.002060,0.002136,0.002136,0.002136,0.002174,0.002136,0.002136,0.002136,0.002136,0.002098,0.002098,0.002136,0.002136,0.002098,0.002098,0.002136,0.002098,0.002136,0.002098,0.002098,0.002098,0.002098,0.002022,0.002060,0.002060,0.002022,0.002060,0.002098,0.002060,0.001984,0.002022,0.002060,0.002060,0.002022,0.002060,0.002060,0.001984,0.001984,0.002022,0.002022,0.001945,0.001945,0.001984,0.002022,0.002022,0.001907,0.001945,0.001984,0.002022,0.001984,0.001945,0.001984,0.001984,0.002022,0.002022,0.002022,0.002060,0.002098,0.002098,0.002060,0.002098,0.002098,0.002136,0.002174,0.002098,0.002136,0.002174,0.002213,0.002213,0.002213,0.002213,0.002251,0.002327,0.002289,0.002289,0.002289,0.002251,0.002251,0.002289,0.002327,0.002289,0.002251,0.002327,0.002289,0.002289,0.002327,0.002289,0.002213,0.002213,0.002251,0.002213,0.002213,0.002213,0.002174,0.002174,0.002136,0.002136,0.002136,0.002136,0.002136,0.002136,0.002098,0.002136,0.002136,0.002136,0.002136,0.002174,0.002174,0.002174,0.002136,0.002174,0.002213,0.002213,0.002174,0.002213,0.002213,0.002251,0.002251,0.002213,0.002251,0.002251,0.002213,0.002251,0.002251,0.002289,0.002289,0.002213,0.002213,0.002251,0.002289,0.002251,0.002251,0.002251,0.002251,0.002289,0.002213,0.002213,0.002213,0.002136,0.002136,0.002136,0.002136,0.002098,0.002098,0.002060,0.002060,0.002060,0.002022,0.002022,0.001984,0.001945,0.001945,0.001945,0.001945,0.001869,0.001869,0.001831,0.001869,0.001869,0.001907,0.001831,0.001831,0.001793,0.001831,0.001831,0.001869,0.001869,0.001907,0.001945,0.001945,0.001984,0.001984,0.002022,0.002060,0.002060,0.002098,0.002174,0.002174,0.002213,0.002251,0.002251,0.002289,0.002251,0.002289,0.002327,0.002365,0.002327,0.002289,0.002289,0.002289,0.002289,0.002327,0.002289,0.002289,0.002251,0.002213,0.002213,0.002251,0.002174,0.002174,0.002174,0.002174,0.002136,0.002136,0.002136,0.002098,0.002136,0.002098,0.002098,0.002098,0.002136,0.002174,0.002174,0.002098,0.002174,0.002213,0.002213,0.002213,0.002174,0.002213,0.002251,0.002251,0.002174,0.002251,0.002213,0.002251,0.002289,0.002251,0.002289,0.002327,0.002289,0.002251,0.002213,0.002251,0.002327,0.002251,0.002174,0.002251,0.002289,0.002289,0.002251,0.002251,0.002136,0.002174,0.002213,0.002251,0.002213,0.002174,0.002174,0.002213,0.002174,0.002213,0.002174,0.002136,0.002136,0.002174,0.002174,0.002213,0.002174,0.002213,0.002213,0.002213,0.002213,0.002213,0.002251,0.002251,0.002174,0.002213,0.002174,0.002213,0.002174,0.002136,0.002174,0.002174,0.002136,0.002174,0.002098,0.002136,0.002022,0.002136,0.002022,0.002060,0.001984,0.002022,0.002022,0.002060,0.002060,0.002022,0.002022,0.002060,0.002022,0.002060,0.001984,0.001945,0.001945,0.001945,0.002022,0.002060,0.001984,0.001984,0.001945,0.001984,0.001984,0.002022,0.002022,0.002022,0.002022,0.002022,0.002022,0.002022,0.002022,0.002022,0.001984,0.002060,0.002060,0.002098,0.002022,0.002060,0.002060,0.002098,0.002060,0.002022,0.002022,0.002022,0.002022,0.001984,0.002022,0.002060,0.001984,0.001984,0.001984,0.001984,0.001984,0.001945,0.001945,0.001945,0.001984,0.002022,0.002022,0.001984,0.002060,0.001984,0.001984,0.002022,0.002022,0.002022,0.002022,0.002022,0.002022,0.002098,0.002060,0.002060,0.002022,0.002060,0.002136,0.002174,0.002136,0.002098,0.002098,0.002136,0.002136,0.002136,0.002098,0.002136,0.002213,0.002136,0.002098,0.002136,0.002174,0.002098,0.002060,0.002098,0.002060,0.002098,0.002098,0.002060,0.002060,0.002022,0.002060,0.002022,0.002022,0.002060,0.002060,0.002098,0.002060,0.002060,0.002060,0.002060,0.002060,0.002022,0.002022,0.002060,0.001984,0.001984,0.002022,0.002022,0.002022,0.001984,0.002022,0.002022,0.001945,0.002022,0.002022,0.002022,0.002060,0.002022,0.002022,0.002060,0.002022,0.002060,0.002098,0.002098,0.002098,0.002060,0.002098,0.002098,0.002098,0.002098,0.002098,0.002136,0.002098,0.002136,0.002174,0.002136,0.002136,0.002060,0.002098,0.002060,0.002098,0.002213,0.002136,0.002098,0.002136,0.002098,0.002098,0.002060,0.002098,0.002060,0.002098,0.002136,0.002060,0.002098,0.002136,0.002136,0.002098,0.002098,0.002136,0.002136,0.002136,0.002136,0.002136,0.002098,0.002060,0.002136,0.002060,0.002098,0.002060,0.002174,0.002174,0.002174,0.002136,0.002060,0.002098,0.002174,0.002174,0.002136,0.002136,0.002213,0.002174,0.002251,0.002213,0.002174,0.002213,0.002174,0.002213,0.002251,0.002174,0.002213,0.002213,0.002251,0.002289,0.002289,0.002289,0.002251,0.002289,0.002289,0.002289,0.002289,0.002289,0.002251,0.002289,0.002289,0.002289,0.002251,0.002289,0.002289,0.002289,0.002251,0.002251,0.002174,0.002136,0.002174,0.002174,0.002174,0.002098,0.002098,0.002136,0.002060,0.002022,0.002060,0.002022,0.002022,0.002060,0.002022,0.002022,0.002022,0.002060,0.002022,0.001984,0.001984,0.001984,0.001984,0.001945,0.001984,0.001945,0.001945,0.001945,0.001945,0.002022,0.001945,0.001984,0.001907,0.001984,0.001945,0.001984,0.001984,0.002022,0.002060,0.001945,0.001984,0.002060,0.002060,0.002060,0.001984,0.002022,0.001984,0.001984,0.001984,0.001945,0.002022,0.001984,0.001984,0.001984,0.002022,0.002022,0.001984,0.002022,0.002060,0.001984,0.002022,0.001945,0.002098,0.001984,0.002060,0.002060,0.002098,0.002022,0.001984,0.002060,0.002060,0.002022,0.002098,0.002098,0.002098,0.002060,0.002060,0.002098,0.002098,0.002098,0.002098,0.002136,0.002098,0.002136,0.002213,0.002136,0.002136,0.002174,0.002174,0.002136,0.002136,0.002174,0.002174,0.002174,0.002251,0.002174,0.002174,0.002213,0.002213,0.002174,0.002136,0.002136,0.002098,0.002136,0.002098,0.002060,0.002098,0.002060,0.002060,0.001984,0.001945,0.001907,0.001907,0.001907,0.001869,0.001869,0.001869,0.001831,0.001793,0.001793,0.001869,0.001793,0.001831,0.001831,0.001793,0.001869,0.001831,0.001831,0.001907,0.001869,0.001869,0.001945,0.001945,0.001907,0.001907,0.001907,0.001907,0.001907,0.001907,0.001984,0.001907,0.001907,0.001907,0.001869,0.001907,0.001907,0.001869,0.001945,0.001869,0.001907,0.001831,0.001831,0.001869,0.001831,0.001869,0.001831,0.001907,0.001831,0.001831,0.001793,0.001793,0.001831,0.001831,0.001869,0.001793,0.001831,0.001869,0.001869,0.001907,0.001907,0.001984,0.001984,0.001945,0.002060,0.002022,0.002060,0.002022,0.002098,0.002136,0.002098,0.002174,0.002174,0.002174,0.002213,0.002251,0.002213,0.002213,0.002251,0.002251,0.002289,0.002327,0.002365,0.002327,0.002327,0.002365,0.002403,0.002365,0.002403,0.002403,0.002480,0.002480,0.002480,0.002518,0.002480,0.002480,0.002518,0.002518,0.002480,0.002518,0.002556,0.002556,0.002518,0.002480,0.002518,0.002556,0.002441,0.002556,0.002441,0.002441,0.002441,0.002441,0.002441,0.002403,0.002441,0.002441,0.002403,0.002365,0.002365,0.002365,0.002365,0.002327,0.002327,0.002213,0.002327,0.002251,0.002174,0.002174,0.002174,0.002174,0.002174,0.002213,0.002174,0.002136,0.002098,0.002098,0.002136,0.002174,0.002136,0.002098,0.002098,0.002098,0.002098,0.002136,0.002022,0.002098,0.002098,0.002098,0.002060,0.002098,0.002022,0.002060,0.002060,0.002098,0.002060,0.002060,0.002060,0.002098,0.002060,0.002022,0.002022,0.002022,0.002022,0.001984,0.001945,0.001984,0.001984,0.001907,0.001907,0.001831,0.001907,0.001831,0.001907,0.001831,0.001869,0.001869,0.001869,0.001907,0.001869,0.001907,0.001831,0.001869,0.001831,0.001831,0.001907,0.001945,0.001907,0.001869,0.001869,0.001907,0.001869,0.001907,0.001945,0.001984,0.001945,0.001984,0.001945,0.002022,0.001984,0.002022,0.001984,0.002098,0.002022,0.002022,0.002060,0.002060,0.002060,0.002060,0.002060,0.002022,0.002022,0.001984,0.002022,0.002022,0.001984,0.002022,0.001984,0.002022,0.002022,0.002060,0.002060,0.002060,0.002060,0.002022,0.001984,0.002022,0.002060,0.002060,0.002098,0.002098,0.002060,0.002022,0.002136,0.002098,0.002098,0.002098,0.002098,0.002060,0.002136,0.002174,0.002060,0.002136,0.002174,0.002174,0.002174,0.002136,0.002136,0.002136,0.002174,0.002174,0.002136,0.002174,0.002136,0.002136,0.002136,0.002098,0.002174,0.002136,0.002136,0.002136,0.002136,0.002136,0.002174,0.002136,0.002136,0.002213,0.002213,0.002174,0.002213,0.002213,0.002213,0.002213,0.002174,0.002213,0.002251,0.002213,0.002251,0.002213,0.002251,0.002251,0.002251,0.002289,0.002213,0.002213,0.002213,0.002213,0.002213,0.002251,0.002213,0.002213,0.002136,0.002174,0.002213,0.002136,0.002098,0.002136,0.002174,0.002174,0.002174,0.002174,0.002213,0.002251,0.002174,0.002174,0.002174,0.002174,0.002213,0.002213,0.002136,0.002174,0.002174,0.002174,0.002174,0.002136,0.002213,0.002174,0.002174,0.002174,0.002213,0.002251,0.002174,0.002213,0.002174,0.002213,0.002174,0.002213,0.002213,0.002213,0.002213,0.002251,0.002213,0.002213,0.002174,0.002174,0.002174,0.002174,0.002136,0.002213,0.002174,0.002174,0.002251,0.002174,0.002174,0.002174,0.002136,0.002174,0.002174,0.002251,0.002174,0.002174,0.002213,0.002174,0.002174,0.002174,0.002174,0.002174,0.002136,0.002174,0.002098,0.002060,0.002136,0.002174,0.002136,0.002098,0.002098,0.002098,0.002098,0.002136,0.002098,0.002136,0.002060,0.002022,0.002060,0.002098,0.002098,0.002098,0.002136,0.002060,0.002098,0.002022,0.002060,0.002098,0.002060,0.002060,0.002022,0.002022,0.002022,0.001984,0.002060,0.002022,0.002022,0.002060,0.002060,0.002098,0.002136,0.002098,0.002098,0.002136,0.002136,0.002136,0.002136,0.002136,0.002174,0.002213,0.002213,0.002213,0.002136,0.002213,0.002136,0.002213,0.002213,0.002213,0.002251,0.002251,0.002289,0.002251,0.002289,0.002213,0.002213,0.002251,0.002251,0.002251,0.002251,0.002213,0.002251,0.002251,0.002213,0.002213,0.002174,0.002174,0.002213,0.002251,0.002174,0.002136,0.002213,0.002174,0.002213,0.002136,0.002213,0.002136,0.002136,0.002213,0.002213,0.002136,0.002098,0.002136,0.002060,0.002060,0.002060,0.002060,0.002098,0.002060,0.002022,0.002022,0.001984,0.002022,0.001984,0.001984,0.001945,0.001945,0.001984,0.001869,0.001945,0.001869,0.001945,0.001907,0.001907,0.001984,0.001945,0.002022,0.001945,0.001984,0.001984,0.001945,0.002022,0.001984,0.002022,0.002022,0.002022,0.002098,0.002098,0.002136,0.002098,0.002174,0.002136,0.002098,0.002136,0.002136,0.002136,0.002136,0.002174,0.002136,0.002136,0.002213,0.002174,0.002136,0.002136,0.002136,0.002136,0.002136,0.002136,0.002098,0.002136,0.002174,0.002136,0.002098,0.002136,0.002098,0.002098,0.002060,0.002060,0.002060,0.002060,0.002022,0.002022,0.002022,0.002060,0.002022,0.002060,0.002060,0.002060,0.002098,0.002060,0.002060,0.002060,0.002022,0.002136,0.002136,0.002098,0.002136,0.002060,0.002060,0.002060,0.002022,0.002098,0.002060,0.002060,0.002060,0.002022,0.002060,0.001984,0.002022,0.002060,0.002022,0.002022,0.001984,0.001984,0.002022,0.001984,0.001945,0.002022,0.001984,0.001984,0.001984,0.002022,0.002022,0.001984,0.001984,0.002022,0.002022,0.002098,0.002060,0.002098,0.002098,0.002098,0.002098,0.002098,0.002098,0.002136,0.002136,0.002136,0.002098,0.002174,0.002174,0.002136,0.002174,0.002213,0.002174,0.002136,0.002136,0.002136,0.002136,0.002174,0.002136,0.002098,0.002136,0.002098,0.002136,0.002136,0.002136,0.002060,0.002136,0.002136,0.002174,0.002213,0.002136,0.002174,0.002174,0.002213,0.002213,0.002251,0.002213,0.002136,0.002213,0.002213,0.002174,0.002174,0.002174,0.002213,0.002174,0.002174,0.002174,0.002174,0.002136,0.002098,0.002136,0.002098,0.002136,0.002174,0.002136,0.002098,0.002060,0.002098,0.002098,0.002098,0.002098,0.002098,0.002136,0.002098,0.002098,0.002098,0.001984,0.002060,0.002060,0.002060,0.002022,0.002022,0.001984,0.001984,0.002060,0.002022,0.002022,0.002022,0.001984,0.002022,0.001945,0.002022,0.002022,0.001984,0.002060,0.001984,0.001984,0.001984,0.002022,0.002022,0.002022,0.002022,0.002022,0.001984,0.002022,0.002022,0.002060,0.002060,0.002022,0.002060,0.002022,0.001984,0.002060,0.002098,0.002060,0.002060,0.002060,0.002098,0.002098,0.002060,0.002060,0.002098,0.002060,0.002060,0.002136,0.002136,0.002098,0.002098,0.002098,0.002098,0.002098,0.002098,0.002060,0.002098,0.002098,0.002098,0.002098,0.002098,0.002098,0.002060,0.002098,0.002098,0.002098,0.002098,0.002060,0.002022,0.002136,0.002174,0.002098,0.002098,0.002098,0.002098,0.002098,0.002174,0.002098,0.002136,0.002098,0.002060,0.002136,0.002098,0.002098,0.002060,0.002098,0.002060,0.002022,0.002098,0.002060,0.002022,0.002060,0.001984,0.002022,0.001945,0.001907,0.001907,0.001945,0.001907,0.001869,0.001907,0.001831,0.001869,0.001907,0.001869,0.001907,0.001907,0.001869,0.001869,0.001869,0.001869,0.001831,0.001907,0.001945,0.001945,0.001907,0.001907,0.001945,0.001984,0.001945,0.001945,0.001984,0.002060,0.002022,0.002060,0.002060,0.002136,0.002098,0.002098,0.002060,0.002136,0.002136,0.002098,0.002136,0.002098,0.002060,0.002174,0.002060,0.002098,0.002136,0.002098,0.002136,0.002098,0.002136,0.002098,0.002098,0.002060,0.002098,0.002060,0.002098,0.002060,0.002098,0.002136,0.002060,0.002098,0.002060,0.002060,0.002098,0.002136,0.002174,0.002136,0.002136,0.002136,0.002098,0.002098,0.002098,0.002098,0.002022,0.002098,0.002136,0.002098,0.002136,0.002136,0.002136,0.002174,0.002098,0.002136,0.002174,0.002174,0.002136,0.002136,0.002213,0.002174,0.002174,0.002174,0.002174,0.002174,0.002174,0.002174,0.002213,0.002251,0.002174,0.002174,0.002174,0.002174,0.002213,0.002136,0.002098,0.002136,0.002098,0.002136,0.002098,0.002136,0.002098,0.002136,0.002098,0.002098,0.002098,0.002136,0.002060,0.002098,0.002060,0.002136,0.002136,0.002098,0.002060,0.002060,0.002098,0.002022,0.002060,0.002022,0.002022,0.002022,0.002022,0.001984,0.002022,0.002022,0.001984,0.001984,0.001984,0.001984,0.002022,0.002022,0.002022,0.002022,0.002022,0.002022,0.002022,0.002060,0.002060,0.002136,0.002060,0.002060,0.002136,0.002060,0.002022,0.002060,0.002022,0.002022,0.002022,0.002098,0.002060,0.002060,0.002060,0.002060,0.002060,0.002060,0.002060,0.002022,0.002098,0.002098,0.002060,0.002022,0.002060,0.002060,0.002098,0.002098,0.002022,0.002022,0.002060,0.002022,0.002098,0.002098,0.002060,0.002098,0.002098,0.002136,0.002060,0.002098,0.002098,0.002060,0.002136,0.002060,0.002060,0.002060,0.002098,0.002098,0.002098,0.002098,0.002060,0.002098,0.002022,0.002098,0.002136,0.002060,0.002136,0.002136,0.002136,0.002098,0.002136,0.002136,0.002136,0.002213,0.002213,0.002136,0.002213,0.002174,0.002213,0.002213,0.002174,0.002251,0.002213,0.002251,0.002289,0.002327,0.002403,0.002327,0.002289,0.002289,0.002327,0.002289,0.002327,0.002327,0.002327,0.002365,0.002327,0.002327,0.002327,0.002327,0.002327,0.002327,0.002327,0.002289,0.002251,0.002251,0.002251,0.002213,0.002213,0.002289,0.002174,0.002213,0.002136,0.002098,0.002136,0.002174,0.002174,0.002098,0.002136,0.002098,0.002060,0.002060,0.001984,0.002060,0.002098,0.002098,0.002060,0.001984,0.002060,0.002098,0.002060,0.002098,0.002098,0.002098,0.002022,0.002060,0.002098,0.002098,0.002060,0.002060,0.002098,0.002060,0.002060,0.002098,0.002098,0.002098,0.002060,0.002098,0.002098,0.002098,0.002136,0.002136,0.002136,0.002136,0.002174,0.002174,0.002136,0.002136,0.002136,0.002213,0.002213,0.002174,0.002174,0.002213,0.002174,0.002213,0.002289,0.002251,0.002251,0.002251,0.002251,0.002289,0.002251,0.002251,0.002251,0.002251,0.002289,0.002289,0.002251,0.002174,0.002213,0.002289,0.002251,0.002213,0.002213,0.002174,0.002174,0.002213,0.002174,0.002098,0.002136,0.002098,0.002098,0.002098,0.002022,0.002060,0.002022,0.002098,0.002098,0.002060,0.002022,0.002022,0.002022,0.001984,0.002060,0.002022,0.002022,0.002060,0.002098,0.002060,0.002022,0.002060,0.002022,0.002060,0.002060,0.002022,0.002022,0.001984,0.001984,0.001984,0.002022,0.002060,0.002022,0.002060,0.002060,0.002098,0.002060,0.002098,0.002136,0.002060,0.002136,0.002098,0.002136,0.002213,0.002213,0.002213,0.002251,0.002174,0.002213,0.002213,0.002174,0.002213,0.002213,0.002251,0.002251,0.002213,0.002174,0.002174,0.002136,0.002098,0.002174,0.002060,0.002098,0.002060,0.002098,0.002060,0.002022,0.002022,0.002022,0.002060,0.001984,0.001984,0.001984,0.002022,0.001984,0.001945,0.001945,0.001945,0.001984,0.002022,0.002022,0.001984,0.001984,0.002060,0.002022,0.002098,0.002060,0.002136,0.002136,0.002098,0.002098,0.002174,0.002174,0.002174,0.002213,0.002213,0.002213,0.002289,0.002251,0.002327,0.002251,0.002289,0.002289,0.002289,0.002289,0.002327,0.002327,0.002327,0.002289,0.002327,0.002289,0.002289,0.002251,0.002251,0.002327,0.002251,0.002289,0.002213,0.002289,0.002251,0.002289,0.002251,0.002251,0.002289,0.002289,0.002251,0.002251,0.002251,0.002251,0.002289,0.002289,0.002251,0.002213,0.002213,0.002251,0.002327,0.002327,0.002251,0.002289,0.002327,0.002251,0.002251,0.002251,0.002251,0.002289,0.002289,0.002327,0.002289,0.002251,0.002289,0.002251,0.002289,0.002289,0.002251,0.002251,0.002289,0.002289,0.002251,0.002289,0.002327,0.002289,0.002251,0.002289,0.002251,0.002289,0.002289,0.002289,0.002174,0.002251,0.002213,0.002251,0.002213,0.002251,0.002251,0.002213,0.002213,0.002251,0.002251,0.002289,0.002213,0.002213,0.002213,0.002213,0.002213,0.002213,0.002213,0.002136,0.002136,0.002174,0.002136,0.002098,0.002098,0.002174,0.002136,0.002174,0.002174,0.002136,0.002098,0.002098,0.002174,0.002098,0.002098,0.002098,0.002060,0.002060,0.002060,0.002098,0.002022,0.001984,0.002022,0.001945,0.001945,0.001945,0.001945,0.001907,0.001945,0.001907,0.001869,0.001869,0.001831,0.001869,0.001869,0.001907,0.001907,0.001907,0.001945,0.001907,0.001907,0.001907,0.001907,0.001907,0.001907,0.001907,0.001945,0.001984,0.002022,0.002022,0.002022,0.001984,0.001984,0.002022,0.002022,0.002060,0.002060,0.002060,0.002060,0.002098,0.002060,0.002098,0.002098,0.002098,0.002098,0.002060,0.002060,0.002060,0.002060,0.002060,0.002098,0.002098,0.002136,0.002174,0.002174,0.002174,0.002174,0.002136,0.002136,0.002213,0.002251,0.002251,0.002213,0.002213,0.002213,0.002251,0.002289,0.002289,0.002251,0.002213,0.002289,0.002289,0.002289,0.002289,0.002251,0.002174,0.002251,0.002251,0.002213,0.002174,0.002251,0.002174,0.002098,0.002136,0.002136,0.002098,0.002136,0.002098,0.002060,0.002060,0.002060,0.002022,0.002060,0.001984,0.001945,0.001984,0.001945,0.001907,0.001984,0.001984,0.001984,0.002022,0.001984,0.001984,0.001984,0.001945,0.001984,0.002022,0.002022,0.002022,0.001984,0.002022,0.001945,0.001945,0.001907,0.001945,0.001984,0.001984,0.001984,0.001984,0.001945,0.001945,0.001907,0.001945,0.001984,0.001984,0.001945,0.001945,0.001984,0.001945,0.001945,0.002022,0.002022,0.001984,0.002022,0.002022,0.002022,0.002060,0.002022,0.001984,0.002098,0.002060,0.002098,0.002136,0.002174,0.002136,0.002060,0.002098,0.002136,0.002098,0.002136,0.002174,0.002136,0.002136,0.002136,0.002098,0.002060,0.002098,0.002098,0.002136,0.002136,0.002136,0.002136,0.002174,0.002136,0.002136,0.002136,0.002174,0.002136,0.002174,0.002174,0.002174,0.002098,0.002174,0.002136,0.002098,0.002174,0.002136,0.002136,0.002098,0.002136,0.002136,0.002136,0.002136,0.002213,0.002136,0.002174,0.002136,0.002136,0.002174,0.002136,0.002098,0.002060,0.002098,0.002098,0.002136,0.002098,0.002060,0.002060,0.002022,0.002022,0.002022,0.002022,0.002022,0.001984,0.001984,0.001984,0.001984,0.001945,0.001945,0.002022,0.001984,0.001984,0.001945,0.001984,0.001984,0.002022,0.001945,0.001984,0.001984,0.002022,0.001945,0.001984,0.002022,0.002022,0.002022,0.002022,0.001984,0.002022,0.002022,0.001984,0.002022,0.002060,0.002098,0.002022
33,19:00:00.000,12/31/1903,0.000000,0.100000,UNKNOWN,1,0/0,0.000000,0.000000,0.000000,0.000000,0.000000,0.000000,0.000000,0.000000,0,0,0,0,0.002136,0.002136,0.002136,0.002213,0.002136,0.002136,0.002136,0.002098,0.002136,0.002098,0.002098,0.002174,0.002060,0.002060,0.002098,0.002098,0.002098,0.002060,0.002098,0.002060,0.002098,0.002098,0.002136,0.002174,0.002136,0.002136,0.002136,0.002098,0.002060,0.002060,0.002136,0.002022,0.002022,0.002060,0.002060,0.002098,0.002098,0.002060,0.002022,0.002060,0.002098,0.002060,0.002136,0.002022,0.002022,0.002098,0.002060,0.002060,0.002022,0.002098,0.002022,0.002022,0.002022,0.002060,0.002060,0.002060,0.002022,0.002022,0.002060,0.001984,0.002022,0.002022,0.002022,0.001984,0.002022,0.001984,0.001984,0.002060,0.001945,0.002022,0.001984,0.002022,0.002098,0.002022,0.001984,0.001945,0.002022,0.001984,0.002022,0.002022,0.001945,0.001945,0.001907,0.001984,0.001984,0.001945,0.002022,0.001984,0.001945,0.001984,0.001907,0.001945,0.001984,0.001907,0.001984,0.001984,0.001945,0.001984,0.001984,0.002022,0.001984,0.002060,0.001984,0.002022,0.001984,0.001945,0.002022,0.001984,0.002022,0.001984,0.002022,0.002022,0.001945,0.002060,0.001984,0.002060,0.002022,0.001984,0.002060,0.001984,0.001984,0.002022,0.002060,0.002022,0.002022,0.002022,0.002060,0.002060,0.002022,0.001984,0.002022,0.002060,0.002022,0.002022,0.002022,0.002060,0.001984,0.002060,0.002060,0.001984,0.002060,0.001984,0.002060,0.002060,0.002022,0.002060,0.002022,0.001984,0.001984,0.002022,0.002022,0.001984,0.001984,0.002060,0.002098,0.002098,0.002098,0.002098,0.002060,0.002022,0.002060,0.002098,0.002136,0.002098,0.001984,0.002098,0.002060,0.002098,0.002098,0.002174,0.002060,0.002098,0.002136,0.002060,0.002098,0.002136,0.002060,0.002136,0.002060,0.002060,0.002060,0.002098,0.002136,0.002022,0.002136,0.002098,0.002136,0.002098,0.002022,0.002136,0.002098,0.002098,0.002060,0.002098,0.002098,0.002098,0.002098,0.002136,0.002098,0.002060,0.002022,0.002136,0.002060,0.002060,0.002098,0.002060,0.002136,0.002098,0.002060,0.002098,0.002022,0.002098,0.002060,0.002098,0.002098,0.002098,0.002098,0.002098,0.002136,0.002060,0.002136,0.002174,0.002136,0.002174,0.002098,0.002098,0.002098,0.002098,0.002136,0.002022,0.002098,0.002136,0.002136,0.002136,0.002098,0.002136,0.002098,0.002136,0.002136,0.002098,0.002136,0.002174,0.002136,0.002136,0.002098,0.002136,0.002060,0.002174,0.002136,0.002098,0.002136,0.002060,0.002136,0.002136,0.002098,0.002174,0.002136,0.002060,0.002136,0.002174,0.002174,0.002098,0.002136,0.002098,0.002136,0.002060,0.002022,0.002060,0.002060,0.002060,0.002174,0.002098,0.002060,0.002060,0.002098,0.002060,0.002098,0.002098,0.002060,0.002136,0.002098,0.002098,0.002060,0.002022,0.002060,0.002022,0.002098,0.002060,0.002022,0.002022,0.002022,0.002022,0.002060,0.002022,0.002022,0.002060,0.002022,0.001984,0.001984,0.001984,0.001984,0.002022,0.002060,0.002060,0.002060,0.002022,0.002022,0.002022,0.002022,0.002060,0.002022,0.001984,0.001984,0.002022,0.002060,0.002022,0.002022,0.002060,0.002060,0.002060,0.001984,0.002022,0.002022,0.002060,0.001984,0.001984,0.002022,0.002022,0.002060,0.002060,0.002060,0.002022,0.002060,0.002022,0.002022,0.002022,0.002060,0.002022,0.002022,0.001945,0.002060,0.002022,0.001984,0.002022,0.002022,0.001984,0.002060,0.002060,0.001984,0.002022,0.002060,0.002060,0.002060,0.002060,0.002022,0.001984,0.002022,0.002060,0.002060,0.002060,0.002060,0.002022,0.002060,0.002098,0.002022,0.002060,0.002022,0.002022,0.002022,0.002098,0.002060,0.002022,0.002060,0.002060,0.002022,0.002060,0.002022,0.001984,0.001984,0.002022,0.002022,0.002022,0.002060,0.002022,0.002022,0.002022,0.002060,0.002098,0.002098,0.002060,0.002060,0.002098,0.002136,0.002098,0.002136,0.002098,0.002060,0.002060,0.002060,0.002098,0.002060,0.002060,0.002098,0.002136,0.002098,0.002060,0.002098,0.002022,0.002098,0.002098,0.002060,0.002098,0.002136,0.002136,0.002136,0.002136,0.002174,0.002174,0.002136,0.002098,0.002136,0.002136,0.002136,0.002136,0.002174,0.002136,0.002174,0.002098,0.002213,0.002213,0.002174,0.002174,0.002174,0.002136,0.002136,0.002136,0.002136,0.002098,0.002174,0.002174,0.002136,0.002136,0.002136,0.002174,0.002098,0.002136,0.002098,0.002098,0.002098,0.002136,0.002136,0.002098,0.002060,0.002060,0.002022,0.002060,0.002098,0.002060,0.002022,0.002060,0.002022,0.002022,0.002060,0.002060,0.002022,0.002022,0.002060,0.002022,0.002022,0.002022,0.002022,0.002022,0.002060,0.002060,0.002022,0.002022,0.002022,0.002060,0.002022,0.002022,0.001984,0.001945,0.002022,0.002022,0.001984,0.002060,0.001984,0.001984,0.001945,0.001945,0.001984,0.001907,0.001945,0.001907,0.001945,0.001945,0.002022,0.001984,0.001945,0.001945,0.001945,0.001945,0.001984,0.001984,0.002022,0.001945,0.001984,0.001984,0.001945,0.001984,0.001984,0.001984,0.001984,0.002022,0.001984,0.001945,0.002022,0.001984,0.001984,0.001984,0.001945,0.001984,0.001945,0.002022,0.002022,0.001984,0.002060,0.001984,0.001984,0.002022,0.001984,0.001984,0.002022,0.002022,0.002022,0.002060,0.002022,0.002060,0.002022,0.001984,0.002060,0.002098,0.002060,0.002060,0.002098,0.002060,0.002022,0.002022,0.002060,0.002060,0.002098,0.002060,0.002060,0.002060,0.002098,0.002136,0.002174,0.002098,0.002174,0.002136,0.002098,0.002136,0.002136,0.002136,0.002098,0.002136,0.002098,0.002098,0.002136,0.002136,0.002136,0.002136,0.002136,0.002136,0.002060,0.002098,0.002098,0.002174,0.002136,0.002022,0.002098,0.002136,0.002098,0.002060,0.002136,0.002136,0.002098,0.002136,0.002060,0.002098,0.002098,0.002098,0.002136,0.002136,0.002060,0.002060,0.002060,0.002098,0.002022,0.002060,0.002022,0.002022,0.002022,0.002022,0.002022,0.001984,0.002060,0.002098,0.001984,0.002060,0.002098,0.002060,0.002060,0.001984,0.002022,0.002022,0.002022,0.002060,0.001984,0.001984,0.002022,0.002060,0.001984,0.002060,0.002022,0.002022,0.002022,0.002060,0.002022,0.002060,0.002022,0.001984,0.002022,0.001984,0.002060,0.002022,0.002022,0.002022,0.001984,0.001945,0.002060,0.002060,0.002022,0.002060,0.001945,0.001945,0.002022,0.002060,0.002060,0.002060,0.002022,0.001984,0.002022,0.001984,0.002022,0.002022,0.002022,0.002060,0.002022,0.001984,0.002060,0.002022,0.001984,0.002060,0.002060,0.001984,0.002022,0.002022,0.002098,0.002022,0.002022,0.002022,0.002060,0.002060,0.002060,0.002060,0.002022,0.002060,0.001984,0.002060,0.002022,0.002060,0.002022,0.001984,0.002022,0.002022,0.002022,0.001984,0.001984,0.001984,0.001984,0.001984,0.001984,0.001984,0.001907,0.001945,0.001907,0.001945,0.001907,0.001945,0.001907,0.001793,0.001831,0.001869,0.001793,0.001831,0.001793,0.001755,0.001678,0.001678,0.001678,0.001602,0.001602,0.001564,0.001526,0.001564,0.001526,0.001488,0.001411,0.001411,0.001411,0.001411,0.001450,0.001488,0.001526,0.001564,0.001602,0.001640,0.001755,0.001869,0.002060,0.002213,0.002403,0.002632,0.002823,0.003090,0.003395,0.003662,0.003929,0.004234,0.004578,0.004997,0.005379,0.005608,0.006027,0.006332,0.006714,0.007019,0.007248,0.007401,0.007477,0.007477,0.007439,0.007286,0.007095,0.006676,0.006294,0.005875,0.005379,0.004807,0.004196,0.003738,0.003090,0.002518,0.001869,0.001297,0.000687,0.000076,-0.000420,-0.001106,-0.001717,-0.002327,-0.002937,-0.003510,-0.003967,-0.004463,-0.004845,-0.005112,-0.005302,-0.005417,-0.005379,-0.005226,-0.004997,-0.004692,-0.004311,-0.003853,-0.003433,-0.002899,-0.002365,-0.001869,-0.001335,-0.000839,-0.000343,0.000038,0.000381,0.000763,0.001106,0.001335,0.001602,0.001793,0.002022,0.002098,0.002251,0.002365,0.002403,0.002518,0.002518,0.002670,0.002747,0.002823,0.002861,0.002937,0.003014,0.003052,0.003128,0.003166,0.003204,0.003281,0.003357,0.003433,0.003510,0.003586,0.003738,0.003815,0.003891,0.004082,0.004158,0.004311,0.004463,0.004501,0.004578,0.004654,0.004768,0.004692,0.004768,0.004730,0.004730,0.004654,0.004501,0.004463,0.004463,0.004349,0.004311,0.004120,0.004044,0.003967,0.003853,0.003700,0.003510,0.003433,0.003281,0.003166,0.003014,0.002899,0.002861,0.002708,0.002594,0.002556,0.002403,0.002327,0.002251,0.002251,0.002174,0.002098,0.002022,0.001984,0.001984,0.001869,0.001831,0.001793,0.001755,0.001831,0.001717,0.001717,0.001717,0.001678,0.001755,0.001793,0.001831,0.001831,0.001869,0.001945,0.001984,0.002022,0.001984,0.002022,0.002022,0.001984,0.002022,0.001984,0.001869,0.001907,0.001869,0.001831,0.001793,0.001755,0.001755,0.001793,0.001755,0.001717,0.001793,0.001717,0.001678,0.001717,0.001678,0.001640,0.001564,0.001564,0.001526,0.001450,0.001488,0.001411,0.001373,0.001450,0.001411,0.001450,0.001488,0.001602,0.001640,0.001640,0.001717,0.001793,0.001869,0.001793,0.001793,0.001869,0.001945,0.001869,0.001907,0.001793,0.001831,0.001793,0.001831,0.001869,0.001831,0.001793,0.001831,0.001869,0.001869,0.001984,0.001945,0.001907,0.001945,0.001945,0.001945,0.001984,0.001945,0.001945,0.001907,0.001907,0.001831,0.001831,0.001869,0.001793,0.001831,0.001793,0.001831,0.001907,0.001869,0.001945,0.001945,0.001984,0.002060,0.002098,0.002174,0.002251,0.002327,0.002365,0.002403,0.002403,0.002556,0.002594,0.002518,0.002518,0.002594,0.002518,0.002480,0.002441,0.002441,0.002327,0.002213,0.002136,0.002136,0.002022,0.002022,0.001907,0.001907,0.001831,0.001869,0.001869,0.001831,0.001907,0.001831,0.001907,0.001907,0.001907,0.001907,0.001907,0.001945,0.001869,0.001793,0.001793,0.001755,0.001678,0.001640,0.001602,0.001602,0.001488,0.001450,0.001450,0.001450,0.001411,0.001411,0.001373,0.001411,0.001373,0.001373,0.001373,0.001373,0.001373,0.001411,0.001373,0.001411,0.001450,0.001450,0.001488,0.001526,0.001564,0.001564,0.001640,0.001793,0.001831,0.001869,0.001945,0.001984,0.002136,0.002213,0.002251,0.002327,0.002365,0.002518,0.002594,0.002632,0.002670,0.002708,0.002785,0.002747,0.002747,0.002785,0.002823,0.002823,0.002747,0.002785,0.002708,0.002708,0.002708,0.002670,0.002632,0.002594,0.002594,0.002632,0.002632,0.002670,0.002632,0.002594,0.002556,0.002594,0.002556,0.002518,0.002556,0.002518,0.002403,0.002403,0.002365,0.002327,0.002251,0.002213,0.002213,0.002174,0.002174,0.002136,0.002136,0.002136,0.002136,0.002174,0.002213,0.002136,0.002136,0.002098,0.002098,0.002098,0.002098,0.002098,0.002098,0.002098,0.002060,0.002098,0.002060,0.002022,0.002098,0.002060,0.002098,0.002060,0.002022,0.002098,0.002060,0.002174,0.002213,0.002213,0.002251,0.002289,0.002365,0.002403,0.002480,0.002480,0.002556,0.002556,0.002556,0.002632,0.002632,0.002594,0.002632,0.002556,0.002594,0.002518,0.002441,0.002441,0.002327,0.002251,0.002213,0.002098,0.002022,0.001984,0.001907,0.001831,0.001869,0.001831,0.001717,0.001717,0.001678,0.001717,0.001717,0.001717,0.001755,0.001755,0.001755,0.001793,0.001831,0.001984,0.001984,0.002022,0.002098,0.002098,0.002136,0.002136,0.002174,0.002213,0.002213,0.002136,0.002098,0.002136,0.002060,0.002060,0.002060,0.002022,0.002022,0.001984,0.001945,0.001907,0.001907,0.001831,0.001755,0.001831,0.001869,0.001755,0.001755,0.001717,0.001678,0.001640,0.001640,0.001564,0.001564,0.001564,0.001640,0.001564,0.001564,0.001526,0.001564,0.001602,0.001678,0.001717,0.001678,0.001717,0.001678,0.001755,0.001793,0.001869,0.001869,0.001869,0.001984,0.002022,0.001984,0.002022,0.001984,0.002022,0.002060,0.002060,0.002136,0.002098,0.002136,0.002098,0.002098,0.002136,0.002174,0.002213,0.002174,0.002213,0.002213,0.002174,0.002213,0.002213,0.002289,0.002213,0.002174,0.002213,0.002213,0.002174,0.002136,0.002174,0.002174,0.002098,0.002098,0.002136,0.002098,0.002136,0.002098,0.002174,0.002136,0.002136,0.002174,0.002136,0.002174,0.002213,0.002174,0.002136,0.002174,0.002174,0.002174,0.002251,0.002251,0.002174,0.002213,0.002213,0.002213,0.002174,0.002098,0.002098,0.002060,0.002060,0.002060,0.001984,0.001945,0.001945,0.001945,0.001907,0.001793,0.001831,0.001717,0.001793,0.001793,0.001793,0.001755,0.001717,0.001755,0.001678,0.001717,0.001640,0.001678,0.001678,0.001640,0.001678,0.001678,0.001640,0.001717,0.001678,0.001717,0.001717,0.001793,0.001793,0.001831,0.001869,0.001907,0.002022,0.002022,0.002022,0.002136,0.002136,0.002174,0.002213,0.002289,0.002289,0.002365,0.002327,0.002327,0.002441,0.002403,0.002403,0.002480,0.002403,0.002441,0.002480,0.002403,0.002403,0.002403,0.002518,0.002480,0.002480,0.002518,0.002480,0.002480,0.002518,0.002480,0.002480,0.002480,0.002518,0.002480,0.002480,0.002518,0.002441,0.002403,0.002365,0.002365,0.002327,0.002327,0.002289,0.002251,0.002213,0.002174,0.002098,0.002060,0.002060,0.002060,0.001984,0.001984,0.001984,0.001945,0.001945,0.001945,0.001945,0.001984,0.002022,0.002060,0.002060,0.002060,0.002098,0.002098,0.002213,0.002098,0.002213,0.002213,0.002251,0.002289,0.002213,0.002289,0.002289,0.002327,0.002289,0.002289,0.002251,0.002213,0.002289,0.002251,0.002213,0.002213,0.002174,0.002136,0.002136,0.001984,0.002098,0.002022,0.001945,0.001984,0.001945,0.001869,0.001869,0.001793,0.001793,0.001793,0.001793,0.001755,0.001755,0.001755,0.001717,0.001755,0.001717,0.001717,0.001678,0.001678,0.001755,0.001793,0.001717,0.001717,0.001717,0.001755,0.001755,0.001755,0.001755,0.001755,0.001755,0.001717,0.001793,0.001793,0.001717,0.001755,0.001793,0.001755,0.001755,0.001793,0.001755,0.001678,0.001755,0.001755,0.001831,0.001831,0.001869,0.001907,0.001945,0.001945,0.001984,0.002022,0.002060,0.002098,0.002174,0.002136,0.002174,0.002251,0.002174,0.002213,0.002251,0.002289,0.002327,0.002251,0.002289,0.002289,0.002251,0.002289,0.002251,0.002213,0.002174,0.002213,0.002213,0.002174,0.002174,0.002136,0.002098,0.002098,0.002098,0.002098,0.002022,0.002098,0.002060,0.002022,0.002098,0.002060,0.002060,0.002022,0.002098,0.002060,0.002060,0.002060,0.002060,0.002098,0.002098,0.002060,0.002136,0.002098,0.002060,0.002022,0.002098,0.002136,0.002060,0.002098,0.002060,0.002060,0.002098,0.002098,0.002098,0.002136,0.002136,0.002136,0.002098,0.002136,0.002174,0.002136,0.002136,0.002098,0.002136,0.002136,0.002174,0.002174,0.002136,0.002136,0.002136,0.002136,0.002060,0.002136,0.002136,0.002060,0.002060,0.002022,0.002022,0.002022,0.001984,0.002022,0.001984,0.001984,0.002022,0.001984,0.001984,0.001984,0.002022,0.002022,0.002022,0.001984,0.001907,0.001984,0.002022,0.002022,0.002022,0.002060,0.002098,0.002060,0.002022,0.001984,0.002060,0.002136,0.002174,0.002136,0.002098,0.002174,0.002213,0.002136,0.002136,0.002136,0.002136,0.002136,0.002136,0.002136,0.002136,0.002098,0.002174,0.002098,0.002098,0.002136,0.002060,0.002022,0.002022,0.001984,0.001907,0.001945,0.001907,0.001869,0.001869,0.001869,0.001831,0.001945,0.001793,0.001793,0.001869,0.001869,0.001869,0.001869,0.001869,0.001907,0.001945,0.001984,0.001945,0.001945,0.001984,0.002022,0.002022,0.001984,0.001984,0.001984,0.002098,0.002060,0.002060,0.002060,0.001984,0.002098,0.002136,0.002060,0.002060,0.001984,0.002060,0.002060,0.002060,0.002022,0.002022,0.002022,0.002022,0.002060,0.002060,0.001984,0.001984,0.001907,0.001869,0.001869,0.001907,0.001869,0.001869,0.001907,0.001907,0.001869,0.001869,0.001869,0.001945,0.001869,0.001831,0.001907,0.001907,0.001945,0.001945,0.001984,0.001984,0.002022,0.002060,0.002060,0.002060,0.002098,0.002060,0.002136,0.002136,0.002213,0.002136,0.002174,0.002213,0.002213,0.002289,0.002213,0.002289,0.002327,0.002251,0.002251,0.002251,0.002251,0.002289,0.002213,0.002251,0.002251,0.002327,0.002327,0.002251,0.002251,0.002251,0.002251,0.002289,0.002213,0.002213,0.002174,0.002213,0.002174,0.002174,0.002174,0.002174,0.002136,0.002136,0.002098,0.002098,0.002098,0.002136,0.002022,0.002060,0.002022,0.001984,0.002022,0.001984,0.001984,0.001945,0.001945,0.001907,0.001945,0.002060,0.002022,0.001984,0.002022,0.002060,0.002136,0.002136,0.002213,0.002251,0.002251,0.002289,0.002365,0.002403,0.002480,0.002480,0.002518,0.002518,0.002594,0.002594,0.002594,0.002670,0.002670,0.002670,0.002670,0.002747,0.002708,0.002670,0.002708,0.002670,0.002594,0.002556,0.002556,0.002518,0.002441,0.002441,0.002403,0.002403,0.002365,0.002327,0.002289,0.002213,0.002174,0.002174,0.002136,0.002136,0.002022,0.001907,0.001907,0.001793,0.001793,0.001678,0.001602,0.001488,0.001373,0.001297,0.001183,0.001030,0.001106,0.000954,0.000954,0.000877,0.000877,0.000916,0.000916,0.000954,0.000954,0.001030,0.001144,0.001183,0.001259,0.001373,0.001488,0.001564,0.001640,0.001755,0.001793,0.001907,0.002022,0.002098,0.002098,0.002251,0.002327,0.002251,0.002289,0.002365,0.002365,0.002327,0.002289,0.002327,0.002365,0.002327,0.002365,0.002251,0.002213,0.002213,0.002213,0.002213,0.002136,0.002136,0.002136,0.002136,0.002174,0.002136,0.002174,0.002174,0.002136,0.002213,0.002213,0.002289,0.002327,0.002365,0.002365,0.002403,0.002441,0.002441,0.002441,0.002480,0.002518,0.002556,0.002480,0.002518,0.002441,0.002441,0.002480,0.002365,0.002365,0.002365,0.002289,0.002289,0.002213,0.002213,0.002174,0.002136,0.002060,0.001984,0.001984,0.001984,0.001945,0.001945,0.001907,0.001945,0.001869,0.001869,0.001907,0.001907,0.001907,0.001907,0.001945,0.001907,0.001945,0.001945,0.001984,0.001945,0.001945,0.001907,0.001984,0.001945,0.001945,0.001984,0.001984,0.002022,0.001984,0.002060,0.001945,0.001907,0.001907,0.001907,0.001984,0.001945,0.001945,0.001907,0.001869,0.001945,0.001907,0.001907,0.001945,0.001907,0.001984,0.001984,0.001945,0.001984,0.001984,0.001945,0.001984,0.002022,0.001984,0.001984,0.001984,0.002022,0.002060,0.002022,0.002098,0.002098,0.002098,0.002174,0.002136,0.002174,0.002213,0.002213,0.002251,0.002213,0.002251,0.002327,0.002289,0.002327,0.002365,0.002327,0.002365,0.002365,0.002365,0.002327,0.002365,0.002327,0.002327,0.002327,0.002289,0.002327,0.002327,0.002251,0.002251,0.002213,0.002251,0.002213,0.002213,0.002213,0.002136,0.002136,0.002136,0.002136,0.002136,0.002098,0.002060,0.002098,0.002098,0.002060,0.001984,0.001984,0.002060,0.002060,0.002060,0.002098,0.002098,0.002060,0.002136,0.002136,0.002098,0.002098,0.002136,0.002213,0.002174,0.002251,0.002213,0.002174,0.002251,0.002289,0.002289,0.002327,0.002327,0.002289,0.002289,0.002327,0.002403,0.002365,0.002365,0.002365,0.002289,0.002327,0.002365,0.002365,0.002289,0.002327,0.002289,0.002213,0.002174,0.002136,0.002136,0.002098,0.002060,0.002060,0.002022,0.002022,0.001945,0.001907,0.001869,0.001869,0.001945,0.001945,0.001945,0.001907,0.001831,0.001869,0.001869,0.001869,0.001793,0.001793,0.001793,0.001793,0.001793,0.001755,0.001793,0.001831,0.001793,0.001755,0.001755,0.001793,0.001793,0.001755,0.001869,0.001793,0.001869,0.001793,0.001793,0.001831,0.001831,0.001907,0.001907,0.001907,0.001907,0.001907,0.001907,0.001984,0.001984,0.002022,0.002022,0.001984,0.002098,0.002060,0.002060,0.002098,0.002098,0.002136,0.002136,0.002098,0.002136,0.002213,0.002213,0.002174,0.002136,0.002174,0.002174,0.002136,0.002174,0.002136,0.002098,0.002098,0.002060,0.002098,0.002060,0.002098,0.002098,0.002098,0.002098,0.002022,0.002060,0.002098,0.002098,0.002098,0.002098,0.002098,0.002098,0.002060,0.002098,0.002098,0.002098,0.002136,0.002136,0.002136,0.002136,0.002136,0.002098,0.002098,0.002060,0.002098,0.002098,0.002060,0.001984,0.001984,0.002022,0.002060,0.001945,0.001907,0.001907,0.001869,0.001945,0.001831,0.001831,0.001869,0.001869,0.001869,0.001869,0.001793,0.001755,0.001793,0.001831,0.001831,0.001945,0.001907,0.001907,0.001945,0.001945,0.001984,0.001984,0.001984,0.002022,0.001945,0.002022,0.002060,0.002060,0.002022,0.002022,0.002098,0.001984,0.002060,0.002060,0.002060,0.002098,0.002060,0.002060,0.002060,0.002060,0.002060,0.002022,0.002060,0.002022,0.001984,0.002022,0.002022,0.002022,0.001984,0.002022,0.002060,0.002022,0.002060,0.002060,0.002022,0.002098,0.002098,0.002136,0.002098,0.002136,0.002251,0.002213,0.002289,0.002213,0.002213,0.002251,0.002251,0.002251,0.002251,0.002289,0.002289,0.002327,0.002289,0.002289,0.002289,0.002213,0.002251,0.002251,0.002213,0.002174,0.002174,0.002213,0.002136,0.002136,0.002174,0.002098,0.002098,0.002098,0.002098,0.002098,0.002060,0.002060,0.002060,0.001984,0.002060,0.002022,0.002022,0.002022,0.002022,0.002060,0.002022,0.002098,0.002060,0.002136,0.002098,0.002136,0.002136,0.002136,0.002174,0.002174,0.002174,0.002251,0.002213,0.002251,0.002251,0.002136,0.002213,0.002174,0.002251,0.002251,0.002289,0.002327,0.002289,0.002251,0.002213,0.002251,0.002213,0.002174,0.002174,0.002174,0.002136,0.002098,0.002098,0.002136,0.002022,0.002060,0.002022,0.002060,0.002060,0.001945,0.001945,0.001945,0.001945,0.001907,0.001869,0.001831,0.001793,0.001793,0.001793,0.001755,0.001755,0.001717,0.001717,0.001717,0.001678,0.001678,0.001640,0.001678,0.001640,0.001640,0.001717,0.001678,0.001717,0.001717,0.001678,0.001717,0.001640,0.001678,0.001678,0.001640,0.001640,0.001678,0.001678,0.001717,0.001717,0.001717,0.001755,0.001793,0.001717,0.001755,0.001678,0.001717,0.001793,0.001793,0.001793,0.001869,0.001831,0.001869,0.001869,0.001945,0.001907,0.001945,0.001945,0.001945,0.002060,0.002060,0.002098,0.002098,0.002098,0.002174,0.002213,0.002174,0.002251,0.002251,0.002213,0.002251,0.002289,0.002327,0.002289,0.002327,0.002327,0.002327,0.002365,0.002365,0.002327,0.002365,0.002403,0.002365,0.002365,0.002327,0.002289,0.002327,0.002289,0.002289,0.002327,0.002289,0.002289,0.002213,0.002213,0.002251,0.002174,0.002213,0.002174,0.002098,0.002098,0.002060,0.002060,0.002060,0.002022,0.002060,0.002022,0.002060,0.002022,0.002060,0.001984,0.002022,0.002022,0.001945,0.001984,0.001984,0.001945,0.002022,0.001984,0.002022,0.001945,0.001984,0.002022,0.002060,0.001984,0.001984,0.001945,0.001945,0.001945,0.001945,0.001984,0.002022,0.001984,0.001907,0.001907,0.001869,0.001945,0.001869,0.001831,0.001945,0.001945,0.001869,0.001869,0.001907,0.001869,0.001907,0.001984,0.001945,0.001907,0.001984,0.001984,0.001984,0.002022,0.001984,0.001984,0.002022,0.002060,0.002060,0.002136,0.002098,0.002136,0.002136,0.002098,0.002098,0.002098,0.002136,0.002174,0.002098,0.002060,0.002098,0.002060,0.002098,0.002022,0.002098,0.002022,0.002022,0.002060,0.002060,0.002098,0.002022,0.002060,0.002060,0.002060,0.002098,0.002098,0.002136,0.002136,0.002136,0.002174,0.002098,0.002136,0.002174,0.002174,0.002174,0.002174,0.002213,0.002213,0.002213,0.002213,0.002174,0.002213,0.002213,0.002174,0.002136,0.002213,0.002174,0.002136,0.002136,0.002136,0.002136,0.002174,0.002136,0.002136,0.002136,0.002098,0.002136,0.002136,0.002136,0.002098,0.002060,0.002136,0.002098,0.002060,0.002136,0.002060,0.002098,0.002060,0.002060,0.002098,0.002098,0.002098,0.002098,0.002098,0.002098,0.002098,0.002136,0.002060,0.002098,0.002060,0.002022,0.002022,0.002022,0.001984,0.001984,0.001984,0.002022,0.001907,0.001945,0.001984,0.001984,0.001984,0.001945,0.001907,0.001907,0.001869,0.001907,0.001984,0.001907,0.001907,0.001945,0.001945,0.001907,0.001945,0.001831,0.001869,0.001907,0.001869,0.001907,0.001907,0.001869,0.001907,0.001945,0.001945,0.001907,0.001945,0.001907,0.001907,0.001945,0.001945,0.001945,0.001945,0.001984,0.001945,0.001984,0.002022,0.002060,0.002022,0.002060,0.002060,0.002022,0.002060,0.002098,0.002060,0.002098,0.002136,0.002060,0.002136,0.002136,0.002136,0.002174,0.002136,0.002098,0.002136,0.002213,0.002213,0.002174,0.002174,0.002136,0.002136,0.002136,0.002174,0.002174,0.002174,0.002174,0.002136,0.002136,0.002174,0.002174,0.002136,0.002174,0.002174,0.002136,0.002098,0.002098,0.002060,0.002060,0.002136,0.002136,0.002136,0.002174,0.002136,0.002136,0.002136,0.002060,0.002136,0.002174,0.002174,0.002136,0.002098,0.002136,0.002174,0.002136,0.002174,0.002213,0.002174,0.002136,0.002174,0.002174,0.002098,0.002136,0.002174,0.002136,0.002213,0.002098,0.002098,0.002098,0.002174,0.002174,0.002136,0.002136,0.002213,0.002136,0.002098,0.002098,0.002136,0.002098,0.002098,0.002136,0.002098,0.002136,0.002060,0.002060,0.002136,0.002098,0.002098,0.002136,0.002136,0.002098,0.002098,0.002098,0.002060,0.002060,0.002060,0.002098,0.002098,0.002098,0.002098,0.002174,0.002098,0.002098,0.002098,0.002136,0.002136,0.002098,0.002060,0.002136,0.002136,0.002098,0.002098,0.002136,0.002136,0.002098,0.002098,0.002136,0.002136,0.002098,0.002174,0.002136,0.002136,0.002136,0.002174,0.002136,0.002136,0.002136,0.002098,0.002098,0.002098,0.002098,0.002060,0.002022,0.002060,0.002060,0.002098,0.002060,0.002060,0.002022,0.002022,0.002060,0.002022,0.001984,0.001945,0.001984,0.002022,0.001984,0.002022,0.001984,0.001984,0.001945,0.001984,0.002060,0.002022,0.002098,0.002060,0.002060,0.002098,0.002098,0.002098,0.002174,0.002174,0.002174,0.002174,0.002174,0.002213,0.002251,0.002213,0.002289,0.002327,0.002289,0.002365,0.002365,0.002403,0.002441,0.002403,0.002403,0.002441,0.002441,0.002403,0.002365,0.002403,0.002327,0.002327,0.002327,0.002289,0.002213,0.002213,0.002174,0.002060,0.002098,0.002060,0.002022,0.001945,0.001945,0.001907,0.001945,0.001869,0.001869,0.001831,0.001831,0.001755,0.001793,0.001793,0.001755,0.001831,0.001755,0.001793,0.001831,0.001869,0.001907,0.001907,0.001907,0.001945,0.001984,0.001984,0.002022,0.001984,0.002060,0.002060,0.002022,0.002060,0.002060,0.002098,0.002060,0.002136,0.002022,0.002060,0.002022,0.002060,0.002022,0.001984,0.001945,0.002022,0.001945,0.001907,0.001907,0.001907,0.001984,0.002022,0.001984,0.002022,0.002022,0.002022,0.002060,0.002060,0.002098,0.002060,0.002098,0.002136,0.002136,0.002098,0.002098,0.002174,0.002213,0.002213,0.002289,0.002289,0.002251,0.002251,0.002289,0.002251,0.002251,0.002251,0.002251,0.002251,0.002289,0.002327,0.002213,0.002289,0.002213,0.002251,0.002213,0.002213,0.002174,0.002174,0.002213,0.002251,0.002251,0.002213,0.002213,0.002213,0.002251,0.002213,0.002289,0.002327,0.002327,0.002289,0.002213,0.002289,0.002251,0.002289,0.002289,0.002213,0.002213,0.002251,0.002136,0.002174,0.002136,0.002060,0.002098,0.002060,0.002022,0.001984,0.001984,0.001945,0.001907,0.001869,0.001831,0.001869,0.001831,0.001831,0.001831,0.001831,0.001831,0.001755,0.001755,0.001793,0.001755,0.001793,0.001755,0.001755,0.001793,0.001755,0.001755,0.001793,0.001831,0.001831,0.001793,0.001831,0.001869,0.001907,0.001869,0.001869,0.001907,0.001869,0.001907,0.001945,0.001984,0.001945,0.001984,0.001984,0.002060,0.002022,0.001984,0.001984,0.002060,0.002060,0.002060,0.002060,0.002098,0.002060,0.002060,0.002060,0.002060,0.002136,0.002098,0.002060,0.002060,0.002098,0.002060,0.002060,0.002098,0.002060,0.002098,0.002060,0.002022,0.002060,0.002022,0.002060,0.002060,0.002022,0.002022,0.002098,0.002136,0.002060,0.002098,0.002060,0.002098,0.002060,0.002136,0.002174,0.002136,0.002174,0.002098,0.002136,0.002213,0.002136,0.002136,0.002098,0.002174,0.002174,0.002136,0.002174,0.002174,0.002251,0.002213,0.002213,0.002213,0.002174,0.002213,0.002174,0.002136,0.002136,0.002098,0.002174,0.002174,0.002136,0.002098,0.002098,0.002022,0.002022,0.002098,0.002060,0.002060,0.002022,0.001945,0.001984,0.001945,0.001984,0.001945,0.001945,0.002022,0.001984,0.002022,0.002022,0.002060,0.002060,0.002060,0.002060,0.002060,0.002098,0.002060,0.002060,0.002098,0.002136,0.002098,0.002098,0.002060,0.002022,0.002022,0.002022,0.001984,0.001984,0.001984,0.002022,0.001984,0.001984,0.001907,0.001907,0.001831,0.001907,0.001945,0.001869,0.001793,0.001869,0.001831,0.001907,0.001869,0.001907,0.001907,0.001907,0.001945,0.001984,0.001907,0.001984,0.002022,0.002060,0.002060,0.002060,0.002098,0.002060,0.002098,0.002136,0.002136,0.002136,0.002136,0.002136,0.002098,0.002098,0.002136,0.002136,0.002060,0.002098,0.002060,0.002098,0.002060,0.002060,0.002060,0.001984,0.001945,0.001984,0.001945,0.001984,0.001984,0.002022,0.001984,0.002022,0.002022,0.001984,0.001984,0.001984,0.001945,0.001984,0.002022,0.001984,0.002022,0.002022,0.002022,0.002060,0.002060,0.002060,0.002060,0.002098,0.002136,0.002136,0.002136,0.002213,0.002213,0.002174,0.002174,0.002251,0.002289,0.002213,0.002327,0.002327,0.002289,0.002251,0.002251,0.002289,0.002251,0.002213,0.002251,0.002251,0.002251,0.002213,0.002213,0.002251,0.002174,0.002213,0.002174,0.002136,0.002136,0.002098,0.002136,0.002136,0.002098,0.002022,0.002022,0.002098,0.002060,0.002060,0.002022,0.002060,0.002060,0.002022,0.002060,0.002060,0.002060,0.002060,0.002022,0.002022,0.001984,0.002060,0.001984,0.002022,0.001984,0.002022,0.001984,0.001984,0.001984,0.001945,0.001945,0.001869,0.001831,0.001869,0.001869,0.001907,0.001831,0.001755,0.001755,0.001831,0.001755,0.001755,0.001755,0.001755,0.001755,0.001717,0.001793,0.001793,0.001831,0.001831,0.001831,0.001831,0.001831,0.001907,0.001793,0.001869,0.001945,0.001869,0.001907,0.001945,0.001945,0.001945,0.001945,0.001945,0.001945,0.001945,0.001907,0.001907,0.001907,0.001945,0.001984,0.001907,0.001945,0.001945,0.001945,0.001945,0.001907,0.001907,0.001907,0.001907,0.001907,0.001945,0.001945,0.001984,0.001945,0.001945,0.001984,0.001984,0.002022,0.002022,0.002022,0.002098,0.002098,0.002060,0.002060,0.002098,0.002060,0.002098,0.002098,0.002174,0.002136,0.002136,0.002174,0.002136,0.002098,0.002213,0.002174,0.002213,0.002251,0.002174,0.002213,0.002251,0.002213,0.002251,0.002289,0.002289,0.002289,0.002327,0.002327,0.002327,0.002327,0.002327,0.002403,0.002365,0.002441,0.002403,0.002365,0.002365,0.002365,0.002365,0.002365,0.002365,0.002289,0.002327,0.002251,0.002251,0.002213,0.002174,0.002136,0.002060,0.002098,0.002060,0.001984,0.001907,0.001945,0.001907,0.001907,0.001793,0.001831,0.001831,0.001831,0.001793,0.001717,0.001717,0.001793,0.001793,0.001755,0.001717,0.001717,0.001755,0.001755,0.001755,0.001755,0.001793,0.001831,0.001869,0.001869,0.001869,0.001831,0.001907,0.001907,0.001907,0.001907,0.001945,0.001907,0.001984,0.001945,0.001984,0.002022,0.002060,0.002098,0.002060,0.002060,0.002060,0.002136,0.002213,0.002174,0.002136,0.002174,0.002213,0.002174,0.002213,0.002213,0.002213,0.002251,0.002251,0.002251,0.002251,0.002289,0.002289,0.002327,0.002289,0.002251,0.002365,0.002327,0.002327,0.002327,0.002327,0.002289,0.002289,0.002327,0.002327,0.002289,0.002289,0.002289,0.002289,0.002327,0.002213,0.002251,0.002289,0.002289,0.002251,0.002289,0.002289,0.002289,0.002289,0.002213,0.002251,0.002213,0.002174,0.002213,0.002213,0.002174,0.002213,0.002174,0.002174,0.002136,0.002060,0.002136,0.002098,0.002098,0.002136,0.002098,0.002098,0.002136,0.002136,0.002098,0.002136,0.002098,0.002098,0.002060,0.002098,0.002098,0.002060,0.002022,0.002098,0.002022,0.001984,0.001945,0.002022,0.001945,0.001984,0.001984,0.001984,0.001945,0.001945,0.001945,0.001907,0.001907,0.001907,0.001869,0.001907,0.001907,0.001869,0.001907,0.001945,0.001984,0.001907,0.001869,0.001907,0.001945,0.001984,0.001945,0.001945,0.002022,0.001907,0.001945,0.001907,0.001907,0.001945,0.002022,0.001984,0.001945,0.001984,0.002022,0.001984,0.001984,0.002060,0.002060,0.002022,0.002060,0.002060,0.002098,0.002060,0.002136,0.002098,0.002060,0.002060,0.002174,0.002213,0.002174,0.002174,0.002174,0.002174,0.002136,0.002213,0.002213,0.002213,0.002174,0.002251,0.002289,0.002289,0.002251,0.002251,0.002251,0.002327,0.002251,0.002251,0.002213,0.002289,0.002289,0.002251,0.002213,0.002213,0.002213,0.002174,0.002213,0.002174,0.002174,0.002174,0.002136,0.002174,0.002136,0.002136,0.002136,0.002098,0.002136,0.002098,0.002136,0.002136,0.002174,0.002098,0.002098,0.002060,0.002060,0.002060,0.002098,0.002060,0.002098,0.002098,0.002060,0.002060,0.002098,0.002060,0.002060,0.002098,0.002098,0.002022,0.002060,0.002098,0.002060,0.002060,0.002022,0.002060,0.001984,0.001984,0.001984,0.001945,0.001907,0.001907,0.001907,0.001907,0.001945,0.001945,0.001907,0.001907,0.001831,0.001831,0.001869,0.001869,0.001869,0.001793,0.001831,0.001831,0.001831,0.001831,0.001831,0.001793,0.001831,0.001793,0.001793,0.001831,0.001869,0.001831,0.001831,0.001831,0.001907,0.001907,0.001945,0.001907,0.001945,0.001907,0.001984,0.001907,0.001945,0.001945,0.002060,0.002022,0.002022,0.002022,0.002022,0.002060,0.002060,0.002060,0.002022,0.002098,0.002136,0.002174,0.002136,0.002174,0.002174,0.002136,0.002213,0.002213,0.002136,0.002251,0.002251,0.002213,0.002213,0.002251,0.002251,0.002213,0.002213,0.002289,0.002251,0.002251,0.002251,0.002289,0.002213,0.002251,0.002213,0.002213,0.002174,0.002174,0.002174,0.002251,0.002174,0.002174,0.002136,0.002098,0.002136,0.002213,0.002174,0.002136,0.002060,0.002174,0.002174,0.002098,0.002098,0.002098,0.002174,0.002098,0.002098,0.002136,0.002174,0.002098,0.002098,0.002060,0.002136,0.002098,0.002098,0.002174,0.002136,0.002098,0.002098,0.002136,0.002136,0.002098,0.002136,0.002174,0.002213,0.002136,0.002174,0.002136,0.002136,0.002174,0.002174,0.002098,0.002174,0.002136,0.002098,0.002136,0.002136,0.002136,0.002213,0.002174,0.002174,0.002136,0.002098,0.002174,0.002174,0.002136,0.002136,0.002174,0.002213,0.002136,0.002136,0.002136,0.002174,0.002174,0.002136,0.002136,0.002098,0.002098,0.002098,0.002136,0.002174,0.002136,0.002098,0.002136,0.002098,0.002136,0.002174,0.002136,0.002098,0.002174,0.002098,0.002174,0.002136,0.002213,0.002174,0.002136,0.002174,0.002174,0.002213,0.002213,0.002213,0.002251,0.002251,0.002213,0.002213,0.002174,0.002174,0.002136,0.002213,0.002174,0.002213,0.002174,0.002136,0.002098,0.002098,0.002060,0.002098,0.001984,0.002022,0.002022,0.001984,0.001984,0.001984,0.001907,0.001945,0.001907,0.001907,0.001907,0.001869,0.001831,0.001869,0.001907,0.001831,0.001831,0.001793,0.001831,0.001831,0.001869,0.001869,0.001869,0.001831,0.001793,0.001793,0.001793,0.001793,0.001831,0.001831,0.001831,0.001831,0.001831,0.001907,0.001945,0.001945,0.001945,0.001907,0.001984,0.002022,0.002022,0.002060,0.002098,0.002136,0.002136,0.002174,0.002213,0.002213,0.002174,0.002213,0.002213,0.002213,0.002251,0.002174,0.002251,0.002251,0.002213,0.002174,0.002136,0.002098,0.002174,0.002136,0.002060,0.002136,0.002136,0.002060,0.002060,0.002060,0.002098,0.002060,0.002098,0.002060,0.002060,0.002136,0.002098,0.002136,0.002136,0.002174,0.002174,0.002174,0.002174,0.002174,0.002213,0.002136,0.002213,0.002213,0.002174,0.002174,0.002251,0.002251,0.002174,0.002213,0.002174,0.002136,0.002136,0.002136,0.002060,0.002098,0.002022,0.002022,0.001984,0.001945,0.001869,0.001869,0.001831,0.001831,0.001755,0.001717,0.001717,0.001755,0.001717,0.001717,0.001678,0.001717,0.001755,0.001717,0.001793,0.001755,0.001793,0.001831,0.001793,0.001793,0.001869,0.001907,0.001984,0.001945,0.001984,0.001984,0.001984,0.001945,0.002022,0.001984,0.001984,0.001984,0.001984,0.002022,0.001984,0.002022,0.001984,0.001945,0.001945,0.001945,0.001945,0.001984,0.001984,0.002022,0.001984,0.002022,0.001984,0.001984,0.002022,0.002060,0.002060,0.002098,0.002098,0.002136,0.002098,0.002174,0.002136,0.002174,0.002174,0.002213,0.002213,0.002251,0.002289,0.002213,0.002213,0.002251,0.002251,0.002213,0.002289,0.002213,0.002174,0.002251,0.002213,0.002174,0.002251,0.002174,0.002174,0.002174,0.002174,0.002174,0.002136,0.002136,0.002174,0.002174,0.002098,0.002136,0.002136,0.002136,0.002174,0.002136,0.002136,0.002098,0.002098,0.002098,0.002098,0.002136,0.002136,0.002060,0.002060,0.002060,0.002060,0.002060,0.002098,0.002022,0.002060,0.002060,0.002098,0.002060,0.002022,0.002022,0.002022,0.001984,0.002022,0.002022,0.002022,0.001984,0.001945,0.001984,0.001945,0.001945,0.001984,0.001984,0.001984,0.002022,0.002022,0.002022,0.001945,0.001907,0.001984,0.002022,0.001945,0.001984,0.002022,0.002022,0.002060,0.002022,0.002022,0.002022,0.002022,0.002022,0.002022,0.002060,0.002060,0.002098,0.002098,0.002060,0.002098,0.002060,0.002060,0.002060,0.002136,0.002174,0.002136,0.002136,0.002136,0.002098,0.002098,0.002136,0.002098,0.002098,0.002136,0.002136,0.002174,0.002174,0.002098,0.002060,0.002060,0.002060,0.002098,0.002098,0.002060,0.002060,0.002060,0.002060,0.002022,0.001984,0.001984,0.001984,0.001984,0.001984,0.001945,0.001945,0.001907,0.001907,0.001831,0.001869,0.001869,0.001945,0.001984,0.001945,0.001907,0.001907,0.001945,0.001945,0.001984,0.001984,0.001907,0.001907,0.001984,0.001984,0.001984,0.002022,0.001984,0.001945,0.001984,0.001945,0.001907,0.001907,0.001945,0.001907,0.001907,0.001945,0.001945,0.001984,0.001945,0.001984,0.002022,0.002022,0.002022,0.002022,0.002060,0.002022,0.002022,0.002060,0.002060,0.002060,0.002136,0.002098,0.002060,0.002098,0.002098,0.002136,0.002136,0.002098,0.002098,0.002098,0.002098,0.002098,0.002060,0.002060,0.002060,0.002022,0.002022,0.002022,0.001984,0.002022,0.002022,0.002060,0.001984,0.002022,0.001984,0.002022,0.001984,0.002022,0.002022,0.002022,0.002022,0.002022,0.002022,0.002060,0.002060,0.002136,0.002136,0.002098,0.002098,0.002136,0.002174,0.002213,0.002174,0.002213,0.002251,0.002251,0.002213,0.002213,0.002251,0.002289,0.002213,0.002213,0.002174,0.002213,0.002136,0.002174,0.002174,0.002098,0.002136,0.002174,0.002174,0.002174,0.002174,0.002174,0.002174,0.002098,0.002098,0.002136,0.002098,0.002136,0.002136,0.002060,0.002098,0.002098,0.002060,0.002098,0.002022,0.002060,0.002098,0.002060,0.002060,0.002022,0.002022,0.002022,0.002060,0.002022,0.002060,0.001984,0.001984,0.001984,0.001984,0.001984,0.002022,0.001984,0.001945,0.001945,0.001984,0.002022,0.001945,0.001945,0.001907,0.001945,0.001907,0.001945,0.001945,0.001907,0.001907,0.001945,0.001907,0.001945,0.001984,0.001907,0.001907,0.001945,0.001945,0.001945,0.001907,0.001907,0.001945,0.001945,0.001907,0.001945,0.001984,0.001984,0.001945,0.001984,0.001984,0.002022,0.001984,0.001984,0.002060,0.002022,0.002022,0.001984,0.002098,0.002098,0.002098,0.002098,0.002098,0.002098,0.002213,0.002174,0.002174,0.002136,0.002136,0.002174,0.002213,0.002174,0.002213,0.002251,0.002251,0.002251,0.002213,0.002251,0.002251,0.002289,0.002251,0.002289,0.002289,0.002289,0.002251,0.002251,0.002289,0.002289,0.002251,0.002289,0.002251,0.002213,0.002213,0.002213,0.002213,0.002213,0.002213,0.002136,0.002174,0.002174,0.002098,0.002098,0.002136,0.002174,0.002174,0.002174,0.002098,0.002136,0.002060,0.002098,0.002174,0.002136,0.002174,0.002174,0.002136,0.002136,0.002136,0.002136,0.002098,0.002098,0.002098,0.002098,0.002098,0.002174,0.002174,0.002136,0.002136,0.002174,0.002136,0.002174,0.002136,0.002136,0.002136,0.002174,0.002098,0.002098,0.002136,0.002060,0.002098,0.002136,0.002098,0.002022,0.002022,0.001984,0.002022,0.001984,0.001907,0.001907,0.001907,0.001945,0.001907,0.001831,0.001869,0.001907,0.001945,0.001907,0.001907,0.001907,0.001984,0.001984,0.002022,0.002098,0.002098,0.002136,0.002213,0.002251,0.002251,0.002365,0.002327,0.002365,0.002365,0.002365,0.002403,0.002365,0.002365,0.002327,0.002327,0.002289,0.002251,0.002174,0.002174,0.002174,0.002136,0.002060,0.002022,0.002060,0.001984,0.001945,0.001869,0.001869,0.001869,0.001907,0.001869,0.001907,0.001945,0.001945,0.001945,0.001984,0.002022,0.002022,0.002022,0.002060,0.002098,0.002098,0.002136,0.002136,0.002136,0.002136,0.002213,0.002213,0.002251,0.002213,0.002136,0.002213,0.002174,0.002174,0.002174,0.002174,0.002174,0.002213,0.002136,0.002174,0.002174,0.002136,0.002136,0.002098,0.002136,0.002136,0.002136,0.002174,0.002136,0.002174,0.002174,0.002174,0.002174,0.002174,0.002213,0.002251,0.002174,0.002174,0.002213,0.002174,0.002213,0.002174,0.002174,0.002251,0.002251,0.002213,0.002251,0.002251,0.002213,0.002136,0.002174,0.002174,0.002136,0.002174,0.002136,0.002136,0.002136,0.002136,0.002174,0.002098,0.002098,0.002136,0.002174,0.002174,0.002213,0.002136,0.002098,0.002098,0.002174,0.002136,0.002136,0.002136,0.002136,0.002136,0.002098,0.002098,0.002098,0.002098,0.002060,0.002060,0.002022,0.002022,0.001984,0.002022,0.002022,0.002022,0.001984,0.001984,0.001984,0.002060,0.002060,0.001945,0.002022,0.001984,0.002022,0.001984,0.001984,0.002022,0.002060,0.002060,0.002022,0.002098,0.002098,0.002098,0.002098,0.002136,0.002098,0.002060,0.002136,0.002136,0.002098,0.002098,0.002098,0.002174,0.002098,0.002060,0.002098,0.002098,0.002060,0.002098,0.002060,0.001984,0.002060,0.002060,0.002022,0.002060,0.002060,0.002060,0.002060,0.002022,0.002060,0.002022,0.002098,0.002098,0.002098,0.002060,0.002060,0.002060,0.002098,0.002060,0.002060,0.002136,0.002060,0.002098,0.002098,0.002136,0.002060,0.002098,0.002098,0.002136,0.002136,0.002136,0.002098,0.002098,0.002136,0.002098,0.002136,0.002098,0.002098,0.002136,0.002174,0.002136,0.002136,0.002136,0.002174,0.002136,0.002136,0.002174,0.002136,0.002136,0.002098,0.002098,0.002098,0.002098,0.002136,0.002136,0.002136,0.002174,0.002136,0.002098,0.002098,0.002098,0.002060,0.002098,0.002098,0.002098,0.002098,0.002022,0.002060,0.002060,0.002060,0.002022,0.002022,0.001984,0.001984,0.002022,0.001984,0.001984,0.002022,0.001945,0.001984,0.001984,0.001984,0.001984,0.001984,0.001984,0.001945,0.001945,0.002022,0.001907,0.001945,0.001984,0.002022,0.001984,0.001984,0.002022,0.002022,0.002022,0.002060,0.002060,0.002022,0.002022,0.002098,0.002022,0.001984,0.002060,0.002060,0.002098,0.002022,0.002098,0.002098,0.002098,0.002098,0.002098,0.002136,0.002060,0.002060,0.002136,0.002174,0.002174,0.002174,0.002174,0.002213,0.002136,0.002174,0.002174,0.002136,0.002136,0.002174,0.002213,0.002251,0.002213,0.002213,0.002213,0.002136,0.002213,0.002213,0.002213,0.002213,0.002174,0.002136,0.002136,0.002098,0.002022,0.002098,0.002098,0.002060,0.002022,0.002098,0.002060,0.002022,0.002022,0.002060,0.002060,0.002060,0.002022,0.001984,0.002060,0.002022,0.002060,0.001984,0.001945,0.001984,0.001984,0.001984,0.002022,0.001945,0.001945,0.001945,0.001945,0.001907,0.001945,0.001869,0.001869,0.001907,0.001907,0.001869,0.001869,0.001907,0.001869,0.001869,0.001907,0.001945,0.001945,0.001907,0.001907,0.001984,0.001945,0.001984,0.001945,0.001907,0.001984,0.001984,0.001984,0.002022,0.002022,0.001984,0.002098,0.002098,0.002060,0.002098,0.002098,0.002136,0.002174,0.002174,0.002251,0.002174,0.002174,0.002174,0.002213,0.002174,0.002213,0.002251,0.002213,0.002174,0.002174,0.002136,0.002174,0.002136,0.002174,0.002136,0.002136,0.002174,0.002098,0.002098,0.002098,0.002098,0.002022,0.002022,0.002022,0.001984,0.001907,0.001945,0.001907,0.001869,0.001869,0.001831,0.001793,0.001793,0.001793,0.001755,0.001755,0.001793,0.001831,0.001755,0.001793,0.001793,0.001793,0.001831,0.001831,0.001869,0.001907,0.001907,0.001869,0.002022,0.001945,0.002022,0.002060,0.002060,0.002098,0.002136,0.002174,0.002136,0.002098,0.002136,0.002174,0.002098,0.002213,0.002136,0.002136,0.002174,0.002174,0.002136,0.002136,0.002098,0.002098,0.002136,0.002174,0.002174,0.002136,0.002213,0.002174,0.002213,0.002213,0.002174,0.002174,0.002213,0.002251,0.002213,0.002174,0.002174,0.002174,0.002213,0.002213,0.002174,0.002213,0.002174,0.002174,0.002213,0.002213,0.002213,0.002213,0.002174,0.002136,0.002174,0.002174,0.002136,0.002098,0.002136,0.002136,0.002098,0.002060,0.002060,0.002022,0.001984,0.002022,0.001945,0.001984,0.001945,0.001984,0.002022,0.002022,0.002022,0.002022,0.002022,0.002098,0.002060,0.001945,0.001945,0.001984,0.001984,0.001984,0.001945,0.001984,0.001945,0.002022,0.001984,0.001984,0.001945,0.001984,0.001984,0.001984,0.002022,0.002022,0.002022,0.002098,0.002136,0.002098,0.002098,0.002098,0.002060,0.002060,0.002022,0.002022,0.001984,0.001984,0.001945,0.001869,0.001869,0.001869,0.001793,0.001755,0.001793,0.001793,0.001793,0.001793,0.001831,0.001755,0.001831,0.001831,0.001831,0.001869,0.001907,0.001869,0.001869,0.001869,0.001907,0.001907,0.001869,0.001869,0.001907,0.001907,0.001831,0.001831,0.001793,0.001869,0.001793,0.001755,0.001831,0.001869,0.001831,0.001907,0.001831,0.001831,0.001907,0.001869,0.001907,0.001907,0.001907,0.001984,0.001945,0.001984,0.001984,0.001945,0.001945,0.001984,0.001984,0.001945,0.001984,0.001984,0.001907,0.002022,0.001984,0.001984,0.001984,0.001984,0.002060,0.002060,0.002098,0.002136,0.002098,0.002136,0.002174,0.002251,0.002251,0.002213,0.002251,0.002251,0.002251,0.002327,0.002289,0.002327,0.002327,0.002403,0.002289,0.002289,0.002289,0.002289,0.002365,0.002289,0.002327,0.002251,0.002213,0.002174,0.002136,0.002098,0.002060,0.002022,0.002060,0.001984,0.001984,0.001984,0.001984,0.001945,0.001945,0.001945,0.001945,0.001945,0.002060,0.001984,0.002022,0.002022,0.002060,0.002060,0.002060,0.002136,0.002098,0.002136,0.002136,0.002174,0.002136,0.002174,0.002213,0.002174,0.002213,0.002174,0.002213,0.002213,0.002174,0.002174,0.002174,0.002098,0.002098,0.002098,0.002174,0.002136,0.002136,0.002098,0.002136,0.002098,0.002098,0.002098,0.002136,0.002174,0.002136,0.002060,0.002060,0.002060,0.002174,0.002174,0.002098,0.002174,0.002136,0.002136,0.002136,0.002136,0.002136,0.002174,0.002174,0.002136,0.002060,0.002098,0.002060,0.002098,0.002098,0.002098,0.002060,0.002060,0.002098,0.002098,0.002098,0.002060,0.002022,0.002060,0.002060,0.002098,0.002136,0.002060,0.002060,0.002060,0.002098,0.002098,0.002136,0.002213,0.002136,0.002136,0.002136,0.002098,0.002098,0.002174,0.002136,0.002098,0.002098,0.002136,0.002136,0.002098,0.002098,0.002060,0.002060,0.002060,0.002098,0.002098,0.002060,0.002060,0.002060,0.001984,0.002098,0.002060,0.002098,0.002022,0.002060,0.002098,0.002136,0.002098,0.002098,0.002060,0.002136,0.002098,0.002098,0.002136,0.002136,0.002136,0.002136,0.002098,0.002098,0.002136,0.002136,0.002060,0.002098,0.002098,0.002136,0.002136,0.002098,0.002136,0.002136,0.002098,0.002098,0.002098,0.002060,0.002060,0.002136,0.002098,0.002136,0.002098,0.002098,0.002098,0.002098,0.002136,0.002060,0.002098,0.002098,0.002098,0.002136,0.002060,0.002060,0.002060,0.002136,0.002060,0.002022,0.001984,0.002060,0.002060,0.002022,0.002060,0.002022,0.002022,0.002022,0.002098,0.002022,0.002022,0.001984,0.001984,0.001984,0.001984,0.001945,0.001945,0.001945,0.001945,0.001945,0.001869,0.001945,0.001907,0.001907,0.001945,0.001945,0.001984,0.001984,0.001984,0.002022,0.002060,0.001984,0.002060,0.002098,0.002098,0.002136,0.002060,0.002136,0.002136,0.002174,0.002136,0.002174,0.002174,0.002136,0.002174,0.002174,0.002213,0.002289,0.002213,0.002289,0.002289,0.002213,0.002289,0.002251,0.002251,0.002289,0.002251,0.002251,0.002289,0.002251,0.002251,0.002251,0.002251,0.002213,0.002251,0.002213,0.002174,0.002174,0.002213,0.002136,0.002136,0.002136,0.002136,0.002136,0.002136,0.002136,0.002098,0.002098,0.002098,0.002098,0.002136,0.002060,0.002136,0.002136,0.002098,0.002136,0.002174,0.002136,0.002136,0.002174,0.002174,0.002174,0.002251,0.002213,0.002213,0.002213,0.002213,0.002251,0.002174,0.002251,0.002251,0.002251,0.002289,0.002251,0.002251,0.002213,0.002213,0.002251,0.002213,0.002213,0.002213,0.002251,0.002213,0.002136,0.002174,0.002213,0.002174,0.002136,0.002098,0.002060,0.002022,0.002022,0.002022,0.001984,0.001984,0.001945,0.001945,0.001945,0.001907,0.001869,0.001831,0.001907,0.001869,0.001831,0.001831,0.001755,0.001831,0.001869,0.001831,0.001869,0.001793,0.001831,0.001907,0.001907,0.001907,0.001907,0.001945,0.001945,0.002022,0.001984,0.002022,0.002060,0.002098,0.002174,0.002174,0.002174,0.002174,0.002213,0.002251,0.002289,0.002289,0.002251,0.002251,0.002365,0.002327,0.002251,0.002213,0.002289,0.002251,0.002213,0.002289,0.002213,0.002213,0.002174,0.002174,0.002174,0.002098,0.002174,0.002174,0.002098,0.002136,0.002174,0.002136,0.002060,0.002098,0.002098,0.002098,0.002136,0.002060,0.002098,0.002136,0.002098,0.002136,0.002174,0.002174,0.002174,0.002213,0.002174,0.002213,0.002213,0.002174,0.002136,0.002174,0.002213,0.002251,0.002213,0.002213,0.002213,0.002251,0.002213,0.002251,0.002213,0.002213,0.002174,0.002251,0.002251,0.002174,0.002174,0.002174,0.002174,0.002213,0.002174,0.002174,0.002136,0.002098,0.002098,0.002136,0.002136,0.002098,0.002174,0.002136,0.002136,0.002136,0.002174,0.002213,0.002213,0.002174,0.002213,0.002213,0.002251,0.002213,0.002213,0.002213,0.002213,0.002174,0.002213,0.002174,0.002213,0.002174,0.002136,0.002136,0.002136,0.002098,0.002098,0.002060,0.002022,0.002022,0.002060,0.001984,0.001984,0.001984,0.002060,0.001907,0.001945,0.001984,0.001984,0.001984,0.001945,0.001907,0.001984,0.001945,0.001984,0.001945,0.001984,0.002022,0.002022,0.001984,0.002022,0.001945,0.001945,0.001984,0.001984,0.001984,0.001984,0.002022,0.001984,0.001984,0.002022,0.001984,0.001984,0.002022,0.001984,0.002022,0.002022,0.001984,0.002022,0.002060,0.002022,0.001984,0.002022,0.002022,0.001984,0.001945,0.001945,0.001945,0.001984,0.001945,0.001945,0.002022,0.001945,0.001945,0.001945,0.002022,0.001984,0.001945,0.001945,0.001984,0.002022,0.001984,0.001984,0.002022,0.002022,0.002022,0.001984,0.002022,0.002060,0.002060,0.002022,0.001984,0.002022,0.002060,0.002022,0.002060,0.002060,0.002060,0.002136,0.002098,0.002098,0.002136,0.002060,0.002136,0.002136,0.002098,0.002060,0.002060,0.002098,0.002060,0.002098,0.002060,0.002022,0.002022,0.002060,0.001984,0.001984,0.002022,0.002022,0.001984,0.002022,0.001984,0.001945,0.001984,0.001984,0.001984,0.001984,0.002022,0.001984,0.002022,0.001984,0.001984,0.001984,0.001907,0.001907,0.001907,0.001945,0.001984,0.001984,0.002022,0.002022,0.001984,0.001984,0.001945,0.001984,0.001984,0.002060,0.002022,0.002022,0.002022,0.002022,0.001984,0.002022,0.002060,0.002136,0.002098,0.002098,0.002060,0.002022,0.002098,0.002136,0.002136,0.002098,0.002098,0.002060,0.002060,0.002060,0.002098,0.002060,0.002060,0.002060,0.002060,0.002098,0.002098,0.002136,0.002136,0.002098,0.002060,0.002022,0.002060,0.002060,0.002136,0.002060,0.002060,0.002098,0.002136,0.002098,0.002060,0.002060,0.002022,0.002060,0.002098,0.002098,0.002136,0.002060,0.002060,0.002136,0.002136,0.002136,0.002098,0.002136,0.002060,0.002174,0.002098,0.002136,0.002136,0.002213,0.002174,0.002213,0.002174,0.002213,0.002213,0.002213,0.002213,0.002174,0.002213,0.002136,0.002174,0.002174,0.002251,0.002213,0.002213,0.002174,0.002213,0.002251,0.002251,0.002251,0.002251,0.002251,0.002289,0.002251,0.002251,0.002136,0.002213,0.002251,0.002213,0.002174,0.002174,0.002174,0.002136,0.002136,0.002136,0.002098,0.002136,0.002022,0.002060,0.002022,0.002060,0.002060,0.001984,0.002060,0.002060,0.002022,0.001984,0.001945,0.001984,0.001945,0.001907,0.001984,0.001945,0.001945,0.001945,0.001907,0.001945,0.001945,0.001945,0.001945,0.001907,0.001907,0.001869,0.001945,0.001945,0.001907,0.001984,0.001984,0.001945,0.001984,0.001945,0.001907,0.002022,0.001984,0.002022,0.002022,0.001945,0.001984,0.002022,0.001984,0.001945,0.002022,0.002022,0.002022,0.001984,0.001984,0.002022,0.001984,0.001945,0.002022,0.002060,0.002022,0.001984,0.002022,0.001984,0.001984,0.002022,0.002060,0.002022,0.002060,0.002022,0.002022,0.002022,0.002060,0.002060,0.001984,0.002136,0.002098,0.002060,0.002060,0.002060,0.002136,0.002060,0.002098,0.002098,0.002098,0.002098,0.002060,0.002174,0.002136,0.002098,0.002174,0.002213,0.002213,0.002174,0.002136,0.002213,0.002213,0.002174,0.002174,0.002136,0.002136,0.002098,0.002098,0.002136,0.002022,0.002022,0.002022,0.001984,0.002022,0.001984,0.001907,0.001984,0.001907,0.001907,0.001831,0.001831,0.001793,0.001793,0.001793,0.001793,0.001831,0.001793,0.001793,0.001755,0.001831,0.001793,0.001831,0.001869,0.001831,0.001831,0.001831,0.001907,0.001907,0.001907,0.001869,0.001945,0.001945,0.001984,0.001984,0.001984,0.001907,0.001869,0.001869,0.001945,0.001907,0.001907,0.001907,0.001869,0.001869,0.001831,0.001869,0.001869,0.001869,0.001907,0.001869,0.001831,0.001831,0.001831,0.001831,0.001831,0.001869,0.001831,0.001869,0.001869,0.001869,0.001831,0.001869,0.001831,0.001907,0.001869,0.001945,0.001945,0.001945,0.001984,0.002022,0.002060,0.001984,0.002060,0.002098,0.002174,0.002136,0.002174,0.002213,0.002213,0.002213,0.002213,0.002251,0.002251,0.002251,0.002289,0.002289,0.002251,0.002289,0.002289,0.002327,0.002365,0.002365,0.002403,0.002403,0.002365,0.002403,0.002403,0.002480,0.002518,0.002518,0.002480,0.002480,0.002480,0.002441,0.002480,0.002480,0.002518,0.002480,0.002518,0.002480,0.002480,0.002480,0.002441,0.002441,0.002480,0.002480,0.002480,0.002441,0.002403,0.002403,0.002403,0.002327,0.002289,0.002365,0.002289,0.002327,0.002251,0.002213,0.002213,0.002174,0.002174,0.002174,0.002174,0.002174,0.002136,0.002098,0.002136,0.002136,0.002098,0.002022,0.002098,0.002098,0.002060,0.002098,0.002022,0.002098,0.002098,0.002098,0.002136,0.002098,0.002098,0.002098,0.002136,0.002060,0.002060,0.002060,0.002022,0.002060,0.002022,0.002022,0.001984,0.002022,0.002022,0.001984,0.001984,0.001984,0.001984,0.001984,0.001907,0.001907,0.001945,0.001907,0.001907,0.001869,0.001907,0.001907,0.001869,0.001831,0.001831,0.001831,0.001869,0.001831,0.001793,0.001869,0.001793,0.001831,0.001907,0.001869,0.001907,0.001831,0.001907,0.001831,0.001869,0.001869,0.001831,0.001869,0.001907,0.001945,0.001945,0.001984,0.001945,0.001945,0.001984,0.002022,0.001984,0.002022,0.002060,0.002022,0.002060,0.002022,0.002022,0.002022,0.002022,0.002022,0.001984,0.001945,0.001984,0.002022,0.001945,0.001945,0.001984,0.002022,0.002022,0.002022,0.002022,0.002022,0.002022,0.002022,0.002022,0.002060,0.002098,0.002060,0.002022,0.002098,0.002098,0.002060,0.002060,0.002060,0.002060,0.002060,0.002060,0.002098,0.002098,0.002098,0.002136,0.002136,0.002174,0.002136,0.002136,0.002174,0.002136,0.002136,0.002098,0.002136,0.002098,0.002136,0.002136,0.002174,0.002213,0.002174,0.002136,0.002136,0.002174,0.002098,0.002060,0.002098,0.002136,0.002136,0.002098,0.002136,0.002136,0.002098,0.002136,0.002136,0.002136,0.002174,0.002174,0.002174,0.002174,0.002213,0.002213,0.002213,0.002251,0.002213,0.002213,0.002251,0.002251,0.002213,0.002213,0.002213,0.002251,0.002174,0.002174,0.002174,0.002136,0.002098,0.002136,0.002136,0.002213,0.002174,0.002098,0.002098,0.002136,0.002136,0.002098,0.002098,0.002174,0.002098,0.002136,0.002136,0.002098,0.002136,0.002136,0.002136,0.002136,0.002136,0.002098,0.002098,0.002136,0.002213,0.002136,0.002136,0.002174,0.002174,0.002174,0.002136,0.002174,0.002174,0.002174,0.002136,0.002174,0.002174,0.002136,0.002098,0.002174,0.002174,0.002098,0.002098,0.002098,0.002098,0.002136,0.002098,0.002098,0.002098,0.002136,0.002174,0.002174,0.002136,0.002136,0.002098,0.002174,0.002136,0.002136,0.002136,0.002174,0.002174,0.002098,0.002136,0.002098,0.002136,0.002098,0.002060,0.002060,0.002098,0.002060,0.002060,0.002060,0.002060,0.002174,0.002098,0.002060,0.002098,0.002060,0.002022,0.002060,0.002098,0.002098,0.002060,0.002022,0.002022,0.002060,0.002098,0.002060,0.002022,0.002060,0.001984,0.002022,0.002060,0.002060,0.002022,0.002022,0.002022,0.002022,0.002022,0.002060,0.002098,0.002060,0.002060,0.002098,0.002098,0.002136,0.002098,0.002098,0.002174,0.002136,0.002136,0.002136,0.002174,0.002136,0.002136,0.002136,0.002213,0.002213,0.002174,0.002251,0.002136,0.002174,0.002174,0.002174,0.002174,0.002213,0.002213,0.002251,0.002213,0.002174,0.002174,0.002213,0.002213,0.002213,0.002174,0.002251,0.002213,0.002213,0.002174,0.002136,0.002174,0.002213,0.002251,0.002136,0.002098,0.002174,0.002136,0.002098,0.002174,0.002098,0.002098,0.002098,0.002060,0.002060,0.002060,0.002022,0.002022,0.002060,0.002022,0.002022,0.002022,0.001945,0.001945,0.001984,0.001984,0.001869,0.001907,0.001907,0.001869,0.001831,0.001907,0.001945,0.001907,0.001907,0.001869,0.001869,0.001907,0.001907,0.001869,0.001869,0.001945,0.001907,0.001945,0.001945,0.001945,0.002022,0.002022,0.002022,0.002060,0.002060,0.002060,0.002060,0.002098,0.002098,0.002098,0.002098,0.002098,0.002136,0.002098,0.002136,0.002136,0.002098,0.002136,0.002136,0.002136,0.002136,0.002098,0.002060,0.002098,0.002174,0.002136,0.002098,0.002060,0.002022,0.002060,0.001984,0.002060,0.002022,0.002022,0.002022,0.002022,0.002022,0.002098,0.002060,0.002060,0.002022,0.002022,0.002060,0.002060,0.002060,0.002022,0.002022,0.002022,0.002060,0.002022,0.002060,0.002098,0.002022,0.002022,0.002060,0.002098,0.002098,0.001984,0.002060,0.002022,0.001984,0.002022,0.002022,0.002022,0.001984,0.002022,0.002022,0.001984,0.001945,0.001945,0.001984,0.001907,0.001945,0.001907,0.001945,0.001984,0.001945,0.001984,0.001945,0.001907,0.001945,0.001984,0.002060,0.002060,0.002022,0.002022,0.002060,0.002060,0.002060,0.002098,0.002060,0.002098,0.002136,0.002136,0.002136,0.002060,0.002098,0.002174,0.002136,0.002136,0.002174,0.002174,0.002136,0.002136,0.002136,0.002098,0.002136,0.002136,0.002136,0.002136,0.002136,0.002098,0.002060,0.002098,0.002060,0.002098,0.002136,0.002098,0.002174,0.002136,0.002174,0.002136,0.002136,0.002098,0.002174,0.002251,0.002174,0.002136,0.002136,0.002136,0.002213,0.002136,0.002136,0.002174,0.002098,0.002136,0.002136,0.002098,0.002098,0.002098,0.002098,0.002098,0.002098,0.002060,0.002098,0.002060,0.002098,0.002098,0.002098,0.002098,0.002060,0.002060,0.001984,0.002060,0.002022,0.001984,0.001984,0.002060,0.002022,0.002022,0.002060,0.002060,0.001945,0.001945,0.001984,0.001945,0.001984,0.001984,0.001984,0.002022,0.001984,0.001984,0.001907,0.001984,0.001984,0.001984,0.001945,0.001984,0.001984,0.001984,0.002022,0.002022,0.001984,0.002022,0.002022,0.002022,0.002022,0.002022,0.002060,0.002060,0.001984,0.002022,0.002022,0.002060,0.002098,0.002022,0.002022,0.002060,0.002022,0.002022,0.001984,0.002060,0.002022,0.002060,0.002060,0.002098,0.002098,0.002022,0.002060,0.002060,0.002098,0.002060,0.002098,0.002022,0.002098,0.002098,0.002098,0.002022,0.002098,0.002060,0.002022,0.002022,0.002060,0.002136,0.002098,0.002060,0.002060,0.002060,0.002098,0.002098,0.002098,0.002060,0.002098,0.002098,0.002098,0.002098,0.002060,0.002098,0.002098,0.002060,0.002060,0.002060,0.001984,0.002022,0.002022,0.001984,0.001984,0.001945,0.001984,0.001984,0.001945,0.001907,0.001907,0.001907,0.001907,0.001831,0.001869,0.001869,0.001869,0.001869,0.001907,0.001831,0.001831,0.001793,0.001831,0.001869,0.001831,0.001831,0.001793,0.001831,0.001869,0.001907,0.001869,0.001907,0.001907,0.002022,0.001945,0.001945,0.001984,0.001984,0.002022,0.002022,0.002060,0.002022,0.002060,0.002098,0.002098,0.002098,0.002136,0.002098,0.002136,0.002136,0.002174,0.002136,0.002136,0.002136,0.002136,0.002136,0.002136,0.002060,0.002098,0.002098,0.002098,0.002060,0.002022,0.002060,0.002098,0.002060,0.002136,0.002060,0.002060,0.002136,0.002098,0.002060,0.002060,0.002098,0.001984,0.002022,0.002060,0.002060,0.002060,0.002098,0.002098,0.002060,0.002060,0.002060,0.002022,0.002098,0.002098,0.002136,0.002098,0.002098,0.002098,0.002136,0.002136,0.002098,0.002136,0.002174,0.002136,0.002136,0.002251,0.002174,0.002174,0.002174,0.002136,0.002136,0.002136,0.002136,0.002136,0.002136,0.002136,0.002174,0.002098,0.002098,0.002098,0.002098,0.002136,0.002098,0.002098,0.002060,0.002060,0.002022,0.002060,0.002060,0.002022,0.002060,0.002022,0.002060,0.002060,0.002060,0.002098,0.002060,0.002022,0.002060,0.002022,0.002022,0.001984,0.001984,0.001945,0.001984,0.001984,0.001945,0.001945,0.001907,0.001945,0.001945,0.001984,0.001945,0.001984,0.001984,0.001984,0.001984,0.001984,0.001945,0.002022,0.001984,0.001984,0.001984,0.002022,0.002060,0.002060,0.002022,0.002022,0.001984,0.001984,0.002060,0.002022,0.001984,0.002022,0.001984,0.002022,0.002022,0.002022,0.001945,0.002060,0.002022,0.002022,0.002022,0.002060,0.002060,0.002022,0.002022,0.001984,0.002060,0.002060,0.002022,0.002022,0.001984,0.002022,0.002060,0.002060,0.002098,0.002098,0.002022,0.001984,0.001984,0.002022,0.002098,0.002060,0.002098,0.002022,0.002022,0.002022,0.002022,0.002022,0.001984,0.002060,0.002022,0.002022,0.002060,0.002098,0.002060,0.002060,0.002098,0.002098,0.002098,0.002060,0.002060,0.002060,0.002098,0.002098,0.002174,0.002174,0.002136,0.002098,0.002213,0.002213,0.002136,0.002213,0.002251,0.002289,0.002289,0.002213,0.002251,0.002251,0.002251,0.002251,0.002213,0.002289,0.002327,0.002289,0.002251,0.002289,0.002251,0.002213,0.002213,0.002251,0.002213,0.002174,0.002174,0.002251,0.002251,0.002174,0.002174,0.002174,0.002136,0.002136,0.002098,0.002136,0.002098,0.002022,0.001984,0.002060,0.002060,0.002098,0.002098,0.001984,0.002022,0.001984,0.002022,0.002022,0.001945,0.001984,0.002022,0.001984,0.002022,0.002060,0.002060,0.001984,0.002022,0.002060,0.002060,0.002022,0.002060,0.002022,0.002022,0.002060,0.002060,0.002060,0.002060,0.002098,0.002060,0.002022,0.002060,0.002098,0.002060,0.002060,0.002098,0.002098,0.002060,0.002060,0.002136,0.002098,0.002136,0.002136,0.002174,0.002136,0.002174,0.002213,0.002174,0.002174,0.002174,0.002251,0.002174,0.002174,0.002213,0.002213,0.002251,0.002213,0.002289,0.002251,0.002251,0.002213,0.002174,0.002213,0.002213,0.002174,0.002174,0.002136,0.002098,0.002136,0.002136,0.002136,0.002098,0.002060,0.002060,0.002098,0.002098,0.002098,0.002060,0.001984,0.002022,0.002022,0.001984,0.001984,0.001984,0.002022,0.001945,0.001945,0.001984,0.001945,0.001984,0.001984,0.001945,0.001945,0.001945,0.001984,0.002022,0.002022,0.001984,0.001945,0.001945,0.001984,0.001945,0.002022,0.002060,0.001984,0.001984,0.001984,0.002022,0.002022,0.002022,0.002022,0.002022,0.002060,0.002098,0.002098,0.002174,0.002098,0.002174,0.002174,0.002213,0.002174,0.002213,0.002136,0.002174,0.002174,0.002136,0.002174,0.002136,0.002174,0.002098,0.002136,0.002136,0.002098,0.002060,0.002022,0.002022,0.002060,0.002060,0.001984,0.002022,0.001945,0.001907,0.001984,0.001945,0.001984,0.001907,0.001907,0.001945,0.001984,0.001907,0.001945,0.001945,0.001945,0.001907,0.001945,0.001945,0.001945,0.001945,0.002022,0.001984,0.001984,0.002022,0.002060,0.002098,0.002136,0.002098,0.002174,0.002136,0.002174,0.002174,0.002213,0.002213,0.002213,0.002213,0.002251,0.002251,0.002251,0.002251,0.002289,0.002289,0.002251,0.002289,0.002213,0.002289,0.002251,0.002289,0.002174,0.002213,0.002289,0.002327,0.002251,0.002213,0.002251,0.002327,0.002251,0.002213,0.002213,0.002251,0.002251,0.002213,0.002213,0.002213,0.002213,0.002174,0.002213,0.002289,0.002251,0.002251,0.002251,0.002251,0.002251,0.002251,0.002251,0.002251,0.002174,0.002251,0.002251,0.002251,0.002251,0.002213,0.002213,0.002213,0.002213,0.002213,0.002251,0.002251,0.002251,0.002213,0.002213,0.002213,0.002251,0.002251,0.002251,0.002251,0.002213,0.002251,0.002213,0.002213,0.002251,0.002289,0.002251,0.002136,0.002213,0.002251,0.002251,0.002174,0.002213,0.002213,0.002213,0.002213,0.002251,0.002251,0.002213,0.002174,0.002136,0.002174,0.002136,0.002136,0.002136,0.002098,0.002098,0.002174,0.002098,0.002098,0.002098,0.002136,0.002136,0.002136,0.002060,0.002098,0.002060,0.002022,0.002060,0.002060,0.002060,0.002022,0.002060,0.002060,0.002060,0.001945,0.001984,0.001984,0.001907,0.001869,0.001945,0.001907,0.001869,0.001907,0.001907,0.001831,0.001869,0.001907,0.001869,0.001831,0.001793,0.001831,0.001831,0.001831,0.001831,0.001831,0.001907,0.001869,0.001869,0.001831,0.001831,0.001907,0.001945,0.001907,0.001907,0.001945,0.001907,0.001907,0.001984,0.002060,0.001984,0.001984,0.001984,0.002022,0.002022,0.002022,0.002022,0.001984,0.002060,0.002022,0.002060,0.002098,0.002098,0.002022,0.002022,0.002022,0.002098,0.002136,0.002060,0.002098,0.002098,0.002136,0.002174,0.002136,0.002098,0.002060,0.002136,0.002174,0.002174,0.002213,0.002213,0.002213,0.002174,0.002174,0.002213,0.002213,0.002213,0.002174,0.002136,0.002174,0.002213,0.002174,0.002213,0.002213,0.002174,0.002098,0.002060,0.002098,0.002098,0.002060,0.002098,0.002022,0.002022,0.002060,0.001984,0.001945,0.001984,0.001984,0.001984,0.001907,0.001907,0.001945,0.002022,0.001945,0.001907,0.001945,0.001945,0.001945,0.001907,0.001907,0.001945,0.001945,0.001945,0.001907,0.001907,0.001869,0.001907,0.001907,0.001945,0.001984,0.001945,0.001945,0.001945,0.001907,0.001945,0.001907,0.001907,0.001869,0.001945,0.001945,0.001907,0.001907,0.001907,0.001907,0.001945,0.001945,0.001984,0.001945,0.001984,0.002022,0.001984,0.001984,0.002022,0.002022,0.001984,0.002022,0.001984,0.002098,0.001984,0.002060,0.002060,0.002060,0.002098,0.002060,0.002098,0.002098,0.002136,0.002136,0.002136,0.002098,0.002136,0.002136,0.002136,0.002098,0.002136,0.002136,0.002136,0.002136,0.002060,0.002060,0.002136,0.002136,0.002060,0.002060,0.002136,0.002098,0.002060,0.002060,0.002098,0.002174,0.002136,0.002022,0.002098,0.002060,0.002060,0.002098,0.002098,0.002098,0.002098,0.002098,0.002136,0.002060,0.002022,0.002098,0.002136,0.002098,0.002060,0.002060,0.002060,0.002060,0.002060,0.002022,0.002022,0.002060,0.002022,0.002022,0.001984,0.001984,0.001984,0.002022,0.002022,0.001945,0.001907,0.001945,0.001945,0.001945,0.001945,0.001945,0.001945,0.001984,0.001869,0.001907,0.001984,0.001907,0.001945,0.001945,0.001907,0.001984,0.001945,0.001945,0.001984,0.002022,0.001945,0.001984,0.002022,0.002022,0.001984,0.001984,0.001984,0.002060,0.002060
34,19:00:00.000,12/31/1903,0.000000,0.100000,UNKNOWN,1,0/0,0.000000,0.000000,0.000000,0.000000,0.000000,0.000000,0.000000,0.000000,0,0,0,0,0.002136,0.002136,0.002136,0.002136,0.002060,0.002136,0.002136,0.002098,0.002098,0.002136,0.002098,0.002022,0.002060,0.002136,0.002136,0.002098,0.002098,0.002060,0.002098,0.002098,0.002098,0.002098,0.002022,0.002098,0.002060,0.002060,0.002098,0.002098,0.002098,0.002060,0.002098,0.002098,0.002060,0.002098,0.002098,0.002022,0.002098,0.002098,0.002098,0.002060,0.002022,0.002098,0.002060,0.002022,0.002022,0.002022,0.002022,0.002060,0.002060,0.001984,0.002022,0.002022,0.002022,0.002060,0.002022,0.002022,0.001984,0.002022,0.002022,0.002022,0.002022,0.002022,0.002022,0.001945,0.001984,0.001984,0.001945,0.001984,0.001984,0.001984,0.001984,0.001984,0.001945,0.001984,0.001945,0.001984,0.001984,0.001984,0.001984,0.001945,0.001945,0.001945,0.001984,0.001945,0.001984,0.002022,0.001907,0.001945,0.001907,0.001945,0.001984,0.001945,0.001945,0.001984,0.001907,0.001945,0.001945,0.001984,0.001984,0.001984,0.001945,0.001945,0.002022,0.001984,0.001984,0.002022,0.001984,0.002022,0.002022,0.002022,0.001984,0.002022,0.002060,0.002022,0.001945,0.001984,0.001984,0.001984,0.002022,0.002060,0.002022,0.001984,0.002060,0.002022,0.002022,0.002022,0.002060,0.002022,0.001984,0.002022,0.002022,0.001984,0.002022,0.001984,0.002098,0.001984,0.001984,0.002022,0.002060,0.002060,0.001984,0.002060,0.002060,0.002060,0.002060,0.002022,0.002022,0.002022,0.001984,0.002022,0.001984,0.002022,0.001945,0.002022,0.002060,0.002060,0.002060,0.002060,0.002098,0.002060,0.002060,0.002060,0.002060,0.002060,0.002022,0.002060,0.002060,0.002022,0.002098,0.002098,0.002060,0.002060,0.002098,0.002098,0.002060,0.002060,0.002098,0.002136,0.002136,0.002098,0.002136,0.002060,0.002098,0.002098,0.002060,0.002098,0.002098,0.002136,0.002098,0.002098,0.002060,0.002060,0.002098,0.002060,0.002098,0.002060,0.002022,0.002060,0.002060,0.002098,0.002060,0.002060,0.002098,0.002060,0.002022,0.002098,0.002022,0.002060,0.002060,0.002098,0.002098,0.002098,0.002098,0.002060,0.002098,0.002098,0.002098,0.002060,0.002060,0.002060,0.001984,0.002098,0.002136,0.002098,0.002098,0.002098,0.002060,0.002060,0.002136,0.002136,0.002136,0.002136,0.002060,0.002136,0.002174,0.002136,0.002098,0.002098,0.002060,0.002098,0.002098,0.002136,0.002136,0.002213,0.002174,0.002098,0.002136,0.002098,0.002098,0.002136,0.002098,0.002174,0.002060,0.002098,0.002136,0.002098,0.002136,0.002098,0.002098,0.002098,0.002060,0.002060,0.002060,0.002098,0.002098,0.002060,0.002098,0.002098,0.002098,0.002098,0.002098,0.002060,0.001984,0.002098,0.002060,0.002060,0.002022,0.002060,0.002098,0.002022,0.002060,0.002060,0.002060,0.002060,0.002022,0.002060,0.001984,0.002022,0.002022,0.002022,0.002060,0.002060,0.002022,0.002022,0.001984,0.002022,0.002060,0.002060,0.002022,0.002060,0.002022,0.002022,0.002060,0.002022,0.001984,0.001984,0.002022,0.002060,0.002022,0.001984,0.002060,0.001984,0.001984,0.002022,0.002060,0.001945,0.001945,0.001984,0.001984,0.002022,0.001945,0.001984,0.002060,0.002060,0.002060,0.001945,0.001984,0.001984,0.001945,0.002060,0.001984,0.002022,0.002022,0.001984,0.002060,0.002060,0.001984,0.001984,0.001984,0.002022,0.001984,0.002060,0.002022,0.002060,0.002022,0.002022,0.001984,0.002022,0.001984,0.002098,0.002022,0.002060,0.002022,0.002022,0.002022,0.001984,0.002022,0.002022,0.002060,0.002060,0.001984,0.002060,0.001984,0.002022,0.002022,0.002098,0.002022,0.001984,0.002022,0.002022,0.002022,0.002060,0.002022,0.002060,0.002022,0.002060,0.002022,0.001984,0.002022,0.002060,0.002022,0.002060,0.002060,0.002022,0.002022,0.002060,0.002060,0.002060,0.002060,0.002022,0.002098,0.002060,0.002060,0.002060,0.002060,0.002136,0.002060,0.002098,0.002060,0.002022,0.002098,0.002136,0.002136,0.002098,0.002022,0.002098,0.002098,0.002098,0.002060,0.002136,0.002136,0.002098,0.002136,0.002098,0.002136,0.002174,0.002136,0.002136,0.002136,0.002136,0.002136,0.002136,0.002136,0.002098,0.002136,0.002174,0.002098,0.002060,0.002098,0.002174,0.002098,0.002060,0.002136,0.002098,0.002174,0.002136,0.002098,0.002136,0.002136,0.002136,0.002098,0.002136,0.002060,0.002060,0.002098,0.002060,0.002098,0.002098,0.002098,0.002060,0.002098,0.002022,0.002098,0.002060,0.002060,0.001984,0.002060,0.002022,0.002022,0.002022,0.002022,0.002060,0.002060,0.002060,0.002022,0.001984,0.002060,0.001984,0.002022,0.002022,0.001945,0.002022,0.001945,0.001984,0.001945,0.001945,0.002022,0.001984,0.001984,0.002022,0.002022,0.002022,0.001984,0.001945,0.001945,0.001984,0.001984,0.001945,0.001984,0.001984,0.001945,0.001907,0.001945,0.001945,0.001945,0.001945,0.002022,0.001984,0.001984,0.001945,0.002022,0.001984,0.001907,0.001907,0.001945,0.001945,0.001945,0.001907,0.001984,0.001945,0.001984,0.001945,0.001984,0.001945,0.001984,0.001984,0.001984,0.001984,0.001945,0.001984,0.001984,0.001984,0.002022,0.002022,0.001984,0.001984,0.001945,0.002022,0.002022,0.001907,0.001945,0.001984,0.002022,0.001984,0.002022,0.002060,0.002022,0.002022,0.001984,0.002022,0.002022,0.001984,0.002022,0.001984,0.002022,0.002022,0.001984,0.002060,0.002098,0.002060,0.002098,0.002022,0.002060,0.002022,0.002098,0.002098,0.002098,0.002136,0.002098,0.002098,0.002060,0.002136,0.002060,0.002098,0.002060,0.002098,0.002098,0.002136,0.002098,0.002060,0.002136,0.002098,0.002136,0.002098,0.002060,0.002060,0.002098,0.002098,0.002136,0.002098,0.002060,0.002098,0.002136,0.002098,0.002022,0.002022,0.002060,0.002060,0.002174,0.002060,0.002060,0.002060,0.002060,0.002060,0.002060,0.002022,0.002060,0.002022,0.002060,0.001984,0.002022,0.002060,0.002022,0.002022,0.002060,0.002098,0.002022,0.001984,0.001984,0.002060,0.002022,0.002022,0.002022,0.002022,0.002022,0.001984,0.001984,0.001984,0.002022,0.002022,0.001984,0.002022,0.001984,0.001984,0.001984,0.002022,0.002022,0.001984,0.002022,0.002060,0.002060,0.001984,0.002022,0.002022,0.001984,0.002060,0.002022,0.001984,0.001984,0.002022,0.002022,0.001984,0.002022,0.002022,0.002022,0.002022,0.002022,0.002022,0.002022,0.002022,0.002060,0.002022,0.002022,0.002022,0.001984,0.001945,0.001984,0.001984,0.001984,0.002060,0.001945,0.001945,0.001984,0.002022,0.002022,0.002060,0.002022,0.002060,0.001984,0.002022,0.002022,0.001984,0.002022,0.002022,0.002022,0.001984,0.001984,0.002060,0.002060,0.002060,0.002022,0.001984,0.002022,0.001984,0.001984,0.001984,0.002022,0.001907,0.001945,0.001984,0.001907,0.001984,0.001945,0.001907,0.001907,0.001869,0.001907,0.001907,0.001869,0.001831,0.001831,0.001869,0.001869,0.001793,0.001831,0.001793,0.001793,0.001717,0.001678,0.001640,0.001564,0.001640,0.001564,0.001526,0.001488,0.001526,0.001488,0.001488,0.001450,0.001411,0.001411,0.001411,0.001450,0.001488,0.001450,0.001526,0.001564,0.001602,0.001793,0.001831,0.001984,0.002136,0.002365,0.002556,0.002747,0.003052,0.003319,0.003624,0.003929,0.004234,0.004616,0.004921,0.005341,0.005684,0.005989,0.006371,0.006676,0.006981,0.007210,0.007362,0.007439,0.007477,0.007401,0.007248,0.007057,0.006714,0.006218,0.005875,0.005341,0.004807,0.004196,0.003624,0.003128,0.002480,0.001907,0.001297,0.000648,0.000076,-0.000496,-0.001068,-0.001755,-0.002365,-0.002937,-0.003548,-0.004082,-0.004539,-0.004921,-0.005150,-0.005379,-0.005455,-0.005417,-0.005264,-0.005035,-0.004768,-0.004349,-0.003967,-0.003433,-0.002937,-0.002441,-0.001869,-0.001411,-0.000877,-0.000420,0.000000,0.000420,0.000725,0.001106,0.001335,0.001526,0.001793,0.001907,0.002060,0.002251,0.002327,0.002403,0.002480,0.002518,0.002632,0.002670,0.002747,0.002823,0.002861,0.002975,0.002975,0.003090,0.003090,0.003242,0.003242,0.003319,0.003395,0.003433,0.003624,0.003700,0.003777,0.003891,0.004082,0.004196,0.004234,0.004425,0.004501,0.004578,0.004616,0.004654,0.004692,0.004730,0.004692,0.004692,0.004616,0.004539,0.004463,0.004387,0.004311,0.004234,0.004120,0.004044,0.003929,0.003777,0.003662,0.003548,0.003357,0.003281,0.003166,0.003014,0.002899,0.002823,0.002670,0.002594,0.002480,0.002403,0.002327,0.002289,0.002213,0.002174,0.002060,0.001984,0.001945,0.001945,0.001869,0.001831,0.001793,0.001793,0.001717,0.001755,0.001678,0.001678,0.001755,0.001755,0.001831,0.001831,0.001831,0.001907,0.001984,0.002022,0.002022,0.002022,0.002022,0.001984,0.001984,0.001984,0.001945,0.001945,0.001907,0.001869,0.001831,0.001793,0.001755,0.001755,0.001717,0.001755,0.001717,0.001678,0.001640,0.001678,0.001678,0.001640,0.001602,0.001564,0.001564,0.001450,0.001450,0.001488,0.001411,0.001411,0.001335,0.001411,0.001411,0.001488,0.001526,0.001564,0.001640,0.001678,0.001717,0.001717,0.001831,0.001869,0.001831,0.001907,0.001907,0.001869,0.001869,0.001831,0.001831,0.001793,0.001793,0.001793,0.001831,0.001793,0.001869,0.001869,0.001907,0.001907,0.001907,0.001945,0.001945,0.001945,0.001945,0.001945,0.001907,0.001869,0.001831,0.001869,0.001869,0.001831,0.001755,0.001755,0.001793,0.001793,0.001831,0.001831,0.001869,0.001945,0.002022,0.002022,0.002060,0.002136,0.002213,0.002251,0.002327,0.002403,0.002480,0.002480,0.002480,0.002518,0.002632,0.002556,0.002480,0.002480,0.002403,0.002365,0.002289,0.002213,0.002174,0.002098,0.002022,0.001984,0.001869,0.001793,0.001831,0.001793,0.001831,0.001831,0.001793,0.001831,0.001869,0.001831,0.001831,0.001907,0.001831,0.001831,0.001793,0.001793,0.001755,0.001755,0.001678,0.001640,0.001678,0.001526,0.001488,0.001488,0.001450,0.001411,0.001373,0.001335,0.001335,0.001297,0.001373,0.001335,0.001335,0.001297,0.001335,0.001335,0.001411,0.001450,0.001373,0.001411,0.001450,0.001526,0.001526,0.001564,0.001678,0.001717,0.001755,0.001793,0.001945,0.002060,0.002098,0.002174,0.002251,0.002289,0.002365,0.002480,0.002480,0.002556,0.002632,0.002670,0.002708,0.002747,0.002747,0.002785,0.002708,0.002747,0.002747,0.002747,0.002708,0.002632,0.002632,0.002632,0.002670,0.002594,0.002632,0.002594,0.002594,0.002556,0.002556,0.002594,0.002518,0.002556,0.002556,0.002480,0.002480,0.002441,0.002441,0.002441,0.002327,0.002327,0.002213,0.002213,0.002213,0.002174,0.002136,0.002136,0.002098,0.002060,0.002136,0.002098,0.002098,0.002098,0.002098,0.002098,0.002060,0.002098,0.002136,0.002098,0.002098,0.002060,0.002060,0.002060,0.002060,0.002060,0.002022,0.002060,0.002060,0.002022,0.002060,0.002098,0.002136,0.002136,0.002174,0.002174,0.002251,0.002289,0.002327,0.002327,0.002441,0.002480,0.002518,0.002556,0.002556,0.002556,0.002594,0.002594,0.002594,0.002556,0.002556,0.002480,0.002480,0.002403,0.002327,0.002213,0.002098,0.002060,0.002022,0.001945,0.001945,0.001831,0.001793,0.001793,0.001678,0.001678,0.001678,0.001640,0.001678,0.001640,0.001640,0.001717,0.001793,0.001793,0.001869,0.001907,0.001907,0.001945,0.001984,0.002060,0.002060,0.002098,0.002174,0.002098,0.002174,0.002136,0.002136,0.002098,0.002098,0.002060,0.002022,0.002060,0.001984,0.001945,0.001907,0.001869,0.001831,0.001831,0.001831,0.001793,0.001755,0.001717,0.001678,0.001640,0.001640,0.001602,0.001602,0.001640,0.001564,0.001564,0.001526,0.001526,0.001526,0.001564,0.001602,0.001602,0.001640,0.001602,0.001678,0.001640,0.001717,0.001717,0.001831,0.001831,0.001831,0.001869,0.001907,0.001945,0.001945,0.001984,0.001945,0.002022,0.002022,0.002060,0.002098,0.002098,0.002136,0.002098,0.002098,0.002136,0.002213,0.002098,0.002098,0.002136,0.002098,0.002213,0.002213,0.002174,0.002174,0.002174,0.002213,0.002174,0.002213,0.002174,0.002136,0.002136,0.002098,0.002098,0.002136,0.002098,0.002098,0.002098,0.002136,0.002098,0.002098,0.002174,0.002136,0.002136,0.002136,0.002136,0.002174,0.002174,0.002213,0.002213,0.002213,0.002136,0.002174,0.002213,0.002174,0.002136,0.002174,0.002098,0.002098,0.002060,0.002060,0.002022,0.001984,0.001907,0.001869,0.001945,0.001907,0.001831,0.001831,0.001755,0.001755,0.001755,0.001793,0.001717,0.001717,0.001755,0.001678,0.001678,0.001678,0.001602,0.001640,0.001640,0.001640,0.001602,0.001640,0.001678,0.001678,0.001717,0.001717,0.001678,0.001755,0.001755,0.001831,0.001831,0.001907,0.001984,0.001984,0.002022,0.002022,0.002060,0.002174,0.002213,0.002289,0.002289,0.002327,0.002365,0.002327,0.002365,0.002403,0.002403,0.002441,0.002441,0.002403,0.002480,0.002518,0.002480,0.002441,0.002441,0.002480,0.002480,0.002518,0.002480,0.002441,0.002480,0.002441,0.002480,0.002480,0.002480,0.002518,0.002480,0.002480,0.002441,0.002403,0.002365,0.002327,0.002251,0.002289,0.002289,0.002213,0.002213,0.002174,0.002098,0.002060,0.001984,0.002022,0.001945,0.001984,0.001945,0.001945,0.001869,0.001907,0.001945,0.001984,0.001945,0.002022,0.002022,0.001984,0.002022,0.002098,0.002098,0.002213,0.002136,0.002174,0.002174,0.002251,0.002289,0.002289,0.002289,0.002327,0.002327,0.002289,0.002251,0.002251,0.002213,0.002174,0.002213,0.002213,0.002174,0.002098,0.002060,0.002022,0.002022,0.001945,0.001984,0.001907,0.001945,0.001907,0.001869,0.001869,0.001831,0.001755,0.001755,0.001755,0.001755,0.001717,0.001755,0.001678,0.001755,0.001717,0.001678,0.001717,0.001755,0.001717,0.001640,0.001640,0.001755,0.001717,0.001717,0.001717,0.001717,0.001717,0.001717,0.001755,0.001717,0.001755,0.001717,0.001755,0.001717,0.001755,0.001717,0.001717,0.001717,0.001755,0.001793,0.001793,0.001793,0.001793,0.001869,0.001869,0.001907,0.001907,0.001984,0.002022,0.002022,0.002060,0.002098,0.002098,0.002174,0.002174,0.002213,0.002289,0.002251,0.002289,0.002289,0.002289,0.002251,0.002251,0.002289,0.002251,0.002213,0.002213,0.002213,0.002213,0.002174,0.002136,0.002136,0.002136,0.002060,0.002098,0.001984,0.002060,0.002060,0.002060,0.002022,0.002060,0.002060,0.002022,0.002022,0.002060,0.002060,0.002022,0.002022,0.002022,0.002022,0.002022,0.002060,0.002022,0.001984,0.002060,0.002098,0.002060,0.002060,0.002060,0.002098,0.002098,0.002022,0.002098,0.002098,0.002098,0.002060,0.002060,0.002060,0.002098,0.002098,0.002098,0.002098,0.002098,0.002136,0.002098,0.002136,0.002174,0.002174,0.002136,0.002213,0.002174,0.002098,0.002098,0.002060,0.002098,0.002060,0.002060,0.002022,0.002060,0.002060,0.002022,0.001984,0.001984,0.001984,0.002060,0.002022,0.001945,0.002022,0.002022,0.001945,0.001984,0.001984,0.002022,0.002022,0.001984,0.002098,0.002022,0.001984,0.001984,0.001945,0.001984,0.002022,0.002060,0.002098,0.002060,0.002022,0.002060,0.002098,0.002098,0.002136,0.002136,0.002136,0.002174,0.002136,0.002098,0.002098,0.002098,0.002174,0.002098,0.002174,0.002098,0.002098,0.001984,0.001984,0.001984,0.001984,0.001945,0.001945,0.001945,0.001869,0.001869,0.001869,0.001831,0.001793,0.001755,0.001793,0.001831,0.001831,0.001831,0.001793,0.001907,0.001907,0.001869,0.001831,0.001907,0.001907,0.001945,0.001984,0.001984,0.002022,0.001984,0.001984,0.002060,0.002022,0.002022,0.002060,0.002060,0.002022,0.002022,0.002022,0.001984,0.001984,0.001984,0.002022,0.002022,0.001984,0.001984,0.001984,0.001945,0.001945,0.001945,0.001984,0.001984,0.001907,0.001945,0.001907,0.001869,0.001907,0.001907,0.001907,0.001907,0.001831,0.001869,0.001831,0.001869,0.001869,0.001945,0.001907,0.001869,0.001907,0.001945,0.001984,0.001907,0.001945,0.002022,0.002022,0.001984,0.002060,0.002098,0.002060,0.002060,0.002098,0.002098,0.002174,0.002136,0.002174,0.002213,0.002213,0.002213,0.002174,0.002213,0.002251,0.002213,0.002251,0.002251,0.002289,0.002289,0.002289,0.002251,0.002251,0.002213,0.002251,0.002213,0.002213,0.002174,0.002213,0.002213,0.002213,0.002174,0.002136,0.002098,0.002098,0.002098,0.002098,0.002098,0.002098,0.002098,0.002060,0.002098,0.002060,0.002060,0.002022,0.002022,0.001984,0.001984,0.002060,0.001984,0.001984,0.002022,0.002022,0.001984,0.001945,0.002022,0.002060,0.002098,0.002136,0.002098,0.002136,0.002098,0.002174,0.002251,0.002327,0.002289,0.002365,0.002441,0.002403,0.002518,0.002518,0.002556,0.002594,0.002632,0.002670,0.002670,0.002708,0.002670,0.002670,0.002708,0.002670,0.002632,0.002594,0.002594,0.002594,0.002518,0.002518,0.002441,0.002403,0.002403,0.002327,0.002327,0.002251,0.002174,0.002213,0.002174,0.002174,0.002136,0.002060,0.001984,0.001907,0.001869,0.001793,0.001678,0.001640,0.001564,0.001488,0.001297,0.001259,0.001144,0.001068,0.000992,0.000916,0.000916,0.000877,0.000839,0.000801,0.000877,0.000877,0.000954,0.000954,0.001030,0.001144,0.001259,0.001373,0.001450,0.001526,0.001602,0.001755,0.001831,0.001907,0.002022,0.002060,0.002136,0.002136,0.002136,0.002251,0.002289,0.002327,0.002327,0.002327,0.002365,0.002327,0.002365,0.002327,0.002327,0.002289,0.002251,0.002251,0.002136,0.002174,0.002136,0.002136,0.002136,0.002098,0.002136,0.002098,0.002136,0.002136,0.002174,0.002213,0.002213,0.002251,0.002289,0.002327,0.002365,0.002403,0.002480,0.002441,0.002441,0.002518,0.002480,0.002441,0.002441,0.002441,0.002480,0.002441,0.002403,0.002365,0.002365,0.002327,0.002289,0.002289,0.002174,0.002213,0.002098,0.002098,0.002060,0.001984,0.001945,0.001945,0.001984,0.001984,0.001945,0.001945,0.001907,0.001869,0.001907,0.001907,0.001945,0.001869,0.001907,0.001945,0.001907,0.001907,0.001945,0.001984,0.001984,0.001984,0.002022,0.001984,0.001945,0.001984,0.001907,0.001945,0.001984,0.001945,0.001945,0.001907,0.001984,0.001907,0.001907,0.001907,0.001945,0.001945,0.001907,0.001907,0.001945,0.001907,0.001907,0.001945,0.001945,0.001984,0.001984,0.001984,0.001984,0.002060,0.001984,0.001945,0.002022,0.001984,0.001984,0.002022,0.001984,0.002022,0.002060,0.002136,0.002060,0.002098,0.002136,0.002174,0.002174,0.002251,0.002251,0.002251,0.002213,0.002289,0.002289,0.002251,0.002289,0.002289,0.002289,0.002289,0.002327,0.002327,0.002327,0.002365,0.002327,0.002289,0.002289,0.002251,0.002251,0.002251,0.002213,0.002136,0.002213,0.002136,0.002213,0.002213,0.002098,0.002136,0.002136,0.002136,0.002136,0.002098,0.002022,0.002060,0.001984,0.002022,0.001984,0.002098,0.002022,0.001984,0.002060,0.002022,0.002060,0.002060,0.002022,0.002098,0.002098,0.002174,0.002136,0.002136,0.002136,0.002174,0.002136,0.002174,0.002174,0.002213,0.002251,0.002289,0.002289,0.002365,0.002327,0.002251,0.002327,0.002365,0.002365,0.002327,0.002327,0.002327,0.002365,0.002327,0.002289,0.002289,0.002327,0.002251,0.002289,0.002213,0.002174,0.002060,0.002060,0.002022,0.001984,0.001945,0.001907,0.001907,0.001945,0.001869,0.001907,0.001869,0.001831,0.001793,0.001755,0.001793,0.001831,0.001793,0.001755,0.001717,0.001755,0.001755,0.001793,0.001755,0.001717,0.001793,0.001755,0.001755,0.001755,0.001755,0.001755,0.001755,0.001793,0.001755,0.001793,0.001793,0.001831,0.001869,0.001869,0.001869,0.001869,0.001907,0.001907,0.001945,0.001945,0.001945,0.001907,0.001907,0.001945,0.002022,0.002060,0.002022,0.002022,0.002022,0.002098,0.002060,0.002098,0.002136,0.002098,0.002213,0.002174,0.002174,0.002098,0.002098,0.002136,0.002060,0.002098,0.002098,0.002136,0.002060,0.002098,0.002098,0.002022,0.001984,0.002060,0.002098,0.002060,0.002022,0.002060,0.002022,0.002022,0.002060,0.002022,0.002022,0.002060,0.002060,0.002098,0.002060,0.002060,0.002136,0.002098,0.002174,0.002060,0.002098,0.002060,0.002060,0.002060,0.002060,0.002060,0.002022,0.002060,0.002022,0.001907,0.001945,0.001945,0.001907,0.001869,0.001869,0.001907,0.001831,0.001831,0.001869,0.001831,0.001831,0.001831,0.001793,0.001793,0.001755,0.001831,0.001793,0.001831,0.001831,0.001869,0.001945,0.001907,0.001907,0.001907,0.001984,0.001984,0.001984,0.001984,0.001984,0.001984,0.001984,0.001984,0.002060,0.002060,0.002060,0.002022,0.002060,0.002060,0.002022,0.002022,0.002022,0.002022,0.002022,0.001945,0.001984,0.001945,0.001945,0.001984,0.001984,0.002060,0.002022,0.001984,0.002022,0.001984,0.001984,0.002022,0.002022,0.002060,0.002098,0.002098,0.002098,0.002136,0.002174,0.002098,0.002174,0.002174,0.002136,0.002174,0.002174,0.002213,0.002213,0.002213,0.002213,0.002213,0.002289,0.002213,0.002289,0.002213,0.002174,0.002251,0.002174,0.002136,0.002098,0.002136,0.002136,0.002136,0.002136,0.002098,0.002060,0.002060,0.002098,0.002060,0.002022,0.002022,0.002022,0.001984,0.002060,0.002022,0.001984,0.002022,0.002022,0.002060,0.002022,0.002060,0.002060,0.002098,0.002098,0.002098,0.002136,0.002174,0.002174,0.002098,0.002174,0.002251,0.002174,0.002174,0.002174,0.002251,0.002213,0.002213,0.002251,0.002251,0.002213,0.002251,0.002251,0.002251,0.002136,0.002213,0.002289,0.002136,0.002136,0.002136,0.002136,0.002098,0.002098,0.002060,0.002060,0.002022,0.001984,0.001984,0.001984,0.001907,0.001945,0.001945,0.001869,0.001869,0.001869,0.001831,0.001755,0.001793,0.001831,0.001717,0.001717,0.001717,0.001717,0.001678,0.001717,0.001678,0.001640,0.001640,0.001678,0.001640,0.001602,0.001640,0.001640,0.001678,0.001678,0.001717,0.001717,0.001717,0.001678,0.001717,0.001717,0.001717,0.001755,0.001717,0.001640,0.001717,0.001717,0.001755,0.001678,0.001717,0.001755,0.001678,0.001755,0.001755,0.001755,0.001831,0.001831,0.001869,0.001869,0.001907,0.001907,0.001907,0.002022,0.001984,0.002022,0.002098,0.002022,0.002136,0.002060,0.002098,0.002098,0.002136,0.002174,0.002213,0.002213,0.002251,0.002289,0.002251,0.002251,0.002289,0.002365,0.002327,0.002289,0.002327,0.002327,0.002327,0.002327,0.002327,0.002327,0.002365,0.002251,0.002289,0.002289,0.002213,0.002365,0.002251,0.002251,0.002251,0.002174,0.002213,0.002174,0.002174,0.002174,0.002136,0.002098,0.002136,0.002136,0.002022,0.002022,0.002060,0.002022,0.002022,0.002022,0.002022,0.002022,0.001984,0.001984,0.001945,0.001984,0.001984,0.001984,0.001984,0.001984,0.002060,0.002022,0.001907,0.001984,0.002022,0.001984,0.001945,0.001984,0.001945,0.001907,0.001945,0.001945,0.001907,0.001945,0.001907,0.001945,0.001869,0.001869,0.001869,0.001907,0.001869,0.001907,0.001907,0.001869,0.001869,0.001907,0.001869,0.001945,0.001984,0.001945,0.001945,0.001984,0.002022,0.002022,0.001984,0.002022,0.002022,0.001984,0.002060,0.002060,0.002022,0.002022,0.002060,0.002136,0.002136,0.002060,0.002098,0.002098,0.002098,0.002060,0.002060,0.002060,0.002060,0.002060,0.002060,0.002022,0.002060,0.002060,0.002022,0.002098,0.002060,0.002098,0.002060,0.002022,0.002136,0.002022,0.002022,0.002136,0.002098,0.002136,0.002098,0.002136,0.002136,0.002098,0.002174,0.002136,0.002136,0.002174,0.002136,0.002136,0.002174,0.002174,0.002174,0.002136,0.002098,0.002136,0.002136,0.002098,0.002136,0.002136,0.002136,0.002136,0.002060,0.002060,0.002136,0.002136,0.002060,0.002022,0.002060,0.002098,0.002060,0.002060,0.002022,0.002098,0.002098,0.002098,0.002098,0.002098,0.002136,0.002098,0.002098,0.002098,0.002098,0.002060,0.001984,0.001984,0.001984,0.002022,0.002098,0.002022,0.002022,0.001984,0.001945,0.001945,0.001984,0.001984,0.001907,0.001869,0.001945,0.001907,0.001907,0.001869,0.001907,0.001907,0.001907,0.001907,0.001907,0.001831,0.001907,0.001907,0.001945,0.001907,0.001869,0.001907,0.001831,0.001831,0.001869,0.001869,0.001907,0.001907,0.001869,0.001869,0.001907,0.001869,0.001831,0.001869,0.001907,0.001945,0.001945,0.001945,0.001984,0.001945,0.001945,0.001984,0.001984,0.001945,0.001984,0.002022,0.002022,0.001984,0.001984,0.002060,0.002098,0.002098,0.002136,0.002060,0.002060,0.002098,0.002136,0.002098,0.002098,0.002136,0.002098,0.002136,0.002174,0.002060,0.002174,0.002174,0.002136,0.002136,0.002136,0.002060,0.002098,0.002136,0.002136,0.002098,0.002098,0.002098,0.002060,0.002098,0.002022,0.002098,0.002098,0.002060,0.002060,0.002098,0.002136,0.002136,0.002098,0.002098,0.002098,0.002136,0.002098,0.002060,0.002136,0.002098,0.002098,0.002098,0.002174,0.002060,0.002098,0.002136,0.002136,0.002098,0.002060,0.002136,0.002174,0.002098,0.002136,0.002060,0.002136,0.002098,0.002060,0.002060,0.002136,0.002098,0.002136,0.002174,0.002174,0.002136,0.002136,0.002174,0.002136,0.002136,0.002098,0.002098,0.002022,0.002098,0.002098,0.002098,0.002098,0.002098,0.002098,0.002136,0.002060,0.002060,0.002098,0.002060,0.002098,0.002060,0.002098,0.002098,0.002098,0.002022,0.002022,0.002060,0.002022,0.002060,0.002060,0.002022,0.002060,0.002022,0.002098,0.002060,0.002022,0.002098,0.002098,0.002022,0.002060,0.002060,0.002098,0.002098,0.002174,0.002174,0.002136,0.002098,0.002098,0.002098,0.002060,0.002098,0.002136,0.002098,0.002060,0.002098,0.002136,0.002098,0.002060,0.002098,0.002060,0.002022,0.002022,0.002060,0.002098,0.001984,0.002022,0.001945,0.002022,0.002060,0.001984,0.001984,0.001945,0.001984,0.001984,0.001945,0.002022,0.001907,0.001945,0.001984,0.001945,0.001984,0.001984,0.002022,0.001984,0.001984,0.002060,0.001984,0.002060,0.002022,0.002060,0.002060,0.002060,0.002136,0.002136,0.002213,0.002213,0.002213,0.002289,0.002251,0.002289,0.002251,0.002289,0.002365,0.002365,0.002365,0.002327,0.002403,0.002403,0.002365,0.002403,0.002327,0.002327,0.002327,0.002289,0.002289,0.002251,0.002136,0.002136,0.002022,0.002098,0.002060,0.001984,0.001945,0.001907,0.001907,0.001831,0.001831,0.001793,0.001793,0.001793,0.001755,0.001793,0.001755,0.001793,0.001793,0.001793,0.001831,0.001755,0.001793,0.001869,0.001831,0.001869,0.001869,0.001945,0.001945,0.001907,0.001984,0.001984,0.001984,0.002060,0.002060,0.002060,0.002060,0.002060,0.002022,0.002022,0.002060,0.001945,0.001984,0.002022,0.001945,0.001945,0.001907,0.001907,0.001907,0.001945,0.001984,0.001945,0.001945,0.001945,0.001945,0.002022,0.001984,0.002060,0.002060,0.002060,0.002098,0.002060,0.002060,0.002098,0.002174,0.002136,0.002136,0.002174,0.002174,0.002213,0.002251,0.002251,0.002174,0.002213,0.002213,0.002251,0.002251,0.002289,0.002251,0.002289,0.002251,0.002251,0.002213,0.002251,0.002251,0.002136,0.002213,0.002174,0.002174,0.002174,0.002174,0.002174,0.002213,0.002213,0.002213,0.002251,0.002251,0.002251,0.002251,0.002289,0.002289,0.002251,0.002251,0.002251,0.002213,0.002213,0.002213,0.002251,0.002174,0.002136,0.002060,0.002136,0.002098,0.002098,0.002060,0.002022,0.002022,0.001907,0.001945,0.001945,0.001907,0.001907,0.001869,0.001869,0.001755,0.001793,0.001831,0.001793,0.001793,0.001755,0.001755,0.001717,0.001755,0.001755,0.001678,0.001755,0.001793,0.001755,0.001755,0.001755,0.001793,0.001793,0.001831,0.001869,0.001831,0.001869,0.001869,0.001907,0.001945,0.001945,0.001945,0.001945,0.001984,0.001984,0.001945,0.001984,0.002022,0.002022,0.002060,0.002060,0.002098,0.002022,0.002060,0.002060,0.002022,0.002060,0.002060,0.002060,0.002022,0.002098,0.002060,0.002022,0.002022,0.002060,0.002060,0.002060,0.002060,0.001984,0.002060,0.002060,0.002060,0.002060,0.002060,0.002060,0.002136,0.002060,0.002022,0.002060,0.002098,0.002098,0.002098,0.002098,0.002060,0.002060,0.002098,0.002098,0.002136,0.002174,0.002136,0.002174,0.002174,0.002174,0.002136,0.002136,0.002213,0.002174,0.002251,0.002174,0.002136,0.002213,0.002174,0.002174,0.002251,0.002174,0.002213,0.002174,0.002174,0.002174,0.002174,0.002136,0.002136,0.002136,0.002060,0.002022,0.002022,0.001984,0.002022,0.001984,0.002022,0.001984,0.001984,0.001984,0.001984,0.001945,0.001945,0.001945,0.001984,0.001984,0.001984,0.002022,0.001984,0.002060,0.002060,0.002060,0.002060,0.002060,0.002060,0.002060,0.002060,0.002022,0.002022,0.002060,0.002022,0.002022,0.002022,0.001984,0.002022,0.001945,0.001945,0.001907,0.001945,0.001869,0.001869,0.001869,0.001793,0.001793,0.001831,0.001869,0.001793,0.001755,0.001831,0.001793,0.001831,0.001869,0.001831,0.001869,0.001907,0.001945,0.001907,0.001984,0.002060,0.002060,0.002098,0.002060,0.002060,0.002098,0.002060,0.002098,0.002098,0.002098,0.002060,0.002098,0.002022,0.002060,0.002098,0.002098,0.002022,0.002022,0.002022,0.002022,0.002022,0.001945,0.001945,0.001984,0.001984,0.001945,0.001945,0.001945,0.001945,0.001984,0.001907,0.001984,0.001945,0.001984,0.001945,0.001907,0.001945,0.001945,0.001945,0.001984,0.001945,0.002060,0.002022,0.002060,0.002098,0.002098,0.002098,0.002060,0.002136,0.002136,0.002098,0.002213,0.002174,0.002213,0.002213,0.002213,0.002213,0.002251,0.002174,0.002289,0.002213,0.002251,0.002251,0.002289,0.002213,0.002213,0.002251,0.002213,0.002251,0.002213,0.002174,0.002251,0.002213,0.002174,0.002136,0.002174,0.002060,0.002060,0.002098,0.002060,0.002060,0.002060,0.002022,0.002060,0.002022,0.001984,0.002022,0.002022,0.002022,0.002022,0.002022,0.002022,0.001984,0.001984,0.001945,0.001984,0.001984,0.001984,0.001945,0.001945,0.001945,0.001945,0.001907,0.001907,0.001907,0.001907,0.001831,0.001831,0.001869,0.001869,0.001793,0.001755,0.001793,0.001755,0.001755,0.001793,0.001717,0.001755,0.001717,0.001831,0.001755,0.001755,0.001831,0.001793,0.001755,0.001793,0.001755,0.001793,0.001831,0.001907,0.001869,0.001755,0.001831,0.001869,0.001869,0.001869,0.001907,0.001907,0.001907,0.001907,0.001907,0.001869,0.001907,0.001907,0.001907,0.001945,0.001831,0.001907,0.001907,0.001907,0.001945,0.001907,0.001907,0.001907,0.001907,0.001907,0.001869,0.001869,0.001869,0.001945,0.001907,0.001945,0.001945,0.001984,0.001984,0.001984,0.001984,0.001984,0.002022,0.002022,0.002022,0.002022,0.002022,0.002060,0.002136,0.002098,0.002136,0.002060,0.002136,0.002136,0.002136,0.002174,0.002098,0.002136,0.002098,0.002136,0.002174,0.002213,0.002213,0.002251,0.002327,0.002289,0.002289,0.002289,0.002327,0.002289,0.002327,0.002365,0.002327,0.002365,0.002365,0.002365,0.002365,0.002365,0.002289,0.002289,0.002327,0.002251,0.002289,0.002174,0.002213,0.002213,0.002136,0.002098,0.002060,0.002098,0.002022,0.001984,0.001984,0.001907,0.001907,0.001831,0.001869,0.001831,0.001755,0.001755,0.001755,0.001755,0.001717,0.001755,0.001755,0.001678,0.001717,0.001755,0.001755,0.001717,0.001678,0.001755,0.001755,0.001755,0.001717,0.001755,0.001793,0.001831,0.001831,0.001869,0.001907,0.001831,0.001831,0.001907,0.001945,0.001945,0.001984,0.002022,0.002060,0.002022,0.002136,0.002098,0.002060,0.002098,0.002098,0.002136,0.002136,0.002174,0.002213,0.002174,0.002174,0.002251,0.002213,0.002213,0.002289,0.002289,0.002213,0.002213,0.002251,0.002251,0.002251,0.002251,0.002251,0.002251,0.002289,0.002327,0.002251,0.002251,0.002289,0.002289,0.002289,0.002289,0.002327,0.002251,0.002251,0.002251,0.002213,0.002251,0.002251,0.002289,0.002251,0.002213,0.002213,0.002213,0.002251,0.002213,0.002289,0.002251,0.002174,0.002213,0.002213,0.002174,0.002136,0.002136,0.002136,0.002060,0.002136,0.002136,0.002098,0.002136,0.002136,0.002136,0.002136,0.002136,0.002098,0.002060,0.002098,0.002098,0.002060,0.002060,0.002060,0.002060,0.002098,0.002098,0.002098,0.001984,0.001984,0.001984,0.001945,0.001945,0.001907,0.001907,0.001869,0.001907,0.001907,0.001869,0.001907,0.001907,0.001907,0.001831,0.001793,0.001869,0.001907,0.001869,0.001907,0.001869,0.001869,0.001907,0.001907,0.001945,0.001869,0.001945,0.001907,0.001907,0.001907,0.001907,0.001984,0.001907,0.001984,0.001984,0.001945,0.002022,0.001984,0.001984,0.001984,0.001945,0.001984,0.002022,0.002098,0.001984,0.002022,0.001984,0.002022,0.002098,0.002022,0.002098,0.002136,0.002174,0.002136,0.002136,0.002174,0.002136,0.002174,0.002174,0.002174,0.002251,0.002213,0.002174,0.002251,0.002213,0.002251,0.002213,0.002174,0.002251,0.002174,0.002213,0.002251,0.002251,0.002213,0.002251,0.002251,0.002251,0.002213,0.002174,0.002174,0.002136,0.002213,0.002174,0.002136,0.002213,0.002136,0.002098,0.002098,0.002098,0.002098,0.002060,0.002098,0.002098,0.002060,0.002060,0.002098,0.002098,0.002060,0.002060,0.002060,0.002060,0.002060,0.002060,0.002022,0.002060,0.002060,0.002060,0.002022,0.002060,0.002098,0.002060,0.002060,0.002060,0.002022,0.002060,0.001984,0.001984,0.001984,0.001945,0.001945,0.001945,0.001945,0.001945,0.001907,0.001907,0.001869,0.001831,0.001907,0.001869,0.001869,0.001869,0.001869,0.001793,0.001793,0.001755,0.001793,0.001831,0.001793,0.001793,0.001793,0.001831,0.001717,0.001755,0.001793,0.001793,0.001831,0.001831,0.001793,0.001831,0.001793,0.001831,0.001869,0.001869,0.001907,0.001831,0.001869,0.001907,0.001869,0.001907,0.001945,0.001984,0.001945,0.001984,0.001945,0.002022,0.002022,0.002022,0.002022,0.002060,0.002098,0.002060,0.002022,0.002136,0.002136,0.002174,0.002174,0.002213,0.002251,0.002289,0.002251,0.002251,0.002251,0.002251,0.002289,0.002251,0.002251,0.002251,0.002251,0.002213,0.002251,0.002213,0.002251,0.002174,0.002136,0.002174,0.002213,0.002174,0.002174,0.002136,0.002136,0.002098,0.002136,0.002213,0.002136,0.002174,0.002098,0.002022,0.002098,0.002098,0.002098,0.002098,0.002136,0.002098,0.002098,0.002098,0.002060,0.002060,0.002098,0.002098,0.002098,0.002060,0.002060,0.002136,0.002098,0.002022,0.002060,0.002098,0.002098,0.002098,0.002136,0.002098,0.002136,0.002098,0.002098,0.002098,0.002136,0.002098,0.002098,0.002136,0.002136,0.002136,0.002136,0.002098,0.002136,0.002136,0.002136,0.002136,0.002098,0.002098,0.002136,0.002213,0.002098,0.002098,0.002136,0.002136,0.002098,0.002136,0.002060,0.002098,0.002098,0.002136,0.002136,0.002098,0.002098,0.002098,0.002098,0.002098,0.002060,0.002098,0.002022,0.002098,0.002060,0.002098,0.002136,0.002060,0.002136,0.002060,0.002098,0.002174,0.002136,0.002098,0.002060,0.002136,0.002098,0.002136,0.002136,0.002136,0.002174,0.002136,0.002136,0.002213,0.002174,0.002136,0.002174,0.002174,0.002136,0.002136,0.002136,0.002098,0.002060,0.002098,0.002098,0.002136,0.002098,0.002060,0.002022,0.002022,0.002022,0.001984,0.001984,0.001984,0.001984,0.001907,0.001869,0.001869,0.001831,0.001831,0.001831,0.001869,0.001869,0.001831,0.001831,0.001869,0.001831,0.001793,0.001755,0.001793,0.001793,0.001755,0.001755,0.001755,0.001755,0.001717,0.001755,0.001831,0.001793,0.001831,0.001831,0.001831,0.001869,0.001869,0.001869,0.001869,0.001945,0.001945,0.001984,0.001984,0.001984,0.002060,0.002060,0.002060,0.002136,0.002174,0.002174,0.002213,0.002213,0.002174,0.002213,0.002174,0.002213,0.002213,0.002174,0.002174,0.002174,0.002098,0.002136,0.002136,0.002136,0.002098,0.002060,0.002022,0.002098,0.002098,0.002098,0.002022,0.002060,0.002060,0.002060,0.002022,0.002060,0.002060,0.002060,0.002098,0.002060,0.002136,0.002136,0.002136,0.002136,0.002136,0.002174,0.002174,0.002213,0.002213,0.002136,0.002136,0.002213,0.002251,0.002251,0.002136,0.002136,0.002136,0.002060,0.002060,0.002060,0.002098,0.002022,0.001984,0.001984,0.001907,0.001869,0.001831,0.001831,0.001793,0.001717,0.001678,0.001717,0.001717,0.001678,0.001640,0.001678,0.001678,0.001678,0.001755,0.001717,0.001755,0.001793,0.001755,0.001793,0.001869,0.001831,0.001831,0.001869,0.001945,0.001907,0.001907,0.001907,0.001945,0.001907,0.001945,0.001984,0.001984,0.001984,0.001945,0.001907,0.001945,0.002022,0.001945,0.001945,0.001945,0.001984,0.002022,0.001984,0.001945,0.001945,0.001945,0.001945,0.001984,0.002022,0.002022,0.002022,0.002022,0.002022,0.002060,0.002098,0.002136,0.002136,0.002098,0.002136,0.002174,0.002213,0.002174,0.002213,0.002174,0.002213,0.002213,0.002174,0.002213,0.002213,0.002174,0.002251,0.002213,0.002136,0.002136,0.002174,0.002098,0.002174,0.002098,0.002098,0.002098,0.002174,0.002098,0.002022,0.002098,0.002174,0.002136,0.002098,0.002098,0.002174,0.002136,0.002098,0.002098,0.002098,0.002098,0.002098,0.002098,0.002060,0.002098,0.002098,0.002060,0.002060,0.002060,0.002022,0.002060,0.002060,0.002022,0.001984,0.001984,0.001984,0.001984,0.001945,0.001907,0.001907,0.001984,0.001984,0.001984,0.001945,0.001945,0.001945,0.001945,0.002022,0.001984,0.001945,0.001984,0.001945,0.001984,0.001984,0.001945,0.001984,0.002022,0.001945,0.002060,0.002022,0.001984,0.001984,0.002022,0.002022,0.002022,0.002022,0.002022,0.002022,0.002022,0.002060,0.002022,0.001984,0.002022,0.002060,0.002022,0.002098,0.002098,0.002060,0.002060,0.002060,0.002060,0.002060,0.002060,0.002098,0.002098,0.002060,0.002022,0.002098,0.002022,0.002098,0.002060,0.002060,0.002136,0.002060,0.002022,0.002098,0.002060,0.002060,0.001945,0.001945,0.002022,0.002022,0.001984,0.001945,0.001945,0.001869,0.001907,0.001945,0.001907,0.001907,0.001869,0.001869,0.001869,0.001907,0.001907,0.001907,0.001907,0.001907,0.001907,0.001945,0.001984,0.001984,0.001907,0.001907,0.001984,0.001945,0.001945,0.001945,0.001907,0.001907,0.001907,0.001907,0.001945,0.001945,0.001907,0.001945,0.001945,0.001984,0.001945,0.001945,0.002022,0.001984,0.001945,0.001984,0.001984,0.002022,0.001984,0.002022,0.002022,0.002022,0.002098,0.002098,0.002022,0.002098,0.002060,0.002060,0.002098,0.002098,0.002060,0.002060,0.002060,0.002022,0.002060,0.002060,0.002022,0.002022,0.001984,0.002022,0.001984,0.002022,0.001984,0.001984,0.001945,0.001984,0.001984,0.001945,0.001984,0.001945,0.001984,0.001945,0.001945,0.001984,0.001945,0.001984,0.002022,0.002022,0.002022,0.001984,0.002022,0.002098,0.002098,0.002136,0.002136,0.002136,0.002174,0.002213,0.002174,0.002213,0.002174,0.002174,0.002213,0.002174,0.002213,0.002136,0.002136,0.002136,0.002136,0.002136,0.002136,0.002136,0.002174,0.002174,0.002174,0.002136,0.002136,0.002136,0.002098,0.002060,0.002174,0.002098,0.002098,0.002098,0.002136,0.002022,0.002060,0.002060,0.002060,0.002060,0.002060,0.002022,0.002022,0.002060,0.001984,0.001945,0.001945,0.002022,0.001945,0.002022,0.001984,0.001945,0.002022,0.001984,0.001945,0.001907,0.001907,0.001945,0.001945,0.001907,0.001945,0.001907,0.001907,0.001984,0.001907,0.001907,0.001907,0.001869,0.001907,0.001907,0.001945,0.001869,0.001907,0.001907,0.001945,0.001945,0.001869,0.001907,0.001907,0.001907,0.001831,0.001907,0.001907,0.001907,0.001869,0.001907,0.001945,0.001945,0.001907,0.001945,0.001907,0.001984,0.001907,0.001945,0.001984,0.001984,0.001984,0.001984,0.002022,0.002022,0.001984,0.002022,0.002022,0.002098,0.002022,0.002098,0.002098,0.002060,0.002098,0.002136,0.002174,0.002213,0.002136,0.002174,0.002136,0.002136,0.002251,0.002174,0.002213,0.002213,0.002174,0.002213,0.002174,0.002213,0.002251,0.002213,0.002213,0.002174,0.002136,0.002213,0.002213,0.002174,0.002174,0.002174,0.002213,0.002174,0.002060,0.002098,0.002136,0.002098,0.002136,0.002136,0.002098,0.002060,0.002136,0.002136,0.002060,0.002098,0.002098,0.002098,0.002098,0.002098,0.002098,0.002060,0.002060,0.002136,0.002060,0.002060,0.002098,0.002060,0.002060,0.002060,0.002060,0.002098,0.002098,0.002098,0.002060,0.002060,0.002136,0.002098,0.002098,0.002060,0.002098,0.002136,0.002098,0.002060,0.002060,0.002098,0.002098,0.002136,0.002060,0.002022,0.002022,0.001945,0.001984,0.001984,0.001984,0.001869,0.001945,0.001907,0.001831,0.001869,0.001793,0.001793,0.001869,0.001831,0.001831,0.001907,0.001907,0.001945,0.001984,0.001984,0.001984,0.002098,0.002098,0.002136,0.002174,0.002289,0.002289,0.002251,0.002327,0.002327,0.002289,0.002327,0.002327,0.002327,0.002327,0.002251,0.002251,0.002213,0.002213,0.002136,0.002022,0.001945,0.002022,0.001984,0.001945,0.001869,0.001869,0.001907,0.001869,0.001869,0.001831,0.001831,0.001907,0.001907,0.001945,0.001869,0.001945,0.001945,0.001945,0.001984,0.002022,0.001984,0.002060,0.002022,0.002098,0.002136,0.002136,0.002136,0.002136,0.002174,0.002136,0.002174,0.002174,0.002136,0.002098,0.002136,0.002098,0.002098,0.002098,0.002060,0.002136,0.002098,0.002136,0.002098,0.002136,0.002098,0.002136,0.002060,0.002136,0.002136,0.002174,0.002136,0.002136,0.002136,0.002136,0.002251,0.002174,0.002174,0.002174,0.002174,0.002174,0.002213,0.002174,0.002213,0.002174,0.002174,0.002174,0.002136,0.002174,0.002174,0.002174,0.002213,0.002136,0.002136,0.002098,0.002060,0.002060,0.002136,0.002098,0.002136,0.002098,0.002060,0.002060,0.002060,0.002060,0.002060,0.002060,0.002060,0.002060,0.002098,0.002060,0.002060,0.002098,0.002098,0.002098,0.002060,0.002060,0.002060,0.001984,0.001945,0.001984,0.002022,0.001984,0.001984,0.001907,0.001945,0.001945,0.001945,0.001945,0.001945,0.002022,0.001984,0.001945,0.001907,0.001984,0.002022,0.001984,0.001984,0.001984,0.002060,0.002022,0.002060,0.002060,0.002022,0.002098,0.002098,0.002098,0.002098,0.002098,0.002060,0.002060,0.002060,0.002098,0.002060,0.002060,0.002060,0.002060,0.002098,0.002022,0.002060,0.002060,0.002022,0.002022,0.002022,0.002022,0.002060,0.002022,0.002060,0.002022,0.002022,0.001984,0.002060,0.002022,0.002022,0.002022,0.002060,0.002022,0.002060,0.002060,0.002060,0.002098,0.002098,0.002098,0.002098,0.002060,0.002098,0.002098,0.002060,0.002060,0.002060,0.002060,0.002022,0.001984,0.002060,0.002060,0.002098,0.002098,0.002098,0.002098,0.002098,0.002098,0.002098,0.002098,0.002136,0.002060,0.002098,0.002136,0.002136,0.002136,0.002098,0.002136,0.002174,0.002136,0.002098,0.002098,0.002136,0.002098,0.002136,0.002098,0.002098,0.002098,0.002060,0.002136,0.002098,0.002098,0.002174,0.002060,0.002060,0.002022,0.002022,0.002060,0.002022,0.002022,0.001984,0.002022,0.001984,0.001984,0.001984,0.001945,0.001984,0.001945,0.001984,0.001984,0.001945,0.001984,0.001945,0.001984,0.001907,0.001984,0.001984,0.001907,0.001907,0.001945,0.001907,0.002060,0.001984,0.002022,0.002022,0.002060,0.002022,0.001984,0.002022,0.002022,0.002060,0.002022,0.001984,0.001984,0.002022,0.002098,0.002060,0.002060,0.002060,0.002022,0.002060,0.002022,0.001984,0.002136,0.002060,0.002060,0.002098,0.002174,0.002060,0.002098,0.002174,0.002136,0.002136,0.002136,0.002213,0.002213,0.002213,0.002136,0.002174,0.002174,0.002174,0.002174,0.002251,0.002213,0.002136,0.002213,0.002174,0.002136,0.002174,0.002136,0.002098,0.002098,0.002060,0.001984,0.002022,0.002022,0.002022,0.002022,0.002022,0.002022,0.002022,0.002022,0.002022,0.001945,0.001984,0.001945,0.001984,0.001984,0.001984,0.001945,0.001945,0.001945,0.001907,0.001907,0.001945,0.001869,0.001907,0.001907,0.001907,0.001907,0.001869,0.001945,0.001869,0.001869,0.001831,0.001869,0.001869,0.001869,0.001869,0.001831,0.001831,0.001869,0.001869,0.001869,0.001907,0.001907,0.001945,0.001907,0.001869,0.001945,0.001984,0.002022,0.002022,0.002022,0.002022,0.002022,0.002060,0.002022,0.002060,0.002022,0.002136,0.002098,0.002098,0.002136,0.002098,0.002060,0.002098,0.002174,0.002136,0.002136,0.002136,0.002136,0.002174,0.002174,0.002098,0.002136,0.002098,0.002098,0.002098,0.002060,0.002060,0.001984,0.002060,0.001984,0.001984,0.001945,0.001907,0.001984,0.001907,0.001869,0.001869,0.001907,0.001907,0.001831,0.001793,0.001755,0.001717,0.001717,0.001793,0.001793,0.001717,0.001678,0.001678,0.001755,0.001831,0.001755,0.001755,0.001793,0.001869,0.001869,0.001869,0.001945,0.001907,0.001984,0.002022,0.002022,0.002022,0.002098,0.002136,0.002136,0.002098,0.002174,0.002136,0.002136,0.002136,0.002174,0.002174,0.002098,0.002136,0.002174,0.002098,0.002098,0.002060,0.002136,0.002136,0.002136,0.002136,0.002136,0.002174,0.002136,0.002136,0.002136,0.002174,0.002136,0.002098,0.002174,0.002174,0.002213,0.002174,0.002174,0.002174,0.002213,0.002174,0.002213,0.002174,0.002098,0.002098,0.002136,0.002174,0.002098,0.002174,0.002174,0.002136,0.002136,0.002136,0.002060,0.002022,0.002060,0.001984,0.002060,0.002022,0.001945,0.001945,0.001984,0.002022,0.001984,0.002022,0.001984,0.001945,0.002022,0.001984,0.001984,0.001984,0.001984,0.002022,0.001945,0.001984,0.001984,0.001984,0.001945,0.001907,0.001945,0.001907,0.001907,0.001907,0.001869,0.001945,0.001984,0.001945,0.001945,0.002022,0.001984,0.002022,0.002022,0.001984,0.002060,0.002060,0.002060,0.002060,0.002022,0.001984,0.002022,0.001907,0.001907,0.001869,0.001869,0.001831,0.001831,0.001831,0.001717,0.001717,0.001755,0.001793,0.001717,0.001717,0.001755,0.001793,0.001793,0.001793,0.001793,0.001831,0.001793,0.001831,0.001831,0.001869,0.001907,0.001831,0.001793,0.001793,0.001869,0.001831,0.001755,0.001755,0.001793,0.001717,0.001793,0.001793,0.001793,0.001793,0.001831,0.001793,0.001831,0.001869,0.001869,0.001869,0.001831,0.001907,0.001869,0.001869,0.001945,0.001869,0.001945,0.001945,0.001907,0.001945,0.001907,0.001907,0.001869,0.001907,0.001907,0.001907,0.001984,0.002022,0.001984,0.001945,0.002022,0.002098,0.002060,0.002098,0.002098,0.002136,0.002174,0.002174,0.002174,0.002213,0.002174,0.002213,0.002289,0.002327,0.002289,0.002289,0.002289,0.002289,0.002289,0.002213,0.002289,0.002251,0.002289,0.002213,0.002174,0.002174,0.002136,0.002060,0.002098,0.001984,0.002022,0.002022,0.001984,0.001984,0.001945,0.001907,0.001907,0.001907,0.001907,0.001907,0.001984,0.001907,0.002022,0.001945,0.002022,0.002022,0.002060,0.002098,0.002060,0.002098,0.002098,0.002136,0.002174,0.002174,0.002174,0.002136,0.002136,0.002174,0.002136,0.002136,0.002174,0.002136,0.002098,0.002098,0.002136,0.002098,0.002136,0.002098,0.002060,0.002098,0.002060,0.002098,0.002098,0.002098,0.002060,0.002060,0.002098,0.002060,0.002098,0.002098,0.002098,0.002098,0.002060,0.002060,0.002022,0.002136,0.002098,0.002060,0.002136,0.002098,0.002060,0.002060,0.002098,0.002098,0.002098,0.002098,0.002098,0.002136,0.002098,0.002022,0.002060,0.002060,0.002022,0.002022,0.001984,0.002022,0.002060,0.002060,0.002060,0.002060,0.002060,0.002098,0.002060,0.001984,0.002022,0.002098,0.002022,0.002060,0.002022,0.002022,0.002022,0.002060,0.002098,0.002060,0.002060,0.002060,0.002060,0.002098,0.002060,0.002022,0.002060,0.002060,0.002022,0.002060,0.001984,0.001984,0.001984,0.001984,0.001984,0.001984,0.001984,0.002022,0.002022,0.001984,0.002060,0.002060,0.002098,0.002022,0.002022,0.002060,0.001984,0.002022,0.002060,0.002060,0.002060,0.002060,0.002098,0.002022,0.002098,0.002136,0.002098,0.002098,0.002022,0.002060,0.002098,0.002098,0.002022,0.002098,0.002098,0.002060,0.002060,0.001984,0.002060,0.002060,0.002060,0.002098,0.002098,0.002022,0.002022,0.002060,0.002060,0.002060,0.002022,0.002022,0.001984,0.002060,0.002060,0.002022,0.001984,0.001984,0.001984,0.001984,0.002022,0.001984,0.001984,0.001984,0.001984,0.002022,0.001984,0.001984,0.001984,0.001945,0.001907,0.001945,0.001945,0.001907,0.001945,0.001945,0.001907,0.001945,0.001907,0.001984,0.001907,0.001869,0.001869,0.001869,0.001869,0.001869,0.001907,0.001907,0.001945,0.001945,0.001945,0.001907,0.002022,0.002022,0.002022,0.002060,0.002098,0.002060,0.002098,0.002098,0.002136,0.002098,0.002174,0.002136,0.002136,0.002174,0.002213,0.002213,0.002174,0.002174,0.002213,0.002213,0.002213,0.002213,0.002213,0.002213,0.002174,0.002213,0.002251,0.002251,0.002174,0.002174,0.002174,0.002213,0.002136,0.002098,0.002136,0.002136,0.002098,0.002060,0.002060,0.002098,0.002060,0.002060,0.002098,0.002098,0.002060,0.002022,0.002060,0.002022,0.002098,0.002022,0.002060,0.002098,0.002098,0.002136,0.002136,0.002136,0.002136,0.002136,0.002174,0.002098,0.002136,0.002136,0.002213,0.002174,0.002174,0.002251,0.002213,0.002213,0.002174,0.002174,0.002174,0.002174,0.002213,0.002251,0.002136,0.002136,0.002174,0.002174,0.002098,0.002174,0.002136,0.002136,0.002136,0.002060,0.002098,0.002098,0.002136,0.002060,0.002060,0.002022,0.001907,0.001984,0.001984,0.001869,0.001869,0.001869,0.001907,0.001831,0.001793,0.001869,0.001831,0.001831,0.001755,0.001755,0.001755,0.001755,0.001793,0.001831,0.001831,0.001831,0.001831,0.001831,0.001831,0.001869,0.001907,0.001984,0.001984,0.001945,0.002022,0.002060,0.002022,0.002060,0.002060,0.002174,0.002174,0.002213,0.002251,0.002251,0.002213,0.002251,0.002213,0.002174,0.002213,0.002251,0.002213,0.002213,0.002174,0.002174,0.002136,0.002174,0.002174,0.002174,0.002136,0.002098,0.002136,0.002098,0.002098,0.002022,0.002098,0.002060,0.002060,0.002098,0.002060,0.002022,0.002022,0.002022,0.002098,0.002022,0.002060,0.002060,0.002060,0.002060,0.002136,0.002098,0.002174,0.002136,0.002174,0.002136,0.002136,0.002136,0.002174,0.002213,0.002174,0.002174,0.002174,0.002251,0.002251,0.002213,0.002174,0.002213,0.002251,0.002213,0.002174,0.002174,0.002136,0.002174,0.002136,0.002174,0.002136,0.002136,0.002098,0.002174,0.002213,0.002098,0.002136,0.002098,0.002136,0.002136,0.002136,0.002174,0.002098,0.002098,0.002136,0.002136,0.002098,0.002136,0.002136,0.002174,0.002098,0.002174,0.002174,0.002136,0.002136,0.002174,0.002136,0.002136,0.002098,0.002060,0.002136,0.002098,0.002060,0.002022,0.002060,0.001984,0.002060,0.001984,0.001945,0.002022,0.001907,0.001945,0.001907,0.001945,0.001945,0.001907,0.001907,0.001907,0.001945,0.001945,0.001945,0.001907,0.001907,0.001907,0.001945,0.001984,0.002022,0.001984,0.001945,0.001907,0.001945,0.001945,0.001907,0.001907,0.001945,0.001907,0.001907,0.001945,0.001945,0.001945,0.001984,0.001984,0.002022,0.001945,0.001945,0.001984,0.001984,0.001984,0.002022,0.001945,0.001984,0.001907,0.001945,0.001945,0.001907,0.001945,0.001907,0.001945,0.001945,0.001907,0.001945,0.001945,0.001907,0.001907,0.001907,0.001869,0.001945,0.001945,0.001945,0.001907,0.001984,0.001984,0.001945,0.001984,0.002022,0.002022,0.002022,0.002060,0.002098,0.002060,0.002022,0.002022,0.002060,0.002060,0.002060,0.002060,0.002098,0.001984,0.002060,0.002022,0.002022,0.002060,0.002022,0.002022,0.002060,0.002022,0.002022,0.001984,0.001984,0.001984,0.001984,0.002022,0.001984,0.001984,0.001984,0.001945,0.001945,0.001984,0.001984,0.001984,0.001945,0.001945,0.001984,0.001945,0.001907,0.001907,0.001907,0.001984,0.001907,0.001907,0.001907,0.001984,0.001907,0.001907,0.001945,0.001907,0.001907,0.001869,0.001869,0.001907,0.001907,0.001945,0.001945,0.001907,0.001945,0.002022,0.002022,0.001984,0.001907,0.001984,0.002022,0.002022,0.002098,0.002022,0.002060,0.002060,0.002060,0.002060,0.002098,0.002022,0.002022,0.002060,0.002022,0.002022,0.002022,0.002022,0.002060,0.002022,0.002022,0.002022,0.002060,0.002022,0.002060,0.001984,0.001984,0.002022,0.002022,0.002060,0.002022,0.002060,0.002022,0.001984,0.002022,0.002022,0.002060,0.002098,0.002060,0.002022,0.002098,0.002098,0.002060,0.001984,0.002136,0.002098,0.002060,0.002060,0.002060,0.002060,0.002022,0.002060,0.002022,0.002060,0.002098,0.002098,0.002098,0.002136,0.002098,0.002136,0.002098,0.002136,0.002136,0.002098,0.002136,0.002098,0.002098,0.002213,0.002213,0.002213,0.002213,0.002251,0.002174,0.002251,0.002213,0.002174,0.002213,0.002251,0.002213,0.002174,0.002213,0.002213,0.002213,0.002213,0.002174,0.002213,0.002136,0.002098,0.002136,0.002098,0.002098,0.002022,0.002060,0.002060,0.002022,0.002022,0.001984,0.002022,0.002022,0.001984,0.001945,0.001984,0.001945,0.001945,0.001907,0.001907,0.001945,0.001945,0.001907,0.001907,0.001907,0.001869,0.001831,0.001869,0.001945,0.001907,0.001869,0.001907,0.001907,0.001869,0.001869,0.001869,0.001907,0.001907,0.001907,0.001907,0.001869,0.001945,0.001907,0.001907,0.001907,0.001869,0.001869,0.001907,0.001984,0.001984,0.001907,0.001945,0.001984,0.001945,0.001945,0.001945,0.001984,0.001945,0.001984,0.001984,0.002022,0.001945,0.001945,0.001945,0.001945,0.001984,0.001984,0.001984,0.002022,0.001984,0.001984,0.001945,0.001984,0.002022,0.001945,0.002022,0.002022,0.002022,0.002022,0.002022,0.002022,0.002022,0.002098,0.002060,0.002022,0.002060,0.002098,0.002136,0.002136,0.002098,0.002098,0.002098,0.002174,0.002136,0.002136,0.002136,0.002174,0.002098,0.002098,0.002098,0.002098,0.002136,0.002098,0.002098,0.002136,0.002022,0.001984,0.001984,0.002060,0.002022,0.001907,0.001945,0.001869,0.001869,0.001869,0.001831,0.001793,0.001793,0.001831,0.001755,0.001755,0.001793,0.001755,0.001755,0.001755,0.001793,0.001793,0.001755,0.001831,0.001831,0.001869,0.001793,0.001869,0.001869,0.001907,0.001831,0.001869,0.001907,0.001907,0.001907,0.001945,0.001945,0.001907,0.001869,0.001869,0.001869,0.001869,0.001831,0.001907,0.001869,0.001869,0.001869,0.001869,0.001831,0.001831,0.001831,0.001831,0.001831,0.001831,0.001793,0.001793,0.001793,0.001793,0.001793,0.001869,0.001831,0.001793,0.001831,0.001869,0.001793,0.001869,0.001907,0.001907,0.001907,0.001869,0.001945,0.001984,0.002022,0.002098,0.002060,0.002060,0.002060,0.002060,0.002098,0.002174,0.002174,0.002174,0.002213,0.002174,0.002213,0.002213,0.002289,0.002213,0.002251,0.002289,0.002365,0.002327,0.002365,0.002327,0.002327,0.002403,0.002441,0.002365,0.002365,0.002441,0.002403,0.002441,0.002441,0.002441,0.002480,0.002480,0.002480,0.002518,0.002480,0.002480,0.002441,0.002480,0.002403,0.002441,0.002480,0.002441,0.002441,0.002403,0.002403,0.002403,0.002365,0.002403,0.002365,0.002289,0.002327,0.002289,0.002251,0.002251,0.002251,0.002213,0.002174,0.002174,0.002136,0.002174,0.002174,0.002098,0.002136,0.002098,0.002136,0.002098,0.002098,0.002098,0.002060,0.002060,0.002060,0.002060,0.002098,0.002060,0.002022,0.002060,0.002060,0.002060,0.002098,0.002060,0.002022,0.002060,0.001984,0.002022,0.001945,0.001984,0.002022,0.001984,0.002022,0.001984,0.001984,0.002022,0.001907,0.001907,0.001945,0.001907,0.001869,0.001869,0.001907,0.001869,0.001869,0.001831,0.001831,0.001831,0.001793,0.001831,0.001755,0.001793,0.001869,0.001831,0.001831,0.001793,0.001793,0.001793,0.001831,0.001831,0.001755,0.001831,0.001869,0.001793,0.001831,0.001831,0.001831,0.001793,0.001907,0.001907,0.001907,0.001907,0.001945,0.001945,0.001907,0.001945,0.001984,0.002022,0.002060,0.001984,0.001984,0.001945,0.001984,0.001984,0.002022,0.002060,0.001984,0.001945,0.001945,0.001945,0.001984,0.001945,0.001907,0.001984,0.001984,0.002022,0.001945,0.001984,0.001984,0.001984,0.001984,0.002022,0.001984,0.001984,0.002022,0.002022,0.002060,0.002022,0.002060,0.001984,0.002022,0.002098,0.002022,0.002060,0.002098,0.002098,0.002098,0.002022,0.002022,0.002098,0.002098,0.002098,0.002060,0.002060,0.002060,0.002060,0.002098,0.002136,0.002098,0.002060,0.002098,0.002060,0.002060,0.002098,0.002022,0.002022,0.001984,0.002060,0.002136,0.002136,0.002098,0.002136,0.002174,0.002174,0.002098,0.002136,0.002136,0.002174,0.002098,0.002098,0.002136,0.002213,0.002174,0.002136,0.002136,0.002213,0.002213,0.002213,0.002136,0.002136,0.002136,0.002174,0.002174,0.002098,0.002174,0.002098,0.002060,0.002136,0.002060,0.002098,0.002098,0.002060,0.002060,0.002098,0.002098,0.002022,0.002060,0.002060,0.002098,0.002098,0.002098,0.002060,0.002060,0.002098,0.002136,0.002136,0.002060,0.002098,0.002136,0.002136,0.002098,0.002136,0.002136,0.002098,0.002098,0.002136,0.002060,0.002136,0.002136,0.002136,0.002136,0.002098,0.002098,0.002060,0.002098,0.002098,0.002098,0.002098,0.002098,0.002098,0.002098,0.002098,0.002174,0.002098,0.002060,0.002060,0.002022,0.002060,0.002060,0.002060,0.002136,0.002098,0.002098,0.002060,0.002098,0.002060,0.002060,0.002060,0.002060,0.002098,0.002060,0.002098,0.002060,0.002060,0.002060,0.002060,0.002060,0.002022,0.002022,0.002022,0.002022,0.002022,0.002022,0.002022,0.002060,0.002098,0.002022,0.001984,0.002022,0.001984,0.002022,0.002022,0.002022,0.002022,0.002022,0.002022,0.002022,0.002060,0.002022,0.001984,0.002022,0.001945,0.001984,0.001945,0.001907,0.001984,0.001984,0.001984,0.002022,0.001984,0.002022,0.002060,0.002060,0.002060,0.002136,0.002098,0.002098,0.002136,0.002060,0.002060,0.002060,0.002098,0.002136,0.002174,0.002174,0.002098,0.002136,0.002174,0.002213,0.002174,0.002174,0.002174,0.002098,0.002174,0.002174,0.002174,0.002136,0.002136,0.002174,0.002174,0.002174,0.002136,0.002098,0.002174,0.002174,0.002136,0.002174,0.002213,0.002098,0.002098,0.002098,0.002136,0.002098,0.002136,0.002060,0.002060,0.002022,0.002060,0.002022,0.002022,0.002022,0.002022,0.002022,0.001945,0.001984,0.001984,0.001945,0.001907,0.001869,0.001907,0.001869,0.001869,0.001907,0.001907,0.001945,0.001869,0.001831,0.001793,0.001831,0.001869,0.001869,0.001869,0.001869,0.001831,0.001907,0.001869,0.001869,0.001793,0.001907,0.001945,0.001945,0.001984,0.001984,0.002022,0.001984,0.002022,0.002022,0.002022,0.002022,0.002022,0.002022,0.002022,0.002022,0.001984,0.002060,0.002098,0.002060,0.002098,0.002098,0.002022,0.002098,0.002060,0.002098,0.001984,0.002060,0.002098,0.002022,0.002060,0.002060,0.002098,0.002060,0.002060,0.002022,0.002022,0.001984,0.001984,0.002022,0.001945,0.001984,0.001984,0.001984,0.002022,0.002022,0.001984,0.002022,0.001984,0.001984,0.002022,0.002060,0.001984,0.001984,0.002060,0.001945,0.002022,0.002060,0.002022,0.001984,0.001984,0.002022,0.001984,0.002022,0.002060,0.002022,0.002060,0.001984,0.002022,0.001984,0.001984,0.001945,0.001945,0.001984,0.001945,0.001945,0.001869,0.001869,0.001907,0.001907,0.001984,0.001907,0.001984,0.001984,0.001907,0.001945,0.002022,0.001984,0.002060,0.001984,0.001984,0.001984,0.001984,0.002060,0.002060,0.002022,0.002060,0.002060,0.002060,0.002098,0.002098,0.002098,0.002136,0.002136,0.002098,0.002060,0.002098,0.002022,0.002022,0.002060,0.002022,0.002022,0.002022,0.002098,0.002136,0.002022,0.002060,0.002022,0.002022,0.002022,0.002060,0.002098,0.002022,0.002136,0.002098,0.002098,0.002098,0.002098,0.002213,0.002136,0.002098,0.002136,0.002136,0.002098,0.002098,0.002098,0.002136,0.002098,0.002098,0.002060,0.002098,0.002060,0.002098,0.002060,0.002022,0.002060,0.002098,0.002060,0.002060,0.002060,0.002098,0.002022,0.002060,0.002022,0.002022,0.001984,0.002022,0.001984,0.001984,0.002022,0.001945,0.001945,0.001945,0.001945,0.001945,0.001984,0.001945,0.001945,0.001945,0.001945,0.001869,0.001869,0.001945,0.001945,0.001907,0.001869,0.001907,0.001869,0.001945,0.001907,0.001945,0.001907,0.001945,0.001945,0.001945,0.002022,0.002022,0.002060,0.001984,0.001945,0.002022,0.001907,0.001945,0.002022,0.002060,0.001945,0.001945,0.002022,0.002022,0.002060,0.002022,0.001945,0.002022,0.002022,0.001984,0.002022,0.002022,0.002022,0.001984,0.002060,0.002060,0.002060,0.002060,0.002060,0.002060,0.002022,0.002060,0.002022,0.002022,0.002022,0.002022,0.002022,0.002022,0.002098,0.002022,0.002022,0.002022,0.002022,0.002022,0.002022,0.002060,0.002022,0.002022,0.002136,0.002098,0.002060,0.002060,0.002060,0.002022,0.002022,0.002098,0.002022,0.002060,0.002022,0.002022,0.002022,0.001945,0.001945,0.001907,0.001945,0.001945,0.001945,0.001945,0.001869,0.001907,0.001831,0.001831,0.001831,0.001831,0.001869,0.001869,0.001831,0.001793,0.001793,0.001755,0.001831,0.001869,0.001793,0.001869,0.001793,0.001831,0.001831,0.001793,0.001869,0.001869,0.001869,0.001869,0.001907,0.001907,0.001945,0.001907,0.001907,0.001984,0.001984,0.001984,0.002022,0.002022,0.002098,0.002060,0.002022,0.002098,0.002060,0.002060,0.002098,0.002098,0.002060,0.002060,0.002098,0.002098,0.002098,0.002098,0.002098,0.002022,0.002060,0.002098,0.002022,0.001984,0.002060,0.002022,0.002060,0.002022,0.002022,0.002022,0.002060,0.002022,0.001984,0.002022,0.001945,0.002022,0.002022,0.002060,0.001984,0.001945,0.002022,0.002060,0.002022,0.002060,0.002060,0.002060,0.002022,0.002022,0.002060,0.002136,0.002098,0.002098,0.002022,0.002060,0.002136,0.002060,0.002136,0.002060,0.002136,0.002098,0.002098,0.002098,0.002098,0.002174,0.002174,0.002174,0.002174,0.002098,0.002098,0.002098,0.002098,0.002060,0.002022,0.002060,0.002022,0.002060,0.002098,0.002022,0.002022,0.002022,0.001984,0.002060,0.002022,0.002022,0.002060,0.002022,0.002060,0.002022,0.002060,0.002022,0.001984,0.001945,0.001945,0.001945,0.001945,0.001945,0.001945,0.001984,0.001945,0.001945,0.001907,0.001907,0.001907,0.001945,0.001984,0.001945,0.001907,0.001945,0.001907,0.001945,0.001907,0.001945,0.001984,0.001984,0.001984,0.002022,0.001984,0.001945,0.001984,0.002060,0.002022,0.001984,0.001945,0.001984,0.001984,0.002022,0.002098,0.002022,0.001984,0.001984,0.001945,0.001984,0.001984,0.001945,0.001984,0.002022,0.001984,0.002060,0.001984,0.001907,0.001984,0.001984,0.002060,0.002022,0.002022,0.001945,0.001984,0.002022,0.001945,0.002022,0.001984,0.001984,0.001984,0.002022,0.002098,0.002022,0.001984,0.002060,0.001984,0.001984,0.001984,0.002060,0.002022,0.002022,0.002022,0.002022,0.002060,0.002060,0.002022,0.001984,0.001984,0.002022,0.002022,0.002098,0.002022,0.002098,0.002098,0.002022,0.002060,0.002136,0.002174,0.002136,0.002098,0.002174,0.002136,0.002174,0.002136,0.002098,0.002136,0.002213,0.002251,0.002251,0.002213,0.002213,0.002213,0.002251,0.002213,0.002251,0.002213,0.002289,0.002251,0.002251,0.002213,0.002289,0.002251,0.002213,0.002251,0.002213,0.002213,0.002213,0.002213,0.002213,0.002174,0.002174,0.002174,0.002136,0.002098,0.002060,0.002098,0.002060,0.002060,0.002060,0.002022,0.001984,0.002022,0.002060,0.002060,0.002022,0.001984,0.001945,0.001945,0.002022,0.001984,0.001984,0.001945,0.002022,0.001984,0.002022,0.002022,0.002022,0.001984,0.002060,0.002060,0.002022,0.002060,0.002022,0.001984,0.002022,0.001984,0.002022,0.002022,0.002022,0.002022,0.002022,0.002022,0.002022,0.002060,0.002098,0.002060,0.002060,0.002098,0.002098,0.002098,0.002136,0.002098,0.002098,0.002098,0.002136,0.002136,0.002174,0.002174,0.002136,0.002174,0.002174,0.002174,0.002174,0.002213,0.002213,0.002174,0.002136,0.002136,0.002213,0.002251,0.002174,0.002213,0.002174,0.002213,0.002136,0.002174,0.002136,0.002174,0.002136,0.002098,0.002098,0.002060,0.002098,0.002060,0.001984,0.001984,0.001907,0.001984,0.002022,0.001984,0.001945,0.001945,0.001945,0.001945,0.001907,0.001984,0.001945,0.001945,0.001945,0.001945,0.001945,0.002022,0.001984,0.001945,0.001907,0.001984,0.001984,0.001945,0.001984,0.001984,0.001984,0.001984,0.001984,0.001945,0.001984,0.001984,0.001984,0.001984,0.001984,0.002022,0.002022,0.002060,0.002098,0.002060,0.002060,0.002060,0.002098,0.002098,0.002136,0.002174,0.002136,0.002136,0.002213,0.002174,0.002136,0.002136,0.002136,0.002136,0.002136,0.002098,0.002098,0.002060,0.002098,0.002098,0.002022,0.002098,0.002022,0.002022,0.001945,0.001907,0.001984,0.001945,0.001945,0.001945,0.001907,0.001869,0.001869,0.001907,0.001945,0.001945,0.001907,0.001869,0.001907,0.001869,0.001945,0.001945,0.001984,0.001984,0.001984,0.002022,0.001945,0.002022,0.002060,0.002098,0.002060,0.002060,0.002098,0.002098,0.002213,0.002174,0.002213,0.002174,0.002251,0.002213,0.002213,0.002251,0.002327,0.002251,0.002251,0.002251,0.002251,0.002251,0.002251,0.002251,0.002213,0.002213,0.002213,0.002251,0.002213,0.002213,0.002251,0.002213,0.002213,0.002174,0.002213,0.002213,0.002213,0.002251,0.002213,0.002213,0.002213,0.002251,0.002213,0.002136,0.002251,0.002251,0.002251,0.002174,0.002251,0.002213,0.002213,0.002213,0.002213,0.002213,0.002213,0.002213,0.002213,0.002174,0.002213,0.002213,0.002251,0.002174,0.002174,0.002251,0.002213,0.002251,0.002213,0.002174,0.002174,0.002251,0.002213,0.002213,0.002213,0.002213,0.002213,0.002213,0.002251,0.002213,0.002251,0.002213,0.002174,0.002174,0.002251,0.002174,0.002251,0.002213,0.002213,0.002213,0.002213,0.002213,0.002174,0.002174,0.002136,0.002136,0.002098,0.002098,0.002136,0.002174,0.002174,0.002136,0.002136,0.002136,0.002098,0.002098,0.002060,0.002174,0.002060,0.002136,0.002060,0.002060,0.002060,0.002098,0.002060,0.002060,0.002060,0.001984,0.001984,0.002022,0.001984,0.001984,0.001984,0.001945,0.001907,0.001984,0.001945,0.001907,0.001907,0.001869,0.001869,0.001869,0.001793,0.001831,0.001869,0.001793,0.001831,0.001831,0.001831,0.001831,0.001869,0.001793,0.001869,0.001869,0.001831,0.001869,0.001831,0.001907,0.001907,0.001869,0.001907,0.001907,0.001984,0.001869,0.001945,0.002022,0.002022,0.002022,0.001984,0.001945,0.002022,0.002022,0.001984,0.001984,0.002022,0.001984,0.001984,0.002060,0.002060,0.002022,0.002098,0.002022,0.002022,0.002022,0.002060,0.002098,0.002060,0.002136,0.002136,0.002098,0.002136,0.002136,0.002136,0.002174,0.002213,0.002174,0.002174,0.002174,0.002136,0.002136,0.002174,0.002174,0.002174,0.002136,0.002174,0.002213,0.002136,0.002174,0.002136,0.002174,0.002136,0.002098,0.002098,0.002136,0.002098,0.002060,0.002060,0.002022,0.002022,0.002022,0.001984,0.001984,0.001945,0.001984,0.001945,0.001945,0.001945,0.001945,0.001945,0.001945,0.001869,0.001869,0.001907,0.001907,0.001869,0.001907,0.001907,0.001869,0.001831,0.001907,0.001869,0.001831,0.001907,0.001945,0.001907,0.001907,0.001945,0.001907,0.001945,0.001945,0.001907,0.001831,0.001907,0.001945,0.001945,0.001945,0.001945,0.001907,0.001907,0.001869,0.001907,0.001984,0.001869,0.001945,0.001907,0.001984,0.001907,0.001984,0.001984,0.001984,0.002022,0.002022,0.001984,0.002022,0.002022,0.002060,0.002022,0.002060,0.002098,0.002022,0.002136,0.002060,0.002060,0.002098,0.002098,0.002060,0.002098,0.002060,0.002098,0.002136,0.002098,0.002060,0.002060,0.002098,0.002098,0.002060,0.002060,0.002136,0.002098,0.002098,0.002060,0.002098,0.002060,0.002098,0.002060,0.002098,0.002060,0.002060,0.002022,0.002022,0.002098,0.002098,0.002098,0.002098,0.002098,0.002060,0.002060,0.002022,0.002060,0.002060,0.002060,0.002060,0.002060,0.002060,0.002060,0.002022,0.002022,0.002060,0.002022,0.002022,0.002022,0.002022,0.001984,0.001945,0.001984,0.001945,0.001945,0.001907,0.001907,0.001945,0.001945,0.001945,0.001907,0.001907,0.001907,0.001869,0.001907,0.001907,0.001945,0.001831,0.001907,0.001945,0.001945,0.001984,0.001907,0.001984,0.001945,0.001907,0.001945,0.001945,0.001984,0.001984,0.001984,0.001984,0.001945,0.001984,0.001984
35,19:00:00.000,12/31/1903,0.000000,0.100000,UNKNOWN,1,0/0,0.000000,0.000000,0.000000,0.000000,0.000000,0.000000,0.000000,0.000000,0,0,0,0,0.002213,0.002174,0.002136,0.002174,0.002136,0.002136,0.002098,0.002098,0.002098,0.002098,0.002098,0.002098,0.002136,0.002098,0.002098,0.002136,0.002060,0.002098,0.002060,0.002060,0.002136,0.002022,0.002136,0.002136,0.002098,0.002098,0.002022,0.002098,0.002060,0.002060,0.002098,0.002060,0.002098,0.002098,0.002060,0.002022,0.002060,0.002136,0.002060,0.002098,0.002022,0.002022,0.002098,0.002022,0.002060,0.002060,0.002060,0.002098,0.002022,0.002098,0.002022,0.002098,0.002060,0.002022,0.002022,0.002022,0.002022,0.002060,0.001984,0.002022,0.001945,0.001984,0.002022,0.001945,0.001984,0.001945,0.001984,0.001984,0.002022,0.002022,0.001945,0.002060,0.002022,0.002022,0.001984,0.001945,0.002022,0.001984,0.001984,0.001945,0.001945,0.001984,0.001907,0.002022,0.001945,0.001945,0.001984,0.001907,0.002022,0.001945,0.001907,0.001984,0.001945,0.001984,0.001907,0.001984,0.002022,0.001945,0.001984,0.001907,0.001945,0.001984,0.001984,0.001984,0.001945,0.002022,0.001984,0.001945,0.001984,0.001984,0.002022,0.001945,0.002022,0.002022,0.001984,0.002022,0.001984,0.002022,0.001984,0.001984,0.002022,0.001984,0.002022,0.002022,0.002022,0.002022,0.001945,0.002098,0.002022,0.001984,0.002022,0.001984,0.002060,0.002022,0.002022,0.002060,0.002022,0.002060,0.001945,0.001984,0.001984,0.001984,0.002022,0.001984,0.002022,0.001984,0.001984,0.002060,0.002022,0.002022,0.001984,0.001945,0.001945,0.001984,0.002060,0.002022,0.002022,0.002060,0.002022,0.002060,0.002060,0.002060,0.002098,0.002060,0.002098,0.002098,0.002136,0.002060,0.002060,0.002098,0.002060,0.002098,0.002098,0.002060,0.002098,0.002022,0.002098,0.002022,0.002060,0.002136,0.002060,0.002098,0.002098,0.002136,0.002060,0.002060,0.002174,0.002022,0.002098,0.002098,0.002060,0.002098,0.002022,0.002136,0.002098,0.002098,0.002060,0.002060,0.002136,0.002060,0.002060,0.002060,0.002060,0.002022,0.002022,0.002060,0.002022,0.002060,0.002060,0.002022,0.002060,0.002022,0.002022,0.002098,0.002022,0.002098,0.002060,0.002022,0.002098,0.002060,0.002098,0.002098,0.002098,0.002136,0.002098,0.002098,0.002022,0.002060,0.002098,0.002060,0.002136,0.002060,0.002136,0.002136,0.002136,0.002136,0.002022,0.002136,0.002060,0.002136,0.002136,0.002098,0.002098,0.002136,0.002136,0.002098,0.002060,0.002136,0.002098,0.002136,0.002098,0.002060,0.002098,0.002022,0.002098,0.002174,0.002098,0.002136,0.002060,0.002136,0.002098,0.002098,0.002136,0.002098,0.002098,0.002060,0.002136,0.002098,0.002060,0.002060,0.002060,0.002136,0.002098,0.002060,0.002060,0.002060,0.002098,0.002022,0.002060,0.002098,0.001984,0.002060,0.002060,0.002060,0.002022,0.002022,0.002060,0.002060,0.002060,0.002060,0.001984,0.002060,0.002022,0.002022,0.002022,0.001984,0.002022,0.001984,0.002060,0.002022,0.002060,0.002022,0.001945,0.002022,0.002022,0.001984,0.002022,0.001984,0.002060,0.001984,0.001984,0.002022,0.001984,0.001945,0.001984,0.001984,0.002022,0.001945,0.001984,0.001984,0.002022,0.001984,0.001984,0.001984,0.001984,0.002022,0.001945,0.001984,0.002022,0.001945,0.002022,0.002022,0.001984,0.001945,0.001945,0.002060,0.002022,0.002022,0.002022,0.001984,0.002022,0.002060,0.002022,0.001984,0.001984,0.001984,0.001984,0.002060,0.001945,0.002022,0.002060,0.001984,0.002060,0.001984,0.002060,0.001984,0.002022,0.002098,0.002022,0.002060,0.002022,0.001984,0.002060,0.001984,0.002022,0.002060,0.002022,0.002022,0.002022,0.001984,0.001984,0.002060,0.002098,0.002022,0.002060,0.002022,0.002022,0.002098,0.002022,0.002022,0.001984,0.002060,0.002060,0.002022,0.002060,0.001984,0.002022,0.002022,0.002022,0.002060,0.002022,0.002060,0.002060,0.002060,0.002098,0.002060,0.002060,0.002060,0.002136,0.002136,0.002060,0.002060,0.002060,0.002098,0.002098,0.002098,0.002174,0.002060,0.002060,0.002098,0.002098,0.002136,0.002098,0.002136,0.002098,0.002174,0.002098,0.002060,0.002136,0.002136,0.002136,0.002136,0.002136,0.002174,0.002098,0.002098,0.002174,0.002136,0.002136,0.002136,0.002174,0.002136,0.002136,0.002136,0.002098,0.002136,0.002174,0.002136,0.002136,0.002098,0.002136,0.002136,0.002060,0.002098,0.002098,0.002136,0.002060,0.002098,0.002060,0.002060,0.002098,0.002022,0.002098,0.002022,0.001984,0.002098,0.002060,0.002060,0.002060,0.002022,0.002060,0.001984,0.001984,0.001984,0.002060,0.002060,0.002022,0.002022,0.001945,0.001984,0.002098,0.001984,0.001984,0.001945,0.002022,0.002022,0.001984,0.001984,0.001984,0.001984,0.001984,0.001984,0.002022,0.001945,0.002022,0.001984,0.001945,0.001984,0.001945,0.001984,0.001945,0.001945,0.001984,0.001984,0.001945,0.001984,0.002022,0.001984,0.001984,0.002022,0.001984,0.001984,0.001945,0.001984,0.001984,0.001945,0.001984,0.001984,0.001945,0.001945,0.001984,0.001984,0.001984,0.001984,0.001984,0.001984,0.001984,0.001907,0.001984,0.001984,0.002022,0.001984,0.001984,0.002022,0.001945,0.001945,0.001984,0.001984,0.001945,0.001945,0.002022,0.002022,0.001984,0.002022,0.001984,0.002022,0.002022,0.001907,0.001984,0.001984,0.002022,0.002022,0.002022,0.002022,0.001945,0.002022,0.002022,0.002022,0.002060,0.001945,0.002022,0.002022,0.002022,0.002098,0.002060,0.002022,0.002060,0.002060,0.002098,0.002022,0.002060,0.002022,0.002098,0.002098,0.002098,0.002098,0.002060,0.002060,0.002098,0.002098,0.002136,0.002098,0.002098,0.002060,0.002060,0.002136,0.002060,0.002098,0.002136,0.002136,0.002098,0.002098,0.002136,0.002136,0.002098,0.002136,0.002060,0.002098,0.002060,0.002136,0.002060,0.002022,0.002136,0.002022,0.002060,0.002060,0.002060,0.002060,0.002022,0.002060,0.002022,0.002022,0.002022,0.002022,0.002060,0.002022,0.002022,0.002022,0.002022,0.002060,0.002022,0.002022,0.001984,0.002022,0.002022,0.002060,0.002022,0.001945,0.001945,0.002022,0.001984,0.002022,0.001984,0.002022,0.002022,0.001945,0.002022,0.002022,0.002060,0.002022,0.001945,0.002022,0.002022,0.002022,0.002022,0.002022,0.001984,0.001984,0.001984,0.002060,0.002022,0.002060,0.001945,0.002022,0.001984,0.001945,0.002060,0.001984,0.002022,0.001984,0.002022,0.002022,0.001984,0.001984,0.002022,0.002060,0.001945,0.001945,0.001984,0.001984,0.002022,0.001984,0.002022,0.002060,0.002022,0.002022,0.001984,0.001945,0.002022,0.001984,0.001945,0.001945,0.001984,0.002060,0.001984,0.001984,0.001945,0.002022,0.002022,0.001984,0.001984,0.002022,0.002022,0.001984,0.001907,0.002022,0.001984,0.001945,0.001945,0.001984,0.001945,0.001907,0.001907,0.001869,0.001907,0.001907,0.001869,0.001869,0.001831,0.001793,0.001831,0.001831,0.001793,0.001755,0.001755,0.001755,0.001717,0.001717,0.001678,0.001678,0.001602,0.001564,0.001640,0.001602,0.001526,0.001526,0.001488,0.001488,0.001411,0.001411,0.001450,0.001450,0.001411,0.001373,0.001450,0.001526,0.001564,0.001678,0.001678,0.001793,0.001945,0.002136,0.002289,0.002556,0.002823,0.003014,0.003357,0.003586,0.003891,0.004272,0.004539,0.004959,0.005302,0.005646,0.006065,0.006332,0.006676,0.006905,0.007172,0.007362,0.007477,0.007439,0.007401,0.007210,0.006981,0.006676,0.006256,0.005836,0.005302,0.004807,0.004234,0.003662,0.003014,0.002441,0.001907,0.001297,0.000725,0.000038,-0.000496,-0.001068,-0.001678,-0.002365,-0.002937,-0.003510,-0.004005,-0.004463,-0.004807,-0.005188,-0.005302,-0.005455,-0.005417,-0.005302,-0.005074,-0.004692,-0.004311,-0.003891,-0.003471,-0.002937,-0.002365,-0.001945,-0.001373,-0.000877,-0.000381,0.000000,0.000381,0.000763,0.001030,0.001335,0.001564,0.001755,0.001945,0.002098,0.002213,0.002403,0.002365,0.002441,0.002594,0.002670,0.002708,0.002708,0.002785,0.002899,0.003014,0.003014,0.003052,0.003128,0.003166,0.003242,0.003357,0.003395,0.003471,0.003548,0.003777,0.003853,0.003929,0.004082,0.004120,0.004349,0.004387,0.004501,0.004616,0.004654,0.004692,0.004692,0.004730,0.004768,0.004654,0.004654,0.004616,0.004539,0.004387,0.004349,0.004272,0.004120,0.004044,0.003891,0.003738,0.003662,0.003510,0.003433,0.003204,0.003166,0.002975,0.002823,0.002785,0.002708,0.002632,0.002518,0.002403,0.002327,0.002251,0.002174,0.002098,0.002022,0.002022,0.001945,0.001907,0.001869,0.001793,0.001793,0.001793,0.001755,0.001717,0.001678,0.001755,0.001717,0.001831,0.001831,0.001869,0.001907,0.001907,0.001984,0.001945,0.002022,0.002022,0.002022,0.002022,0.002022,0.001984,0.001945,0.001907,0.001907,0.001869,0.001869,0.001831,0.001755,0.001717,0.001678,0.001755,0.001755,0.001717,0.001717,0.001717,0.001640,0.001678,0.001678,0.001564,0.001564,0.001488,0.001450,0.001450,0.001411,0.001297,0.001373,0.001411,0.001411,0.001450,0.001488,0.001602,0.001602,0.001717,0.001717,0.001793,0.001907,0.001869,0.001869,0.001869,0.001869,0.001869,0.001831,0.001869,0.001793,0.001831,0.001831,0.001831,0.001869,0.001793,0.001831,0.001869,0.001831,0.001907,0.001869,0.001907,0.001945,0.001984,0.001907,0.001907,0.001907,0.001869,0.001945,0.001907,0.001869,0.001869,0.001793,0.001793,0.001793,0.001755,0.001793,0.001831,0.001945,0.001945,0.001945,0.002060,0.002098,0.002174,0.002213,0.002327,0.002327,0.002403,0.002480,0.002480,0.002518,0.002556,0.002632,0.002556,0.002518,0.002556,0.002480,0.002327,0.002327,0.002174,0.002174,0.002060,0.002022,0.001984,0.001907,0.001869,0.001831,0.001793,0.001869,0.001869,0.001831,0.001793,0.001793,0.001869,0.001869,0.001907,0.001869,0.001869,0.001793,0.001793,0.001831,0.001717,0.001717,0.001678,0.001564,0.001602,0.001488,0.001450,0.001411,0.001411,0.001411,0.001335,0.001373,0.001335,0.001335,0.001335,0.001297,0.001373,0.001335,0.001335,0.001411,0.001411,0.001411,0.001450,0.001450,0.001564,0.001564,0.001602,0.001678,0.001755,0.001831,0.001907,0.001907,0.002022,0.002060,0.002136,0.002289,0.002289,0.002403,0.002441,0.002556,0.002594,0.002670,0.002670,0.002747,0.002785,0.002785,0.002747,0.002823,0.002785,0.002747,0.002785,0.002708,0.002670,0.002708,0.002632,0.002632,0.002632,0.002670,0.002632,0.002594,0.002594,0.002594,0.002594,0.002594,0.002480,0.002480,0.002480,0.002403,0.002480,0.002441,0.002365,0.002327,0.002289,0.002213,0.002213,0.002213,0.002174,0.002136,0.002136,0.002098,0.002098,0.002136,0.002136,0.002174,0.002136,0.002136,0.002060,0.002136,0.002098,0.002060,0.002060,0.002136,0.002060,0.002098,0.002136,0.002060,0.002022,0.002022,0.002060,0.002022,0.002060,0.002098,0.002098,0.002060,0.002136,0.002174,0.002174,0.002251,0.002289,0.002365,0.002403,0.002441,0.002480,0.002480,0.002556,0.002594,0.002632,0.002594,0.002556,0.002632,0.002518,0.002518,0.002518,0.002441,0.002480,0.002289,0.002213,0.002136,0.002136,0.002022,0.001984,0.001907,0.001793,0.001755,0.001755,0.001717,0.001717,0.001717,0.001678,0.001678,0.001602,0.001678,0.001717,0.001755,0.001755,0.001831,0.001907,0.001869,0.001984,0.001984,0.002022,0.002098,0.002098,0.002136,0.002174,0.002174,0.002213,0.002136,0.002136,0.002136,0.002060,0.001984,0.002022,0.001984,0.001945,0.001984,0.001907,0.001831,0.001831,0.001831,0.001793,0.001717,0.001755,0.001717,0.001564,0.001564,0.001640,0.001602,0.001564,0.001526,0.001526,0.001526,0.001564,0.001526,0.001602,0.001564,0.001602,0.001678,0.001640,0.001640,0.001640,0.001717,0.001678,0.001755,0.001869,0.001869,0.001907,0.001984,0.001945,0.002022,0.001984,0.002022,0.002022,0.002022,0.002060,0.002136,0.002098,0.002098,0.002098,0.002098,0.002174,0.002174,0.002213,0.002136,0.002136,0.002174,0.002174,0.002174,0.002174,0.002136,0.002174,0.002174,0.002136,0.002136,0.002174,0.002174,0.002213,0.002136,0.002098,0.002174,0.002136,0.002022,0.002060,0.002060,0.002098,0.002136,0.002174,0.002136,0.002136,0.002174,0.002174,0.002213,0.002213,0.002213,0.002136,0.002136,0.002174,0.002136,0.002098,0.002136,0.002136,0.002098,0.002174,0.002060,0.002060,0.002060,0.001984,0.001984,0.001945,0.001945,0.001907,0.001869,0.001869,0.001755,0.001793,0.001755,0.001793,0.001717,0.001678,0.001678,0.001717,0.001640,0.001602,0.001640,0.001640,0.001564,0.001678,0.001640,0.001678,0.001640,0.001678,0.001678,0.001678,0.001678,0.001717,0.001717,0.001717,0.001793,0.001831,0.001831,0.001869,0.001984,0.002060,0.002098,0.002136,0.002136,0.002174,0.002251,0.002289,0.002251,0.002327,0.002365,0.002327,0.002403,0.002403,0.002441,0.002441,0.002403,0.002480,0.002480,0.002403,0.002480,0.002480,0.002480,0.002480,0.002518,0.002480,0.002403,0.002441,0.002480,0.002480,0.002441,0.002441,0.002480,0.002441,0.002441,0.002403,0.002403,0.002365,0.002289,0.002327,0.002289,0.002213,0.002213,0.002136,0.002136,0.002136,0.002060,0.002098,0.001984,0.001984,0.001907,0.001945,0.001907,0.001907,0.001945,0.001907,0.001907,0.002022,0.001984,0.002022,0.002060,0.002022,0.002098,0.002098,0.002174,0.002213,0.002213,0.002251,0.002251,0.002251,0.002251,0.002289,0.002327,0.002365,0.002289,0.002289,0.002213,0.002213,0.002251,0.002251,0.002174,0.002136,0.002136,0.002060,0.002022,0.002022,0.002022,0.001945,0.001945,0.001907,0.001869,0.001869,0.001793,0.001755,0.001793,0.001755,0.001793,0.001717,0.001717,0.001717,0.001717,0.001755,0.001717,0.001755,0.001678,0.001678,0.001717,0.001717,0.001755,0.001640,0.001640,0.001717,0.001678,0.001678,0.001717,0.001755,0.001755,0.001678,0.001717,0.001678,0.001717,0.001755,0.001755,0.001755,0.001717,0.001717,0.001717,0.001717,0.001755,0.001793,0.001831,0.001831,0.001869,0.001869,0.001907,0.001984,0.002022,0.001984,0.002060,0.002060,0.002136,0.002098,0.002174,0.002174,0.002251,0.002213,0.002213,0.002289,0.002289,0.002289,0.002289,0.002213,0.002289,0.002213,0.002174,0.002213,0.002174,0.002213,0.002213,0.002136,0.002136,0.002098,0.002098,0.002098,0.002022,0.002060,0.002098,0.002098,0.002022,0.002060,0.002022,0.002022,0.001984,0.001984,0.002060,0.002060,0.002022,0.002060,0.002022,0.002060,0.002022,0.002060,0.002022,0.002060,0.002022,0.002022,0.002098,0.002098,0.002098,0.002060,0.002098,0.002022,0.002060,0.002060,0.002060,0.002022,0.002098,0.002060,0.002022,0.002098,0.002098,0.002098,0.002136,0.002136,0.002136,0.002136,0.002136,0.002174,0.002136,0.002098,0.002098,0.002098,0.002060,0.002098,0.002060,0.002022,0.002098,0.002022,0.001945,0.001984,0.001945,0.001984,0.002022,0.002060,0.002022,0.001984,0.001945,0.001945,0.002022,0.001984,0.001984,0.002022,0.002022,0.002022,0.001984,0.001984,0.001907,0.001945,0.002022,0.002060,0.002022,0.002022,0.002060,0.002098,0.002098,0.002136,0.002060,0.002060,0.002098,0.002136,0.002136,0.002136,0.002174,0.002174,0.002174,0.002136,0.002098,0.002022,0.002060,0.002060,0.002060,0.002022,0.001984,0.001984,0.001945,0.001945,0.001869,0.001869,0.001869,0.001831,0.001831,0.001793,0.001831,0.001831,0.001869,0.001831,0.001831,0.001869,0.001869,0.001869,0.001907,0.001945,0.001984,0.001984,0.001945,0.001984,0.002022,0.002022,0.001984,0.002022,0.002060,0.001984,0.002060,0.002060,0.002022,0.002060,0.001984,0.002022,0.001984,0.002060,0.002060,0.002060,0.002060,0.002022,0.002060,0.002098,0.002022,0.001945,0.001945,0.001984,0.001945,0.001907,0.001945,0.001869,0.001945,0.001907,0.001831,0.001907,0.001869,0.001869,0.001831,0.001831,0.001869,0.001869,0.001831,0.001831,0.001869,0.001907,0.001907,0.001945,0.001984,0.002022,0.001984,0.001984,0.002022,0.002098,0.002098,0.002060,0.002098,0.002174,0.002174,0.002174,0.002136,0.002174,0.002174,0.002174,0.002251,0.002174,0.002213,0.002251,0.002213,0.002213,0.002289,0.002251,0.002251,0.002251,0.002251,0.002251,0.002289,0.002213,0.002251,0.002251,0.002251,0.002213,0.002289,0.002251,0.002213,0.002136,0.002174,0.002098,0.002098,0.002136,0.002098,0.002136,0.002098,0.002136,0.002136,0.002060,0.002060,0.002022,0.002022,0.001984,0.001945,0.001984,0.001945,0.001984,0.001945,0.001984,0.001945,0.001984,0.002060,0.002060,0.002098,0.002060,0.002060,0.002174,0.002174,0.002174,0.002213,0.002251,0.002365,0.002365,0.002365,0.002441,0.002518,0.002556,0.002594,0.002594,0.002632,0.002670,0.002670,0.002594,0.002632,0.002670,0.002632,0.002670,0.002632,0.002632,0.002632,0.002518,0.002518,0.002480,0.002480,0.002403,0.002365,0.002403,0.002327,0.002289,0.002289,0.002251,0.002213,0.002136,0.002098,0.002022,0.001984,0.001945,0.001869,0.001793,0.001755,0.001717,0.001564,0.001450,0.001373,0.001183,0.001183,0.001106,0.001030,0.000916,0.000916,0.000877,0.000877,0.000877,0.000916,0.000954,0.000992,0.001068,0.001106,0.001183,0.001221,0.001373,0.001411,0.001564,0.001640,0.001678,0.001793,0.001869,0.001984,0.002022,0.002060,0.002136,0.002174,0.002251,0.002251,0.002251,0.002289,0.002327,0.002289,0.002327,0.002327,0.002289,0.002289,0.002289,0.002213,0.002174,0.002174,0.002174,0.002098,0.002060,0.002098,0.002098,0.002174,0.002136,0.002098,0.002174,0.002174,0.002136,0.002251,0.002251,0.002289,0.002327,0.002403,0.002441,0.002403,0.002480,0.002518,0.002480,0.002480,0.002518,0.002518,0.002480,0.002480,0.002480,0.002403,0.002403,0.002365,0.002365,0.002327,0.002289,0.002213,0.002174,0.002174,0.002136,0.002060,0.002022,0.001945,0.002022,0.001984,0.001945,0.001945,0.001945,0.001984,0.001907,0.001907,0.001869,0.001869,0.001907,0.001907,0.001869,0.001869,0.001907,0.001945,0.001945,0.001945,0.001907,0.001945,0.002022,0.001984,0.001984,0.001945,0.001907,0.001907,0.001984,0.001945,0.001945,0.001945,0.001945,0.001907,0.001945,0.001869,0.001869,0.001945,0.001907,0.001945,0.001945,0.001945,0.001984,0.001945,0.001945,0.001945,0.001984,0.001984,0.001984,0.002022,0.001984,0.002022,0.001984,0.002022,0.002022,0.002060,0.002022,0.002060,0.002022,0.002136,0.002136,0.002174,0.002174,0.002174,0.002213,0.002213,0.002251,0.002251,0.002327,0.002327,0.002251,0.002289,0.002289,0.002365,0.002327,0.002327,0.002327,0.002327,0.002365,0.002365,0.002327,0.002289,0.002327,0.002289,0.002251,0.002289,0.002289,0.002251,0.002213,0.002174,0.002174,0.002174,0.002136,0.002136,0.002098,0.002136,0.002136,0.002060,0.002022,0.002022,0.002060,0.002060,0.002022,0.002022,0.002022,0.002060,0.002060,0.002060,0.002098,0.002098,0.002098,0.002098,0.002098,0.002098,0.002098,0.002136,0.002213,0.002213,0.002251,0.002213,0.002251,0.002251,0.002289,0.002213,0.002213,0.002327,0.002327,0.002365,0.002327,0.002327,0.002365,0.002365,0.002365,0.002289,0.002289,0.002289,0.002327,0.002251,0.002213,0.002174,0.002136,0.002098,0.002098,0.002022,0.002022,0.001984,0.001907,0.001984,0.001869,0.001869,0.001869,0.001869,0.001907,0.001831,0.001869,0.001869,0.001831,0.001793,0.001755,0.001831,0.001793,0.001717,0.001717,0.001793,0.001678,0.001717,0.001793,0.001755,0.001755,0.001717,0.001717,0.001755,0.001793,0.001755,0.001755,0.001793,0.001831,0.001793,0.001793,0.001831,0.001831,0.001869,0.001831,0.001869,0.001945,0.001907,0.001907,0.001907,0.001945,0.001984,0.001984,0.002060,0.002022,0.001984,0.002060,0.002060,0.002098,0.002098,0.002174,0.002174,0.002136,0.002174,0.002136,0.002136,0.002136,0.002213,0.002098,0.002060,0.002136,0.002098,0.002098,0.002098,0.002060,0.002060,0.002060,0.002060,0.002022,0.002022,0.002060,0.002060,0.002022,0.001984,0.002022,0.002098,0.002060,0.002098,0.002060,0.002022,0.002060,0.002060,0.002136,0.002136,0.002098,0.002060,0.002022,0.002098,0.002098,0.002060,0.002060,0.002060,0.002022,0.002022,0.002022,0.001984,0.001907,0.001869,0.001907,0.001907,0.001869,0.001869,0.001831,0.001793,0.001831,0.001831,0.001831,0.001793,0.001793,0.001793,0.001793,0.001793,0.001793,0.001831,0.001869,0.001831,0.001869,0.001907,0.001945,0.001945,0.001945,0.001984,0.001984,0.001984,0.002022,0.002022,0.002060,0.002098,0.002098,0.002060,0.002022,0.002060,0.002060,0.002022,0.002022,0.002060,0.002060,0.002060,0.002022,0.002022,0.002022,0.001984,0.001984,0.002022,0.002022,0.001984,0.002022,0.002022,0.002022,0.002022,0.002022,0.002060,0.002098,0.002060,0.002060,0.002060,0.002098,0.002098,0.002174,0.002136,0.002174,0.002174,0.002251,0.002251,0.002251,0.002213,0.002213,0.002251,0.002289,0.002251,0.002174,0.002213,0.002213,0.002213,0.002174,0.002136,0.002136,0.002174,0.002174,0.002136,0.002174,0.002136,0.002136,0.002136,0.002060,0.002060,0.002060,0.002022,0.001984,0.001984,0.002022,0.002060,0.001984,0.002022,0.001984,0.002022,0.001984,0.002022,0.002060,0.002022,0.002060,0.002098,0.002060,0.002098,0.002098,0.002213,0.002136,0.002136,0.002174,0.002098,0.002213,0.002174,0.002213,0.002213,0.002251,0.002251,0.002251,0.002251,0.002251,0.002213,0.002251,0.002251,0.002213,0.002213,0.002174,0.002174,0.002174,0.002213,0.002136,0.002060,0.002098,0.002060,0.002136,0.002022,0.002060,0.002022,0.001984,0.001945,0.001907,0.001907,0.001907,0.001869,0.001831,0.001831,0.001869,0.001831,0.001755,0.001717,0.001717,0.001755,0.001717,0.001678,0.001640,0.001640,0.001640,0.001602,0.001602,0.001640,0.001678,0.001678,0.001640,0.001640,0.001678,0.001678,0.001717,0.001640,0.001678,0.001678,0.001678,0.001678,0.001678,0.001678,0.001717,0.001717,0.001678,0.001717,0.001717,0.001678,0.001678,0.001755,0.001793,0.001755,0.001717,0.001755,0.001869,0.001831,0.001831,0.001869,0.001907,0.001945,0.001907,0.001945,0.001945,0.002022,0.002060,0.002060,0.002098,0.002098,0.002174,0.002213,0.002213,0.002251,0.002251,0.002213,0.002289,0.002289,0.002289,0.002213,0.002327,0.002327,0.002327,0.002327,0.002365,0.002327,0.002327,0.002289,0.002327,0.002251,0.002365,0.002289,0.002213,0.002251,0.002213,0.002213,0.002174,0.002213,0.002251,0.002213,0.002136,0.002136,0.002098,0.002098,0.002098,0.002136,0.002098,0.002060,0.002060,0.002060,0.002098,0.002022,0.001984,0.001945,0.001984,0.002022,0.002022,0.002022,0.001945,0.001984,0.001984,0.001945,0.001945,0.002022,0.001984,0.001984,0.001945,0.001984,0.001945,0.001945,0.001984,0.001984,0.001984,0.001869,0.001945,0.001869,0.001869,0.001907,0.001907,0.001907,0.001831,0.001869,0.001869,0.001831,0.001869,0.001869,0.001869,0.001907,0.001907,0.001984,0.001945,0.001945,0.001945,0.001945,0.001984,0.001945,0.002022,0.002022,0.001984,0.002060,0.001984,0.002022,0.002060,0.002098,0.002098,0.002060,0.002098,0.002060,0.002060,0.002022,0.002098,0.002098,0.002060,0.002060,0.002060,0.002022,0.002098,0.002022,0.002022,0.002060,0.002060,0.002060,0.002022,0.002060,0.002060,0.002060,0.002060,0.002060,0.002136,0.002060,0.002060,0.002136,0.002136,0.002174,0.002174,0.002136,0.002136,0.002098,0.002098,0.002174,0.002174,0.002136,0.002174,0.002174,0.002213,0.002213,0.002174,0.002136,0.002174,0.002136,0.002136,0.002136,0.002174,0.002136,0.002098,0.002136,0.002136,0.002098,0.002136,0.002060,0.002060,0.002060,0.002098,0.002098,0.002098,0.002098,0.002060,0.002136,0.002098,0.002098,0.002060,0.002098,0.002060,0.002060,0.002060,0.002098,0.002022,0.002060,0.002022,0.002022,0.002060,0.002022,0.001984,0.001984,0.001984,0.002022,0.001907,0.001945,0.001907,0.001945,0.001945,0.001869,0.001945,0.001907,0.001907,0.001984,0.001945,0.001907,0.001907,0.001907,0.001907,0.001869,0.001869,0.001869,0.001831,0.001869,0.001869,0.001831,0.001831,0.001869,0.001869,0.001869,0.001869,0.001869,0.001869,0.001907,0.001831,0.001869,0.001907,0.001945,0.001869,0.001907,0.001907,0.002022,0.001984,0.001984,0.002022,0.002022,0.001945,0.002022,0.002022,0.002060,0.002060,0.002060,0.002098,0.002060,0.002098,0.002098,0.002098,0.002136,0.002098,0.002098,0.002136,0.002136,0.002174,0.002136,0.002136,0.002098,0.002136,0.002174,0.002136,0.002098,0.002098,0.002098,0.002098,0.002136,0.002136,0.002098,0.002060,0.002098,0.002098,0.002060,0.002136,0.002098,0.002060,0.002098,0.002098,0.002098,0.002098,0.002098,0.002098,0.002136,0.002136,0.002098,0.002098,0.002136,0.002098,0.002136,0.002136,0.002136,0.002174,0.002136,0.002136,0.002098,0.002098,0.002136,0.002136,0.002136,0.002174,0.002136,0.002098,0.002174,0.002098,0.002098,0.002136,0.002136,0.002098,0.002213,0.002174,0.002060,0.002098,0.002098,0.002060,0.002060,0.002060,0.002098,0.002136,0.002098,0.002060,0.002098,0.002060,0.002060,0.002060,0.002098,0.002098,0.002060,0.002060,0.002098,0.002098,0.002098,0.002098,0.002060,0.002098,0.002060,0.002060,0.002060,0.002098,0.002098,0.002060,0.002022,0.002022,0.002098,0.002098,0.002098,0.002136,0.002098,0.002060,0.002022,0.002060,0.002098,0.002098,0.002060,0.002060,0.002060,0.002136,0.002136,0.002136,0.002098,0.002136,0.002098,0.002060,0.002136,0.002136,0.002136,0.002136,0.002098,0.002098,0.002098,0.002098,0.002098,0.002022,0.002098,0.002022,0.002060,0.001945,0.001945,0.002022,0.001907,0.001984,0.002022,0.002022,0.001984,0.001945,0.002022,0.001984,0.001984,0.001984,0.001907,0.001945,0.002022,0.002022,0.002022,0.002022,0.002060,0.002022,0.002022,0.001984,0.002022,0.002022,0.002060,0.002060,0.002022,0.002098,0.002136,0.002136,0.002136,0.002213,0.002213,0.002289,0.002251,0.002289,0.002327,0.002289,0.002365,0.002365,0.002365,0.002365,0.002365,0.002365,0.002327,0.002403,0.002403,0.002327,0.002327,0.002289,0.002365,0.002327,0.002251,0.002213,0.002174,0.002136,0.002060,0.002022,0.001984,0.001945,0.001945,0.001869,0.001869,0.001869,0.001793,0.001793,0.001793,0.001793,0.001755,0.001755,0.001755,0.001755,0.001793,0.001793,0.001755,0.001793,0.001831,0.001907,0.001869,0.001869,0.001831,0.001869,0.001945,0.002022,0.002022,0.002022,0.002060,0.002060,0.002098,0.002022,0.002060,0.002022,0.001945,0.001984,0.001984,0.001945,0.001945,0.001907,0.001907,0.001907,0.001945,0.001945,0.001945,0.001945,0.001945,0.001945,0.001984,0.001984,0.001984,0.001984,0.001984,0.002060,0.002098,0.002060,0.002060,0.002060,0.002136,0.002060,0.002060,0.002098,0.002174,0.002174,0.002251,0.002174,0.002213,0.002213,0.002251,0.002213,0.002251,0.002289,0.002251,0.002251,0.002213,0.002213,0.002213,0.002251,0.002289,0.002213,0.002213,0.002213,0.002251,0.002213,0.002174,0.002251,0.002213,0.002213,0.002251,0.002213,0.002251,0.002213,0.002251,0.002289,0.002251,0.002251,0.002251,0.002213,0.002213,0.002213,0.002213,0.002174,0.002174,0.002174,0.002174,0.002174,0.002098,0.002060,0.001984,0.001984,0.001984,0.001984,0.001984,0.001907,0.001869,0.001945,0.001831,0.001869,0.001793,0.001793,0.001755,0.001755,0.001793,0.001793,0.001793,0.001755,0.001678,0.001717,0.001678,0.001717,0.001755,0.001755,0.001755,0.001755,0.001755,0.001717,0.001831,0.001755,0.001793,0.001869,0.001869,0.001907,0.001869,0.001907,0.001945,0.001945,0.001984,0.001945,0.001984,0.002022,0.001984,0.002022,0.001984,0.001984,0.002060,0.002060,0.002022,0.002022,0.001984,0.002060,0.002022,0.002098,0.002060,0.002098,0.002098,0.002060,0.002060,0.002022,0.002022,0.002022,0.002022,0.002060,0.002022,0.002098,0.002060,0.002060,0.001984,0.002022,0.002022,0.002022,0.002098,0.002060,0.002098,0.002098,0.002098,0.002098,0.002136,0.002060,0.002136,0.002136,0.002136,0.002174,0.002136,0.002213,0.002174,0.002136,0.002174,0.002136,0.002213,0.002174,0.002136,0.002136,0.002136,0.002174,0.002136,0.002213,0.002136,0.002174,0.002213,0.002136,0.002174,0.002136,0.002136,0.002136,0.002136,0.002098,0.002098,0.002098,0.002060,0.002022,0.002060,0.002022,0.002060,0.001984,0.001984,0.002022,0.001945,0.002022,0.001984,0.001984,0.001984,0.001984,0.001984,0.001984,0.002022,0.002022,0.002022,0.002060,0.002060,0.002098,0.002098,0.002098,0.002098,0.002136,0.002136,0.002098,0.002136,0.002022,0.002060,0.002022,0.001945,0.001945,0.001945,0.001984,0.001945,0.001869,0.001907,0.001907,0.001831,0.001831,0.001831,0.001831,0.001793,0.001793,0.001831,0.001831,0.001831,0.001831,0.001869,0.001869,0.001869,0.001907,0.001984,0.001984,0.001945,0.002022,0.002022,0.002022,0.002098,0.002136,0.002136,0.002098,0.002098,0.002098,0.002098,0.002098,0.002098,0.002098,0.002136,0.002098,0.002060,0.002060,0.002060,0.002060,0.001984,0.002022,0.002022,0.001984,0.001945,0.001907,0.001945,0.001984,0.001945,0.001907,0.001869,0.001907,0.001907,0.001907,0.001907,0.001984,0.001984,0.001984,0.001945,0.002022,0.002060,0.002022,0.002060,0.002060,0.002060,0.002098,0.002098,0.002136,0.002136,0.002098,0.002098,0.002098,0.002136,0.002174,0.002174,0.002174,0.002213,0.002251,0.002213,0.002289,0.002289,0.002251,0.002251,0.002213,0.002251,0.002213,0.002251,0.002289,0.002174,0.002213,0.002213,0.002174,0.002251,0.002136,0.002060,0.002136,0.002098,0.002098,0.002060,0.002060,0.002098,0.002060,0.002060,0.002098,0.002060,0.001984,0.001984,0.002022,0.002060,0.002022,0.002060,0.001984,0.001984,0.001984,0.001984,0.001945,0.001984,0.002022,0.002022,0.002060,0.002022,0.002022,0.001984,0.001945,0.001907,0.001907,0.001869,0.001831,0.001869,0.001869,0.001869,0.001869,0.001793,0.001793,0.001793,0.001717,0.001717,0.001793,0.001755,0.001755,0.001755,0.001717,0.001755,0.001755,0.001831,0.001793,0.001793,0.001793,0.001793,0.001831,0.001869,0.001869,0.001869,0.001831,0.001907,0.001831,0.001869,0.001869,0.001907,0.001907,0.001869,0.001907,0.001907,0.001907,0.001907,0.001907,0.001907,0.001945,0.001907,0.001945,0.001907,0.001869,0.001869,0.001907,0.001869,0.001869,0.001907,0.001907,0.001907,0.001945,0.001907,0.001945,0.001907,0.001945,0.001984,0.001945,0.001984,0.002022,0.002098,0.002060,0.002022,0.002098,0.002060,0.002060,0.002098,0.002060,0.002098,0.002098,0.002098,0.002174,0.002136,0.002174,0.002174,0.002098,0.002136,0.002098,0.002213,0.002213,0.002174,0.002213,0.002213,0.002289,0.002289,0.002289,0.002365,0.002327,0.002365,0.002365,0.002365,0.002403,0.002365,0.002365,0.002365,0.002441,0.002327,0.002327,0.002365,0.002327,0.002289,0.002251,0.002251,0.002251,0.002213,0.002174,0.002098,0.002060,0.002060,0.002022,0.001984,0.001945,0.001945,0.001907,0.001831,0.001793,0.001793,0.001793,0.001793,0.001717,0.001717,0.001678,0.001717,0.001717,0.001717,0.001717,0.001640,0.001678,0.001717,0.001793,0.001793,0.001755,0.001755,0.001793,0.001831,0.001831,0.001831,0.001831,0.001869,0.001907,0.001869,0.001907,0.001907,0.001907,0.001984,0.001945,0.001945,0.002060,0.002060,0.002060,0.002098,0.002098,0.002098,0.002136,0.002098,0.002136,0.002174,0.002174,0.002174,0.002174,0.002174,0.002251,0.002289,0.002251,0.002251,0.002174,0.002213,0.002251,0.002251,0.002289,0.002289,0.002251,0.002289,0.002289,0.002213,0.002251,0.002289,0.002251,0.002289,0.002213,0.002213,0.002327,0.002251,0.002327,0.002251,0.002213,0.002213,0.002213,0.002251,0.002251,0.002251,0.002213,0.002174,0.002213,0.002213,0.002213,0.002213,0.002213,0.002213,0.002213,0.002174,0.002136,0.002174,0.002136,0.002136,0.002174,0.002136,0.002136,0.002174,0.002060,0.002098,0.002136,0.002098,0.002098,0.002098,0.002060,0.002098,0.002098,0.002098,0.002060,0.002060,0.002022,0.002060,0.002022,0.002022,0.002022,0.002022,0.001945,0.001907,0.001945,0.001945,0.001869,0.001869,0.001907,0.001907,0.001869,0.001869,0.001907,0.001831,0.001869,0.001907,0.001831,0.001869,0.001831,0.001869,0.001907,0.001907,0.001869,0.001869,0.001945,0.001907,0.001907,0.001984,0.001945,0.001907,0.001869,0.001945,0.001945,0.001945,0.001984,0.001945,0.001984,0.002022,0.001984,0.001945,0.001984,0.001984,0.002022,0.002022,0.001984,0.001984,0.002060,0.002022,0.002022,0.002060,0.002098,0.002136,0.002136,0.002136,0.002098,0.002098,0.002136,0.002174,0.002251,0.002213,0.002174,0.002174,0.002174,0.002213,0.002213,0.002213,0.002213,0.002213,0.002251,0.002289,0.002174,0.002213,0.002213,0.002251,0.002174,0.002213,0.002174,0.002136,0.002136,0.002174,0.002136,0.002136,0.002060,0.002174,0.002174,0.002098,0.002022,0.002060,0.002060,0.002022,0.002098,0.002060,0.002022,0.002060,0.002022,0.002022,0.002022,0.002022,0.002060,0.002022,0.001984,0.002022,0.002060,0.002060,0.002060,0.002060,0.002022,0.002022,0.002060,0.002060,0.002022,0.002022,0.002060,0.002022,0.001984,0.001984,0.001984,0.001984,0.001984,0.001984,0.001984,0.001869,0.001945,0.001945,0.001907,0.001907,0.001869,0.001869,0.001831,0.001793,0.001755,0.001793,0.001793,0.001717,0.001717,0.001755,0.001755,0.001831,0.001678,0.001755,0.001793,0.001717,0.001793,0.001793,0.001793,0.001755,0.001831,0.001831,0.001793,0.001831,0.001831,0.001869,0.001907,0.001907,0.001907,0.001869,0.001945,0.001945,0.001945,0.001945,0.001984,0.001945,0.001945,0.002022,0.001984,0.001984,0.002098,0.002098,0.002060,0.002136,0.002098,0.002060,0.002098,0.002174,0.002213,0.002174,0.002174,0.002136,0.002174,0.002213,0.002213,0.002213,0.002213,0.002213,0.002251,0.002251,0.002213,0.002213,0.002289,0.002251,0.002251,0.002213,0.002174,0.002213,0.002213,0.002213,0.002174,0.002174,0.002174,0.002136,0.002098,0.002136,0.002098,0.002136,0.002098,0.002136,0.002098,0.002098,0.002136,0.002098,0.002136,0.002098,0.002098,0.002060,0.002022,0.002060,0.002098,0.002098,0.002060,0.002136,0.002136,0.002136,0.002098,0.002060,0.002060,0.002136,0.002136,0.002060,0.002060,0.002098,0.002060,0.002136,0.002174,0.002060,0.002098,0.002136,0.002098,0.002098,0.002098,0.002098,0.002136,0.002098,0.002098,0.002136,0.002136,0.002136,0.002098,0.002136,0.002136,0.002098,0.002098,0.002136,0.002098,0.002098,0.002136,0.002136,0.002136,0.002098,0.002136,0.002136,0.002098,0.002098,0.002098,0.002098,0.002098,0.002098,0.002098,0.002060,0.002098,0.002060,0.002136,0.002098,0.002060,0.002136,0.002098,0.002098,0.002098,0.002060,0.002136,0.002098,0.002060,0.002098,0.002060,0.002098,0.002098,0.002136,0.002174,0.002136,0.002174,0.002098,0.002174,0.002174,0.002136,0.002174,0.002136,0.002136,0.002213,0.002136,0.002098,0.002098,0.002098,0.002060,0.002060,0.002022,0.002022,0.002022,0.002060,0.001945,0.001945,0.001984,0.001984,0.001984,0.001945,0.001869,0.001869,0.001869,0.001831,0.001907,0.001907,0.001793,0.001831,0.001831,0.001755,0.001755,0.001793,0.001793,0.001755,0.001793,0.001755,0.001755,0.001831,0.001793,0.001755,0.001793,0.001831,0.001831,0.001793,0.001831,0.001907,0.001869,0.001907,0.001907,0.001945,0.001945,0.001945,0.001984,0.002022,0.002022,0.002060,0.002060,0.002136,0.002136,0.002174,0.002174,0.002136,0.002174,0.002136,0.002136,0.002136,0.002174,0.002174,0.002213,0.002174,0.002136,0.002060,0.002060,0.002098,0.002136,0.002060,0.002098,0.002060,0.002060,0.002060,0.002022,0.001984,0.002060,0.001984,0.002060,0.002060,0.002060,0.002060,0.002060,0.002098,0.002098,0.002098,0.002136,0.002136,0.002174,0.002174,0.002174,0.002136,0.002213,0.002136,0.002136,0.002136,0.002136,0.002098,0.002136,0.002098,0.002098,0.002098,0.002022,0.002022,0.002060,0.002022,0.001945,0.001945,0.001869,0.001907,0.001755,0.001755,0.001755,0.001717,0.001717,0.001640,0.001678,0.001678,0.001602,0.001602,0.001640,0.001678,0.001640,0.001717,0.001678,0.001717,0.001793,0.001793,0.001831,0.001755,0.001793,0.001869,0.001869,0.001907,0.001984,0.001945,0.001984,0.001945,0.001907,0.001945,0.001945,0.001945,0.001984,0.001984,0.001945,0.001945,0.001907,0.001907,0.001945,0.001945,0.001984,0.001945,0.001945,0.001907,0.001984,0.001945,0.001945,0.001945,0.001984,0.002022,0.002022,0.002022,0.002098,0.002060,0.002098,0.002213,0.002174,0.002174,0.002174,0.002213,0.002136,0.002174,0.002213,0.002213,0.002251,0.002251,0.002213,0.002174,0.002174,0.002174,0.002174,0.002136,0.002136,0.002136,0.002136,0.002174,0.002136,0.002098,0.002136,0.002174,0.002098,0.002098,0.002098,0.002098,0.002060,0.002060,0.002098,0.002098,0.002098,0.002098,0.002098,0.002060,0.002060,0.002060,0.002022,0.002060,0.002060,0.002022,0.002098,0.002022,0.002060,0.001984,0.002098,0.002060,0.002022,0.002022,0.002060,0.002022,0.001984,0.001945,0.001945,0.001984,0.001984,0.001945,0.002022,0.001945,0.001945,0.001945,0.001945,0.001907,0.001907,0.002022,0.001984,0.001945,0.001984,0.001945,0.001945,0.001945,0.002022,0.001984,0.001945,0.001945,0.001984,0.002022,0.002022,0.002022,0.002022,0.001984,0.001984,0.002060,0.002022,0.002060,0.002022,0.001984,0.002060,0.002022,0.002022,0.002060,0.002022,0.002060,0.002060,0.002098,0.002060,0.002136,0.002098,0.002060,0.002098,0.002098,0.002136,0.002060,0.002060,0.002098,0.002060,0.002060,0.002060,0.002098,0.002060,0.002060,0.002022,0.002098,0.002060,0.002060,0.002022,0.002022,0.001984,0.001945,0.001907,0.001984,0.001984,0.001945,0.001984,0.001945,0.001945,0.001945,0.001869,0.001907,0.001907,0.001984,0.001945,0.001869,0.001869,0.001907,0.001945,0.001945,0.001945,0.001945,0.001945,0.001945,0.001907,0.001907,0.001907,0.001907,0.001945,0.001907,0.001907,0.001907,0.001907,0.001945,0.001984,0.001984,0.001984,0.001984,0.001907,0.001945,0.001945,0.001984,0.001945,0.001984,0.002022,0.001984,0.002060,0.002060,0.002022,0.002022,0.002098,0.002060,0.002060,0.002022,0.002022,0.002022,0.002022,0.002060,0.002022,0.002060,0.002060,0.002098,0.002022,0.002022,0.002060,0.001984,0.001984,0.002022,0.001984,0.002022,0.001984,0.001984,0.001984,0.001945,0.001945,0.001984,0.001984,0.001984,0.002022,0.001984,0.001984,0.001984,0.002022,0.002022,0.002060,0.002060,0.002060,0.002098,0.002098,0.002136,0.002136,0.002174,0.002136,0.002174,0.002174,0.002174,0.002136,0.002213,0.002174,0.002136,0.002174,0.002251,0.002213,0.002174,0.002213,0.002174,0.002174,0.002136,0.002136,0.002136,0.002136,0.002136,0.002060,0.002098,0.002136,0.002098,0.002098,0.002098,0.002098,0.002060,0.002060,0.002060,0.002098,0.002060,0.001984,0.002060,0.002022,0.002022,0.002060,0.002060,0.002060,0.002022,0.001984,0.001984,0.001984,0.001984,0.001984,0.001945,0.001984,0.001984,0.001984,0.001945,0.001907,0.001945,0.001984,0.001945,0.001907,0.001907,0.001869,0.001869,0.001945,0.001869,0.001907,0.001907,0.001907,0.001869,0.001907,0.001907,0.001869,0.001907,0.001869,0.001907,0.001945,0.001831,0.001831,0.001907,0.001907,0.001907,0.001907,0.001945,0.001869,0.001869,0.001907,0.001945,0.001907,0.001945,0.001945,0.001945,0.001907,0.001945,0.001984,0.001984,0.001984,0.001984,0.001945,0.002022,0.002060,0.002022,0.002022,0.002060,0.002060,0.002098,0.002098,0.002098,0.002136,0.002060,0.002098,0.002174,0.002174,0.002174,0.002213,0.002213,0.002213,0.002213,0.002251,0.002289,0.002251,0.002251,0.002289,0.002213,0.002251,0.002289,0.002289,0.002251,0.002251,0.002251,0.002251,0.002174,0.002213,0.002213,0.002213,0.002174,0.002174,0.002174,0.002098,0.002136,0.002098,0.002136,0.002136,0.002136,0.002098,0.002060,0.002098,0.002060,0.002136,0.002136,0.002136,0.002174,0.002136,0.002098,0.002098,0.002098,0.002098,0.002060,0.002098,0.002098,0.002098,0.002136,0.002136,0.002098,0.002136,0.002098,0.002060,0.002098,0.002136,0.002060,0.002098,0.002098,0.002098,0.002060,0.002136,0.002060,0.002098,0.002098,0.002098,0.002060,0.002022,0.002060,0.002098,0.002022,0.001945,0.001907,0.001945,0.001945,0.001907,0.001907,0.001831,0.001869,0.001869,0.001831,0.001831,0.001869,0.001907,0.001869,0.001869,0.001907,0.001984,0.001984,0.002060,0.002060,0.002098,0.002174,0.002174,0.002174,0.002251,0.002289,0.002289,0.002327,0.002365,0.002327,0.002327,0.002327,0.002327,0.002327,0.002289,0.002213,0.002174,0.002136,0.002098,0.002060,0.001984,0.001984,0.001984,0.001945,0.001869,0.001869,0.001831,0.001793,0.001869,0.001831,0.001831,0.001869,0.001831,0.001831,0.001907,0.001945,0.001984,0.002022,0.002060,0.002022,0.002098,0.002060,0.002098,0.002136,0.002136,0.002174,0.002174,0.002174,0.002174,0.002136,0.002136,0.002136,0.002136,0.002136,0.002136,0.002136,0.002136,0.002136,0.002060,0.002098,0.002098,0.002098,0.002098,0.002174,0.002174,0.002136,0.002136,0.002098,0.002174,0.002174,0.002136,0.002174,0.002174,0.002174,0.002136,0.002174,0.002136,0.002136,0.002174,0.002174,0.002174,0.002136,0.002174,0.002174,0.002213,0.002174,0.002174,0.002213,0.002136,0.002174,0.002174,0.002174,0.002174,0.002136,0.002098,0.002136,0.002174,0.002098,0.002060,0.002098,0.002098,0.002098,0.002060,0.002136,0.002098,0.002060,0.002060,0.002098,0.002060,0.002098,0.002136,0.002060,0.002098,0.002060,0.002060,0.002060,0.002060,0.001945,0.001984,0.001984,0.001984,0.001984,0.002022,0.002022,0.001945,0.001945,0.001945,0.001907,0.001945,0.001945,0.001984,0.001984,0.001945,0.001984,0.001945,0.001945,0.001984,0.002022,0.002060,0.002022,0.002060,0.002060,0.002060,0.002060,0.002060,0.002022,0.002098,0.002060,0.002022,0.002098,0.002060,0.002022,0.002022,0.002060,0.002060,0.002022,0.002060,0.002060,0.002060,0.002022,0.002060,0.002022,0.002022,0.001984,0.002060,0.002022,0.001984,0.002022,0.002060,0.002060,0.002060,0.002060,0.002060,0.002098,0.002060,0.002022,0.002022,0.002060,0.002060,0.002022,0.002098,0.002060,0.002022,0.002098,0.002022,0.002022,0.002098,0.002022,0.002060,0.002060,0.002060,0.002022,0.002060,0.002060,0.002022,0.002098,0.002174,0.002098,0.002098,0.002060,0.002060,0.002060,0.002136,0.002098,0.002098,0.002098,0.002136,0.002136,0.002136,0.002136,0.002098,0.002098,0.002060,0.002136,0.002098,0.002136,0.002136,0.002098,0.002098,0.002136,0.002098,0.002060,0.002060,0.002060,0.002022,0.002060,0.002022,0.001984,0.001984,0.001984,0.001984,0.001984,0.001984,0.002022,0.001907,0.001945,0.001945,0.001945,0.001984,0.001907,0.001907,0.001945,0.001945,0.001907,0.001945,0.001945,0.001945,0.001984,0.001945,0.001907,0.001907,0.001984,0.002022,0.001984,0.002022,0.002022,0.001984,0.001945,0.001984,0.002022,0.001984,0.002022,0.002022,0.002022,0.002022,0.002060,0.002060,0.001984,0.001984,0.002060,0.002022,0.002022,0.002060,0.002060,0.002060,0.002060,0.002098,0.002098,0.002174,0.002136,0.002136,0.002060,0.002136,0.002136,0.002174,0.002136,0.002136,0.002136,0.002174,0.002174,0.002213,0.002098,0.002136,0.002136,0.002174,0.002136,0.002136,0.002098,0.002098,0.002136,0.002136,0.002098,0.002098,0.002060,0.002060,0.002022,0.002060,0.002060,0.001984,0.001984,0.001945,0.001984,0.001984,0.001984,0.002022,0.001945,0.001984,0.001984,0.001984,0.001945,0.001945,0.001945,0.001945,0.001945,0.001907,0.001945,0.001907,0.001869,0.001907,0.001907,0.001831,0.001869,0.001869,0.001869,0.001945,0.001907,0.001869,0.001907,0.001831,0.001831,0.001831,0.001831,0.001907,0.001869,0.001907,0.001945,0.001907,0.001869,0.001907,0.001907,0.001907,0.001945,0.001945,0.001984,0.001984,0.002022,0.002022,0.002060,0.002098,0.002060,0.002060,0.002098,0.002060,0.002098,0.002098,0.002098,0.002136,0.002136,0.002213,0.002174,0.002174,0.002136,0.002136,0.002136,0.002098,0.002098,0.002213,0.002136,0.002098,0.002060,0.002060,0.002060,0.002022,0.002060,0.002022,0.002022,0.001984,0.001945,0.001907,0.001907,0.001907,0.001869,0.001907,0.001831,0.001831,0.001793,0.001755,0.001717,0.001717,0.001717,0.001755,0.001717,0.001678,0.001678,0.001755,0.001793,0.001755,0.001831,0.001831,0.001831,0.001907,0.001907,0.001907,0.001984,0.001945,0.001984,0.002022,0.002060,0.002022,0.002098,0.002098,0.002098,0.002174,0.002098,0.002174,0.002098,0.002174,0.002136,0.002098,0.002098,0.002022,0.002060,0.002060,0.002098,0.002136,0.002098,0.002136,0.002213,0.002213,0.002136,0.002174,0.002213,0.002174,0.002174,0.002213,0.002174,0.002136,0.002136,0.002174,0.002136,0.002136,0.002213,0.002174,0.002174,0.002174,0.002174,0.002174,0.002136,0.002174,0.002136,0.002213,0.002136,0.002136,0.002213,0.002136,0.002174,0.002136,0.002060,0.002060,0.002022,0.002098,0.002060,0.002022,0.002060,0.001945,0.001984,0.002022,0.002022,0.001945,0.002022,0.002022,0.002022,0.002022,0.001984,0.001984,0.002060,0.002022,0.001984,0.001907,0.001984,0.001984,0.001984,0.001945,0.001945,0.001945,0.001907,0.001945,0.001945,0.001945,0.001945,0.001984,0.001945,0.002022,0.002022,0.002060,0.002060,0.002060,0.002098,0.001984,0.002022,0.002060,0.002060,0.001984,0.001945,0.001907,0.001945,0.001831,0.001793,0.001831,0.001869,0.001793,0.001755,0.001755,0.001755,0.001755,0.001717,0.001755,0.001755,0.001793,0.001793,0.001831,0.001869,0.001831,0.001831,0.001907,0.001831,0.001869,0.001831,0.001831,0.001869,0.001869,0.001793,0.001755,0.001831,0.001831,0.001755,0.001793,0.001717,0.001831,0.001793,0.001793,0.001831,0.001831,0.001907,0.001869,0.001869,0.001869,0.001869,0.001945,0.001907,0.001945,0.001907,0.001945,0.001945,0.001907,0.001945,0.001945,0.001945,0.001907,0.001984,0.001945,0.001984,0.002022,0.001984,0.001945,0.002022,0.002060,0.002098,0.002098,0.002060,0.002136,0.002136,0.002213,0.002174,0.002174,0.002213,0.002213,0.002213,0.002327,0.002289,0.002289,0.002365,0.002403,0.002289,0.002289,0.002327,0.002251,0.002289,0.002213,0.002251,0.002251,0.002174,0.002136,0.002098,0.002098,0.002022,0.002022,0.002022,0.001984,0.001945,0.001907,0.001945,0.001907,0.001907,0.001907,0.001907,0.001907,0.001945,0.001945,0.001984,0.001984,0.002022,0.001984,0.002060,0.002022,0.002022,0.002060,0.002098,0.002136,0.002060,0.002136,0.002174,0.002060,0.002174,0.002136,0.002098,0.002174,0.002174,0.002136,0.002098,0.002136,0.002060,0.002098,0.002136,0.002098,0.002060,0.002060,0.002098,0.002136,0.002060,0.002022,0.002098,0.002098,0.002136,0.002060,0.002022,0.002022,0.002060,0.002060,0.002136,0.002060,0.002098,0.002098,0.002098,0.002136,0.002098,0.002060,0.002098,0.002098,0.002098,0.002136,0.002060,0.002060,0.002098,0.002060,0.002022,0.002098,0.002098,0.002022,0.002022,0.002060,0.002098,0.002022,0.001984,0.002060,0.002022,0.002060,0.002022,0.002022,0.002022,0.002022,0.002098,0.002060,0.002098,0.002098,0.002060,0.002060,0.002098,0.002098,0.002060,0.002022,0.002098,0.002098,0.002060,0.002060,0.002022,0.002098,0.002060,0.002060,0.002060,0.002022,0.001984,0.002022,0.002022,0.001984,0.002060,0.002022,0.002060,0.002022,0.002022,0.002022,0.001984,0.002098,0.002098,0.002060,0.002022,0.002022,0.002098,0.002098,0.002060,0.002022,0.002060,0.002174,0.002136,0.002136,0.002060,0.002060,0.002098,0.002060,0.002060,0.002060,0.002098,0.002060,0.002060,0.002098,0.002098,0.002060,0.002098,0.002060,0.002098,0.002098,0.002098,0.002098,0.002098,0.002098,0.002060,0.002060,0.002060,0.002060,0.002098,0.002060,0.002060,0.002022,0.001984,0.001984,0.001984,0.002060,0.001984,0.001984,0.001984,0.001945,0.001984,0.002022,0.001984,0.001984,0.001984,0.001984,0.001984,0.002022,0.001984,0.001945,0.001945,0.001907,0.001907,0.001907,0.001869,0.001869,0.001945,0.001907,0.001869,0.001869,0.001984,0.001945,0.001907,0.001869,0.001945,0.001984,0.002022,0.001984,0.001945,0.001984,0.001984,0.002098,0.002060,0.002060,0.002060,0.002098,0.002098,0.002098,0.002098,0.002136,0.002136,0.002136,0.002136,0.002136,0.002174,0.002174,0.002174,0.002136,0.002213,0.002251,0.002213,0.002213,0.002251,0.002289,0.002174,0.002213,0.002213,0.002213,0.002251,0.002213,0.002213,0.002174,0.002174,0.002174,0.002098,0.002136,0.002136,0.002098,0.002022,0.002060,0.002098,0.002022,0.002098,0.002060,0.002060,0.002060,0.002060,0.002060,0.002098,0.002022,0.002098,0.002098,0.002136,0.002098,0.002098,0.002098,0.002136,0.002174,0.002213,0.002213,0.002174,0.002174,0.002136,0.002098,0.002174,0.002174,0.002213,0.002213,0.002213,0.002213,0.002213,0.002174,0.002213,0.002213,0.002213,0.002251,0.002213,0.002136,0.002136,0.002136,0.002136,0.002136,0.002098,0.002098,0.002060,0.002060,0.002060,0.002022,0.002022,0.001984,0.001945,0.001907,0.001907,0.001907,0.001831,0.001831,0.001831,0.001831,0.001793,0.001793,0.001793,0.001755,0.001755,0.001755,0.001755,0.001755,0.001755,0.001755,0.001869,0.001831,0.001831,0.001831,0.001869,0.001907,0.001869,0.001945,0.001945,0.001984,0.001945,0.002022,0.002060,0.002098,0.002174,0.002174,0.002174,0.002251,0.002174,0.002136,0.002174,0.002213,0.002251,0.002213,0.002213,0.002251,0.002251,0.002213,0.002174,0.002174,0.002174,0.002174,0.002136,0.002136,0.002174,0.002136,0.002098,0.002098,0.002060,0.002060,0.002060,0.002022,0.002022,0.002060,0.002022,0.002022,0.002060,0.002060,0.002098,0.002060,0.002022,0.002022,0.002060,0.002098,0.002098,0.002136,0.002136,0.002136,0.002136,0.002174,0.002213,0.002136,0.002136,0.002251,0.002213,0.002251,0.002174,0.002174,0.002174,0.002174,0.002251,0.002213,0.002136,0.002136,0.002174,0.002213,0.002136,0.002136,0.002136,0.002136,0.002098,0.002098,0.002060,0.002060,0.002098,0.002098,0.002098,0.002098,0.002060,0.002060,0.002060,0.002136,0.002098,0.002098,0.002136,0.002136,0.002136,0.002098,0.002098,0.002098,0.002136,0.002136,0.002098,0.002136,0.002098,0.002136,0.002136,0.002098,0.002060,0.002136,0.002060,0.002022,0.002060,0.002022,0.002022,0.002060,0.001984,0.001984,0.001984,0.001907,0.001907,0.001907,0.001907,0.001945,0.001945,0.001945,0.001869,0.001907,0.001907,0.001907,0.001945,0.001945,0.001907,0.001984,0.001945,0.001945,0.001945,0.001945,0.001907,0.001945,0.001945,0.001945,0.001907,0.001907,0.001945,0.001984,0.001945,0.001945,0.001907,0.001945,0.002022,0.001984,0.001984,0.001984,0.001984,0.001945,0.001984,0.001984,0.001945,0.001945,0.001907,0.001945,0.001907,0.001907,0.001945,0.001945,0.001869,0.001907,0.001945,0.001869,0.001907,0.001907,0.001907,0.001945,0.001907,0.001869,0.001907,0.001945,0.001984,0.001984,0.001945,0.001945,0.001945,0.001984,0.002022,0.001984,0.001984,0.001984,0.001984,0.002022,0.002022,0.001984,0.002022,0.002022,0.001984,0.002060,0.002022,0.002060,0.002060,0.002022,0.002022,0.002022,0.002060,0.002022,0.002060,0.002022,0.002022,0.001984,0.001984,0.002022,0.002060,0.001945,0.001984,0.001945,0.002022,0.002060,0.002022,0.001945,0.001984,0.001945,0.001945,0.001945,0.001945,0.001945,0.001945,0.001907,0.001945,0.001907,0.001831,0.001869,0.001907,0.001945,0.001907,0.001907,0.001907,0.001945,0.001907,0.001907,0.001984,0.001984,0.001945,0.001945,0.001945,0.001945,0.001945,0.002022,0.002022,0.001984,0.001984,0.002060,0.001984,0.002022,0.002022,0.001984,0.002060,0.002022,0.002060,0.002098,0.002060,0.002060,0.002098,0.002022,0.002022,0.002060,0.002022,0.002060,0.002060,0.001984,0.002022,0.002022,0.002022,0.001984,0.001984,0.001984,0.002022,0.002060,0.002022,0.002022,0.002022,0.002060,0.002022,0.002060,0.002060,0.002022,0.002022,0.002022,0.002060,0.002098,0.002060,0.002060,0.002022,0.002022,0.002022,0.002060,0.002098,0.002022,0.002060,0.002060,0.002060,0.002060,0.002060,0.002060,0.002060,0.002098,0.002098,0.002098,0.002136,0.002098,0.002174,0.002136,0.002136,0.002136,0.002098,0.002174,0.002174,0.002174,0.002174,0.002213,0.002174,0.002136,0.002213,0.002213,0.002213,0.002251,0.002174,0.002174,0.002213,0.002136,0.002213,0.002174,0.002136,0.002174,0.002213,0.002136,0.002136,0.002060,0.002060,0.002060,0.002098,0.002060,0.002022,0.001984,0.002022,0.001984,0.002022,0.002022,0.001984,0.001907,0.001907,0.001945,0.001907,0.001907,0.001907,0.001945,0.001945,0.001907,0.001869,0.001945,0.001831,0.001831,0.001869,0.001907,0.001869,0.001831,0.001869,0.001869,0.001869,0.001831,0.001907,0.001907,0.001869,0.001907,0.001907,0.001907,0.001945,0.001907,0.001831,0.001907,0.001907,0.001907,0.001869,0.001869,0.001869,0.001945,0.001984,0.001945,0.001945,0.001945,0.001907,0.001907,0.001945,0.001907,0.001945,0.001945,0.001945,0.001945,0.001945,0.001984,0.001984,0.001945,0.001945,0.001984,0.001945,0.001945,0.001945,0.001907,0.001945,0.001984,0.002060,0.002060,0.001984,0.002060,0.002022,0.002060,0.002022,0.002098,0.002098,0.002098,0.002060,0.002098,0.002060,0.002060,0.002098,0.002098,0.002098,0.002136,0.002136,0.002136,0.002136,0.002213,0.002136,0.002136,0.002098,0.002098,0.002136,0.002098,0.002098,0.002022,0.002022,0.002098,0.002022,0.001945,0.001907,0.001945,0.001945,0.001869,0.001869,0.001869,0.001831,0.001831,0.001793,0.001793,0.001793,0.001793,0.001755,0.001755,0.001793,0.001793,0.001755,0.001793,0.001755,0.001755,0.001793,0.001793,0.001869,0.001869,0.001907,0.001869,0.001907,0.001907,0.001907,0.001907,0.001907,0.001945,0.001907,0.001907,0.001945,0.001907,0.001907,0.001869,0.001831,0.001869,0.001831,0.001793,0.001831,0.001793,0.001831,0.001793,0.001793,0.001793,0.001755,0.001755,0.001755,0.001793,0.001793,0.001793,0.001755,0.001755,0.001793,0.001831,0.001869,0.001831,0.001907,0.001945,0.001945,0.001984,0.001907,0.001945,0.001984,0.001984,0.002022,0.002022,0.002060,0.002060,0.002098,0.002098,0.002136,0.002174,0.002136,0.002174,0.002213,0.002213,0.002251,0.002251,0.002289,0.002289,0.002251,0.002251,0.002289,0.002365,0.002327,0.002403,0.002365,0.002441,0.002365,0.002365,0.002365,0.002441,0.002403,0.002480,0.002480,0.002441,0.002480,0.002441,0.002480,0.002480,0.002441,0.002441,0.002480,0.002480,0.002441,0.002403,0.002403,0.002441,0.002403,0.002365,0.002403,0.002403,0.002365,0.002365,0.002289,0.002289,0.002289,0.002213,0.002251,0.002213,0.002213,0.002213,0.002136,0.002174,0.002174,0.002174,0.002060,0.002060,0.002098,0.002022,0.002060,0.002098,0.002098,0.002060,0.002060,0.002022,0.002098,0.002060,0.002022,0.002022,0.002174,0.002098,0.002098,0.002060,0.002060,0.002022,0.002060,0.002022,0.002022,0.002060,0.001984,0.002022,0.001984,0.001984,0.001984,0.001984,0.002022,0.001945,0.001869,0.001945,0.001907,0.001869,0.001945,0.001869,0.001793,0.001831,0.001831,0.001793,0.001831,0.001793,0.001793,0.001793,0.001793,0.001793,0.001831,0.001793,0.001831,0.001793,0.001793,0.001793,0.001793,0.001831,0.001831,0.001869,0.001831,0.001869,0.001831,0.001907,0.001907,0.001945,0.001907,0.001869,0.001907,0.001907,0.001945,0.001945,0.001945,0.001984,0.001984,0.002022,0.002022,0.002022,0.001984,0.001984,0.002060,0.002022,0.001984,0.001984,0.001984,0.001945,0.001945,0.001945,0.001984,0.002022,0.001984,0.001984,0.001945,0.001984,0.001945,0.001984,0.002022,0.002022,0.002022,0.001984,0.002022,0.001984,0.001984,0.001984,0.002022,0.002098,0.002022,0.002022,0.002022,0.002136,0.002136,0.002098,0.002060,0.002060,0.002098,0.002098,0.002060,0.002060,0.002022,0.002098,0.002060,0.002098,0.002060,0.002060,0.002060,0.002098,0.002098,0.002060,0.002136,0.002136,0.002098,0.002098,0.002098,0.002136,0.002136,0.002098,0.002098,0.002174,0.002098,0.002136,0.002022,0.002098,0.002136,0.002136,0.002136,0.002136,0.002174,0.002136,0.002136,0.002174,0.002174,0.002174,0.002213,0.002251,0.002213,0.002251,0.002174,0.002213,0.002174,0.002174,0.002174,0.002174,0.002213,0.002136,0.002098,0.002136,0.002136,0.002136,0.002136,0.002136,0.002098,0.002098,0.002060,0.002060,0.002098,0.002098,0.002022,0.002098,0.002098,0.002060,0.002060,0.002098,0.002136,0.002060,0.002136,0.002136,0.002136,0.002136,0.002098,0.002098,0.002136,0.002136,0.002174,0.002098,0.002136,0.002098,0.002098,0.002136,0.002098,0.002098,0.002136,0.002136,0.002060,0.002060,0.002060,0.002060,0.002136,0.002136,0.002098,0.002060,0.002060,0.002098,0.002136,0.002098,0.002098,0.002136,0.002136,0.002098,0.002098,0.002098,0.002136,0.002060,0.002060,0.002060,0.002098,0.002060,0.002098,0.002098,0.002136,0.002174,0.002098,0.002136,0.002098,0.002022,0.002060,0.002060,0.002060,0.002098,0.002022,0.002098,0.002060,0.002060,0.002060,0.002060,0.002022,0.002022,0.002022,0.002022,0.002022,0.001984,0.001984,0.002022,0.002022,0.002022,0.002022,0.002022,0.002022,0.002022,0.002022,0.001984,0.002022,0.001984,0.001984,0.002022,0.002022,0.002060,0.002060,0.002022,0.002060,0.002136,0.002098,0.002136,0.002098,0.002136,0.002098,0.002098,0.002174,0.002136,0.002136,0.002098,0.002098,0.002174,0.002174,0.002136,0.002174,0.002213,0.002174,0.002174,0.002136,0.002174,0.002213,0.002174,0.002174,0.002213,0.002174,0.002213,0.002251,0.002213,0.002098,0.002174,0.002174,0.002213,0.002136,0.002136,0.002136,0.002136,0.002136,0.002098,0.002098,0.002136,0.002136,0.002098,0.002098,0.002060,0.002098,0.002098,0.002022,0.002060,0.002060,0.002022,0.002022,0.002022,0.002022,0.001984,0.001984,0.001984,0.001945,0.001945,0.001907,0.001907,0.001869,0.001869,0.001907,0.001907,0.001907,0.001869,0.001869,0.001907,0.001907,0.001907,0.001869,0.001907,0.001869,0.001869,0.001869,0.001831,0.001945,0.001945,0.001945,0.001945,0.001984,0.002022,0.002022,0.002060,0.002022,0.002022,0.002060,0.002060,0.002060,0.002098,0.002098,0.002098,0.002098,0.002136,0.002098,0.002136,0.002136,0.002136,0.002136,0.002098,0.002060,0.002098,0.002098,0.002098,0.002060,0.002060,0.002098,0.002098,0.002060,0.002022,0.002022,0.002022,0.002098,0.002022,0.002060,0.002022,0.002022,0.002060,0.002060,0.002022,0.002060,0.002060,0.002060,0.001984,0.002022,0.002060,0.002098,0.002060,0.002060,0.002022,0.002022,0.002098,0.002060,0.002060,0.002022,0.002060,0.002060,0.001984,0.002022,0.002022,0.001984,0.001984,0.001984,0.001945,0.001945,0.001945,0.001945,0.001945,0.001984,0.001945,0.001984,0.001945,0.001945,0.001945,0.001984,0.001984,0.001907,0.001945,0.001907,0.001984,0.001984,0.001984,0.002022,0.002060,0.002022,0.002060,0.002022,0.002022,0.002060,0.002098,0.002060,0.002098,0.002098,0.002098,0.002136,0.002098,0.002098,0.002174,0.002136,0.002098,0.002136,0.002136,0.002136,0.002098,0.002136,0.002136,0.002098,0.002098,0.002098,0.002060,0.002060,0.002098,0.002060,0.002136,0.002060,0.002022,0.002098,0.002098,0.002136,0.002136,0.002136,0.002098,0.002174,0.002136,0.002136,0.002174,0.002136,0.002098,0.002136,0.002136,0.002136,0.002098,0.002098,0.002174,0.002060,0.002098,0.002136,0.002098,0.002060,0.002022,0.002098,0.002060,0.002060,0.002022,0.002060,0.002022,0.001984,0.001984,0.001984,0.001984,0.001984,0.001984,0.001984,0.001984,0.001945,0.001984,0.001945,0.001907,0.001945,0.001945,0.001984,0.001945,0.001945,0.001907,0.001869,0.001945,0.001945,0.001945,0.001945,0.001907,0.001907,0.001945,0.001945,0.001945,0.001984,0.001945,0.001869,0.001984,0.001984,0.001984,0.001945,0.001945,0.001907,0.001907,0.001945,0.001945,0.001984,0.001984,0.001984,0.001984,0.001945,0.002022,0.001984,0.002022,0.001984,0.001984,0.002060,0.002098,0.002060,0.002060,0.002022,0.002098,0.002098,0.001984,0.002022,0.002060,0.002022,0.001984,0.002022,0.002060,0.001984,0.002060,0.002060,0.002060,0.002022,0.002022,0.002060,0.002022,0.002060,0.002060,0.002022,0.002060,0.002098,0.002060,0.002098,0.002022,0.002022,0.002060,0.002098,0.002060,0.002098,0.002022,0.002060,0.002060,0.002098,0.002098,0.002060,0.002022,0.002022,0.001984,0.002022,0.001984,0.001945,0.001984,0.001984,0.001945,0.001907,0.001945,0.001984,0.001945,0.001907,0.001831,0.001831,0.001831,0.001869,0.001831,0.001831,0.001793,0.001793,0.001793,0.001793,0.001793,0.001831,0.001831,0.001831,0.001831,0.001793,0.001831,0.001869,0.001869,0.001907,0.001869,0.001869,0.001945,0.001907,0.001945,0.001907,0.002022,0.002022,0.002022,0.002022,0.002060,0.002098,0.002098,0.002060,0.002098,0.002098,0.002060,0.002136,0.002136,0.002098,0.002060,0.002060,0.002022,0.002060,0.002060,0.002098,0.002022,0.002022,0.002022,0.002022,0.001945,0.001984,0.002022,0.002060,0.002060,0.001984,0.002022,0.002060,0.002098,0.002022,0.002060,0.002022,0.001984,0.001984,0.002022,0.002022,0.002022,0.001984,0.001984,0.002022,0.002060,0.002022,0.002022,0.002022,0.002060,0.002060,0.002022,0.002060,0.002022,0.002098,0.002098,0.002098,0.002098,0.002136,0.002098,0.002098,0.002136,0.002098,0.002136,0.002098,0.002098,0.002174,0.002098,0.002136,0.002136,0.002136,0.002098,0.002098,0.002098,0.002098,0.002136,0.002136,0.002060,0.002098,0.002060,0.002098,0.002060,0.002022,0.002060,0.002060,0.002060,0.002022,0.002060,0.002060,0.002060,0.002022,0.001984,0.002022,0.001984,0.002022,0.001984,0.001984,0.001945,0.001945,0.001945,0.001945,0.001945,0.001945,0.002022,0.001945,0.001984,0.001945,0.001907,0.001945,0.001945,0.001907,0.001907,0.001945,0.001984,0.001907,0.001907,0.001945,0.001945,0.001945,0.001945,0.001984,0.001984,0.001945,0.001984,0.001984,0.001984,0.002022,0.001984,0.001984,0.001984,0.002022,0.001907,0.001907,0.001984,0.002022,0.002060,0.001945,0.001907,0.001945,0.002022,0.002022,0.001945,0.001984,0.001984,0.002022,0.002060,0.002060,0.002060,0.001984,0.002022,0.002060,0.002022,0.002060,0.002022,0.002022,0.002022,0.002060,0.001984,0.002022,0.002022,0.002022,0.002022,0.002022,0.002022,0.001984,0.002022,0.002022,0.001984,0.002022,0.002022,0.002060,0.002060,0.002022,0.002022,0.002060,0.002060,0.002098,0.002098,0.002060,0.002098,0.002098,0.002098,0.002098,0.002136,0.002174,0.002136,0.002136,0.002174,0.002174,0.002174,0.002213,0.002213,0.002213,0.002251,0.002213,0.002289,0.002251,0.002251,0.002213,0.002251,0.002251,0.002289,0.002289,0.002251,0.002213,0.002289,0.002289,0.002251,0.002213,0.002213,0.002251,0.002213,0.002213,0.002251,0.002213,0.002213,0.002174,0.002136,0.002174,0.002136,0.002136,0.002098,0.002098,0.002060,0.002060,0.002060,0.002060,0.002022,0.001984,0.002022,0.002060,0.001984,0.001984,0.002022,0.002022,0.002022,0.001984,0.001984,0.002022,0.001984,0.002022,0.002022,0.002022,0.002022,0.001984,0.002060,0.002060,0.002098,0.002060,0.002060,0.002060,0.002098,0.002022,0.002022,0.001984,0.002060,0.002098,0.002098,0.002060,0.002098,0.002098,0.002136,0.002136,0.002136,0.002060,0.002098,0.002136,0.002098,0.002136,0.002060,0.002174,0.002136,0.002213,0.002136,0.002174,0.002174,0.002136,0.002174,0.002213,0.002213,0.002213,0.002174,0.002251,0.002251,0.002213,0.002213,0.002213,0.002174,0.002174,0.002174,0.002136,0.002174,0.002136,0.002098,0.002136,0.002098,0.002098,0.002022,0.002060,0.002022,0.001945,0.002022,0.002022,0.001984,0.001984,0.001984,0.001984,0.001945,0.001907,0.001945,0.001984,0.002022,0.001984,0.001945,0.001945,0.002022,0.001945,0.001984,0.002022,0.002022,0.001945,0.001945,0.001984,0.001984,0.001945,0.001984,0.001945,0.001945,0.001945,0.001984,0.001984,0.002022,0.002022,0.001945,0.001984,0.002022,0.002098,0.002060,0.002098,0.002136,0.002060,0.002060,0.002098,0.002136,0.002136,0.002136,0.002213,0.002174,0.002174,0.002213,0.002174,0.002174,0.002060,0.002098,0.002098,0.002098,0.002022,0.002060,0.002022,0.002022,0.002022,0.002060,0.002022,0.001945,0.001907,0.001984,0.001945,0.001907,0.001907,0.001869,0.001945,0.001945,0.001907,0.001945,0.001907,0.001869,0.001907,0.001907,0.001945,0.001945,0.001945,0.001984,0.001984,0.001984,0.002022,0.002022,0.001984,0.002022,0.002098,0.002098,0.002136,0.002136,0.002136,0.002098,0.002174,0.002213,0.002174,0.002174,0.002251,0.002251,0.002213,0.002251,0.002289,0.002289,0.002174,0.002251,0.002251,0.002251,0.002289,0.002251,0.002251,0.002213,0.002174,0.002213,0.002213,0.002213,0.002213,0.002174,0.002174,0.002213,0.002289,0.002174,0.002251,0.002251,0.002289,0.002251,0.002213,0.002174,0.002213,0.002251,0.002213,0.002251,0.002174,0.002174,0.002289,0.002251,0.002213,0.002174,0.002213,0.002213,0.002213,0.002213,0.002213,0.002251,0.002174,0.002213,0.002174,0.002174,0.002251,0.002251,0.002251,0.002251,0.002213,0.002213,0.002251,0.002289,0.002213,0.002251,0.002213,0.002174,0.002289,0.002251,0.002174,0.002251,0.002251,0.002213,0.002251,0.002251,0.002213,0.002213,0.002136,0.002174,0.002174,0.002174,0.002136,0.002136,0.002136,0.002174,0.002251,0.002136,0.002174,0.002213,0.002136,0.002174,0.002174,0.002136,0.002098,0.002098,0.002098,0.002136,0.002098,0.002098,0.002136,0.002098,0.002060,0.002022,0.002060,0.002022,0.001984,0.002022,0.001984,0.001984,0.002022,0.001984,0.001984,0.001984,0.001945,0.001945,0.001984,0.001945,0.001907,0.001869,0.001869,0.001831,0.001831,0.001831,0.001831,0.001831,0.001831,0.001793,0.001793,0.001793,0.001793,0.001831,0.001793,0.001831,0.001793,0.001869,0.001831,0.001831,0.001831,0.001945,0.001869,0.001869,0.001945,0.002060,0.001984,0.001984,0.002022,0.001984,0.001984,0.002060,0.002060,0.002022,0.002060,0.002098,0.001984,0.001984,0.001984,0.002022,0.002098,0.002098,0.002022,0.002060,0.002022,0.002022,0.002098,0.002136,0.002098,0.002098,0.002136,0.002174,0.002136,0.002136,0.002174,0.002174,0.002136,0.002136,0.002136,0.002136,0.002213,0.002174,0.002174,0.002174,0.002174,0.002251,0.002174,0.002174,0.002174,0.002136,0.002136,0.002174,0.002136,0.002136,0.002098,0.002136,0.002098,0.002098,0.002060,0.002060,0.002022,0.002022,0.002022,0.001984,0.002060,0.002022,0.001945,0.001984,0.001984,0.001984,0.001984,0.001984,0.001945,0.001945,0.001945,0.001945,0.001907,0.001907,0.001907,0.001945,0.001945,0.001907,0.001907,0.001945,0.001945,0.001869,0.001907,0.001907,0.001945,0.001907,0.001907,0.001869,0.001945,0.001945,0.001907,0.001907,0.001869,0.001907,0.001869,0.001907,0.001907,0.001869,0.001869,0.001869,0.001869,0.001869,0.001907,0.001907,0.001907,0.001984,0.001984,0.001984,0.002022,0.001945,0.002060,0.002022,0.002022,0.002060,0.002060,0.001984,0.002022,0.002060,0.002060,0.002098,0.002098,0.002022,0.002136,0.002098,0.002136,0.002136,0.002136,0.002136,0.002060,0.002060,0.002098,0.002098,0.002060,0.002098,0.002060,0.002136,0.002098,0.002098,0.002098,0.002098,0.002098,0.002022,0.002060,0.002098,0.002098,0.002136,0.002098,0.002098,0.002098,0.002136,0.002136,0.002136,0.002098,0.002098,0.002060,0.002098,0.002098,0.002136,0.002060,0.002098,0.002098,0.002060,0.002022,0.002022,0.002060,0.002022,0.002022,0.002060,0.002022,0.001984,0.001984,0.002022,0.001984,0.001984,0.001945,0.001984,0.001945,0.001984,0.001984,0.001984,0.001945,0.001945,0.001945,0.001907,0.001907,0.002022,0.001945,0.001945,0.001907,0.001907,0.001945,0.001907,0.001984,0.002022,0.002022,0.001907,0.001984,0.002060,0.002022,0.002022,0.002022,0.001984,0.001945,0.001984,0.002022,0.002022
36,19:00:00.000,12/31/1903,0.000000,0.100000,UNKNOWN,1,0/0,0.000000,0.000000,0.000000,0.000000,0.000000,0.000000,0.000000,0.000000,0,0,0,0,0.002098,0.002136,0.002174,0.002174,0.002174,0.002136,0.002136,0.002098,0.002174,0.002136,0.002098,0.002098,0.002136,0.002098,0.002098,0.002098,0.002098,0.002136,0.002098,0.002136,0.002098,0.002060,0.002098,0.002098,0.002136,0.002174,0.002098,0.002098,0.002098,0.002098,0.002136,0.002136,0.002060,0.002098,0.002098,0.002098,0.002098,0.002098,0.002098,0.002098,0.002098,0.002136,0.002060,0.002060,0.002060,0.002060,0.002098,0.002060,0.002060,0.002060,0.002022,0.002098,0.002098,0.002098,0.002022,0.002022,0.002060,0.002022,0.002022,0.002060,0.002022,0.002022,0.002060,0.002060,0.002022,0.002022,0.002022,0.001984,0.002022,0.002022,0.002022,0.001984,0.002022,0.002022,0.001984,0.001984,0.002060,0.001984,0.001945,0.002060,0.001984,0.002060,0.002022,0.001907,0.001984,0.002022,0.002022,0.002022,0.001984,0.001984,0.001984,0.001945,0.001984,0.001984,0.001984,0.002022,0.001984,0.001984,0.002022,0.001984,0.002022,0.002022,0.001984,0.002022,0.001984,0.001984,0.002022,0.002022,0.002022,0.001984,0.001984,0.001984,0.002022,0.002022,0.002022,0.002022,0.002022,0.001945,0.001984,0.002022,0.002022,0.002022,0.002022,0.002098,0.002022,0.002022,0.002098,0.002060,0.002060,0.002022,0.002060,0.002098,0.002060,0.002098,0.002060,0.002022,0.002060,0.002060,0.001984,0.002060,0.002022,0.002022,0.001984,0.002098,0.002060,0.002022,0.001984,0.002098,0.002022,0.002022,0.002022,0.002060,0.002022,0.001984,0.002022,0.002022,0.002060,0.002060,0.002098,0.001984,0.002022,0.002098,0.002136,0.002098,0.002098,0.002136,0.002136,0.002098,0.002098,0.002098,0.002098,0.002098,0.002098,0.002060,0.002098,0.002098,0.002136,0.002098,0.002098,0.002136,0.002098,0.002060,0.002098,0.002098,0.002098,0.002136,0.002098,0.002136,0.002098,0.002136,0.002136,0.002136,0.002098,0.002098,0.002136,0.002098,0.002098,0.002098,0.002098,0.002098,0.002136,0.002060,0.002060,0.002060,0.002098,0.002098,0.002136,0.002098,0.002060,0.002098,0.002060,0.002098,0.002098,0.002060,0.002136,0.002136,0.002098,0.002136,0.002098,0.002136,0.002098,0.002098,0.002098,0.002174,0.002174,0.002098,0.002098,0.002136,0.002136,0.002136,0.002098,0.002098,0.002174,0.002136,0.002136,0.002136,0.002136,0.002136,0.002174,0.002136,0.002098,0.002174,0.002136,0.002098,0.002174,0.002174,0.002136,0.002098,0.002136,0.002136,0.002136,0.002098,0.002136,0.002136,0.002098,0.002136,0.002098,0.002136,0.002136,0.002174,0.002174,0.002136,0.002098,0.002136,0.002136,0.002136,0.002136,0.002060,0.002060,0.002098,0.002098,0.002022,0.002098,0.002098,0.002060,0.002060,0.002060,0.002060,0.002098,0.002060,0.002098,0.002060,0.002060,0.002060,0.002060,0.002060,0.002060,0.002098,0.002022,0.002022,0.002060,0.002022,0.002022,0.002022,0.002060,0.002022,0.002060,0.002022,0.002060,0.002060,0.002022,0.002022,0.002022,0.002060,0.002022,0.001984,0.002022,0.002022,0.002022,0.002022,0.002022,0.002060,0.002098,0.002060,0.002022,0.002022,0.001984,0.002022,0.002022,0.002060,0.001984,0.002022,0.002022,0.002022,0.002022,0.002022,0.002022,0.002022,0.001984,0.002022,0.002022,0.002022,0.002022,0.002022,0.002060,0.002022,0.002022,0.002022,0.002060,0.002060,0.002060,0.002060,0.001984,0.002060,0.002022,0.002060,0.001984,0.002022,0.002060,0.001945,0.001984,0.002022,0.002022,0.002022,0.002098,0.002060,0.002022,0.002022,0.002022,0.002060,0.002060,0.002060,0.002022,0.001984,0.001984,0.002060,0.002060,0.002060,0.002022,0.002022,0.002060,0.002098,0.002060,0.002060,0.002022,0.002022,0.002098,0.002060,0.002060,0.002060,0.002098,0.002060,0.002060,0.002060,0.002022,0.002022,0.002022,0.002060,0.002098,0.002060,0.002060,0.002060,0.002174,0.002060,0.002060,0.002060,0.002098,0.002098,0.002098,0.002060,0.002098,0.002098,0.002136,0.002098,0.002136,0.002060,0.002060,0.002060,0.002060,0.002136,0.002136,0.002136,0.002136,0.002060,0.002136,0.002136,0.002098,0.002098,0.002098,0.002174,0.002098,0.002136,0.002098,0.002136,0.002174,0.002136,0.002174,0.002098,0.002136,0.002174,0.002136,0.002136,0.002136,0.002174,0.002213,0.002098,0.002098,0.002098,0.002098,0.002098,0.002098,0.002098,0.002060,0.002098,0.002098,0.002098,0.002136,0.002098,0.002098,0.002098,0.002098,0.002098,0.002060,0.002060,0.002060,0.001984,0.002060,0.002060,0.002022,0.002060,0.002060,0.002022,0.001984,0.002022,0.002022,0.002060,0.002098,0.002098,0.002022,0.002022,0.001984,0.002022,0.002022,0.002022,0.002022,0.002022,0.002022,0.002022,0.002022,0.001984,0.002022,0.001945,0.001984,0.002022,0.001984,0.001984,0.001907,0.001984,0.001984,0.001984,0.001984,0.001907,0.001984,0.001984,0.001984,0.001984,0.001984,0.001984,0.001984,0.001907,0.001945,0.001984,0.001984,0.001945,0.001907,0.001945,0.001984,0.002022,0.001907,0.001945,0.001945,0.001945,0.001984,0.001945,0.001907,0.002022,0.001984,0.002022,0.001984,0.001984,0.002022,0.002022,0.002022,0.001945,0.001945,0.001984,0.001984,0.001984,0.001984,0.002022,0.002022,0.001984,0.001984,0.001984,0.002022,0.001984,0.002022,0.001984,0.002060,0.002022,0.002098,0.002060,0.002060,0.002060,0.002022,0.002060,0.002060,0.002060,0.002022,0.002098,0.002060,0.002098,0.002060,0.002060,0.002060,0.002060,0.002136,0.002098,0.002098,0.002098,0.002136,0.002098,0.002098,0.002136,0.002136,0.002060,0.002098,0.002098,0.002136,0.002098,0.002060,0.002136,0.002098,0.002213,0.002098,0.002098,0.002136,0.002060,0.002136,0.002136,0.002060,0.002060,0.002098,0.002098,0.002098,0.002098,0.002060,0.002060,0.002098,0.002098,0.002136,0.002098,0.002136,0.002136,0.002060,0.002022,0.002060,0.002060,0.002060,0.002098,0.002022,0.002060,0.002060,0.002022,0.002022,0.002060,0.002022,0.002060,0.002022,0.001984,0.002098,0.002022,0.002060,0.002022,0.001945,0.001984,0.001984,0.002098,0.002060,0.002022,0.002022,0.002022,0.002022,0.001984,0.002060,0.002022,0.001984,0.002060,0.002060,0.002098,0.002060,0.001984,0.002022,0.002060,0.001984,0.002022,0.002022,0.001945,0.001945,0.001984,0.001984,0.002022,0.002022,0.002022,0.002098,0.002060,0.002022,0.001984,0.002022,0.002022,0.001984,0.002060,0.002022,0.002060,0.002060,0.002022,0.002022,0.002022,0.001984,0.001984,0.001984,0.002022,0.001984,0.002022,0.002022,0.002022,0.001984,0.001984,0.002022,0.001984,0.001984,0.002060,0.002060,0.002022,0.002060,0.002022,0.002022,0.002022,0.002022,0.002022,0.001945,0.001984,0.001984,0.001945,0.001945,0.001984,0.001984,0.001984,0.001984,0.001984,0.001945,0.001945,0.001945,0.001945,0.001945,0.001907,0.001907,0.001869,0.001869,0.001869,0.001831,0.001793,0.001793,0.001793,0.001793,0.001755,0.001755,0.001755,0.001717,0.001640,0.001602,0.001602,0.001564,0.001526,0.001526,0.001564,0.001450,0.001488,0.001450,0.001450,0.001411,0.001411,0.001411,0.001488,0.001488,0.001564,0.001602,0.001678,0.001755,0.001831,0.001984,0.002136,0.002327,0.002556,0.002823,0.003128,0.003357,0.003624,0.003891,0.004272,0.004578,0.004921,0.005341,0.005684,0.006027,0.006371,0.006676,0.006981,0.007210,0.007401,0.007477,0.007515,0.007439,0.007210,0.007019,0.006638,0.006294,0.005875,0.005302,0.004768,0.004196,0.003624,0.003090,0.002403,0.001907,0.001221,0.000648,0.000114,-0.000458,-0.001144,-0.001717,-0.002327,-0.002975,-0.003510,-0.004005,-0.004501,-0.004807,-0.005112,-0.005302,-0.005341,-0.005379,-0.005226,-0.004959,-0.004692,-0.004311,-0.003891,-0.003433,-0.002861,-0.002327,-0.001831,-0.001373,-0.000877,-0.000420,0.000000,0.000381,0.000763,0.001106,0.001373,0.001564,0.001755,0.001945,0.002060,0.002213,0.002327,0.002365,0.002518,0.002594,0.002594,0.002708,0.002785,0.002823,0.002899,0.002975,0.003052,0.003090,0.003166,0.003242,0.003281,0.003319,0.003395,0.003433,0.003586,0.003700,0.003815,0.003853,0.004044,0.004272,0.004311,0.004425,0.004501,0.004578,0.004616,0.004692,0.004692,0.004692,0.004692,0.004616,0.004616,0.004539,0.004425,0.004463,0.004387,0.004196,0.004120,0.004044,0.003891,0.003777,0.003624,0.003548,0.003433,0.003242,0.003090,0.003014,0.002937,0.002785,0.002632,0.002556,0.002518,0.002480,0.002365,0.002251,0.002213,0.002060,0.002022,0.001984,0.001907,0.001869,0.001869,0.001831,0.001793,0.001793,0.001717,0.001755,0.001678,0.001678,0.001755,0.001755,0.001793,0.001869,0.001907,0.001907,0.001907,0.001984,0.002022,0.002060,0.002022,0.002022,0.002022,0.002022,0.001945,0.001869,0.001907,0.001869,0.001831,0.001831,0.001755,0.001755,0.001717,0.001678,0.001755,0.001755,0.001717,0.001678,0.001640,0.001640,0.001640,0.001602,0.001564,0.001564,0.001488,0.001450,0.001411,0.001373,0.001335,0.001411,0.001411,0.001488,0.001526,0.001602,0.001640,0.001755,0.001793,0.001831,0.001869,0.001869,0.001907,0.001907,0.001869,0.001869,0.001831,0.001831,0.001869,0.001831,0.001907,0.001869,0.001869,0.001831,0.001831,0.001793,0.001869,0.001907,0.001984,0.001945,0.001945,0.001984,0.002022,0.001984,0.001907,0.001945,0.001869,0.001869,0.001869,0.001869,0.001869,0.001793,0.001755,0.001793,0.001831,0.001907,0.001907,0.001945,0.001984,0.002022,0.002174,0.002174,0.002289,0.002327,0.002441,0.002403,0.002480,0.002556,0.002556,0.002632,0.002556,0.002594,0.002594,0.002556,0.002480,0.002441,0.002365,0.002213,0.002136,0.002060,0.002098,0.001945,0.001945,0.001945,0.001907,0.001869,0.001831,0.001831,0.001793,0.001793,0.001831,0.001869,0.001869,0.001869,0.001907,0.001869,0.001793,0.001793,0.001831,0.001717,0.001717,0.001678,0.001640,0.001564,0.001564,0.001526,0.001450,0.001450,0.001488,0.001411,0.001373,0.001335,0.001373,0.001335,0.001373,0.001373,0.001373,0.001373,0.001411,0.001450,0.001450,0.001488,0.001488,0.001526,0.001602,0.001678,0.001717,0.001717,0.001793,0.001869,0.001984,0.002060,0.002060,0.002213,0.002251,0.002365,0.002441,0.002441,0.002518,0.002594,0.002594,0.002747,0.002785,0.002747,0.002747,0.002785,0.002785,0.002785,0.002747,0.002747,0.002708,0.002708,0.002594,0.002670,0.002632,0.002632,0.002594,0.002632,0.002594,0.002556,0.002594,0.002594,0.002594,0.002556,0.002556,0.002594,0.002480,0.002441,0.002441,0.002327,0.002365,0.002289,0.002327,0.002251,0.002213,0.002251,0.002136,0.002174,0.002136,0.002174,0.002136,0.002174,0.002213,0.002174,0.002136,0.002136,0.002136,0.002136,0.002136,0.002174,0.002174,0.002136,0.002098,0.002060,0.002060,0.002098,0.002098,0.002060,0.002098,0.002136,0.002174,0.002098,0.002174,0.002213,0.002213,0.002213,0.002251,0.002289,0.002327,0.002441,0.002441,0.002480,0.002518,0.002556,0.002632,0.002594,0.002556,0.002632,0.002632,0.002594,0.002556,0.002480,0.002441,0.002403,0.002327,0.002251,0.002213,0.002136,0.002098,0.001945,0.001869,0.001869,0.001793,0.001755,0.001717,0.001678,0.001717,0.001717,0.001640,0.001678,0.001755,0.001717,0.001831,0.001831,0.001831,0.001907,0.002022,0.001984,0.001984,0.002060,0.002136,0.002098,0.002098,0.002213,0.002213,0.002213,0.002174,0.002136,0.002098,0.002098,0.002060,0.002022,0.002060,0.002022,0.001984,0.001945,0.001907,0.001869,0.001831,0.001793,0.001831,0.001793,0.001717,0.001678,0.001678,0.001640,0.001602,0.001602,0.001602,0.001564,0.001564,0.001564,0.001526,0.001564,0.001488,0.001526,0.001602,0.001640,0.001678,0.001678,0.001793,0.001793,0.001793,0.001793,0.001907,0.001907,0.001945,0.001945,0.001984,0.001984,0.002022,0.002022,0.002060,0.002098,0.002060,0.002060,0.002098,0.002136,0.002136,0.002174,0.002136,0.002174,0.002251,0.002174,0.002174,0.002174,0.002213,0.002213,0.002213,0.002213,0.002213,0.002174,0.002174,0.002174,0.002213,0.002174,0.002136,0.002136,0.002136,0.002174,0.002136,0.002098,0.002098,0.002098,0.002174,0.002174,0.002136,0.002098,0.002136,0.002174,0.002136,0.002174,0.002213,0.002174,0.002213,0.002136,0.002174,0.002251,0.002174,0.002136,0.002098,0.002136,0.002136,0.002060,0.002098,0.002060,0.002060,0.002060,0.001945,0.001945,0.001869,0.001869,0.001831,0.001831,0.001831,0.001793,0.001717,0.001717,0.001678,0.001717,0.001678,0.001678,0.001678,0.001678,0.001640,0.001640,0.001602,0.001602,0.001678,0.001640,0.001678,0.001717,0.001755,0.001755,0.001755,0.001755,0.001831,0.001831,0.001907,0.001945,0.002022,0.002060,0.002022,0.002136,0.002136,0.002251,0.002289,0.002251,0.002327,0.002327,0.002403,0.002365,0.002327,0.002403,0.002365,0.002403,0.002441,0.002480,0.002518,0.002441,0.002441,0.002518,0.002480,0.002441,0.002480,0.002480,0.002518,0.002518,0.002556,0.002518,0.002480,0.002441,0.002480,0.002518,0.002441,0.002441,0.002441,0.002403,0.002365,0.002327,0.002327,0.002251,0.002213,0.002174,0.002136,0.002136,0.002060,0.002022,0.001907,0.001945,0.001945,0.001945,0.001945,0.001945,0.001907,0.001945,0.001945,0.001945,0.001945,0.002022,0.002022,0.002098,0.002060,0.002060,0.002174,0.002251,0.002213,0.002213,0.002174,0.002289,0.002251,0.002327,0.002365,0.002289,0.002289,0.002289,0.002174,0.002251,0.002213,0.002251,0.002174,0.002136,0.002098,0.002060,0.002022,0.001984,0.002022,0.002022,0.001945,0.001945,0.001907,0.001831,0.001831,0.001793,0.001793,0.001755,0.001755,0.001755,0.001717,0.001717,0.001755,0.001793,0.001678,0.001678,0.001717,0.001678,0.001717,0.001678,0.001717,0.001755,0.001717,0.001717,0.001678,0.001717,0.001717,0.001717,0.001755,0.001678,0.001717,0.001717,0.001678,0.001717,0.001678,0.001717,0.001717,0.001717,0.001755,0.001640,0.001793,0.001793,0.001831,0.001869,0.001831,0.001869,0.001907,0.001945,0.001984,0.001984,0.002060,0.002060,0.002136,0.002213,0.002213,0.002213,0.002174,0.002213,0.002289,0.002289,0.002289,0.002174,0.002174,0.002251,0.002289,0.002251,0.002174,0.002174,0.002251,0.002174,0.002174,0.002136,0.002098,0.002060,0.002060,0.002060,0.002060,0.002060,0.002060,0.002060,0.002098,0.002060,0.002060,0.002060,0.002060,0.002022,0.001984,0.001984,0.002060,0.002098,0.002022,0.002060,0.002022,0.001984,0.002060,0.002060,0.002022,0.002098,0.002022,0.002060,0.002022,0.002060,0.002098,0.002136,0.002060,0.002098,0.002060,0.002098,0.002098,0.002136,0.002136,0.002136,0.002174,0.002174,0.002174,0.002174,0.002174,0.002136,0.002174,0.002174,0.002098,0.002136,0.002136,0.002098,0.002098,0.002098,0.002060,0.002060,0.002022,0.002022,0.002060,0.001945,0.002060,0.002060,0.001984,0.001945,0.001984,0.001984,0.002022,0.001984,0.001984,0.002022,0.001984,0.001984,0.001945,0.002022,0.002022,0.001984,0.002022,0.002060,0.002022,0.002022,0.002022,0.002098,0.002060,0.002060,0.002136,0.002136,0.002174,0.002174,0.002174,0.002136,0.002174,0.002136,0.002060,0.002213,0.002136,0.002136,0.002136,0.002136,0.002136,0.002136,0.002060,0.002022,0.002022,0.002022,0.001984,0.001907,0.001907,0.001869,0.001831,0.001869,0.001869,0.001907,0.001869,0.001869,0.001869,0.001831,0.001869,0.001907,0.001869,0.001869,0.001907,0.001945,0.001984,0.001984,0.001945,0.001984,0.001945,0.002022,0.002022,0.002022,0.002022,0.001984,0.002060,0.002060,0.002022,0.002022,0.002022,0.002060,0.002060,0.002060,0.002060,0.002060,0.002022,0.002022,0.001984,0.001945,0.001945,0.002022,0.002022,0.001984,0.001945,0.001945,0.001984,0.001907,0.001907,0.001945,0.001869,0.001907,0.001907,0.001869,0.001831,0.001869,0.001907,0.001869,0.001945,0.001907,0.001945,0.001907,0.001907,0.002022,0.002022,0.002022,0.001945,0.001984,0.002060,0.002060,0.002136,0.002098,0.002060,0.002174,0.002174,0.002174,0.002213,0.002174,0.002174,0.002174,0.002251,0.002251,0.002251,0.002289,0.002289,0.002289,0.002251,0.002251,0.002251,0.002289,0.002327,0.002289,0.002289,0.002289,0.002213,0.002251,0.002213,0.002251,0.002213,0.002213,0.002213,0.002174,0.002213,0.002174,0.002136,0.002136,0.002060,0.002098,0.002136,0.002098,0.002098,0.002060,0.002136,0.002060,0.001984,0.002060,0.001984,0.002060,0.002022,0.001945,0.001945,0.001907,0.001945,0.002022,0.002022,0.001984,0.002060,0.002060,0.002098,0.002174,0.002136,0.002174,0.002251,0.002251,0.002327,0.002365,0.002441,0.002480,0.002480,0.002556,0.002556,0.002594,0.002594,0.002632,0.002670,0.002708,0.002670,0.002632,0.002632,0.002670,0.002670,0.002594,0.002632,0.002518,0.002594,0.002556,0.002518,0.002403,0.002365,0.002403,0.002327,0.002251,0.002213,0.002213,0.002174,0.002098,0.002022,0.002098,0.002022,0.001945,0.001869,0.001831,0.001717,0.001602,0.001526,0.001411,0.001411,0.001335,0.001183,0.001030,0.001030,0.000954,0.000916,0.000839,0.000839,0.000877,0.000877,0.000877,0.000992,0.000992,0.001068,0.001183,0.001221,0.001373,0.001488,0.001526,0.001640,0.001793,0.001831,0.001907,0.002022,0.002060,0.002060,0.002174,0.002213,0.002251,0.002289,0.002289,0.002327,0.002365,0.002441,0.002365,0.002289,0.002251,0.002289,0.002289,0.002251,0.002251,0.002213,0.002174,0.002174,0.002174,0.002136,0.002136,0.002098,0.002136,0.002136,0.002136,0.002213,0.002213,0.002251,0.002213,0.002327,0.002327,0.002365,0.002441,0.002480,0.002441,0.002441,0.002480,0.002480,0.002518,0.002518,0.002480,0.002403,0.002480,0.002403,0.002365,0.002327,0.002289,0.002251,0.002289,0.002174,0.002174,0.002174,0.002098,0.002136,0.002022,0.002022,0.002060,0.001984,0.001945,0.001907,0.001945,0.001945,0.001907,0.001869,0.001945,0.001869,0.001907,0.001984,0.001945,0.001907,0.001869,0.001907,0.001907,0.001945,0.001945,0.001945,0.001945,0.001984,0.001945,0.001945,0.001945,0.002022,0.001984,0.001907,0.001945,0.001907,0.001984,0.001984,0.001945,0.001984,0.001907,0.001945,0.001945,0.001945,0.001945,0.001907,0.001945,0.001945,0.001984,0.001945,0.001984,0.001984,0.001945,0.001984,0.002022,0.002022,0.002022,0.001984,0.002022,0.002060,0.002060,0.002022,0.002098,0.002136,0.002136,0.002174,0.002174,0.002136,0.002174,0.002251,0.002289,0.002327,0.002289,0.002289,0.002251,0.002365,0.002327,0.002327,0.002365,0.002327,0.002327,0.002365,0.002365,0.002327,0.002289,0.002289,0.002289,0.002327,0.002251,0.002251,0.002289,0.002251,0.002251,0.002251,0.002251,0.002213,0.002136,0.002136,0.002098,0.002098,0.002060,0.002060,0.002060,0.002060,0.002060,0.002060,0.002022,0.002060,0.002060,0.002098,0.002136,0.002060,0.002098,0.002098,0.002136,0.002136,0.002098,0.002174,0.002174,0.002251,0.002251,0.002251,0.002251,0.002174,0.002213,0.002251,0.002327,0.002251,0.002289,0.002327,0.002327,0.002403,0.002441,0.002365,0.002365,0.002403,0.002403,0.002365,0.002289,0.002327,0.002327,0.002289,0.002251,0.002174,0.002174,0.002136,0.002098,0.002022,0.001984,0.001984,0.001945,0.001945,0.001945,0.001945,0.001907,0.001869,0.001945,0.001869,0.001907,0.001907,0.001869,0.001869,0.001831,0.001831,0.001831,0.001793,0.001755,0.001755,0.001755,0.001755,0.001755,0.001755,0.001755,0.001755,0.001755,0.001793,0.001831,0.001793,0.001793,0.001831,0.001831,0.001831,0.001869,0.001907,0.001869,0.001869,0.001907,0.001945,0.001945,0.001945,0.001945,0.001984,0.001945,0.001984,0.001984,0.002060,0.002060,0.002022,0.002060,0.002136,0.002136,0.002136,0.002098,0.002136,0.002136,0.002098,0.002174,0.002136,0.002174,0.002213,0.002098,0.002098,0.002174,0.002098,0.002022,0.002060,0.002098,0.002060,0.002098,0.002060,0.002060,0.002060,0.002060,0.002060,0.002060,0.002098,0.002098,0.002136,0.002098,0.002098,0.002098,0.002060,0.002060,0.002060,0.002098,0.002098,0.002060,0.002060,0.002060,0.002098,0.002060,0.002098,0.002060,0.002060,0.002060,0.002022,0.001984,0.001984,0.002022,0.001907,0.001907,0.001869,0.001907,0.001907,0.001869,0.001793,0.001831,0.001831,0.001831,0.001831,0.001793,0.001793,0.001831,0.001793,0.001831,0.001831,0.001907,0.001907,0.001907,0.001984,0.001945,0.001945,0.001907,0.001945,0.001984,0.001984,0.002022,0.002022,0.002060,0.002098,0.001984,0.001984,0.002098,0.002022,0.002060,0.002022,0.002022,0.002022,0.002022,0.001984,0.001984,0.002022,0.002022,0.002022,0.001984,0.001984,0.002022,0.001984,0.002022,0.002022,0.002022,0.002060,0.002022,0.002022,0.002060,0.002060,0.002098,0.002098,0.002136,0.002098,0.002213,0.002174,0.002136,0.002213,0.002213,0.002251,0.002213,0.002251,0.002289,0.002213,0.002213,0.002289,0.002251,0.002251,0.002251,0.002251,0.002174,0.002136,0.002136,0.002174,0.002213,0.002174,0.002174,0.002098,0.002098,0.002136,0.002136,0.002098,0.002098,0.002060,0.002098,0.002098,0.002136,0.002060,0.002022,0.002022,0.002022,0.002022,0.002022,0.002060,0.002060,0.002060,0.002060,0.002098,0.002060,0.002098,0.002098,0.002174,0.002174,0.002136,0.002213,0.002174,0.002213,0.002213,0.002174,0.002213,0.002251,0.002251,0.002289,0.002251,0.002289,0.002213,0.002251,0.002251,0.002251,0.002213,0.002174,0.002213,0.002136,0.002098,0.002136,0.002136,0.002174,0.002136,0.002098,0.002022,0.002022,0.001945,0.001945,0.001984,0.001869,0.001907,0.001945,0.001869,0.001831,0.001869,0.001869,0.001831,0.001755,0.001793,0.001755,0.001717,0.001678,0.001678,0.001755,0.001640,0.001640,0.001678,0.001640,0.001678,0.001640,0.001640,0.001602,0.001640,0.001717,0.001640,0.001640,0.001640,0.001678,0.001640,0.001678,0.001717,0.001640,0.001678,0.001678,0.001678,0.001717,0.001793,0.001793,0.001717,0.001717,0.001755,0.001717,0.001831,0.001793,0.001831,0.001793,0.001869,0.001945,0.001945,0.001945,0.001945,0.001945,0.001984,0.002022,0.002098,0.002022,0.002060,0.002136,0.002174,0.002213,0.002213,0.002174,0.002289,0.002289,0.002327,0.002251,0.002289,0.002289,0.002289,0.002289,0.002289,0.002327,0.002327,0.002327,0.002365,0.002365,0.002327,0.002327,0.002327,0.002289,0.002289,0.002289,0.002251,0.002251,0.002251,0.002251,0.002213,0.002213,0.002213,0.002213,0.002174,0.002136,0.002174,0.002098,0.002098,0.002098,0.002136,0.002098,0.002022,0.002022,0.002022,0.002060,0.001984,0.001984,0.001984,0.001945,0.001984,0.001984,0.001945,0.001945,0.001945,0.001945,0.001945,0.002022,0.001984,0.001984,0.002060,0.001945,0.001984,0.002022,0.001945,0.002022,0.001984,0.001945,0.001945,0.001945,0.001907,0.001907,0.001869,0.001907,0.001869,0.001869,0.001831,0.001869,0.001907,0.001945,0.001907,0.001869,0.001907,0.001945,0.001984,0.001945,0.001907,0.002022,0.001984,0.001984,0.001984,0.001984,0.001984,0.002022,0.002060,0.002060,0.002022,0.002060,0.002098,0.002060,0.002060,0.002022,0.002060,0.002136,0.002098,0.002136,0.002136,0.002022,0.002098,0.002098,0.002022,0.002098,0.002060,0.002098,0.002060,0.002022,0.002022,0.002022,0.002022,0.002098,0.002060,0.002098,0.002098,0.002098,0.002060,0.002060,0.002174,0.002098,0.002174,0.002174,0.002136,0.002136,0.002174,0.002174,0.002174,0.002174,0.002136,0.002098,0.002174,0.002174,0.002174,0.002174,0.002098,0.002136,0.002098,0.002098,0.002136,0.002060,0.002136,0.002136,0.002098,0.002098,0.002098,0.002060,0.002060,0.002098,0.002174,0.002060,0.002060,0.002136,0.002098,0.002098,0.002098,0.002098,0.002022,0.002060,0.002022,0.002022,0.002060,0.002022,0.002060,0.002022,0.002022,0.002060,0.001984,0.001984,0.001945,0.001945,0.002022,0.001984,0.001945,0.001945,0.001984,0.001945,0.001907,0.001869,0.001907,0.001907,0.001869,0.001907,0.001907,0.001907,0.001907,0.001831,0.001907,0.001907,0.001869,0.001869,0.001907,0.001869,0.001869,0.001831,0.001793,0.001869,0.001907,0.001869,0.001907,0.001907,0.001907,0.001907,0.001869,0.001869,0.001907,0.001869,0.001869,0.001907,0.001907,0.001984,0.001945,0.001984,0.002022,0.001984,0.002022,0.002060,0.002060,0.002060,0.002098,0.002060,0.002136,0.002136,0.002174,0.002060,0.002174,0.002136,0.002136,0.002098,0.002174,0.002098,0.002098,0.002136,0.002174,0.002174,0.002174,0.002136,0.002174,0.002136,0.002136,0.002136,0.002098,0.002136,0.002136,0.002098,0.002098,0.002136,0.002098,0.002136,0.002098,0.002022,0.002060,0.002060,0.002022,0.002098,0.002098,0.002136,0.002098,0.002060,0.002136,0.002136,0.002098,0.002098,0.002098,0.002136,0.002098,0.002136,0.002136,0.002136,0.002174,0.002098,0.002136,0.002098,0.002136,0.002136,0.002136,0.002136,0.002136,0.002174,0.002136,0.002060,0.002098,0.002060,0.002098,0.002136,0.002136,0.002136,0.002174,0.002174,0.002136,0.002136,0.002136,0.002098,0.002060,0.002060,0.002022,0.002098,0.002098,0.002060,0.002098,0.002098,0.002136,0.002098,0.002098,0.002136,0.002060,0.002060,0.002022,0.002060,0.002060,0.002060,0.002060,0.002060,0.002098,0.002098,0.002022,0.002098,0.002060,0.002098,0.002060,0.002060,0.002022,0.002136,0.002060,0.002098,0.002060,0.002022,0.002060,0.002098,0.002060,0.002060,0.002136,0.002098,0.002136,0.002136,0.002136,0.002098,0.002136,0.002174,0.002098,0.002136,0.002098,0.002098,0.002060,0.002098,0.002098,0.002098,0.002060,0.001984,0.002022,0.002060,0.002022,0.001984,0.002022,0.002060,0.001984,0.001984,0.002022,0.001984,0.001984,0.001907,0.001945,0.001984,0.001984,0.001984,0.001984,0.001945,0.001984,0.001984,0.002022,0.002022,0.002022,0.002022,0.002060,0.002060,0.002060,0.002098,0.002098,0.002098,0.002136,0.002136,0.002213,0.002136,0.002213,0.002213,0.002251,0.002289,0.002251,0.002289,0.002403,0.002365,0.002365,0.002403,0.002403,0.002403,0.002365,0.002365,0.002403,0.002365,0.002365,0.002327,0.002289,0.002289,0.002289,0.002174,0.002136,0.002060,0.002060,0.002022,0.001984,0.001984,0.001945,0.001907,0.001869,0.001831,0.001793,0.001755,0.001755,0.001755,0.001793,0.001755,0.001793,0.001755,0.001755,0.001793,0.001831,0.001831,0.001793,0.001869,0.001869,0.001945,0.001984,0.001984,0.001984,0.001984,0.002022,0.002022,0.002060,0.002060,0.002060,0.002022,0.002060,0.002022,0.002022,0.001984,0.002022,0.001984,0.001984,0.001945,0.001945,0.001945,0.001907,0.001945,0.001984,0.001984,0.001945,0.001945,0.002022,0.002060,0.002022,0.002060,0.002060,0.002022,0.002060,0.002136,0.002098,0.002060,0.002098,0.002174,0.002136,0.002174,0.002213,0.002251,0.002251,0.002174,0.002251,0.002251,0.002251,0.002213,0.002251,0.002289,0.002251,0.002289,0.002289,0.002251,0.002213,0.002213,0.002251,0.002251,0.002213,0.002251,0.002213,0.002251,0.002213,0.002213,0.002213,0.002251,0.002289,0.002289,0.002251,0.002289,0.002213,0.002251,0.002289,0.002327,0.002327,0.002251,0.002251,0.002251,0.002251,0.002213,0.002174,0.002174,0.002136,0.002136,0.002098,0.002136,0.002060,0.002022,0.002022,0.002022,0.001984,0.001945,0.001945,0.001869,0.001869,0.001831,0.001793,0.001793,0.001831,0.001831,0.001793,0.001755,0.001755,0.001793,0.001717,0.001793,0.001755,0.001755,0.001793,0.001793,0.001793,0.001755,0.001755,0.001793,0.001793,0.001831,0.001869,0.001831,0.001869,0.001907,0.001945,0.001945,0.001907,0.001945,0.001984,0.001984,0.002022,0.002022,0.001984,0.001945,0.001984,0.002022,0.002060,0.002060,0.002022,0.002060,0.002060,0.002060,0.002098,0.002060,0.002098,0.002060,0.002060,0.002022,0.002060,0.002022,0.002060,0.002098,0.002060,0.002022,0.002060,0.002098,0.002060,0.002060,0.002098,0.002022,0.002060,0.002098,0.002060,0.002060,0.002060,0.002098,0.002098,0.002098,0.002174,0.002098,0.002136,0.002136,0.002136,0.002174,0.002098,0.002174,0.002174,0.002174,0.002136,0.002136,0.002174,0.002098,0.002174,0.002213,0.002174,0.002213,0.002213,0.002213,0.002213,0.002174,0.002213,0.002213,0.002174,0.002174,0.002174,0.002098,0.002136,0.002136,0.002136,0.002136,0.002022,0.002022,0.002098,0.002098,0.002022,0.001984,0.001984,0.001984,0.001984,0.002022,0.001984,0.002022,0.002022,0.002022,0.001984,0.001984,0.002022,0.002060,0.002022,0.002060,0.002060,0.002060,0.002136,0.002060,0.002098,0.002060,0.002098,0.002060,0.002022,0.002098,0.002098,0.002022,0.001984,0.002022,0.001984,0.001907,0.001945,0.001945,0.001907,0.001869,0.001869,0.001831,0.001831,0.001831,0.001869,0.001869,0.001869,0.001869,0.001831,0.001831,0.001869,0.001869,0.001907,0.001945,0.002022,0.001984,0.001984,0.002022,0.002022,0.002098,0.002060,0.002098,0.002174,0.002136,0.002174,0.002136,0.002136,0.002136,0.002060,0.002136,0.002136,0.002136,0.002060,0.002022,0.002060,0.002060,0.002060,0.002022,0.002060,0.002022,0.001945,0.002022,0.001945,0.001907,0.001984,0.001984,0.002022,0.001984,0.001945,0.001907,0.001907,0.002022,0.001984,0.001984,0.001984,0.002022,0.002060,0.001945,0.001984,0.002098,0.002098,0.002060,0.002022,0.002060,0.002136,0.002098,0.002098,0.002136,0.002174,0.002251,0.002174,0.002251,0.002174,0.002213,0.002327,0.002251,0.002251,0.002213,0.002251,0.002289,0.002289,0.002289,0.002289,0.002289,0.002213,0.002174,0.002213,0.002174,0.002136,0.002174,0.002174,0.002136,0.002098,0.002098,0.002098,0.002060,0.002098,0.002060,0.002060,0.002022,0.002022,0.002098,0.002022,0.001984,0.002060,0.002022,0.002022,0.002060,0.002060,0.002022,0.002022,0.001984,0.001984,0.001984,0.002022,0.001984,0.002022,0.002022,0.001984,0.001984,0.001984,0.001907,0.001907,0.001907,0.001869,0.001869,0.001831,0.001793,0.001831,0.001755,0.001793,0.001793,0.001831,0.001717,0.001755,0.001717,0.001755,0.001793,0.001793,0.001793,0.001793,0.001831,0.001793,0.001831,0.001831,0.001793,0.001831,0.001831,0.001869,0.001831,0.001907,0.001869,0.001869,0.001945,0.001984,0.001945,0.001907,0.001907,0.001869,0.001907,0.001945,0.001945,0.001945,0.001907,0.001945,0.001945,0.001945,0.001907,0.001945,0.001907,0.001907,0.001869,0.001907,0.001907,0.001945,0.001984,0.001945,0.001984,0.001945,0.001984,0.001984,0.001984,0.002022,0.002022,0.001984,0.002022,0.002022,0.002022,0.002022,0.002060,0.002022,0.002098,0.002098,0.002098,0.002136,0.002098,0.002136,0.002136,0.002174,0.002174,0.002251,0.002251,0.002213,0.002213,0.002213,0.002289,0.002251,0.002289,0.002289,0.002327,0.002289,0.002327,0.002289,0.002327,0.002365,0.002403,0.002365,0.002365,0.002365,0.002365,0.002327,0.002327,0.002365,0.002365,0.002365,0.002289,0.002213,0.002213,0.002136,0.002136,0.002136,0.002136,0.002060,0.002060,0.002022,0.001945,0.001945,0.001907,0.001831,0.001869,0.001793,0.001755,0.001755,0.001793,0.001717,0.001717,0.001793,0.001755,0.001755,0.001717,0.001793,0.001755,0.001793,0.001793,0.001793,0.001831,0.001831,0.001831,0.001793,0.001793,0.001869,0.001869,0.001907,0.001907,0.001869,0.001945,0.001907,0.001945,0.001945,0.001945,0.001984,0.002022,0.002060,0.002060,0.002022,0.002060,0.002098,0.002136,0.002174,0.002213,0.002136,0.002136,0.002136,0.002174,0.002213,0.002136,0.002251,0.002251,0.002136,0.002251,0.002251,0.002251,0.002289,0.002251,0.002289,0.002251,0.002327,0.002289,0.002327,0.002289,0.002327,0.002251,0.002289,0.002251,0.002213,0.002213,0.002289,0.002251,0.002327,0.002327,0.002213,0.002251,0.002251,0.002213,0.002174,0.002289,0.002251,0.002213,0.002251,0.002213,0.002213,0.002174,0.002174,0.002174,0.002174,0.002174,0.002174,0.002174,0.002136,0.002174,0.002174,0.002174,0.002098,0.002098,0.002060,0.002136,0.002136,0.002098,0.002098,0.002060,0.002098,0.002060,0.002098,0.002098,0.002098,0.002098,0.002060,0.002060,0.002060,0.002022,0.002022,0.001984,0.001984,0.001984,0.001984,0.001945,0.001907,0.001907,0.001907,0.001907,0.001907,0.001869,0.001869,0.001869,0.001831,0.001831,0.001869,0.001869,0.001869,0.001869,0.001869,0.001907,0.001907,0.001907,0.001907,0.001945,0.001907,0.001945,0.001945,0.001907,0.001984,0.001945,0.002022,0.001984,0.002022,0.002060,0.002022,0.001945,0.001984,0.002098,0.001984,0.002022,0.002022,0.002022,0.002060,0.002060,0.002060,0.002098,0.002060,0.002136,0.002098,0.002136,0.002174,0.002136,0.002213,0.002213,0.002213,0.002174,0.002251,0.002213,0.002213,0.002251,0.002251,0.002213,0.002213,0.002251,0.002251,0.002289,0.002251,0.002327,0.002213,0.002251,0.002251,0.002289,0.002251,0.002174,0.002174,0.002174,0.002174,0.002213,0.002174,0.002136,0.002174,0.002213,0.002098,0.002136,0.002098,0.002136,0.002098,0.002136,0.002060,0.002098,0.002098,0.002060,0.002060,0.002060,0.002060,0.002060,0.002098,0.002060,0.002060,0.002060,0.002060,0.002060,0.002098,0.002098,0.002060,0.002060,0.002098,0.002098,0.002098,0.002060,0.002022,0.002060,0.002022,0.002060,0.002060,0.001945,0.001945,0.001907,0.001984,0.001907,0.001945,0.001907,0.001945,0.001907,0.001907,0.001869,0.001907,0.001907,0.001907,0.001793,0.001755,0.001831,0.001793,0.001831,0.001793,0.001831,0.001793,0.001793,0.001831,0.001793,0.001793,0.001793,0.001869,0.001755,0.001755,0.001793,0.001831,0.001869,0.001945,0.001869,0.001907,0.001907,0.001945,0.001907,0.001907,0.001984,0.001984,0.002022,0.001984,0.002022,0.002060,0.002022,0.002098,0.002098,0.002060,0.002098,0.002098,0.002136,0.002136,0.002174,0.002136,0.002174,0.002213,0.002213,0.002251,0.002251,0.002213,0.002213,0.002289,0.002251,0.002289,0.002251,0.002251,0.002251,0.002213,0.002213,0.002213,0.002251,0.002289,0.002251,0.002213,0.002251,0.002213,0.002174,0.002213,0.002213,0.002213,0.002174,0.002213,0.002174,0.002136,0.002098,0.002136,0.002136,0.002098,0.002060,0.002136,0.002136,0.002136,0.002098,0.002136,0.002098,0.002060,0.002098,0.002136,0.002098,0.002136,0.002098,0.002136,0.002098,0.002098,0.002098,0.002136,0.002136,0.002136,0.002098,0.002136,0.002136,0.002136,0.002174,0.002174,0.002136,0.002098,0.002136,0.002098,0.002136,0.002136,0.002098,0.002174,0.002174,0.002098,0.002098,0.002136,0.002136,0.002174,0.002136,0.002136,0.002213,0.002136,0.002136,0.002136,0.002136,0.002136,0.002174,0.002098,0.002098,0.002136,0.002136,0.002098,0.002136,0.002136,0.002136,0.002136,0.002098,0.002136,0.002136,0.002136,0.002136,0.002136,0.002098,0.002098,0.002098,0.002098,0.002136,0.002136,0.002136,0.002174,0.002136,0.002098,0.002213,0.002174,0.002213,0.002174,0.002136,0.002174,0.002174,0.002174,0.002174,0.002174,0.002213,0.002136,0.002136,0.002174,0.002136,0.002174,0.002174,0.002174,0.002174,0.002136,0.002060,0.002060,0.002136,0.002098,0.002022,0.002022,0.002022,0.001984,0.001984,0.001984,0.001945,0.001869,0.001869,0.001907,0.001869,0.001869,0.001907,0.001831,0.001831,0.001831,0.001793,0.001793,0.001793,0.001793,0.001831,0.001831,0.001831,0.001831,0.001755,0.001831,0.001793,0.001831,0.001793,0.001831,0.001907,0.001869,0.001907,0.001907,0.001907,0.001945,0.002022,0.002022,0.002022,0.002136,0.002098,0.002098,0.002136,0.002098,0.002136,0.002136,0.002174,0.002174,0.002213,0.002289,0.002251,0.002174,0.002213,0.002213,0.002251,0.002213,0.002174,0.002174,0.002213,0.002174,0.002136,0.002136,0.002060,0.002098,0.002098,0.002136,0.002098,0.002060,0.002060,0.002060,0.002022,0.002060,0.002060,0.002060,0.002136,0.002136,0.002136,0.002136,0.002098,0.002174,0.002251,0.002213,0.002213,0.002136,0.002136,0.002213,0.002251,0.002213,0.002213,0.002213,0.002174,0.002174,0.002136,0.002098,0.002136,0.002022,0.002098,0.002022,0.002060,0.001984,0.001984,0.001907,0.001869,0.001831,0.001869,0.001831,0.001755,0.001717,0.001755,0.001717,0.001717,0.001678,0.001678,0.001755,0.001640,0.001717,0.001793,0.001831,0.001831,0.001831,0.001831,0.001869,0.001831,0.001869,0.001907,0.001945,0.001984,0.001907,0.001945,0.001984,0.002022,0.001984,0.001945,0.001984,0.001945,0.001984,0.002022,0.002022,0.001984,0.001984,0.002022,0.001984,0.002022,0.002022,0.002022,0.001984,0.001984,0.002060,0.002022,0.002060,0.002022,0.002022,0.002136,0.002098,0.002098,0.002098,0.002136,0.002213,0.002136,0.002136,0.002174,0.002213,0.002213,0.002251,0.002251,0.002251,0.002251,0.002289,0.002251,0.002289,0.002251,0.002213,0.002174,0.002213,0.002213,0.002213,0.002213,0.002174,0.002174,0.002174,0.002136,0.002136,0.002098,0.002136,0.002136,0.002136,0.002098,0.002060,0.002136,0.002136,0.002098,0.002098,0.002098,0.002098,0.002060,0.002098,0.002136,0.002136,0.002060,0.002060,0.002060,0.002136,0.002060,0.002098,0.002060,0.002060,0.002022,0.001984,0.002060,0.002022,0.002060,0.002098,0.002022,0.002022,0.001984,0.002022,0.002022,0.001984,0.002060,0.001984,0.002022,0.001984,0.001984,0.001945,0.001984,0.001984,0.001984,0.002022,0.002022,0.002022,0.002022,0.001945,0.001984,0.002022,0.001984,0.002022,0.002022,0.002022,0.002022,0.002022,0.002060,0.002098,0.002098,0.002060,0.002098,0.002060,0.002098,0.002098,0.002098,0.002060,0.002060,0.002098,0.002136,0.002136,0.002098,0.002098,0.002060,0.002098,0.002098,0.002136,0.002098,0.002098,0.002136,0.002136,0.002136,0.002136,0.002098,0.002098,0.002098,0.002098,0.002060,0.002060,0.002060,0.002022,0.002098,0.002060,0.002060,0.002022,0.001907,0.001984,0.001945,0.001945,0.001907,0.001984,0.001945,0.001945,0.001907,0.001907,0.001907,0.001907,0.001907,0.001945,0.001945,0.001984,0.001945,0.001945,0.001984,0.001984,0.001945,0.001945,0.001907,0.001984,0.001984,0.001984,0.001984,0.001984,0.001984,0.001984,0.001945,0.001945,0.001945,0.001984,0.001984,0.002022,0.001984,0.002022,0.001984,0.002022,0.002060,0.002022,0.002022,0.002060,0.002098,0.002022,0.002022,0.002098,0.002098,0.002060,0.002098,0.002060,0.002098,0.002098,0.002098,0.002060,0.002060,0.002098,0.001984,0.002060,0.002060,0.002060,0.002098,0.002098,0.002060,0.002022,0.002022,0.002022,0.001984,0.002022,0.002098,0.001984,0.001984,0.001907,0.001984,0.002022,0.001984,0.001945,0.001945,0.002022,0.002022,0.002022,0.002022,0.002022,0.002098,0.002060,0.002098,0.002098,0.002136,0.002136,0.002136,0.002213,0.002174,0.002136,0.002213,0.002213,0.002174,0.002174,0.002251,0.002213,0.002174,0.002174,0.002213,0.002213,0.002174,0.002174,0.002251,0.002136,0.002174,0.002136,0.002136,0.002136,0.002098,0.002136,0.002060,0.002136,0.002060,0.002060,0.002098,0.002136,0.002174,0.002060,0.002060,0.002060,0.002022,0.002022,0.002022,0.002060,0.002060,0.002022,0.002136,0.002060,0.002022,0.001984,0.001945,0.001945,0.002022,0.002022,0.001907,0.001945,0.001945,0.001984,0.001945,0.001945,0.001945,0.001945,0.001907,0.001984,0.001907,0.001907,0.001945,0.001869,0.001945,0.001907,0.001907,0.001984,0.001907,0.001907,0.001907,0.001907,0.001907,0.001907,0.001907,0.001869,0.001945,0.001907,0.001907,0.001831,0.001907,0.001907,0.001907,0.001869,0.001945,0.001945,0.001945,0.001945,0.001945,0.001945,0.001984,0.001984,0.001984,0.002022,0.002022,0.002060,0.002060,0.002060,0.002060,0.002060,0.002060,0.002098,0.002060,0.002060,0.002098,0.002136,0.002174,0.002098,0.002174,0.002213,0.002174,0.002174,0.002251,0.002251,0.002289,0.002213,0.002213,0.002251,0.002289,0.002289,0.002251,0.002213,0.002213,0.002289,0.002251,0.002251,0.002251,0.002289,0.002174,0.002174,0.002213,0.002174,0.002174,0.002136,0.002136,0.002136,0.002098,0.002136,0.002136,0.002174,0.002098,0.002098,0.002174,0.002098,0.002098,0.002060,0.002098,0.002098,0.002136,0.002060,0.002098,0.002098,0.002098,0.002060,0.002136,0.002098,0.002098,0.002136,0.002060,0.002098,0.002174,0.002136,0.002098,0.002098,0.002098,0.002098,0.002098,0.002060,0.002098,0.002060,0.002136,0.002098,0.002098,0.002060,0.002060,0.002060,0.002098,0.002060,0.002022,0.002022,0.002022,0.001984,0.001945,0.001907,0.001907,0.001945,0.001907,0.001869,0.001869,0.001831,0.001869,0.001869,0.001831,0.001907,0.001869,0.001869,0.001907,0.001984,0.002060,0.002060,0.002098,0.002136,0.002174,0.002213,0.002213,0.002289,0.002289,0.002327,0.002327,0.002327,0.002365,0.002365,0.002289,0.002289,0.002289,0.002213,0.002213,0.002213,0.002174,0.002136,0.002098,0.001984,0.002022,0.001945,0.001907,0.001907,0.001831,0.001907,0.001869,0.001869,0.001907,0.001869,0.001869,0.001945,0.001907,0.001945,0.002022,0.002022,0.001984,0.002022,0.002022,0.002098,0.002098,0.002136,0.002136,0.002174,0.002136,0.002174,0.002136,0.002098,0.002174,0.002098,0.002136,0.002098,0.002174,0.002136,0.002136,0.002098,0.002136,0.002136,0.002136,0.002136,0.002136,0.002136,0.002136,0.002136,0.002174,0.002174,0.002213,0.002098,0.002174,0.002174,0.002174,0.002136,0.002174,0.002213,0.002213,0.002174,0.002174,0.002213,0.002174,0.002251,0.002213,0.002251,0.002213,0.002136,0.002213,0.002136,0.002174,0.002174,0.002174,0.002136,0.002174,0.002174,0.002174,0.002098,0.002060,0.002136,0.002136,0.002136,0.002174,0.002136,0.002174,0.002098,0.002098,0.002098,0.002136,0.002136,0.002136,0.002098,0.002136,0.002136,0.002174,0.002136,0.002136,0.002098,0.002060,0.002098,0.002060,0.001984,0.002022,0.001984,0.002060,0.002022,0.002060,0.002060,0.001945,0.001984,0.001984,0.001984,0.001945,0.001984,0.002022,0.001984,0.002022,0.002060,0.002060,0.002022,0.002098,0.002098,0.002060,0.002098,0.002098,0.002098,0.002098,0.002136,0.002136,0.002136,0.002136,0.002136,0.002098,0.002098,0.002098,0.002022,0.002060,0.002060,0.002060,0.002022,0.002060,0.002060,0.001984,0.001984,0.001984,0.002060,0.002022,0.001984,0.002022,0.002022,0.001984,0.001984,0.002060,0.002022,0.002060,0.002098,0.002098,0.002060,0.002060,0.002060,0.002060,0.002060,0.002060,0.002060,0.002060,0.002060,0.002098,0.002098,0.002060,0.002098,0.002136,0.002060,0.002098,0.002060,0.002098,0.002136,0.002060,0.002060,0.002060,0.002098,0.002136,0.002136,0.002098,0.002098,0.002174,0.002098,0.002098,0.002136,0.002174,0.002136,0.002136,0.002098,0.002136,0.002098,0.002136,0.002136,0.002098,0.002136,0.002136,0.002174,0.002136,0.002136,0.002136,0.002098,0.002136,0.002136,0.002098,0.002060,0.002060,0.002098,0.002060,0.002022,0.002022,0.002022,0.002022,0.001945,0.002022,0.002060,0.001984,0.001945,0.002022,0.001984,0.002060,0.001984,0.001984,0.001907,0.001945,0.001907,0.001945,0.001945,0.002060,0.001984,0.002022,0.002060,0.002060,0.002060,0.002022,0.001984,0.002022,0.002022,0.001984,0.002060,0.001984,0.002022,0.002060,0.001984,0.002022,0.002060,0.002098,0.002060,0.002060,0.001984,0.002060,0.002060,0.002098,0.002098,0.002136,0.002136,0.002098,0.002098,0.002174,0.002098,0.002136,0.002174,0.002174,0.002174,0.002213,0.002213,0.002174,0.002174,0.002213,0.002289,0.002174,0.002136,0.002174,0.002174,0.002174,0.002174,0.002213,0.002174,0.002174,0.002174,0.002136,0.002136,0.002098,0.002098,0.002098,0.002098,0.002060,0.002022,0.002098,0.002136,0.002098,0.002060,0.002022,0.002022,0.001984,0.001945,0.001945,0.002022,0.001984,0.002022,0.001984,0.002022,0.001945,0.001945,0.001945,0.001984,0.001945,0.001907,0.001907,0.001907,0.001907,0.001869,0.001869,0.001907,0.001945,0.001907,0.001869,0.001907,0.001945,0.001869,0.001907,0.001907,0.001907,0.001984,0.001945,0.001907,0.001907,0.001945,0.001945,0.001984,0.001945,0.002022,0.001984,0.002022,0.001945,0.002022,0.002060,0.002098,0.002098,0.002136,0.002098,0.002098,0.002098,0.002098,0.002136,0.002136,0.002174,0.002174,0.002174,0.002136,0.002213,0.002213,0.002174,0.002213,0.002136,0.002213,0.002213,0.002174,0.002213,0.002098,0.002174,0.002098,0.002098,0.002136,0.002098,0.002060,0.002022,0.001984,0.001984,0.001945,0.001984,0.001945,0.001945,0.001907,0.001869,0.001869,0.001831,0.001831,0.001831,0.001869,0.001831,0.001755,0.001793,0.001755,0.001717,0.001755,0.001831,0.001793,0.001831,0.001831,0.001793,0.001869,0.001869,0.001907,0.001984,0.002022,0.002098,0.002098,0.002060,0.002136,0.002136,0.002174,0.002174,0.002098,0.002098,0.002136,0.002136,0.002136,0.002136,0.002136,0.002098,0.002136,0.002136,0.002098,0.002136,0.002136,0.002174,0.002174,0.002213,0.002174,0.002174,0.002136,0.002174,0.002251,0.002251,0.002174,0.002174,0.002251,0.002174,0.002213,0.002251,0.002213,0.002174,0.002136,0.002174,0.002213,0.002174,0.002174,0.002174,0.002213,0.002174,0.002174,0.002174,0.002174,0.002174,0.002174,0.002174,0.002174,0.002136,0.002098,0.002022,0.002022,0.002022,0.002022,0.001984,0.002022,0.002022,0.002022,0.002022,0.001984,0.001984,0.002022,0.002022,0.002022,0.002060,0.001984,0.001984,0.002022,0.001984,0.002022,0.001984,0.001945,0.001945,0.001945,0.001984,0.001984,0.001945,0.001945,0.001945,0.001984,0.001945,0.001945,0.001984,0.002022,0.001984,0.002022,0.002098,0.002098,0.002098,0.002060,0.002060,0.002060,0.001984,0.002022,0.001984,0.001907,0.001869,0.001869,0.001907,0.001755,0.001831,0.001755,0.001755,0.001755,0.001755,0.001717,0.001717,0.001793,0.001793,0.001831,0.001831,0.001869,0.001831,0.001869,0.001869,0.001831,0.001907,0.001907,0.001907,0.001907,0.001869,0.001831,0.001793,0.001831,0.001793,0.001831,0.001793,0.001755,0.001793,0.001793,0.001755,0.001793,0.001869,0.001831,0.001869,0.001869,0.001869,0.001907,0.001907,0.001945,0.001907,0.001945,0.001984,0.001945,0.001907,0.001907,0.001984,0.001984,0.001945,0.001907,0.001984,0.001984,0.001907,0.001984,0.002022,0.002022,0.002060,0.002022,0.002022,0.002136,0.002136,0.002060,0.002098,0.002136,0.002174,0.002213,0.002251,0.002289,0.002251,0.002289,0.002327,0.002289,0.002327,0.002327,0.002365,0.002289,0.002327,0.002365,0.002289,0.002213,0.002213,0.002289,0.002213,0.002136,0.002136,0.002098,0.002098,0.002060,0.002060,0.001984,0.002022,0.001984,0.001907,0.001945,0.001984,0.001945,0.001984,0.001984,0.001984,0.002022,0.001984,0.001984,0.002022,0.002060,0.002098,0.002060,0.002136,0.002060,0.002136,0.002174,0.002174,0.002174,0.002174,0.002213,0.002136,0.002174,0.002174,0.002213,0.002174,0.002136,0.002174,0.002136,0.002174,0.002136,0.002098,0.002060,0.002136,0.002098,0.002098,0.002060,0.002060,0.002098,0.002098,0.002060,0.002060,0.002098,0.002098,0.002098,0.002098,0.002098,0.002136,0.002174,0.002060,0.002098,0.002136,0.002136,0.002136,0.002136,0.002098,0.002174,0.002174,0.002060,0.002098,0.002136,0.002060,0.002060,0.002098,0.002098,0.002022,0.002098,0.002098,0.002060,0.002098,0.002022,0.002022,0.002060,0.001984,0.001984,0.002060,0.002136,0.002098,0.002098,0.002098,0.002136,0.002098,0.002136,0.002136,0.002098,0.002136,0.002098,0.002174,0.002136,0.002136,0.002060,0.002098,0.002060,0.002136,0.002098,0.002098,0.002136,0.002098,0.002060,0.002060,0.002060,0.002098,0.002060,0.002060,0.002060,0.002060,0.002060,0.002060,0.002060,0.002060,0.002136,0.002136,0.002060,0.002098,0.002098,0.002060,0.002098,0.002136,0.002098,0.002098,0.002098,0.002060,0.002060,0.002098,0.002022,0.002098,0.002136,0.002098,0.002098,0.002136,0.002022,0.002098,0.002098,0.002060,0.002098,0.002098,0.002060,0.002060,0.002060,0.002098,0.002060,0.002022,0.002098,0.002098,0.002060,0.002098,0.002098,0.002060,0.002098,0.002060,0.002060,0.002098,0.002022,0.002098,0.002022,0.002060,0.002098,0.002060,0.001984,0.002060,0.002060,0.001984,0.001984,0.001945,0.001945,0.001945,0.002022,0.002022,0.001984,0.001984,0.001984,0.001984,0.001945,0.001869,0.001907,0.001984,0.001984,0.001945,0.001907,0.001984,0.001945,0.001945,0.001945,0.001945,0.002022,0.001907,0.001984,0.001984,0.002022,0.002098,0.002060,0.002098,0.002098,0.002136,0.002136,0.002136,0.002098,0.002174,0.002174,0.002213,0.002174,0.002174,0.002136,0.002213,0.002213,0.002289,0.002251,0.002213,0.002251,0.002289,0.002289,0.002289,0.002251,0.002251,0.002251,0.002251,0.002251,0.002213,0.002213,0.002251,0.002213,0.002251,0.002098,0.002136,0.002174,0.002136,0.002060,0.002098,0.002098,0.002060,0.002098,0.002098,0.002060,0.002098,0.002136,0.002060,0.002060,0.002098,0.002060,0.002174,0.002136,0.002098,0.002098,0.002174,0.002174,0.002136,0.002174,0.002213,0.002174,0.002174,0.002136,0.002174,0.002213,0.002213,0.002174,0.002251,0.002251,0.002213,0.002213,0.002213,0.002251,0.002289,0.002251,0.002213,0.002213,0.002174,0.002251,0.002213,0.002174,0.002136,0.002136,0.002098,0.002136,0.002098,0.002098,0.002098,0.002022,0.001984,0.002022,0.002022,0.001984,0.001984,0.001945,0.001945,0.001907,0.001907,0.001831,0.001793,0.001793,0.001793,0.001869,0.001869,0.001869,0.001831,0.001793,0.001831,0.001869,0.001907,0.001907,0.001831,0.001869,0.001945,0.001945,0.001945,0.002022,0.002022,0.002060,0.002098,0.002174,0.002174,0.002136,0.002174,0.002213,0.002213,0.002213,0.002213,0.002289,0.002327,0.002289,0.002289,0.002251,0.002251,0.002251,0.002289,0.002251,0.002251,0.002213,0.002213,0.002213,0.002174,0.002213,0.002174,0.002174,0.002136,0.002136,0.002098,0.002136,0.002136,0.002098,0.002060,0.002098,0.002098,0.002022,0.002136,0.002136,0.002098,0.002136,0.002136,0.002174,0.002213,0.002174,0.002174,0.002136,0.002174,0.002136,0.002213,0.002251,0.002213,0.002174,0.002213,0.002213,0.002174,0.002213,0.002213,0.002213,0.002251,0.002213,0.002213,0.002213,0.002213,0.002136,0.002136,0.002174,0.002213,0.002174,0.002174,0.002136,0.002174,0.002174,0.002136,0.002060,0.002136,0.002174,0.002136,0.002098,0.002136,0.002174,0.002213,0.002174,0.002136,0.002098,0.002098,0.002136,0.002136,0.002213,0.002174,0.002213,0.002174,0.002213,0.002213,0.002174,0.002174,0.002136,0.002098,0.002174,0.002098,0.002060,0.002098,0.002060,0.002060,0.002022,0.002060,0.002060,0.001984,0.001984,0.001945,0.001945,0.001984,0.001984,0.001945,0.001945,0.001945,0.001907,0.001945,0.001907,0.001984,0.001945,0.001869,0.001945,0.001945,0.001984,0.001945,0.001945,0.001984,0.001907,0.001945,0.001945,0.001945,0.001984,0.001984,0.001984,0.001984,0.001907,0.001984,0.001984,0.001984,0.001984,0.002022,0.002022,0.002060,0.002022,0.001984,0.001984,0.001984,0.001984,0.001984,0.002022,0.001945,0.001984,0.001945,0.002022,0.001984,0.001945,0.001907,0.001907,0.001907,0.001907,0.001907,0.001984,0.001945,0.001907,0.001907,0.001907,0.001945,0.001984,0.001984,0.001945,0.001984,0.001945,0.001984,0.001984,0.002022,0.002060,0.001984,0.002022,0.002060,0.002060,0.002098,0.002098,0.002060,0.002022,0.002098,0.002098,0.002060,0.002098,0.002060,0.002060,0.002098,0.002098,0.002098,0.002136,0.002060,0.001984,0.002060,0.002022,0.001984,0.001984,0.002060,0.001984,0.001984,0.001945,0.001984,0.001984,0.002022,0.001945,0.001945,0.001945,0.001945,0.001984,0.001945,0.001945,0.001907,0.001984,0.001945,0.001984,0.001907,0.001945,0.001945,0.001907,0.001907,0.001945,0.001945,0.001984,0.002022,0.002022,0.002022,0.001945,0.001945,0.001945,0.001984,0.001945,0.002022,0.002060,0.001984,0.002060,0.002060,0.002060,0.002022,0.002060,0.002060,0.002060,0.002022,0.002098,0.002060,0.002060,0.002060,0.002098,0.002060,0.002022,0.002022,0.002022,0.002098,0.002098,0.002098,0.002060,0.002022,0.002098,0.002060,0.002022,0.002060,0.002060,0.002098,0.002060,0.002136,0.002060,0.002060,0.002060,0.002022,0.002098,0.002098,0.002098,0.002098,0.002022,0.002060,0.002022,0.002060,0.002098,0.002060,0.002098,0.002060,0.002098,0.002060,0.002060,0.002098,0.002060,0.002060,0.002098,0.002098,0.002098,0.002136,0.002098,0.002098,0.002098,0.002098,0.002136,0.002098,0.002174,0.002213,0.002136,0.002174,0.002213,0.002213,0.002174,0.002213,0.002251,0.002174,0.002251,0.002251,0.002251,0.002251,0.002251,0.002251,0.002251,0.002251,0.002289,0.002251,0.002327,0.002251,0.002213,0.002213,0.002136,0.002098,0.002136,0.002174,0.002174,0.002098,0.002098,0.002060,0.002060,0.002022,0.002060,0.002022,0.001945,0.001984,0.001984,0.001945,0.001945,0.001984,0.001984,0.001945,0.001907,0.001907,0.001907,0.001945,0.001945,0.001907,0.001907,0.001907,0.001907,0.001907,0.001945,0.001945,0.001945,0.001945,0.001945,0.001907,0.001869,0.001907,0.001907,0.001984,0.001945,0.001945,0.001945,0.001907,0.001907,0.001907,0.001907,0.001945,0.001945,0.001984,0.001984,0.001984,0.001945,0.001984,0.001945,0.001984,0.001907,0.001945,0.002022,0.001984,0.001984,0.001984,0.002060,0.002022,0.001945,0.002022,0.001984,0.002022,0.002022,0.001984,0.001984,0.002022,0.002022,0.002022,0.002022,0.002022,0.002022,0.002060,0.002060,0.002060,0.002022,0.002060,0.002098,0.002098,0.002060,0.002098,0.002098,0.002098,0.002136,0.002136,0.002174,0.002098,0.002136,0.002174,0.002251,0.002213,0.002213,0.002213,0.002098,0.002174,0.002136,0.002136,0.002136,0.002098,0.002060,0.002098,0.002098,0.002022,0.001984,0.002022,0.001984,0.001907,0.001945,0.001907,0.001869,0.001869,0.001831,0.001831,0.001793,0.001793,0.001755,0.001755,0.001793,0.001755,0.001793,0.001717,0.001793,0.001831,0.001869,0.001793,0.001793,0.001869,0.001869,0.001869,0.001869,0.001907,0.001907,0.001907,0.001907,0.001907,0.001907,0.001907,0.001907,0.001945,0.001907,0.001907,0.001831,0.001907,0.001907,0.001831,0.001831,0.001869,0.001831,0.001831,0.001831,0.001793,0.001831,0.001793,0.001793,0.001793,0.001831,0.001831,0.001831,0.001793,0.001793,0.001831,0.001793,0.001793,0.001831,0.001831,0.001869,0.001907,0.001869,0.001984,0.002022,0.002022,0.002022,0.002060,0.002060,0.002060,0.002098,0.002174,0.002136,0.002174,0.002213,0.002174,0.002213,0.002213,0.002213,0.002213,0.002289,0.002289,0.002327,0.002289,0.002327,0.002327,0.002365,0.002327,0.002365,0.002441,0.002441,0.002403,0.002403,0.002480,0.002480,0.002480,0.002480,0.002518,0.002480,0.002441,0.002480,0.002518,0.002480,0.002518,0.002480,0.002518,0.002480,0.002441,0.002441,0.002441,0.002480,0.002441,0.002480,0.002441,0.002327,0.002403,0.002365,0.002365,0.002365,0.002289,0.002289,0.002327,0.002289,0.002327,0.002289,0.002213,0.002213,0.002213,0.002136,0.002136,0.002060,0.002060,0.002098,0.002136,0.002098,0.002098,0.002098,0.002060,0.002022,0.002060,0.002098,0.002136,0.002060,0.002022,0.002098,0.002060,0.002098,0.002098,0.002060,0.002022,0.002060,0.002022,0.002022,0.002022,0.002022,0.001984,0.001984,0.002022,0.002022,0.002022,0.002022,0.001945,0.001945,0.001945,0.001907,0.001984,0.001945,0.001869,0.001907,0.001907,0.001869,0.001831,0.001793,0.001869,0.001869,0.001869,0.001869,0.001869,0.001869,0.001831,0.001869,0.001793,0.001793,0.001831,0.001831,0.001831,0.001869,0.001869,0.001831,0.001831,0.001869,0.001831,0.001869,0.001907,0.001984,0.001907,0.001945,0.001984,0.001945,0.001984,0.002022,0.001984,0.001984,0.002022,0.002022,0.001945,0.002060,0.002022,0.001945,0.001984,0.001945,0.001907,0.002022,0.002022,0.001984,0.001945,0.001945,0.001984,0.002022,0.001984,0.002022,0.001984,0.002060,0.001945,0.002022,0.002098,0.002022,0.002022,0.002060,0.002060,0.002060,0.002136,0.002098,0.002060,0.002060,0.002098,0.002098,0.002098,0.002098,0.002098,0.002060,0.002060,0.002060,0.002098,0.002098,0.002098,0.002060,0.002136,0.002136,0.002136,0.002060,0.002136,0.002136,0.002174,0.002174,0.002136,0.002136,0.002098,0.002098,0.002136,0.002098,0.002098,0.002098,0.002136,0.002098,0.002098,0.002136,0.002136,0.002136,0.002174,0.002136,0.002174,0.002136,0.002213,0.002174,0.002213,0.002213,0.002251,0.002174,0.002251,0.002174,0.002213,0.002213,0.002213,0.002213,0.002174,0.002213,0.002174,0.002174,0.002174,0.002136,0.002136,0.002136,0.002060,0.002098,0.002098,0.002136,0.002098,0.002098,0.002098,0.002098,0.002098,0.002098,0.002060,0.002098,0.002136,0.002060,0.002060,0.002136,0.002136,0.002136,0.002136,0.002213,0.002174,0.002213,0.002098,0.002136,0.002098,0.002136,0.002174,0.002174,0.002136,0.002136,0.002098,0.002098,0.002098,0.002174,0.002098,0.002174,0.002136,0.002136,0.002136,0.002136,0.002098,0.002098,0.002098,0.002136,0.002060,0.002136,0.002136,0.002136,0.002136,0.002098,0.002136,0.002136,0.002213,0.002136,0.002174,0.002098,0.002136,0.002136,0.002136,0.002098,0.002136,0.002136,0.002136,0.002098,0.002098,0.002098,0.002098,0.002136,0.002060,0.002060,0.002098,0.002098,0.002060,0.002060,0.002098,0.002060,0.002060,0.002022,0.002022,0.002022,0.001984,0.002022,0.002060,0.002098,0.002022,0.002022,0.002022,0.001945,0.001984,0.002022,0.001984,0.002022,0.001984,0.002022,0.002022,0.002022,0.002022,0.001984,0.002022,0.002098,0.002060,0.002098,0.002098,0.002060,0.002022,0.002098,0.002098,0.002098,0.002098,0.002174,0.002098,0.002136,0.002174,0.002098,0.002136,0.002174,0.002136,0.002174,0.002136,0.002174,0.002174,0.002174,0.002213,0.002174,0.002174,0.002136,0.002174,0.002136,0.002136,0.002174,0.002174,0.002213,0.002174,0.002174,0.002213,0.002174,0.002174,0.002136,0.002136,0.002174,0.002136,0.002098,0.002136,0.002098,0.002060,0.002136,0.002098,0.002098,0.002060,0.001984,0.002060,0.001984,0.002060,0.002060,0.002022,0.002060,0.001984,0.001984,0.001984,0.001907,0.001984,0.001945,0.001945,0.001945,0.001945,0.001907,0.001869,0.001907,0.001907,0.001907,0.001869,0.001869,0.001907,0.001907,0.001831,0.001907,0.001869,0.001945,0.001945,0.001984,0.001869,0.001945,0.001945,0.001945,0.001984,0.002022,0.001984,0.002022,0.002060,0.002022,0.002022,0.002060,0.002098,0.002098,0.002098,0.002136,0.002060,0.002136,0.002136,0.002098,0.002136,0.002136,0.002060,0.002098,0.002098,0.002136,0.002098,0.002060,0.002136,0.002136,0.002136,0.002098,0.002098,0.002060,0.002022,0.002060,0.001984,0.002022,0.001984,0.002022,0.002022,0.002022,0.002060,0.002060,0.002060,0.002022,0.002060,0.002060,0.002022,0.002060,0.002022,0.002022,0.002060,0.002060,0.002022,0.001984,0.002098,0.002060,0.002060,0.002022,0.001984,0.002060,0.001984,0.002022,0.002060,0.002022,0.001984,0.001984,0.001984,0.001984,0.002022,0.001945,0.001907,0.001945,0.001945,0.001945,0.001907,0.001907,0.001945,0.001984,0.001945,0.001907,0.002022,0.001945,0.001945,0.001984,0.002022,0.002060,0.002098,0.002060,0.002060,0.002022,0.002060,0.002098,0.002060,0.002098,0.002098,0.002136,0.002136,0.002174,0.002174,0.002174,0.002174,0.002136,0.002136,0.002136,0.002136,0.002098,0.002098,0.002136,0.002060,0.002136,0.002098,0.002098,0.002098,0.002060,0.001984,0.002098,0.002098,0.002060,0.002060,0.002098,0.002098,0.002213,0.002174,0.002098,0.002136,0.002174,0.002136,0.002136,0.002174,0.002136,0.002136,0.002174,0.002098,0.002136,0.002098,0.002136,0.002136,0.002098,0.002060,0.002060,0.002060,0.002060,0.002060,0.002060,0.002136,0.002098,0.001984,0.002060,0.002060,0.002060,0.002060,0.002022,0.002060,0.002098,0.002060,0.001984,0.001984,0.002022,0.002022,0.002022,0.002022,0.001984,0.001945,0.001945,0.001945,0.001945,0.001945,0.001945,0.001984,0.002022,0.002022,0.001984,0.001907,0.001945,0.001984,0.001984,0.001984,0.001945,0.001907,0.001984,0.001984,0.001984,0.001984,0.002022,0.002022,0.001984,0.002060,0.001984,0.001984,0.001984,0.002022,0.001945,0.001984,0.002060,0.002022,0.001984,0.001984,0.002022,0.001984,0.002060,0.002060,0.002022,0.002022,0.002022,0.002060,0.002098,0.001984,0.002060,0.002022,0.002060,0.002022,0.002060,0.002060,0.001984,0.001984,0.001984,0.002060,0.002022,0.002022,0.002060,0.002022,0.002060,0.002060,0.002098,0.002060,0.002060,0.002022,0.002060,0.002022,0.001984,0.002060,0.002060,0.002060,0.002060,0.002060,0.002022,0.002098,0.002098,0.002022,0.002060,0.002022,0.002022,0.001945,0.002022,0.002060,0.001984,0.001984,0.001945,0.001945,0.001945,0.001984,0.001907,0.001907,0.001831,0.001869,0.001869,0.001831,0.001907,0.001869,0.001831,0.001793,0.001793,0.001831,0.001755,0.001793,0.001793,0.001831,0.001869,0.001793,0.001831,0.001869,0.001869,0.001907,0.001945,0.001945,0.001945,0.001945,0.001907,0.001945,0.001984,0.002060,0.002022,0.002022,0.002022,0.002022,0.002060,0.002098,0.002060,0.002136,0.002098,0.002098,0.002136,0.002098,0.002098,0.002098,0.002022,0.002060,0.002136,0.002060,0.002060,0.002098,0.002060,0.002022,0.002022,0.002098,0.002060,0.002022,0.002022,0.002022,0.002060,0.002060,0.002060,0.002022,0.002022,0.002022,0.002022,0.002060,0.002060,0.002022,0.002060,0.002060,0.002060,0.001984,0.002022,0.002098,0.002060,0.002060,0.002022,0.002022,0.002022,0.002136,0.002098,0.002098,0.002060,0.002060,0.002098,0.002174,0.002136,0.002098,0.002136,0.002174,0.002174,0.002174,0.002174,0.002098,0.002136,0.002098,0.002136,0.002136,0.002174,0.002098,0.002136,0.002098,0.002060,0.002060,0.002098,0.002098,0.002098,0.002060,0.002060,0.002098,0.002060,0.002060,0.002098,0.002060,0.002022,0.002060,0.002060,0.002060,0.002098,0.002060,0.001984,0.002022,0.002022,0.001984,0.001984,0.001945,0.001984,0.002022,0.001984,0.001945,0.001984,0.001945,0.001984,0.002022,0.001945,0.001907,0.001984,0.002022,0.002022,0.001945,0.001869,0.001945,0.001984,0.001984,0.001984,0.002022,0.001984,0.001945,0.002022,0.002022,0.001984,0.001984,0.001945,0.002022,0.002022,0.002022,0.001984,0.001984,0.002060,0.002022,0.002060,0.002060,0.001984,0.002022,0.002022,0.002022,0.002060,0.002022,0.002060,0.001984,0.002022,0.002022,0.002022,0.001984,0.002060,0.002022,0.001945,0.002022,0.002022,0.001984,0.002060,0.002022,0.001984,0.002022,0.001984,0.002022,0.002060,0.002022,0.002060,0.002022,0.001984,0.001984,0.002022,0.002060,0.002022,0.002022,0.002022,0.002098,0.002060,0.002060,0.002022,0.002060,0.002060,0.002060,0.002060,0.002136,0.002060,0.002098,0.002098,0.002060,0.002060,0.002136,0.002174,0.002136,0.002136,0.002213,0.002174,0.002251,0.002251,0.002174,0.002213,0.002251,0.002213,0.002213,0.002251,0.002289,0.002251,0.002251,0.002251,0.002213,0.002251,0.002251,0.002251,0.002289,0.002289,0.002251,0.002289,0.002251,0.002213,0.002213,0.002174,0.002251,0.002174,0.002136,0.002174,0.002136,0.002098,0.002136,0.002098,0.002060,0.002060,0.002098,0.002098,0.002136,0.002098,0.002022,0.002022,0.002022,0.002060,0.002022,0.002060,0.002022,0.002022,0.002060,0.001945,0.001984,0.002022,0.002060,0.002060,0.002098,0.002060,0.002060,0.002022,0.002060,0.002022,0.002060,0.002022,0.002022,0.002022,0.002060,0.002022,0.002060,0.002098,0.002022,0.002098,0.002060,0.002098,0.002136,0.002098,0.002060,0.002098,0.002136,0.002136,0.002136,0.002098,0.002098,0.002136,0.002136,0.002174,0.002174,0.002174,0.002213,0.002174,0.002213,0.002213,0.002251,0.002251,0.002213,0.002251,0.002251,0.002251,0.002174,0.002213,0.002213,0.002174,0.002174,0.002174,0.002136,0.002136,0.002213,0.002136,0.002098,0.002136,0.002136,0.002060,0.002098,0.001984,0.002022,0.002022,0.002022,0.001984,0.002022,0.002022,0.001984,0.001984,0.001984,0.001984,0.002022,0.001984,0.001945,0.001945,0.002022,0.001984,0.001984,0.001907,0.001945,0.001984,0.001984,0.001984,0.001984,0.002022,0.002022,0.001984,0.001984,0.001945,0.001984,0.002060,0.002060,0.002022,0.002022,0.002022,0.002060,0.002098,0.002060,0.002098,0.002098,0.002060,0.002060,0.002098,0.002213,0.002174,0.002136,0.002136,0.002136,0.002174,0.002174,0.002174,0.002136,0.002136,0.002174,0.002136,0.002174,0.002136,0.002136,0.002098,0.002060,0.002098,0.002060,0.002060,0.002022,0.001984,0.001984,0.001907,0.001907,0.001907,0.001984,0.001945,0.001945,0.001869,0.001869,0.001907,0.001907,0.001945,0.001945,0.001831,0.001907,0.001907,0.002022,0.001945,0.002022,0.001984,0.001945,0.002022,0.002060,0.002098,0.002098,0.002098,0.002098,0.002098,0.002251,0.002174,0.002213,0.002251,0.002213,0.002251,0.002213,0.002251,0.002251,0.002213,0.002251,0.002289,0.002251,0.002251,0.002251,0.002289,0.002251,0.002213,0.002213,0.002251,0.002251,0.002251,0.002251,0.002251,0.002213,0.002213,0.002174,0.002213,0.002213,0.002174,0.002213,0.002213,0.002213,0.002251,0.002251,0.002174,0.002213,0.002174,0.002174,0.002213,0.002213,0.002213,0.002136,0.002213,0.002174,0.002251,0.002213,0.002174,0.002213,0.002213,0.002213,0.002174,0.002251,0.002251,0.002213,0.002174,0.002213,0.002174,0.002174,0.002251,0.002251,0.002213,0.002213,0.002251,0.002289,0.002251,0.002251,0.002251,0.002213,0.002213,0.002174,0.002213,0.002251,0.002213,0.002213,0.002251,0.002213,0.002174,0.002213,0.002213,0.002213,0.002174,0.002174,0.002174,0.002136,0.002098,0.002174,0.002174,0.002136,0.002136,0.002136,0.002174,0.002174,0.002136,0.002098,0.002098,0.002098,0.002136,0.002098,0.002136,0.002136,0.002022,0.002060,0.002022,0.002060,0.002060,0.002022,0.002022,0.002022,0.002022,0.001945,0.001945,0.002022,0.001984,0.001945,0.001945,0.001907,0.001945,0.001907,0.001869,0.001869,0.001869,0.001831,0.001869,0.001831,0.001869,0.001907,0.001793,0.001793,0.001793,0.001831,0.001831,0.001793,0.001831,0.001793,0.001831,0.001831,0.001831,0.001907,0.001831,0.001945,0.001869,0.002022,0.001984,0.002022,0.002022,0.001984,0.002060,0.001984,0.002022,0.002022,0.002022,0.002022,0.002022,0.002022,0.002022,0.002060,0.002060,0.002060,0.002060,0.002022,0.002060,0.002098,0.002060,0.002060,0.002098,0.002098,0.002098,0.002136,0.002098,0.002174,0.002174,0.002098,0.002136,0.002174,0.002136,0.002213,0.002289,0.002213,0.002213,0.002213,0.002213,0.002136,0.002174,0.002174,0.002174,0.002174,0.002213,0.002174,0.002174,0.002136,0.002174,0.002136,0.002136,0.002136,0.002060,0.002098,0.002060,0.002060,0.002060,0.002022,0.001984,0.002022,0.002022,0.001984,0.001984,0.001945,0.001945,0.001945,0.001984,0.001945,0.001945,0.001945,0.001945,0.001907,0.001945,0.001984,0.001907,0.001945,0.001907,0.001907,0.001907,0.001907,0.001907,0.001907,0.001984,0.001945,0.001945,0.001907,0.001945,0.001984,0.001945,0.001869,0.001945,0.001945,0.001907,0.001869,0.001907,0.001869,0.001869,0.001945,0.001945,0.001907,0.001945,0.001984,0.001945,0.001945,0.001945,0.002022,0.002022,0.001984,0.002022,0.002022,0.002022,0.002060,0.002060,0.002022,0.002022,0.002098,0.002098,0.002098,0.002060,0.002136,0.002098,0.002060,0.002060,0.002022,0.002060,0.002098,0.002098,0.002060,0.002098,0.002098,0.002098,0.002060,0.002098,0.002060,0.002060,0.002098,0.002022,0.002098,0.002136,0.002136,0.002098,0.002098,0.002098,0.002174,0.002060,0.002022,0.002098,0.002136,0.002136,0.002060,0.002098,0.002098,0.002098,0.002136,0.002098,0.002098,0.002060,0.002060,0.002098,0.002060,0.002060,0.002098,0.002060,0.002022,0.002060,0.002060,0.002022,0.002022,0.001984,0.002022,0.002060,0.002098,0.002022,0.001984,0.001945,0.001945,0.001984,0.001945,0.001984,0.001945,0.001984,0.001984,0.001907,0.001945,0.001945,0.001907,0.001907,0.001945,0.001907,0.001984,0.001945,0.001945,0.001984,0.001984,0.001945,0.001945,0.001945,0.002022,0.002022,0.001984,0.001984,0.002022,0.001984,0.002022,0.002060
37,19:00:00.000,12/31/1903,0.000000,0.100000,UNKNOWN,1,0/0,0.000000,0.000000,0.000000,0.000000,0.000000,0.000000,0.000000,0.000000,0,0,0,0,0.002136,0.002174,0.002136,0.002136,0.002174,0.002136,0.002098,0.002098,0.002174,0.002136,0.002136,0.002098,0.002136,0.002098,0.002060,0.002098,0.002136,0.002098,0.002022,0.002098,0.002060,0.002098,0.002098,0.002022,0.002060,0.002060,0.002060,0.002098,0.002060,0.002136,0.002136,0.002136,0.002098,0.002098,0.002060,0.002136,0.002060,0.002060,0.002136,0.002098,0.002098,0.002022,0.002022,0.002060,0.002060,0.002098,0.002060,0.002098,0.002022,0.002098,0.002022,0.001984,0.002060,0.002022,0.002022,0.002022,0.002022,0.002022,0.001984,0.002022,0.002022,0.001984,0.002022,0.002022,0.001984,0.001984,0.002022,0.002060,0.002022,0.001984,0.002060,0.002022,0.002022,0.001984,0.002022,0.001984,0.001984,0.001984,0.001984,0.001984,0.001984,0.001984,0.001945,0.001984,0.001984,0.002022,0.002060,0.002022,0.001984,0.001945,0.001984,0.001984,0.001984,0.001984,0.001984,0.001945,0.001907,0.001945,0.001945,0.001984,0.001984,0.002022,0.001984,0.001945,0.001984,0.001945,0.001945,0.001945,0.001984,0.002022,0.002022,0.001984,0.001945,0.002022,0.001945,0.002022,0.002060,0.002022,0.002022,0.002060,0.002060,0.002022,0.002022,0.001984,0.001984,0.002060,0.002060,0.002022,0.001984,0.001984,0.001984,0.002022,0.002022,0.002022,0.002022,0.002022,0.002098,0.002060,0.002022,0.002022,0.002060,0.002060,0.002060,0.002060,0.002098,0.002098,0.001984,0.002022,0.001984,0.002022,0.002022,0.001984,0.001984,0.002022,0.002060,0.002060,0.002060,0.002022,0.002060,0.002022,0.002060,0.002022,0.002022,0.002098,0.002098,0.002060,0.002060,0.002098,0.002098,0.002022,0.002060,0.002098,0.002060,0.002136,0.002060,0.002098,0.002060,0.002060,0.002098,0.002098,0.002098,0.002136,0.002098,0.002098,0.002098,0.002136,0.002136,0.002098,0.002060,0.002136,0.002136,0.002098,0.002098,0.002136,0.002136,0.002060,0.002060,0.002022,0.002060,0.002060,0.002022,0.002098,0.002060,0.002060,0.002022,0.002098,0.002060,0.002060,0.002060,0.002060,0.002060,0.002022,0.002098,0.002136,0.002060,0.002060,0.002060,0.002022,0.002098,0.002098,0.002136,0.002098,0.002060,0.002060,0.002098,0.002098,0.002136,0.002060,0.002098,0.002098,0.002060,0.002060,0.002098,0.002098,0.002136,0.002174,0.002174,0.002136,0.002098,0.002098,0.002060,0.002174,0.002098,0.002098,0.002098,0.002136,0.002098,0.002098,0.002098,0.002098,0.002098,0.002060,0.002060,0.002060,0.002098,0.002098,0.002098,0.002136,0.002098,0.002060,0.002060,0.002098,0.002098,0.002098,0.002136,0.002136,0.002022,0.002060,0.002060,0.002098,0.002060,0.002022,0.002060,0.002022,0.002060,0.002098,0.002022,0.002022,0.002098,0.002060,0.002022,0.002060,0.001984,0.002060,0.002060,0.002022,0.002022,0.001984,0.001984,0.001984,0.002022,0.001984,0.001984,0.001984,0.001984,0.002022,0.002060,0.002060,0.001984,0.001984,0.001945,0.001984,0.001984,0.001984,0.002022,0.001907,0.001945,0.002022,0.001984,0.001984,0.001984,0.001984,0.002022,0.001984,0.002022,0.001984,0.002022,0.002022,0.001984,0.001984,0.001984,0.002022,0.002060,0.002060,0.002022,0.002060,0.002022,0.001984,0.002022,0.001984,0.001984,0.002022,0.002022,0.002060,0.002060,0.002060,0.002022,0.001984,0.001984,0.001984,0.002022,0.001984,0.002022,0.002022,0.001945,0.002022,0.002060,0.001984,0.002060,0.002060,0.002022,0.001984,0.002022,0.002060,0.002022,0.001984,0.001984,0.002022,0.002060,0.002022,0.002098,0.002060,0.002022,0.002022,0.002060,0.002022,0.002022,0.002022,0.002022,0.002060,0.002022,0.002022,0.002022,0.002022,0.002060,0.002060,0.001984,0.001984,0.002060,0.002098,0.002022,0.002022,0.002060,0.002022,0.002060,0.002060,0.001984,0.002022,0.001984,0.002060,0.001984,0.002098,0.002098,0.002022,0.001984,0.002060,0.002022,0.002098,0.002060,0.002098,0.002060,0.002060,0.002060,0.002060,0.002098,0.002060,0.002098,0.002060,0.002098,0.002098,0.002098,0.002098,0.002136,0.002060,0.002060,0.002060,0.002136,0.002098,0.002136,0.002136,0.002098,0.002136,0.002098,0.002174,0.002213,0.002136,0.002136,0.002174,0.002213,0.002098,0.002098,0.002136,0.002136,0.002136,0.002098,0.002136,0.002136,0.002098,0.002098,0.002136,0.002136,0.002136,0.002060,0.002136,0.002060,0.002098,0.002098,0.002098,0.002136,0.002136,0.002136,0.002060,0.002098,0.002098,0.002098,0.002098,0.002098,0.002022,0.002098,0.002022,0.002022,0.001984,0.002060,0.002022,0.002060,0.002060,0.002022,0.002022,0.002060,0.002022,0.001984,0.001984,0.001945,0.001984,0.002022,0.001984,0.001945,0.001984,0.001907,0.001945,0.001945,0.001907,0.001945,0.002022,0.002022,0.001907,0.001945,0.001945,0.001945,0.001984,0.001869,0.001945,0.001984,0.001945,0.001984,0.001984,0.001945,0.001945,0.001907,0.001984,0.001984,0.001984,0.001945,0.001945,0.001907,0.001984,0.001907,0.001945,0.001984,0.001984,0.001984,0.001984,0.001984,0.001945,0.001984,0.001984,0.002022,0.002022,0.002022,0.002022,0.001945,0.001945,0.001945,0.001984,0.001984,0.001945,0.001907,0.001984,0.001945,0.001945,0.001945,0.001984,0.001984,0.001945,0.002022,0.001984,0.001984,0.001945,0.002022,0.002022,0.001984,0.002060,0.002060,0.002098,0.002060,0.002022,0.001984,0.002022,0.002022,0.002060,0.002060,0.002060,0.002098,0.002098,0.002060,0.002098,0.002022,0.002022,0.002098,0.002098,0.002098,0.002098,0.002060,0.002098,0.002098,0.002098,0.002098,0.002098,0.002060,0.002060,0.002174,0.002098,0.002174,0.002174,0.002098,0.002098,0.002174,0.002136,0.002060,0.002136,0.002098,0.002136,0.002136,0.002060,0.002098,0.002098,0.002060,0.002098,0.002136,0.002060,0.002098,0.002098,0.002098,0.002022,0.002022,0.002060,0.001984,0.001984,0.002060,0.002022,0.001984,0.001984,0.002060,0.002022,0.002022,0.002022,0.002022,0.002060,0.001984,0.001984,0.001984,0.001984,0.002022,0.001984,0.002022,0.002022,0.001984,0.001984,0.002022,0.002060,0.002022,0.001984,0.001984,0.002022,0.002022,0.002022,0.002022,0.002060,0.002060,0.002060,0.002022,0.002022,0.001984,0.002022,0.002060,0.002060,0.002022,0.001984,0.001984,0.002060,0.002022,0.002022,0.002060,0.002022,0.002022,0.001984,0.001984,0.001984,0.002060,0.002060,0.001984,0.002022,0.001984,0.002022,0.002022,0.002022,0.002022,0.002022,0.002022,0.002060,0.001984,0.001984,0.002022,0.002060,0.002060,0.001945,0.001945,0.001945,0.002022,0.001984,0.002022,0.001984,0.001984,0.001945,0.002022,0.001984,0.001984,0.001984,0.001984,0.002022,0.001984,0.001945,0.001984,0.001945,0.001984,0.001984,0.001984,0.001945,0.001907,0.001907,0.001945,0.001984,0.001984,0.001869,0.001869,0.001907,0.001907,0.001907,0.001907,0.001831,0.001869,0.001831,0.001793,0.001755,0.001755,0.001755,0.001717,0.001755,0.001755,0.001717,0.001678,0.001602,0.001602,0.001602,0.001526,0.001564,0.001564,0.001526,0.001411,0.001411,0.001411,0.001411,0.001411,0.001450,0.001450,0.001526,0.001526,0.001602,0.001717,0.001831,0.001984,0.002174,0.002365,0.002556,0.002785,0.003014,0.003281,0.003624,0.003929,0.004234,0.004539,0.004883,0.005302,0.005684,0.006027,0.006332,0.006714,0.006981,0.007248,0.007362,0.007515,0.007477,0.007362,0.007210,0.007057,0.006714,0.006332,0.005836,0.005379,0.004807,0.004272,0.003738,0.003128,0.002518,0.001945,0.001335,0.000687,0.000076,-0.000458,-0.001068,-0.001717,-0.002327,-0.002899,-0.003433,-0.004005,-0.004501,-0.004845,-0.005112,-0.005264,-0.005417,-0.005379,-0.005264,-0.005035,-0.004692,-0.004311,-0.003929,-0.003433,-0.002975,-0.002403,-0.001907,-0.001373,-0.000877,-0.000420,0.000038,0.000381,0.000687,0.001106,0.001373,0.001564,0.001793,0.001984,0.002174,0.002213,0.002327,0.002365,0.002480,0.002594,0.002632,0.002670,0.002785,0.002861,0.002899,0.002937,0.003014,0.003014,0.003128,0.003204,0.003281,0.003357,0.003395,0.003471,0.003548,0.003700,0.003777,0.003929,0.004044,0.004158,0.004311,0.004425,0.004501,0.004578,0.004578,0.004692,0.004692,0.004730,0.004692,0.004654,0.004654,0.004578,0.004501,0.004425,0.004349,0.004272,0.004158,0.004005,0.003929,0.003815,0.003662,0.003548,0.003395,0.003242,0.003166,0.003052,0.002937,0.002823,0.002708,0.002556,0.002480,0.002403,0.002327,0.002213,0.002174,0.002136,0.002060,0.001945,0.001945,0.001907,0.001907,0.001755,0.001755,0.001717,0.001755,0.001755,0.001755,0.001717,0.001717,0.001717,0.001755,0.001831,0.001831,0.001869,0.001945,0.002022,0.001984,0.002022,0.001984,0.002022,0.002022,0.001984,0.001907,0.001869,0.001907,0.001831,0.001755,0.001755,0.001755,0.001717,0.001793,0.001755,0.001793,0.001755,0.001717,0.001678,0.001717,0.001640,0.001640,0.001564,0.001450,0.001526,0.001411,0.001411,0.001450,0.001411,0.001411,0.001411,0.001411,0.001526,0.001526,0.001526,0.001602,0.001678,0.001755,0.001755,0.001755,0.001831,0.001907,0.001945,0.001907,0.001907,0.001793,0.001831,0.001793,0.001831,0.001793,0.001793,0.001869,0.001869,0.001831,0.001869,0.001831,0.001907,0.001907,0.001945,0.001945,0.001907,0.001984,0.001984,0.001907,0.001869,0.001907,0.001869,0.001869,0.001869,0.001793,0.001793,0.001755,0.001793,0.001793,0.001793,0.001869,0.001945,0.002022,0.002060,0.002060,0.002136,0.002213,0.002251,0.002327,0.002365,0.002441,0.002518,0.002518,0.002556,0.002556,0.002594,0.002556,0.002518,0.002403,0.002327,0.002327,0.002289,0.002174,0.002098,0.002022,0.001945,0.001907,0.001869,0.001831,0.001831,0.001831,0.001755,0.001793,0.001831,0.001869,0.001793,0.001869,0.001907,0.001907,0.001869,0.001869,0.001831,0.001793,0.001678,0.001602,0.001640,0.001564,0.001602,0.001526,0.001488,0.001488,0.001411,0.001411,0.001335,0.001335,0.001373,0.001373,0.001335,0.001373,0.001297,0.001373,0.001373,0.001373,0.001373,0.001411,0.001450,0.001450,0.001488,0.001564,0.001602,0.001717,0.001678,0.001793,0.001907,0.001945,0.001984,0.002060,0.002213,0.002213,0.002327,0.002403,0.002403,0.002480,0.002556,0.002594,0.002708,0.002708,0.002747,0.002785,0.002785,0.002747,0.002708,0.002747,0.002747,0.002670,0.002708,0.002670,0.002670,0.002708,0.002670,0.002594,0.002556,0.002594,0.002594,0.002632,0.002556,0.002556,0.002556,0.002518,0.002480,0.002403,0.002441,0.002403,0.002403,0.002365,0.002327,0.002251,0.002289,0.002174,0.002174,0.002174,0.002174,0.002136,0.002098,0.002136,0.002136,0.002174,0.002136,0.002098,0.002060,0.002060,0.002060,0.002060,0.002022,0.002060,0.002060,0.002060,0.002060,0.002060,0.002060,0.002098,0.002060,0.002060,0.002098,0.002098,0.002098,0.002174,0.002136,0.002136,0.002174,0.002213,0.002289,0.002327,0.002403,0.002365,0.002441,0.002518,0.002480,0.002556,0.002594,0.002594,0.002556,0.002556,0.002556,0.002480,0.002480,0.002441,0.002441,0.002327,0.002251,0.002174,0.002136,0.002022,0.002022,0.001945,0.001869,0.001793,0.001755,0.001678,0.001717,0.001640,0.001640,0.001678,0.001640,0.001678,0.001717,0.001755,0.001755,0.001869,0.001869,0.001907,0.001984,0.002022,0.002060,0.002060,0.002060,0.002136,0.002174,0.002174,0.002136,0.002136,0.002098,0.002060,0.002098,0.002060,0.002022,0.002022,0.001984,0.001907,0.001945,0.001869,0.001831,0.001869,0.001717,0.001755,0.001755,0.001717,0.001678,0.001678,0.001678,0.001640,0.001564,0.001564,0.001564,0.001640,0.001526,0.001564,0.001564,0.001488,0.001564,0.001602,0.001640,0.001640,0.001678,0.001717,0.001755,0.001793,0.001831,0.001793,0.001869,0.001907,0.001945,0.001984,0.001984,0.001984,0.002022,0.002022,0.002060,0.002098,0.002022,0.002136,0.002060,0.002136,0.002174,0.002174,0.002136,0.002174,0.002213,0.002251,0.002174,0.002213,0.002174,0.002136,0.002174,0.002251,0.002174,0.002136,0.002174,0.002136,0.002098,0.002136,0.002098,0.002136,0.002136,0.002174,0.002136,0.002136,0.002098,0.002098,0.002060,0.002136,0.002136,0.002136,0.002213,0.002136,0.002213,0.002213,0.002213,0.002174,0.002174,0.002174,0.002136,0.002136,0.002098,0.002136,0.002098,0.002136,0.002098,0.002060,0.002022,0.001984,0.001945,0.001984,0.001907,0.001869,0.001831,0.001869,0.001793,0.001793,0.001755,0.001717,0.001717,0.001678,0.001717,0.001640,0.001678,0.001678,0.001678,0.001640,0.001640,0.001640,0.001564,0.001640,0.001678,0.001678,0.001678,0.001678,0.001755,0.001755,0.001793,0.001831,0.001869,0.001945,0.001907,0.002022,0.002098,0.002098,0.002098,0.002174,0.002174,0.002289,0.002251,0.002251,0.002289,0.002327,0.002403,0.002403,0.002403,0.002403,0.002441,0.002441,0.002441,0.002403,0.002441,0.002441,0.002441,0.002480,0.002480,0.002480,0.002518,0.002403,0.002441,0.002480,0.002441,0.002480,0.002480,0.002365,0.002441,0.002403,0.002441,0.002403,0.002365,0.002327,0.002327,0.002289,0.002251,0.002174,0.002174,0.002136,0.002098,0.002022,0.002060,0.002022,0.001907,0.001907,0.001945,0.001945,0.001907,0.001945,0.001907,0.001945,0.001945,0.001984,0.001984,0.001945,0.002060,0.002060,0.002098,0.002136,0.002213,0.002251,0.002213,0.002251,0.002213,0.002251,0.002289,0.002327,0.002251,0.002251,0.002213,0.002213,0.002213,0.002174,0.002174,0.002098,0.002098,0.002060,0.002060,0.002022,0.001984,0.001945,0.001945,0.001907,0.001945,0.001869,0.001869,0.001755,0.001717,0.001793,0.001717,0.001755,0.001755,0.001755,0.001717,0.001678,0.001755,0.001678,0.001678,0.001678,0.001717,0.001678,0.001717,0.001717,0.001640,0.001717,0.001717,0.001717,0.001717,0.001755,0.001755,0.001717,0.001717,0.001755,0.001755,0.001755,0.001717,0.001717,0.001755,0.001678,0.001755,0.001717,0.001755,0.001793,0.001755,0.001793,0.001907,0.001869,0.001869,0.001907,0.001945,0.002022,0.002022,0.002060,0.002136,0.002174,0.002136,0.002136,0.002174,0.002213,0.002289,0.002251,0.002251,0.002251,0.002213,0.002251,0.002251,0.002251,0.002213,0.002174,0.002136,0.002213,0.002174,0.002213,0.002136,0.002136,0.002098,0.002098,0.002136,0.002098,0.002022,0.002060,0.002060,0.002060,0.002098,0.002060,0.002022,0.002022,0.002060,0.002060,0.002060,0.001984,0.002060,0.002060,0.002060,0.002022,0.002060,0.002098,0.002098,0.002098,0.002022,0.002060,0.002060,0.002098,0.002022,0.002022,0.002060,0.002022,0.002060,0.002098,0.002098,0.002098,0.002060,0.002098,0.002174,0.002136,0.002098,0.002174,0.002098,0.002098,0.002136,0.002136,0.002136,0.002060,0.002098,0.002136,0.002060,0.002022,0.002060,0.002060,0.002022,0.002060,0.002060,0.002022,0.001984,0.001984,0.002022,0.001984,0.002022,0.002060,0.001984,0.002022,0.001984,0.001984,0.001984,0.001945,0.002022,0.001984,0.001984,0.001984,0.001984,0.001984,0.002022,0.002060,0.002060,0.002022,0.002060,0.002060,0.002098,0.002098,0.002136,0.002136,0.002136,0.002136,0.002136,0.002174,0.002174,0.002098,0.002174,0.002136,0.002136,0.002098,0.002098,0.002098,0.002098,0.002098,0.002060,0.001907,0.001945,0.001945,0.001945,0.001869,0.001869,0.001869,0.001907,0.001869,0.001869,0.001869,0.001831,0.001869,0.001831,0.001869,0.001831,0.001869,0.001869,0.001945,0.001907,0.001984,0.001945,0.001945,0.002022,0.001984,0.002022,0.001984,0.001945,0.002022,0.002022,0.002060,0.002136,0.002060,0.002060,0.002022,0.002098,0.002060,0.002022,0.002022,0.002060,0.002060,0.001984,0.002022,0.001984,0.002022,0.001984,0.001984,0.001984,0.001945,0.001907,0.001945,0.001945,0.001907,0.001984,0.001907,0.001869,0.001907,0.001869,0.001831,0.001831,0.001793,0.001869,0.001869,0.001869,0.001869,0.001945,0.001984,0.001907,0.001945,0.001984,0.002022,0.002022,0.002022,0.002060,0.002136,0.002098,0.002060,0.002098,0.002098,0.002136,0.002174,0.002174,0.002213,0.002174,0.002213,0.002213,0.002174,0.002251,0.002213,0.002289,0.002251,0.002213,0.002213,0.002213,0.002289,0.002251,0.002251,0.002251,0.002251,0.002213,0.002213,0.002174,0.002213,0.002213,0.002213,0.002174,0.002289,0.002098,0.002098,0.002174,0.002098,0.002136,0.002098,0.002060,0.002098,0.002060,0.002022,0.002060,0.002022,0.002022,0.002060,0.002060,0.001984,0.001984,0.002022,0.001945,0.001945,0.001984,0.001945,0.002022,0.001984,0.002060,0.002098,0.002174,0.002136,0.002213,0.002289,0.002289,0.002327,0.002365,0.002365,0.002441,0.002480,0.002518,0.002480,0.002556,0.002594,0.002594,0.002670,0.002670,0.002670,0.002708,0.002670,0.002632,0.002632,0.002556,0.002594,0.002518,0.002518,0.002441,0.002480,0.002441,0.002327,0.002289,0.002289,0.002251,0.002251,0.002174,0.002098,0.002060,0.002098,0.002060,0.001984,0.001984,0.001869,0.001755,0.001717,0.001678,0.001526,0.001411,0.001335,0.001221,0.001144,0.001068,0.000954,0.000954,0.000916,0.000916,0.000839,0.000839,0.000877,0.000954,0.000954,0.001030,0.001106,0.001221,0.001259,0.001297,0.001411,0.001526,0.001640,0.001717,0.001869,0.001945,0.001945,0.002098,0.002136,0.002213,0.002174,0.002251,0.002327,0.002289,0.002327,0.002327,0.002403,0.002327,0.002289,0.002327,0.002251,0.002289,0.002289,0.002174,0.002213,0.002174,0.002213,0.002136,0.002098,0.002098,0.002136,0.002136,0.002174,0.002213,0.002213,0.002174,0.002251,0.002327,0.002289,0.002327,0.002365,0.002365,0.002365,0.002403,0.002441,0.002480,0.002556,0.002518,0.002480,0.002480,0.002480,0.002518,0.002441,0.002365,0.002365,0.002365,0.002327,0.002213,0.002213,0.002136,0.002098,0.002098,0.002060,0.002022,0.002022,0.001945,0.001945,0.001984,0.001907,0.001907,0.001869,0.001869,0.001907,0.001869,0.001831,0.001869,0.001907,0.001907,0.001907,0.001907,0.001907,0.001945,0.002022,0.001945,0.001907,0.001945,0.001984,0.001945,0.001945,0.001907,0.001907,0.001907,0.001907,0.001907,0.001907,0.001984,0.001907,0.001907,0.001907,0.001907,0.001945,0.001945,0.001907,0.001945,0.001945,0.001945,0.001945,0.001945,0.001984,0.001984,0.001945,0.001945,0.001984,0.002022,0.001984,0.001984,0.001984,0.002022,0.002022,0.002022,0.001984,0.002060,0.002098,0.002174,0.002174,0.002213,0.002213,0.002251,0.002251,0.002251,0.002251,0.002174,0.002251,0.002289,0.002289,0.002289,0.002365,0.002327,0.002327,0.002327,0.002327,0.002327,0.002365,0.002289,0.002289,0.002251,0.002251,0.002251,0.002213,0.002213,0.002213,0.002174,0.002174,0.002136,0.002136,0.002098,0.002098,0.002098,0.002060,0.002098,0.002098,0.002098,0.002098,0.002060,0.002060,0.002060,0.002022,0.002022,0.002022,0.002022,0.002022,0.002022,0.002060,0.002060,0.002060,0.002098,0.002136,0.002136,0.002174,0.002213,0.002174,0.002174,0.002251,0.002289,0.002251,0.002289,0.002327,0.002365,0.002289,0.002327,0.002365,0.002403,0.002327,0.002289,0.002327,0.002327,0.002289,0.002365,0.002289,0.002289,0.002289,0.002213,0.002174,0.002136,0.002136,0.002060,0.002098,0.002022,0.002060,0.002022,0.001945,0.001907,0.001869,0.001869,0.001869,0.001869,0.001907,0.001831,0.001831,0.001831,0.001831,0.001831,0.001793,0.001755,0.001793,0.001793,0.001755,0.001755,0.001678,0.001717,0.001717,0.001717,0.001717,0.001755,0.001793,0.001755,0.001831,0.001793,0.001831,0.001831,0.001831,0.001869,0.001831,0.001869,0.001907,0.001907,0.001907,0.001907,0.001907,0.001907,0.001945,0.001945,0.001984,0.001984,0.001984,0.001984,0.002022,0.002022,0.002022,0.002136,0.002174,0.002136,0.002136,0.002174,0.002098,0.002174,0.002174,0.002136,0.002174,0.002136,0.002136,0.002174,0.002136,0.002098,0.002098,0.002098,0.002060,0.002060,0.002060,0.002060,0.002060,0.002022,0.002060,0.002098,0.002060,0.002060,0.002060,0.002098,0.002098,0.002098,0.002060,0.002098,0.002060,0.002136,0.002136,0.002098,0.002098,0.002174,0.002098,0.002098,0.002060,0.002098,0.002098,0.002098,0.002060,0.002022,0.002060,0.001945,0.001945,0.001907,0.001907,0.001907,0.001869,0.001869,0.001869,0.001869,0.001831,0.001831,0.001793,0.001831,0.001869,0.001831,0.001831,0.001869,0.001869,0.001869,0.001831,0.001869,0.001945,0.001984,0.001945,0.001945,0.001945,0.001984,0.001984,0.002022,0.002022,0.002060,0.002098,0.002060,0.002022,0.001984,0.002022,0.002060,0.002060,0.002060,0.002022,0.002022,0.002060,0.001984,0.002022,0.001984,0.002022,0.002022,0.001945,0.001984,0.001984,0.002022,0.002022,0.001984,0.002022,0.002022,0.001984,0.002022,0.002098,0.002136,0.002098,0.002136,0.002136,0.002136,0.002174,0.002213,0.002213,0.002174,0.002174,0.002213,0.002251,0.002289,0.002251,0.002213,0.002251,0.002289,0.002174,0.002289,0.002251,0.002251,0.002213,0.002174,0.002136,0.002136,0.002174,0.002174,0.002174,0.002136,0.002136,0.002060,0.002098,0.002060,0.002060,0.002060,0.001984,0.002022,0.002022,0.002098,0.002022,0.001984,0.002022,0.002060,0.002022,0.002060,0.002060,0.002060,0.002136,0.002098,0.002136,0.002136,0.002136,0.002098,0.002174,0.002213,0.002251,0.002213,0.002174,0.002213,0.002251,0.002251,0.002289,0.002289,0.002213,0.002251,0.002213,0.002251,0.002213,0.002213,0.002213,0.002213,0.002213,0.002136,0.002174,0.002098,0.002174,0.002136,0.002098,0.002060,0.002060,0.002136,0.002022,0.001984,0.001945,0.001945,0.001907,0.001907,0.001869,0.001907,0.001793,0.001831,0.001831,0.001793,0.001755,0.001717,0.001717,0.001717,0.001640,0.001678,0.001678,0.001717,0.001678,0.001678,0.001640,0.001640,0.001678,0.001678,0.001602,0.001640,0.001640,0.001755,0.001678,0.001678,0.001678,0.001640,0.001717,0.001717,0.001717,0.001717,0.001717,0.001717,0.001755,0.001717,0.001717,0.001717,0.001717,0.001793,0.001793,0.001755,0.001755,0.001755,0.001793,0.001831,0.001831,0.001907,0.001907,0.001907,0.001945,0.002022,0.002098,0.002060,0.002060,0.002098,0.002098,0.002136,0.002213,0.002251,0.002213,0.002213,0.002213,0.002251,0.002289,0.002289,0.002289,0.002327,0.002327,0.002289,0.002289,0.002289,0.002327,0.002365,0.002289,0.002327,0.002327,0.002327,0.002327,0.002251,0.002251,0.002251,0.002289,0.002251,0.002174,0.002174,0.002136,0.002174,0.002174,0.002174,0.002136,0.002098,0.002060,0.002136,0.002060,0.002060,0.002022,0.002022,0.002060,0.001984,0.002022,0.001984,0.001945,0.001984,0.001984,0.001945,0.001907,0.001945,0.001869,0.001907,0.002022,0.001945,0.001907,0.001945,0.001984,0.001945,0.001907,0.001945,0.001945,0.001907,0.001984,0.001907,0.001945,0.001869,0.001945,0.001907,0.001831,0.001869,0.001831,0.001831,0.001907,0.001869,0.001869,0.001869,0.001907,0.001907,0.001869,0.001907,0.001945,0.001945,0.001945,0.001907,0.001945,0.001907,0.001984,0.001984,0.001984,0.002022,0.001984,0.002022,0.002022,0.002022,0.002060,0.002136,0.002060,0.002060,0.002060,0.002098,0.002060,0.002060,0.002022,0.002022,0.002060,0.002022,0.002060,0.002022,0.002060,0.002060,0.002022,0.002022,0.001945,0.002022,0.002060,0.002098,0.002098,0.002022,0.002060,0.002060,0.002098,0.002213,0.002136,0.002098,0.002098,0.002136,0.002174,0.002174,0.002174,0.002098,0.002136,0.002174,0.002174,0.002174,0.002174,0.002136,0.002098,0.002060,0.002098,0.002136,0.002060,0.002136,0.002098,0.002060,0.002098,0.002098,0.002060,0.002060,0.002060,0.002098,0.002098,0.002098,0.002098,0.002098,0.002060,0.002060,0.002098,0.002098,0.002136,0.002060,0.002098,0.002060,0.002060,0.002022,0.002098,0.002098,0.002060,0.002060,0.001945,0.001984,0.002022,0.001984,0.001984,0.001984,0.001945,0.001907,0.001907,0.001945,0.001945,0.001945,0.001945,0.001869,0.001907,0.001907,0.001907,0.001907,0.001907,0.001945,0.001907,0.001869,0.001869,0.001869,0.001907,0.001869,0.001907,0.001831,0.001869,0.001869,0.001907,0.001869,0.001907,0.001869,0.001869,0.001907,0.001831,0.001907,0.001869,0.001831,0.001831,0.001869,0.001945,0.001907,0.001945,0.001907,0.001945,0.001945,0.001984,0.002060,0.002022,0.001907,0.002022,0.002022,0.002060,0.002060,0.002098,0.002098,0.002060,0.002098,0.002098,0.002136,0.002098,0.002136,0.002136,0.002060,0.002136,0.002098,0.002136,0.002136,0.002098,0.002098,0.002174,0.002136,0.002136,0.002136,0.002098,0.002060,0.002136,0.002098,0.002098,0.002098,0.002060,0.002098,0.002098,0.002098,0.002136,0.002098,0.002174,0.002060,0.002098,0.002060,0.002098,0.002098,0.002098,0.002136,0.002136,0.002098,0.002060,0.002060,0.002098,0.002136,0.002136,0.002174,0.002174,0.002174,0.002098,0.002136,0.002136,0.002136,0.002136,0.002174,0.002174,0.002136,0.002136,0.002136,0.002136,0.002098,0.002098,0.002060,0.002098,0.002098,0.002060,0.002136,0.002136,0.002136,0.002136,0.002136,0.002098,0.002098,0.002136,0.002098,0.002060,0.002060,0.002060,0.002098,0.002098,0.002060,0.002098,0.002136,0.002098,0.002098,0.002098,0.002098,0.002060,0.002098,0.002098,0.002098,0.002060,0.002098,0.002098,0.002136,0.002098,0.002060,0.002098,0.002098,0.002098,0.002136,0.002060,0.002136,0.002136,0.002098,0.002060,0.002060,0.002060,0.002098,0.002136,0.002136,0.002098,0.002136,0.002136,0.002174,0.002136,0.002136,0.002136,0.002098,0.002098,0.002098,0.002098,0.002136,0.002060,0.002060,0.002060,0.002098,0.002060,0.002098,0.002060,0.002022,0.002022,0.001984,0.001984,0.001984,0.001984,0.001984,0.001984,0.001984,0.001984,0.002022,0.002022,0.001984,0.001984,0.001984,0.001945,0.001984,0.001984,0.001984,0.001984,0.001984,0.001984,0.002060,0.002098,0.002060,0.002060,0.002136,0.002060,0.002136,0.002136,0.002174,0.002251,0.002174,0.002213,0.002289,0.002327,0.002327,0.002289,0.002327,0.002365,0.002365,0.002403,0.002365,0.002403,0.002403,0.002403,0.002365,0.002327,0.002365,0.002327,0.002213,0.002174,0.002136,0.002174,0.002136,0.002060,0.001984,0.001984,0.001984,0.001907,0.001907,0.001869,0.001869,0.001869,0.001793,0.001793,0.001793,0.001755,0.001755,0.001755,0.001831,0.001831,0.001793,0.001793,0.001869,0.001869,0.001869,0.001907,0.001907,0.001907,0.001945,0.001984,0.001984,0.001945,0.001984,0.002060,0.002022,0.002060,0.002060,0.002098,0.002022,0.002060,0.002022,0.002060,0.001945,0.001945,0.002022,0.001984,0.001907,0.001907,0.001945,0.001945,0.001945,0.001945,0.001984,0.002022,0.001984,0.001984,0.002022,0.002022,0.002060,0.002098,0.002098,0.002098,0.002136,0.002136,0.002136,0.002098,0.002098,0.002213,0.002213,0.002213,0.002251,0.002251,0.002213,0.002251,0.002251,0.002251,0.002289,0.002251,0.002251,0.002289,0.002251,0.002251,0.002251,0.002174,0.002251,0.002289,0.002213,0.002251,0.002174,0.002136,0.002136,0.002174,0.002213,0.002213,0.002289,0.002251,0.002251,0.002251,0.002251,0.002251,0.002327,0.002289,0.002251,0.002251,0.002251,0.002213,0.002174,0.002213,0.002213,0.002174,0.002136,0.002136,0.002136,0.002098,0.002060,0.002060,0.002022,0.002022,0.001945,0.001945,0.001907,0.001869,0.001869,0.001869,0.001793,0.001793,0.001793,0.001793,0.001831,0.001793,0.001717,0.001755,0.001755,0.001717,0.001755,0.001793,0.001755,0.001755,0.001755,0.001831,0.001793,0.001831,0.001831,0.001831,0.001869,0.001907,0.001907,0.001945,0.001945,0.001945,0.001945,0.001984,0.001984,0.001984,0.001907,0.001984,0.002022,0.001984,0.002022,0.002022,0.002022,0.002060,0.002060,0.002060,0.002060,0.002060,0.002098,0.002060,0.002060,0.002060,0.002098,0.002022,0.002060,0.002060,0.002060,0.002136,0.002060,0.002060,0.002022,0.002060,0.002060,0.002060,0.002060,0.001984,0.002060,0.002136,0.002098,0.002060,0.002060,0.002098,0.002060,0.002060,0.002098,0.002060,0.002098,0.002136,0.002098,0.002136,0.002136,0.002213,0.002174,0.002174,0.002174,0.002174,0.002213,0.002251,0.002213,0.002213,0.002136,0.002174,0.002174,0.002174,0.002174,0.002098,0.002174,0.002136,0.002174,0.002174,0.002213,0.002174,0.002136,0.002098,0.002136,0.002098,0.002098,0.002022,0.002060,0.002060,0.001984,0.001984,0.001984,0.001945,0.001945,0.002022,0.001984,0.001984,0.001945,0.001984,0.001984,0.002022,0.001984,0.002060,0.002098,0.002060,0.002060,0.002022,0.002098,0.002022,0.002060,0.002098,0.002098,0.002098,0.002060,0.002022,0.001984,0.001945,0.001945,0.001945,0.001945,0.001869,0.001869,0.001869,0.001869,0.001831,0.001831,0.001831,0.001755,0.001831,0.001831,0.001755,0.001793,0.001831,0.001793,0.001907,0.001907,0.001907,0.001869,0.001945,0.001945,0.001984,0.002022,0.001984,0.002060,0.002060,0.002098,0.002060,0.002060,0.002098,0.002098,0.002060,0.002098,0.002136,0.002098,0.002098,0.002060,0.002060,0.002022,0.002060,0.002060,0.002022,0.001984,0.001984,0.002022,0.002022,0.001945,0.001984,0.001945,0.001945,0.001945,0.001984,0.001945,0.001945,0.001907,0.001945,0.001984,0.002022,0.001945,0.001945,0.002022,0.002022,0.001984,0.002060,0.002060,0.002022,0.002022,0.002060,0.002060,0.002136,0.002098,0.002136,0.002136,0.002174,0.002136,0.002136,0.002174,0.002213,0.002174,0.002213,0.002174,0.002213,0.002289,0.002327,0.002251,0.002289,0.002289,0.002251,0.002289,0.002289,0.002251,0.002251,0.002213,0.002136,0.002174,0.002213,0.002136,0.002136,0.002098,0.002060,0.002060,0.002060,0.002060,0.002022,0.002022,0.002022,0.002060,0.002022,0.001984,0.002060,0.001984,0.002022,0.002060,0.002022,0.001984,0.001984,0.002098,0.001984,0.001984,0.001984,0.001984,0.001945,0.001945,0.001984,0.001984,0.001945,0.001869,0.001869,0.001907,0.001831,0.001907,0.001793,0.001755,0.001793,0.001755,0.001717,0.001717,0.001755,0.001793,0.001793,0.001755,0.001793,0.001793,0.001755,0.001755,0.001793,0.001793,0.001831,0.001831,0.001831,0.001831,0.001831,0.001793,0.001831,0.001869,0.001945,0.001869,0.001869,0.001945,0.001984,0.001869,0.001945,0.001945,0.001907,0.001945,0.001907,0.001907,0.001945,0.001907,0.001907,0.001869,0.001869,0.001869,0.001831,0.001869,0.001869,0.001907,0.001907,0.001869,0.001907,0.001869,0.001945,0.001907,0.001907,0.001984,0.001945,0.001984,0.001984,0.001984,0.001984,0.001984,0.002060,0.002060,0.002022,0.002060,0.002098,0.002136,0.002136,0.002098,0.002098,0.002136,0.002136,0.002136,0.002174,0.002174,0.002174,0.002174,0.002136,0.002174,0.002213,0.002251,0.002289,0.002289,0.002289,0.002289,0.002327,0.002327,0.002327,0.002327,0.002327,0.002403,0.002403,0.002403,0.002403,0.002365,0.002365,0.002365,0.002327,0.002289,0.002251,0.002251,0.002213,0.002251,0.002289,0.002213,0.002136,0.002136,0.002098,0.002022,0.001945,0.001984,0.001907,0.001907,0.001831,0.001831,0.001793,0.001755,0.001793,0.001717,0.001755,0.001717,0.001717,0.001717,0.001717,0.001717,0.001755,0.001717,0.001755,0.001755,0.001755,0.001831,0.001755,0.001869,0.001755,0.001831,0.001831,0.001869,0.001869,0.001869,0.001984,0.001984,0.001984,0.001984,0.001945,0.001945,0.001984,0.002022,0.002022,0.002060,0.002060,0.002060,0.002060,0.002098,0.002136,0.002174,0.002136,0.002098,0.002174,0.002174,0.002213,0.002136,0.002174,0.002289,0.002251,0.002289,0.002251,0.002251,0.002289,0.002289,0.002289,0.002251,0.002251,0.002213,0.002289,0.002251,0.002289,0.002251,0.002251,0.002289,0.002251,0.002289,0.002327,0.002289,0.002251,0.002213,0.002251,0.002289,0.002251,0.002327,0.002289,0.002251,0.002251,0.002251,0.002251,0.002213,0.002251,0.002251,0.002251,0.002213,0.002174,0.002213,0.002174,0.002174,0.002174,0.002174,0.002136,0.002136,0.002136,0.002060,0.002098,0.002098,0.002060,0.002060,0.002136,0.002098,0.002060,0.002098,0.002060,0.002060,0.002022,0.002060,0.002022,0.002060,0.002022,0.001984,0.002060,0.001984,0.001945,0.001984,0.001945,0.001907,0.001945,0.001907,0.001907,0.001869,0.001869,0.001831,0.001869,0.001907,0.001831,0.001945,0.001869,0.001907,0.001869,0.001869,0.001869,0.001907,0.001869,0.001869,0.001907,0.001945,0.001907,0.001907,0.001907,0.001945,0.001945,0.001945,0.001945,0.001945,0.001984,0.001984,0.001984,0.001984,0.001984,0.001984,0.001984,0.002022,0.002022,0.001984,0.002098,0.002098,0.001984,0.002060,0.002098,0.002098,0.002174,0.002136,0.002098,0.002098,0.002136,0.002136,0.002136,0.002213,0.002251,0.002251,0.002213,0.002251,0.002213,0.002251,0.002251,0.002213,0.002174,0.002213,0.002213,0.002251,0.002251,0.002251,0.002213,0.002213,0.002174,0.002174,0.002213,0.002251,0.002213,0.002136,0.002098,0.002174,0.002136,0.002136,0.002136,0.002098,0.002098,0.002098,0.002060,0.002098,0.002060,0.002098,0.002060,0.002098,0.002098,0.002098,0.002022,0.001984,0.002060,0.002022,0.002022,0.002022,0.002022,0.002098,0.002022,0.002060,0.002060,0.002060,0.002060,0.002022,0.002022,0.002022,0.002022,0.001984,0.001945,0.001984,0.002022,0.001945,0.001984,0.001907,0.001907,0.001945,0.001945,0.001945,0.001907,0.001831,0.001869,0.001945,0.001869,0.001869,0.001831,0.001831,0.001793,0.001793,0.001793,0.001755,0.001831,0.001755,0.001755,0.001793,0.001755,0.001755,0.001755,0.001793,0.001831,0.001755,0.001869,0.001831,0.001793,0.001831,0.001869,0.001869,0.001907,0.001945,0.001945,0.001907,0.001984,0.001945,0.002022,0.002022,0.002022,0.002022,0.001984,0.002022,0.002060,0.002060,0.002060,0.002098,0.002136,0.002136,0.002136,0.002174,0.002174,0.002213,0.002213,0.002174,0.002213,0.002213,0.002213,0.002251,0.002213,0.002213,0.002251,0.002251,0.002251,0.002213,0.002251,0.002213,0.002174,0.002174,0.002136,0.002213,0.002213,0.002174,0.002213,0.002174,0.002136,0.002174,0.002213,0.002174,0.002174,0.002098,0.002098,0.002174,0.002098,0.002136,0.002136,0.002136,0.002098,0.002098,0.002136,0.002098,0.002136,0.002136,0.002098,0.002098,0.002136,0.002098,0.002098,0.002098,0.002098,0.002098,0.002098,0.002098,0.002060,0.002060,0.002098,0.002136,0.002136,0.002136,0.002136,0.002060,0.002136,0.002098,0.002098,0.002136,0.002098,0.002098,0.002098,0.002174,0.002136,0.002098,0.002136,0.002136,0.002213,0.002136,0.002098,0.002098,0.002174,0.002174,0.002174,0.002098,0.002136,0.002136,0.002136,0.002136,0.002136,0.002136,0.002136,0.002136,0.002136,0.002136,0.002136,0.002060,0.002098,0.002098,0.002060,0.002098,0.002060,0.002098,0.002098,0.002136,0.002098,0.002098,0.002136,0.002060,0.002136,0.002098,0.002136,0.002136,0.002136,0.002136,0.002136,0.002136,0.002136,0.002136,0.002213,0.002213,0.002213,0.002213,0.002136,0.002174,0.002136,0.002136,0.002098,0.002060,0.002098,0.002136,0.002174,0.002098,0.002098,0.002098,0.002098,0.002060,0.002060,0.001984,0.001984,0.001945,0.001945,0.001984,0.001907,0.001869,0.001907,0.001869,0.001831,0.001869,0.001869,0.001793,0.001869,0.001793,0.001793,0.001831,0.001793,0.001755,0.001755,0.001755,0.001755,0.001793,0.001793,0.001755,0.001755,0.001717,0.001793,0.001793,0.001869,0.001831,0.001831,0.001831,0.001793,0.001869,0.001907,0.001984,0.001945,0.001984,0.001945,0.001945,0.002022,0.002022,0.002022,0.002136,0.002136,0.002098,0.002213,0.002174,0.002174,0.002136,0.002136,0.002136,0.002136,0.002174,0.002174,0.002174,0.002136,0.002136,0.002098,0.002098,0.002098,0.002098,0.002060,0.002098,0.002060,0.002022,0.002022,0.002022,0.002060,0.002060,0.002060,0.002022,0.002060,0.002022,0.002060,0.002098,0.002098,0.002098,0.002098,0.002174,0.002136,0.002174,0.002213,0.002213,0.002136,0.002174,0.002174,0.002136,0.002174,0.002098,0.002098,0.002136,0.002136,0.002098,0.002098,0.002098,0.002060,0.001945,0.001907,0.001907,0.001945,0.001869,0.001831,0.001831,0.001793,0.001717,0.001755,0.001717,0.001717,0.001678,0.001678,0.001678,0.001640,0.001678,0.001678,0.001678,0.001717,0.001755,0.001717,0.001755,0.001755,0.001793,0.001831,0.001907,0.001869,0.001907,0.001945,0.001945,0.001945,0.001984,0.001945,0.001945,0.001945,0.002022,0.001984,0.001984,0.001907,0.001945,0.001945,0.001945,0.001907,0.001945,0.001907,0.001907,0.001945,0.001945,0.001984,0.001984,0.001984,0.001984,0.002022,0.002022,0.002022,0.002098,0.002098,0.002136,0.002098,0.002136,0.002174,0.002136,0.002174,0.002213,0.002174,0.002213,0.002213,0.002174,0.002213,0.002251,0.002213,0.002213,0.002213,0.002251,0.002213,0.002174,0.002174,0.002174,0.002174,0.002174,0.002136,0.002136,0.002174,0.002174,0.002136,0.002136,0.002098,0.002098,0.002136,0.002136,0.002136,0.002136,0.002098,0.002098,0.002060,0.002060,0.002060,0.002060,0.002060,0.002098,0.002098,0.002136,0.002098,0.002060,0.002060,0.002060,0.002060,0.002022,0.002098,0.002060,0.002060,0.002060,0.001945,0.002022,0.001984,0.002022,0.001984,0.001945,0.001984,0.001945,0.001984,0.001984,0.001984,0.001907,0.001907,0.001984,0.002022,0.002022,0.001945,0.001945,0.002022,0.001984,0.002022,0.001984,0.002022,0.001945,0.001984,0.001984,0.001984,0.001984,0.002060,0.002022,0.002060,0.002060,0.002060,0.002022,0.002022,0.002022,0.002022,0.002060,0.002022,0.002022,0.002098,0.002098,0.002060,0.002098,0.002098,0.002060,0.002060,0.002098,0.002098,0.002136,0.002136,0.002136,0.002098,0.002060,0.002136,0.002098,0.002098,0.002098,0.002060,0.002022,0.002060,0.002060,0.002022,0.001984,0.002022,0.002022,0.001984,0.001984,0.001907,0.001907,0.001907,0.001945,0.001984,0.001907,0.001907,0.001907,0.001945,0.001945,0.001907,0.001945,0.001907,0.001907,0.001945,0.001907,0.001907,0.001907,0.001945,0.001945,0.001907,0.001907,0.001945,0.001945,0.001945,0.001907,0.001907,0.001907,0.001907,0.001907,0.001907,0.001984,0.001984,0.001945,0.001984,0.001945,0.001945,0.001984,0.001984,0.001984,0.002060,0.002022,0.002022,0.002060,0.002060,0.002098,0.002060,0.002022,0.002022,0.002098,0.002060,0.002060,0.002060,0.002060,0.002060,0.002022,0.002022,0.002022,0.002022,0.002022,0.002022,0.001984,0.001984,0.002022,0.002022,0.001984,0.001984,0.001984,0.002022,0.001984,0.002022,0.001984,0.001945,0.001945,0.002022,0.001984,0.001984,0.002022,0.002022,0.002022,0.002022,0.001984,0.002022,0.002098,0.002060,0.002060,0.002136,0.002060,0.002098,0.002136,0.002098,0.002213,0.002174,0.002174,0.002213,0.002213,0.002213,0.002174,0.002213,0.002213,0.002213,0.002251,0.002213,0.002174,0.002213,0.002136,0.002136,0.002136,0.002136,0.002098,0.002136,0.002136,0.002098,0.002136,0.002098,0.002060,0.002060,0.002060,0.002022,0.002136,0.002060,0.002060,0.002022,0.001945,0.002098,0.002098,0.002022,0.002022,0.002060,0.001984,0.002060,0.002022,0.001984,0.001984,0.001984,0.001984,0.001984,0.001984,0.001945,0.001945,0.001984,0.001945,0.001945,0.001907,0.001907,0.001945,0.001869,0.001945,0.001945,0.001945,0.001907,0.001869,0.001869,0.001907,0.001869,0.001907,0.001907,0.001907,0.001907,0.001869,0.001869,0.001869,0.001869,0.001869,0.001907,0.001907,0.001907,0.001945,0.001907,0.001869,0.001907,0.001945,0.001945,0.001984,0.001984,0.001907,0.001945,0.001984,0.001984,0.001984,0.001984,0.001984,0.002022,0.002098,0.002098,0.002022,0.002022,0.002060,0.002060,0.002060,0.002060,0.002136,0.002060,0.002136,0.002136,0.002136,0.002174,0.002174,0.002174,0.002174,0.002213,0.002213,0.002174,0.002213,0.002213,0.002289,0.002251,0.002251,0.002251,0.002251,0.002251,0.002251,0.002251,0.002213,0.002251,0.002213,0.002213,0.002174,0.002174,0.002174,0.002136,0.002174,0.002174,0.002098,0.002098,0.002136,0.002060,0.002060,0.002098,0.002098,0.002098,0.002098,0.002098,0.002060,0.002060,0.002060,0.002098,0.002098,0.002136,0.002060,0.002136,0.002136,0.002136,0.002098,0.002098,0.002136,0.002136,0.002136,0.002098,0.002098,0.002022,0.002098,0.002098,0.002098,0.002136,0.002136,0.002136,0.002098,0.002098,0.002098,0.002098,0.002022,0.002098,0.002098,0.002060,0.002060,0.001984,0.001945,0.002022,0.001945,0.001945,0.001945,0.001907,0.001869,0.001907,0.001831,0.001869,0.001869,0.001793,0.001869,0.001869,0.001945,0.001945,0.001984,0.001984,0.002022,0.002060,0.002060,0.002136,0.002174,0.002174,0.002289,0.002289,0.002289,0.002365,0.002365,0.002403,0.002289,0.002365,0.002403,0.002365,0.002289,0.002251,0.002251,0.002251,0.002136,0.002098,0.002060,0.002060,0.001984,0.001945,0.001945,0.001907,0.001907,0.001869,0.001869,0.001869,0.001831,0.001831,0.001831,0.001869,0.001945,0.001907,0.002022,0.001984,0.002022,0.002022,0.002098,0.002098,0.002098,0.002098,0.002098,0.002136,0.002174,0.002174,0.002174,0.002174,0.002174,0.002174,0.002136,0.002174,0.002136,0.002098,0.002136,0.002136,0.002136,0.002136,0.002136,0.002060,0.002098,0.002098,0.002060,0.002174,0.002098,0.002174,0.002213,0.002136,0.002174,0.002174,0.002136,0.002136,0.002174,0.002174,0.002136,0.002174,0.002174,0.002213,0.002289,0.002213,0.002174,0.002174,0.002251,0.002213,0.002174,0.002174,0.002136,0.002136,0.002098,0.002136,0.002136,0.002136,0.002174,0.002174,0.002136,0.002136,0.002098,0.002136,0.002098,0.002098,0.002098,0.002136,0.002098,0.002060,0.002060,0.002060,0.002098,0.002098,0.002060,0.002098,0.002098,0.002060,0.002136,0.002098,0.002136,0.002060,0.002060,0.002022,0.001984,0.001945,0.001984,0.001984,0.001945,0.001907,0.001945,0.001945,0.001984,0.001984,0.001984,0.002022,0.001945,0.001984,0.001984,0.002060,0.002060,0.002022,0.002098,0.002060,0.002060,0.002060,0.002060,0.002060,0.002098,0.002060,0.002060,0.002136,0.002174,0.002136,0.002098,0.002098,0.002060,0.002060,0.002060,0.002098,0.001984,0.002060,0.002060,0.001984,0.001984,0.001945,0.002022,0.001945,0.002022,0.002060,0.002060,0.002060,0.002022,0.002060,0.002022,0.002022,0.002022,0.002022,0.002022,0.002060,0.002022,0.002022,0.002060,0.002098,0.002098,0.002098,0.002098,0.002060,0.002098,0.002060,0.002098,0.002098,0.002022,0.002098,0.002060,0.002060,0.002060,0.002136,0.002098,0.002060,0.002136,0.002060,0.002060,0.002098,0.002022,0.002098,0.002022,0.002060,0.002098,0.002098,0.002098,0.002098,0.002136,0.002098,0.002136,0.002098,0.002098,0.002098,0.002136,0.002136,0.002098,0.002098,0.002174,0.002060,0.002098,0.002098,0.002022,0.002098,0.002060,0.002060,0.002060,0.002022,0.001945,0.001984,0.002060,0.002022,0.001945,0.001984,0.001984,0.001984,0.001984,0.001984,0.001945,0.001945,0.001984,0.001984,0.001907,0.001945,0.001984,0.001907,0.001907,0.001945,0.001907,0.001907,0.001945,0.001945,0.001984,0.001984,0.001945,0.002022,0.001945,0.001984,0.001945,0.001984,0.001984,0.001945,0.001984,0.002022,0.001984,0.002022,0.002022,0.002060,0.002022,0.002022,0.002022,0.002022,0.002022,0.001984,0.002022,0.002060,0.002098,0.002060,0.002060,0.002136,0.002060,0.002174,0.002136,0.002098,0.002174,0.002136,0.002174,0.002136,0.002136,0.002136,0.002098,0.002251,0.002213,0.002136,0.002174,0.002136,0.002174,0.002136,0.002174,0.002136,0.002136,0.002098,0.002060,0.002136,0.002098,0.002098,0.002060,0.002022,0.002022,0.001984,0.002022,0.002060,0.001984,0.001984,0.001945,0.001984,0.001984,0.001984,0.001984,0.001945,0.002022,0.002022,0.001945,0.001945,0.001945,0.001984,0.001907,0.001945,0.001907,0.001831,0.001945,0.001907,0.001869,0.001907,0.001831,0.001869,0.001831,0.001907,0.001869,0.001907,0.001869,0.001869,0.001907,0.001869,0.001869,0.001945,0.001907,0.001907,0.001907,0.001907,0.001945,0.001945,0.001984,0.001984,0.002060,0.002060,0.002060,0.002060,0.002022,0.002098,0.002098,0.002098,0.002136,0.002060,0.002098,0.002098,0.002174,0.002213,0.002136,0.002174,0.002174,0.002174,0.002174,0.002174,0.002174,0.002136,0.002174,0.002136,0.002136,0.002136,0.002098,0.002136,0.002098,0.002022,0.002022,0.002022,0.002022,0.002022,0.001984,0.001945,0.001945,0.001907,0.001869,0.001907,0.001793,0.001755,0.001831,0.001793,0.001755,0.001793,0.001793,0.001793,0.001755,0.001755,0.001717,0.001755,0.001755,0.001755,0.001831,0.001793,0.001869,0.001869,0.001907,0.001907,0.001945,0.001984,0.001984,0.002022,0.001984,0.002098,0.002098,0.002136,0.002136,0.002136,0.002098,0.002098,0.002136,0.002136,0.002098,0.002174,0.002136,0.002174,0.002136,0.002136,0.002098,0.002136,0.002174,0.002136,0.002098,0.002136,0.002174,0.002174,0.002174,0.002213,0.002251,0.002174,0.002251,0.002213,0.002136,0.002174,0.002213,0.002251,0.002213,0.002213,0.002251,0.002174,0.002174,0.002174,0.002136,0.002174,0.002174,0.002251,0.002213,0.002136,0.002136,0.002098,0.002136,0.002060,0.002136,0.002098,0.002022,0.002022,0.002022,0.002022,0.002022,0.001984,0.002060,0.001945,0.002022,0.002022,0.001984,0.002022,0.002022,0.002022,0.002022,0.002060,0.002022,0.002022,0.002022,0.001984,0.001984,0.001945,0.001945,0.001945,0.001907,0.001984,0.001945,0.001907,0.001907,0.001984,0.001945,0.001984,0.001984,0.002022,0.002022,0.002060,0.002022,0.002060,0.002098,0.002060,0.002098,0.002022,0.002022,0.001984,0.001984,0.001907,0.001907,0.001907,0.001831,0.001869,0.001793,0.001755,0.001755,0.001755,0.001755,0.001755,0.001755,0.001755,0.001755,0.001793,0.001793,0.001831,0.001831,0.001793,0.001907,0.001869,0.001869,0.001869,0.001831,0.001869,0.001869,0.001869,0.001869,0.001793,0.001793,0.001755,0.001793,0.001793,0.001755,0.001831,0.001831,0.001831,0.001793,0.001869,0.001907,0.001945,0.001907,0.001945,0.001907,0.001945,0.001945,0.001945,0.001907,0.001945,0.001984,0.001984,0.001945,0.001907,0.001945,0.001984,0.001984,0.001945,0.001945,0.001945,0.001945,0.001984,0.001984,0.002060,0.002060,0.002060,0.002098,0.002098,0.002136,0.002174,0.002174,0.002213,0.002251,0.002251,0.002213,0.002251,0.002251,0.002251,0.002289,0.002289,0.002365,0.002327,0.002251,0.002251,0.002251,0.002213,0.002213,0.002174,0.002213,0.002136,0.002098,0.002136,0.002060,0.001984,0.001984,0.002022,0.002022,0.001984,0.001907,0.001907,0.001907,0.001907,0.001945,0.001945,0.001945,0.001945,0.001945,0.001984,0.002022,0.002022,0.002022,0.002098,0.002060,0.002098,0.002136,0.002136,0.002174,0.002136,0.002136,0.002213,0.002213,0.002136,0.002174,0.002136,0.002136,0.002136,0.002098,0.002136,0.002136,0.002136,0.002060,0.002098,0.002060,0.002098,0.002060,0.002060,0.002098,0.002098,0.002098,0.002098,0.002060,0.002098,0.001984,0.002060,0.002098,0.002022,0.002098,0.002022,0.002136,0.002136,0.002098,0.002174,0.002060,0.002136,0.002136,0.002098,0.002136,0.002098,0.002060,0.002060,0.002098,0.002098,0.002060,0.002098,0.002022,0.002060,0.002022,0.002022,0.002060,0.002098,0.002060,0.002022,0.002022,0.002022,0.002060,0.002060,0.002060,0.002060,0.002098,0.002098,0.002060,0.002098,0.002060,0.002098,0.002136,0.002136,0.002098,0.002174,0.002136,0.002136,0.002136,0.002060,0.002060,0.002060,0.002060,0.002098,0.002098,0.002060,0.002098,0.002060,0.002060,0.002022,0.002060,0.001984,0.002098,0.002060,0.002060,0.002060,0.002060,0.002098,0.002098,0.002136,0.002098,0.002060,0.002060,0.002098,0.002136,0.002098,0.002098,0.002098,0.002098,0.002098,0.002060,0.002098,0.002098,0.002060,0.002060,0.002098,0.002060,0.002060,0.002060,0.002060,0.002060,0.002060,0.002022,0.002060,0.002098,0.002098,0.002060,0.002098,0.002136,0.002060,0.002098,0.002098,0.002098,0.002098,0.002060,0.002022,0.002060,0.002022,0.002022,0.002022,0.002022,0.002022,0.001984,0.002060,0.002022,0.002022,0.002022,0.001984,0.002022,0.001984,0.001945,0.001907,0.001984,0.001984,0.001945,0.001945,0.001945,0.001945,0.001945,0.001907,0.001869,0.001945,0.001945,0.001869,0.001869,0.001907,0.001869,0.001869,0.001907,0.001869,0.001907,0.001945,0.001945,0.001945,0.001984,0.002022,0.001984,0.002022,0.002022,0.002060,0.001984,0.002060,0.002098,0.002136,0.002098,0.002174,0.002174,0.002136,0.002174,0.002174,0.002213,0.002251,0.002213,0.002213,0.002174,0.002251,0.002251,0.002251,0.002251,0.002251,0.002251,0.002251,0.002174,0.002251,0.002251,0.002251,0.002251,0.002213,0.002174,0.002136,0.002174,0.002136,0.002098,0.002098,0.002098,0.002136,0.002098,0.002060,0.002060,0.002136,0.002098,0.002060,0.002060,0.002060,0.002136,0.002136,0.002060,0.002098,0.002136,0.002098,0.002174,0.002136,0.002098,0.002174,0.002174,0.002174,0.002174,0.002136,0.002136,0.002174,0.002251,0.002213,0.002251,0.002251,0.002213,0.002213,0.002213,0.002213,0.002174,0.002213,0.002174,0.002174,0.002213,0.002136,0.002174,0.002174,0.002174,0.002174,0.002098,0.002098,0.002060,0.002060,0.002098,0.002022,0.002022,0.001984,0.002022,0.001945,0.001907,0.001907,0.001869,0.001831,0.001793,0.001831,0.001793,0.001869,0.001831,0.001793,0.001793,0.001793,0.001678,0.001831,0.001793,0.001831,0.001831,0.001831,0.001869,0.001831,0.001869,0.001907,0.001945,0.001984,0.002022,0.002098,0.002022,0.002060,0.002098,0.002136,0.002174,0.002213,0.002251,0.002251,0.002213,0.002251,0.002251,0.002289,0.002251,0.002251,0.002213,0.002213,0.002213,0.002136,0.002213,0.002213,0.002174,0.002174,0.002174,0.002174,0.002098,0.002098,0.002136,0.002060,0.002060,0.002098,0.002060,0.002060,0.002098,0.002098,0.002060,0.002060,0.002060,0.002060,0.002060,0.002098,0.002098,0.002060,0.002136,0.002174,0.002136,0.002213,0.002136,0.002136,0.002136,0.002136,0.002174,0.002251,0.002213,0.002213,0.002174,0.002251,0.002213,0.002251,0.002251,0.002213,0.002213,0.002213,0.002174,0.002174,0.002251,0.002213,0.002174,0.002174,0.002136,0.002136,0.002136,0.002136,0.002060,0.002098,0.002136,0.002136,0.002098,0.002098,0.002060,0.002098,0.002098,0.002136,0.002098,0.002098,0.002136,0.002136,0.002136,0.002098,0.002136,0.002174,0.002174,0.002136,0.002136,0.002136,0.002136,0.002098,0.002136,0.002098,0.002098,0.002098,0.002098,0.002060,0.002060,0.002022,0.002022,0.002060,0.001984,0.001984,0.001984,0.001984,0.001984,0.002022,0.001984,0.001945,0.001945,0.001945,0.001945,0.001869,0.001907,0.001984,0.001984,0.001945,0.001945,0.001869,0.001907,0.001907,0.001945,0.001945,0.001945,0.001869,0.001984,0.001945,0.001907,0.001945,0.001907,0.001945,0.001945,0.001984,0.001945,0.002022,0.001984,0.001984,0.001984,0.001984,0.001945,0.001984,0.001945,0.001945,0.001945,0.001945,0.001907,0.001945,0.001907,0.001945,0.001907,0.001984,0.001945,0.001945,0.001945,0.001945,0.001907,0.001945,0.001945,0.001984,0.001984,0.001984,0.001984,0.001984,0.001945,0.001984,0.001984,0.001984,0.001945,0.002022,0.001984,0.002022,0.001984,0.002022,0.002060,0.002060,0.002022,0.002022,0.002060,0.002060,0.002060,0.002098,0.002060,0.002098,0.001984,0.001984,0.002022,0.002060,0.002060,0.002060,0.001984,0.002022,0.002022,0.002060,0.002022,0.001984,0.002022,0.001984,0.001984,0.001945,0.001984,0.002022,0.002022,0.001984,0.001945,0.001984,0.001907,0.001945,0.001907,0.001869,0.001945,0.001907,0.001945,0.001907,0.001945,0.001945,0.001907,0.001907,0.001984,0.001945,0.001869,0.001907,0.002022,0.001945,0.002022,0.002022,0.001984,0.001907,0.001907,0.001984,0.002022,0.001984,0.001984,0.002022,0.001984,0.002022,0.002060,0.002022,0.002022,0.002060,0.002022,0.002098,0.002098,0.002022,0.002060,0.001984,0.002022,0.002060,0.002060,0.002098,0.002060,0.002022,0.002022,0.002060,0.002022,0.002060,0.002060,0.002022,0.002060,0.002060,0.002022,0.002098,0.002022,0.002060,0.002060,0.002060,0.002060,0.002060,0.002022,0.002022,0.002060,0.002022,0.002022,0.002060,0.002022,0.002022,0.002060,0.002060,0.002060,0.002060,0.002098,0.002060,0.002136,0.002136,0.002136,0.002098,0.002136,0.002098,0.002136,0.002136,0.002098,0.002098,0.002098,0.002136,0.002136,0.002174,0.002174,0.002174,0.002213,0.002213,0.002136,0.002174,0.002213,0.002136,0.002174,0.002174,0.002213,0.002174,0.002213,0.002213,0.002174,0.002251,0.002136,0.002174,0.002174,0.002213,0.002213,0.002174,0.002174,0.002136,0.002174,0.002174,0.002098,0.002098,0.002060,0.002060,0.002022,0.002022,0.002022,0.001945,0.001945,0.002022,0.001984,0.001984,0.001907,0.001984,0.001984,0.001945,0.001907,0.001984,0.001907,0.001869,0.001907,0.001945,0.001907,0.001907,0.001869,0.001984,0.001945,0.001907,0.001869,0.001869,0.001907,0.001945,0.001945,0.001945,0.001869,0.001945,0.001907,0.001869,0.001945,0.001907,0.001945,0.001907,0.001907,0.001945,0.001945,0.001945,0.001907,0.001907,0.001945,0.001945,0.001945,0.001984,0.002022,0.001907,0.001984,0.001945,0.001945,0.001945,0.001907,0.001984,0.002060,0.002022,0.001984,0.001984,0.002060,0.001984,0.002022,0.002060,0.002022,0.002022,0.001945,0.002022,0.002022,0.002022,0.002022,0.002022,0.002060,0.002022,0.002060,0.002060,0.002098,0.002098,0.002098,0.002098,0.002098,0.002136,0.002136,0.002136,0.002136,0.002060,0.002174,0.002098,0.002136,0.002136,0.002136,0.002136,0.002136,0.002136,0.002136,0.002098,0.002060,0.002022,0.002060,0.002060,0.002060,0.001984,0.001907,0.001945,0.001984,0.001945,0.001831,0.001831,0.001831,0.001793,0.001755,0.001755,0.001831,0.001755,0.001717,0.001793,0.001717,0.001755,0.001755,0.001755,0.001793,0.001755,0.001755,0.001755,0.001755,0.001869,0.001831,0.001869,0.001869,0.001869,0.001907,0.001869,0.001907,0.001869,0.001907,0.001869,0.001907,0.001907,0.001869,0.001831,0.001831,0.001793,0.001793,0.001869,0.001869,0.001831,0.001793,0.001793,0.001755,0.001793,0.001717,0.001831,0.001755,0.001755,0.001793,0.001793,0.001793,0.001717,0.001793,0.001793,0.001869,0.001869,0.001869,0.001869,0.001869,0.001907,0.001945,0.001945,0.002022,0.001984,0.001984,0.002060,0.002098,0.002060,0.002060,0.002136,0.002213,0.002136,0.002174,0.002251,0.002213,0.002213,0.002251,0.002289,0.002289,0.002289,0.002251,0.002289,0.002251,0.002289,0.002327,0.002365,0.002403,0.002365,0.002403,0.002403,0.002441,0.002441,0.002480,0.002441,0.002441,0.002441,0.002441,0.002403,0.002480,0.002480,0.002480,0.002518,0.002441,0.002480,0.002441,0.002441,0.002480,0.002480,0.002403,0.002403,0.002403,0.002327,0.002327,0.002365,0.002327,0.002289,0.002289,0.002289,0.002289,0.002213,0.002213,0.002174,0.002174,0.002174,0.002136,0.002098,0.002136,0.002098,0.002060,0.002060,0.002060,0.002060,0.002060,0.002098,0.002098,0.002060,0.002098,0.002098,0.002060,0.002098,0.002060,0.002022,0.002022,0.002060,0.002060,0.002060,0.002060,0.001984,0.002022,0.001984,0.002022,0.001984,0.001984,0.001984,0.001984,0.001984,0.002022,0.001945,0.001984,0.001945,0.001945,0.001907,0.001945,0.001945,0.001869,0.001869,0.001831,0.001831,0.001831,0.001755,0.001831,0.001793,0.001869,0.001831,0.001869,0.001869,0.001831,0.001831,0.001831,0.001793,0.001831,0.001831,0.001793,0.001793,0.001869,0.001869,0.001793,0.001831,0.001831,0.001907,0.001907,0.001945,0.001945,0.001945,0.001945,0.001945,0.001984,0.001984,0.001984,0.001945,0.001984,0.002022,0.001984,0.002022,0.001984,0.002022,0.001984,0.001984,0.002022,0.001984,0.001945,0.001945,0.001984,0.001984,0.001984,0.001984,0.001945,0.001945,0.001945,0.002022,0.001984,0.002022,0.001984,0.002022,0.002022,0.002022,0.002022,0.002022,0.001984,0.002022,0.002060,0.002098,0.002098,0.002060,0.002060,0.002060,0.002060,0.002060,0.002060,0.002098,0.002098,0.002098,0.002098,0.002098,0.002136,0.002136,0.002060,0.002098,0.002098,0.002060,0.002098,0.002098,0.002098,0.002136,0.002098,0.002022,0.002136,0.002060,0.002098,0.002098,0.002098,0.002136,0.002098,0.002174,0.002136,0.002060,0.002136,0.002098,0.002098,0.002213,0.002174,0.002174,0.002136,0.002136,0.002136,0.002136,0.002174,0.002174,0.002213,0.002174,0.002213,0.002213,0.002213,0.002174,0.002098,0.002136,0.002174,0.002174,0.002174,0.002136,0.002136,0.002174,0.002136,0.002136,0.002136,0.002136,0.002060,0.002060,0.002060,0.002136,0.002136,0.002098,0.002098,0.002098,0.002174,0.002136,0.002136,0.002136,0.002136,0.002098,0.002174,0.002174,0.002136,0.002098,0.002136,0.002060,0.002136,0.002136,0.002136,0.002136,0.002136,0.002098,0.002098,0.002098,0.002136,0.002136,0.002136,0.002098,0.002174,0.002136,0.002136,0.002136,0.002098,0.002098,0.002136,0.002136,0.002098,0.002136,0.002136,0.002098,0.002060,0.002060,0.002098,0.002136,0.002098,0.002136,0.002136,0.002098,0.002136,0.002098,0.002098,0.002136,0.002098,0.002022,0.002060,0.002060,0.002060,0.002060,0.002060,0.002060,0.002098,0.002060,0.002098,0.002098,0.002022,0.002022,0.002098,0.002060,0.002060,0.002022,0.002022,0.002098,0.002060,0.002022,0.002022,0.002022,0.002022,0.001984,0.002022,0.001984,0.002022,0.002022,0.001984,0.001984,0.001984,0.001984,0.001984,0.002060,0.002022,0.002022,0.002022,0.002022,0.002098,0.002098,0.002098,0.002022,0.002060,0.002098,0.002098,0.002098,0.002136,0.002174,0.002174,0.002136,0.002136,0.002174,0.002136,0.002136,0.002174,0.002213,0.002174,0.002213,0.002213,0.002213,0.002213,0.002174,0.002174,0.002136,0.002213,0.002174,0.002136,0.002174,0.002136,0.002213,0.002213,0.002136,0.002251,0.002174,0.002174,0.002136,0.002174,0.002136,0.002136,0.002136,0.002136,0.002136,0.002060,0.002136,0.002098,0.002060,0.002060,0.002098,0.002022,0.002022,0.001945,0.002022,0.002022,0.002022,0.001945,0.001984,0.001984,0.001945,0.001945,0.001907,0.001907,0.001907,0.001869,0.001907,0.001907,0.001869,0.001869,0.001869,0.001869,0.001793,0.001869,0.001831,0.001869,0.001945,0.001907,0.001907,0.001945,0.001984,0.001984,0.001984,0.001984,0.002022,0.002022,0.001945,0.002060,0.002022,0.002060,0.002098,0.002060,0.002060,0.002098,0.002098,0.002098,0.002136,0.002136,0.002136,0.002136,0.002136,0.002098,0.002098,0.002098,0.002098,0.002098,0.002098,0.002136,0.002060,0.002060,0.002098,0.002060,0.002098,0.002060,0.002022,0.002060,0.002060,0.002022,0.002022,0.001984,0.001984,0.002022,0.002022,0.001984,0.001945,0.002022,0.002060,0.002060,0.002022,0.002060,0.001984,0.001984,0.002022,0.002060,0.002022,0.002098,0.002060,0.002022,0.001984,0.002060,0.002060,0.002022,0.002060,0.001984,0.002022,0.002022,0.001984,0.001945,0.001984,0.001984,0.001984,0.001984,0.001945,0.001984,0.001945,0.001945,0.001945,0.001984,0.001945,0.001984,0.001984,0.001945,0.001984,0.001984,0.001945,0.001984,0.002022,0.002022,0.002022,0.002060,0.002022,0.002060,0.002098,0.002060,0.002060,0.002098,0.002136,0.002136,0.002174,0.002098,0.002060,0.002098,0.002098,0.002136,0.002060,0.002136,0.002060,0.002060,0.002098,0.002098,0.002098,0.002022,0.002060,0.002098,0.002060,0.002098,0.002098,0.002060,0.002098,0.002060,0.002060,0.002098,0.002098,0.002174,0.002136,0.002136,0.002174,0.002213,0.002136,0.002136,0.002136,0.002136,0.002174,0.002098,0.002136,0.002098,0.002136,0.002060,0.002022,0.002060,0.001984,0.002098,0.001984,0.002060,0.002060,0.002098,0.002060,0.002022,0.002098,0.002060,0.002022,0.002098,0.002022,0.002022,0.002060,0.001984,0.002022,0.001984,0.001945,0.001984,0.001984,0.001945,0.001984,0.001945,0.001945,0.001945,0.001945,0.001907,0.001907,0.001984,0.001945,0.001984,0.001984,0.001945,0.001945,0.001984,0.001945,0.001984,0.001945,0.001945,0.001907,0.001907,0.001984,0.001984,0.001984,0.002022,0.002022,0.001945,0.002022,0.001984,0.001984,0.002022,0.002098,0.002022,0.002022,0.001984,0.002022,0.001945,0.002022,0.001984,0.001984,0.002022,0.001984,0.002022,0.002022,0.002060,0.002060,0.002060,0.002022,0.002022,0.002022,0.002022,0.002060,0.001984,0.002022,0.002022,0.002060,0.001984,0.002022,0.002022,0.002022,0.002022,0.002060,0.002022,0.002022,0.002060,0.002060,0.002060,0.002022,0.002022,0.002098,0.002098,0.002060,0.002022,0.002060,0.002060,0.002060,0.002022,0.002060,0.002022,0.001984,0.002022,0.001984,0.002022,0.001984,0.001945,0.001984,0.001945,0.001945,0.001907,0.001907,0.001907,0.001869,0.001869,0.001793,0.001831,0.001869,0.001793,0.001793,0.001869,0.001831,0.001831,0.001793,0.001831,0.001831,0.001831,0.001831,0.001831,0.001793,0.001831,0.001869,0.001831,0.001869,0.001831,0.001831,0.001907,0.001869,0.001907,0.001907,0.001945,0.001907,0.001945,0.001984,0.001984,0.002022,0.002022,0.002060,0.002060,0.002060,0.002060,0.002098,0.002098,0.002060,0.002060,0.002098,0.002098,0.002022,0.002060,0.002098,0.002060,0.002060,0.002060,0.002022,0.002022,0.002060,0.001984,0.001984,0.002060,0.002098,0.002022,0.002060,0.002022,0.002060,0.002098,0.002022,0.002022,0.002060,0.002060,0.002022,0.002022,0.002098,0.002060,0.002060,0.002022,0.002022,0.002060,0.002022,0.002060,0.002022,0.002098,0.002098,0.002060,0.002136,0.002136,0.002174,0.002060,0.002098,0.002136,0.002174,0.002136,0.002098,0.002174,0.002136,0.002174,0.002174,0.002174,0.002136,0.002060,0.002098,0.002098,0.002136,0.002136,0.002098,0.002060,0.002060,0.002022,0.002022,0.002060,0.002098,0.002022,0.002060,0.002022,0.002060,0.002098,0.001984,0.002060,0.002022,0.002060,0.002060,0.002022,0.002060,0.002022,0.001984,0.001984,0.001984,0.001945,0.001945,0.001984,0.001945,0.001945,0.001907,0.001945,0.001984,0.001945,0.001945,0.001945,0.001984,0.001984,0.001907,0.001984,0.001945,0.001945,0.001907,0.001945,0.002022,0.001984,0.001945,0.002022,0.001984,0.002022,0.002022,0.002060,0.001984,0.001945,0.001945,0.002022,0.002022,0.001945,0.001984,0.001945,0.001984,0.002022,0.001945,0.001984,0.001945,0.001984,0.002022,0.002022,0.002022,0.002022,0.002060,0.002022,0.001945,0.001984,0.001984,0.001984,0.002022,0.002060,0.002060,0.002022,0.002022,0.002060,0.002060,0.001984,0.001984,0.001984,0.002022,0.002022,0.002022,0.002060,0.002022,0.001984,0.001984,0.002022,0.002022,0.002022,0.002060,0.001984,0.001945,0.001984,0.002060,0.002060,0.002022,0.002060,0.002022,0.002060,0.002060,0.002022,0.002060,0.002098,0.002136,0.002098,0.002136,0.002136,0.002174,0.002174,0.002174,0.002174,0.002174,0.002213,0.002174,0.002213,0.002213,0.002174,0.002251,0.002213,0.002251,0.002251,0.002289,0.002251,0.002213,0.002213,0.002251,0.002213,0.002174,0.002213,0.002289,0.002251,0.002251,0.002174,0.002213,0.002213,0.002174,0.002174,0.002136,0.002136,0.002136,0.002098,0.002098,0.002060,0.002060,0.002060,0.002060,0.002098,0.002060,0.002022,0.002022,0.001984,0.001984,0.001984,0.002022,0.002022,0.002022,0.002022,0.001945,0.002022,0.001984,0.002060,0.002060,0.002098,0.002060,0.002022,0.002060,0.002060,0.002060,0.002060,0.002098,0.002022,0.002022,0.002060,0.001984,0.002022,0.002060,0.001984,0.002060,0.002060,0.002098,0.002060,0.002060,0.002098,0.002098,0.002060,0.002098,0.002060,0.002098,0.002136,0.002174,0.002136,0.002136,0.002174,0.002136,0.002174,0.002174,0.002213,0.002174,0.002251,0.002213,0.002174,0.002251,0.002213,0.002213,0.002174,0.002174,0.002213,0.002251,0.002213,0.002174,0.002174,0.002213,0.002174,0.002098,0.002136,0.002136,0.002060,0.002098,0.002136,0.002022,0.002060,0.001984,0.002022,0.002022,0.002022,0.002060,0.002022,0.002022,0.001945,0.001945,0.001907,0.001984,0.001907,0.001945,0.001945,0.001907,0.001907,0.001945,0.001945,0.002022,0.001984,0.001907,0.001945,0.001984,0.001945,0.001869,0.001907,0.001907,0.001945,0.001984,0.001945,0.001984,0.002022,0.001945,0.001984,0.002022,0.002060,0.002098,0.002060,0.002060,0.002022,0.002060,0.002098,0.002098,0.002098,0.002136,0.002098,0.002136,0.002098,0.002136,0.002136,0.002136,0.002136,0.002174,0.002174,0.002098,0.002098,0.002098,0.002060,0.002098,0.002060,0.001984,0.001984,0.001984,0.002022,0.001945,0.001945,0.001907,0.001907,0.001945,0.001869,0.001907,0.001907,0.001907,0.001869,0.001907,0.001869,0.001907,0.001869,0.001869,0.001907,0.001945,0.001945,0.001945,0.001869,0.001945,0.001945,0.002022,0.002060,0.002060,0.002060,0.002060,0.002136,0.002098,0.002098,0.002136,0.002174,0.002174,0.002174,0.002213,0.002174,0.002213,0.002289,0.002289,0.002327,0.002289,0.002251,0.002213,0.002213,0.002213,0.002174,0.002251,0.002251,0.002251,0.002213,0.002213,0.002136,0.002174,0.002213,0.002213,0.002213,0.002174,0.002136,0.002136,0.002136,0.002174,0.002174,0.002213,0.002251,0.002251,0.002174,0.002174,0.002213,0.002251,0.002213,0.002213,0.002251,0.002251,0.002251,0.002251,0.002174,0.002174,0.002251,0.002174,0.002174,0.002213,0.002213,0.002213,0.002174,0.002174,0.002174,0.002174,0.002213,0.002213,0.002174,0.002174,0.002213,0.002174,0.002213,0.002213,0.002136,0.002251,0.002213,0.002213,0.002174,0.002213,0.002174,0.002174,0.002213,0.002174,0.002136,0.002174,0.002213,0.002213,0.002136,0.002136,0.002213,0.002213,0.002174,0.002136,0.002174,0.002098,0.002136,0.002098,0.002174,0.002098,0.002136,0.002136,0.002098,0.002136,0.002098,0.002098,0.002098,0.002022,0.001984,0.002098,0.002098,0.002060,0.002060,0.002022,0.002022,0.001945,0.001984,0.001984,0.001945,0.002022,0.002022,0.001907,0.001907,0.001907,0.001907,0.001869,0.001869,0.001869,0.001793,0.001869,0.001869,0.001831,0.001793,0.001793,0.001793,0.001755,0.001793,0.001793,0.001793,0.001831,0.001755,0.001793,0.001793,0.001869,0.001869,0.001831,0.001869,0.001869,0.001869,0.001869,0.001869,0.001907,0.001907,0.001907,0.001907,0.001907,0.001984,0.001945,0.001945,0.001984,0.002022,0.001984,0.001984,0.002060,0.002022,0.001984,0.001945,0.002022,0.001984,0.002060,0.002022,0.001984,0.002022,0.002022,0.002098,0.002060,0.002098,0.002098,0.002022,0.002098,0.002136,0.002098,0.002136,0.002098,0.002174,0.002136,0.002174,0.002174,0.002213,0.002174,0.002174,0.002098,0.002136,0.002174,0.002136,0.002136,0.002174,0.002174,0.002136,0.002098,0.002022,0.002098,0.002098,0.002098,0.002060,0.002060,0.002022,0.002060,0.002060,0.001984,0.001945,0.001984,0.001984,0.001945,0.001907,0.001945,0.001907,0.001945,0.001869,0.001945,0.001869,0.001945,0.001945,0.001869,0.001869,0.001869,0.001869,0.001907,0.001945,0.001869,0.001945,0.001907,0.001869,0.001907,0.001984,0.001984,0.001907,0.001945,0.002022,0.001907,0.001869,0.001945,0.001907,0.001869,0.001907,0.001907,0.001869,0.001907,0.001907,0.001907,0.001907,0.001869,0.001869,0.001907,0.001907,0.001907,0.001984,0.001984,0.001984,0.002022,0.002022,0.002060,0.002060,0.002060,0.001984,0.002022,0.002022,0.002060,0.002022,0.002060,0.002098,0.002098,0.002098,0.002022,0.002022,0.002136,0.002098,0.002022,0.002060,0.002060,0.002098,0.002060,0.002022,0.002060,0.002022,0.002060,0.002060,0.002060,0.002098,0.002060,0.002022,0.002060,0.002060,0.002060,0.002060,0.002136,0.002174,0.002060,0.002098,0.002060,0.002098,0.002022,0.002098,0.002060,0.002098,0.002060,0.002022,0.002060,0.002098,0.002022,0.002060,0.002060,0.002060,0.002060,0.002098,0.002022,0.001984,0.001984,0.001945,0.001984,0.002022,0.001984,0.001945,0.001984,0.001907,0.001907,0.001907,0.001945,0.001907,0.001907,0.001907,0.001869,0.001907,0.001945,0.001869,0.001907,0.001869,0.001869,0.001869,0.001907,0.001945,0.001907,0.001945,0.001907,0.001907,0.001945,0.001984,0.001984,0.001907,0.001945,0.001907,0.001945,0.001984,0.001984,0.002022,0.001984
38,19:00:00.000,12/31/1903,0.000000,0.100000,UNKNOWN,1,0/0,0.000000,0.000000,0.000000,0.000000,0.000000,0.000000,0.000000,0.000000,0,0,0,0,0.002174,0.002136,0.002098,0.002136,0.002098,0.002098,0.002174,0.002174,0.002174,0.002098,0.002098,0.002136,0.002098,0.002098,0.002136,0.002098,0.002060,0.002060,0.002098,0.002098,0.002060,0.002098,0.002060,0.002060,0.001984,0.002022,0.002060,0.002098,0.002022,0.002060,0.002060,0.002098,0.002136,0.002060,0.002060,0.002060,0.002136,0.002098,0.002098,0.002098,0.002060,0.002060,0.002060,0.002060,0.002060,0.002022,0.002022,0.002022,0.002022,0.001984,0.001984,0.002022,0.001984,0.002060,0.002022,0.002022,0.002022,0.001984,0.002022,0.002022,0.002022,0.001984,0.001984,0.001984,0.001984,0.002022,0.001984,0.001984,0.002022,0.001945,0.002022,0.001984,0.001945,0.001984,0.001945,0.001945,0.001984,0.002022,0.001945,0.001907,0.001984,0.001907,0.001984,0.001984,0.001945,0.001945,0.001945,0.001945,0.001984,0.001945,0.001945,0.001984,0.001945,0.001907,0.001907,0.001984,0.001945,0.001945,0.001984,0.001984,0.001984,0.001907,0.001907,0.001945,0.002022,0.002022,0.001984,0.001984,0.001945,0.001984,0.002022,0.001984,0.001984,0.001984,0.001907,0.001945,0.002022,0.001984,0.001984,0.002022,0.001984,0.001984,0.001945,0.002022,0.002060,0.002022,0.001984,0.001945,0.001945,0.002022,0.002060,0.002098,0.001984,0.001984,0.001984,0.001984,0.002022,0.002060,0.002022,0.002022,0.002060,0.002022,0.001984,0.002022,0.002022,0.002022,0.002022,0.002060,0.002022,0.001945,0.002022,0.002022,0.001984,0.002022,0.002060,0.002022,0.002022,0.002060,0.002060,0.002060,0.002060,0.002060,0.002060,0.002060,0.002098,0.002060,0.002098,0.002022,0.002098,0.002098,0.002060,0.002098,0.002060,0.002060,0.002098,0.002098,0.002098,0.002098,0.002098,0.002098,0.002136,0.002098,0.002060,0.002060,0.002098,0.002098,0.002098,0.002136,0.002136,0.002060,0.002098,0.002098,0.002136,0.002060,0.002060,0.002060,0.002022,0.002022,0.002060,0.002022,0.002060,0.002060,0.002060,0.002022,0.002060,0.002060,0.002060,0.002022,0.002022,0.002060,0.002098,0.002060,0.002098,0.002060,0.002060,0.002098,0.002098,0.002098,0.002098,0.002098,0.002098,0.002098,0.002136,0.002098,0.002098,0.002060,0.002098,0.002098,0.002136,0.002098,0.002098,0.002098,0.002098,0.002136,0.002136,0.002136,0.002136,0.002174,0.002098,0.002098,0.002098,0.002060,0.002136,0.002136,0.002174,0.002174,0.002174,0.002136,0.002098,0.002174,0.002098,0.002136,0.002136,0.002136,0.002136,0.002136,0.002136,0.002060,0.002098,0.002136,0.002022,0.002060,0.002098,0.002060,0.002060,0.002060,0.002098,0.002098,0.002136,0.002098,0.002098,0.002060,0.002022,0.002060,0.002060,0.002060,0.002022,0.002022,0.002060,0.002098,0.002060,0.002022,0.002022,0.002022,0.001984,0.002022,0.002022,0.002022,0.002060,0.002022,0.002060,0.002060,0.002098,0.002022,0.002022,0.002022,0.002022,0.002022,0.002022,0.002060,0.002060,0.001984,0.001984,0.002022,0.002022,0.001984,0.002022,0.001984,0.002022,0.002022,0.002022,0.001984,0.002022,0.002060,0.001984,0.002022,0.002060,0.002022,0.001984,0.001984,0.001984,0.001984,0.002022,0.001984,0.002022,0.002060,0.002022,0.002060,0.001984,0.001984,0.001984,0.001984,0.001984,0.002022,0.001945,0.002022,0.002022,0.001984,0.002022,0.001984,0.001984,0.002022,0.002022,0.002022,0.002022,0.001984,0.001984,0.001984,0.002022,0.002060,0.002060,0.002022,0.002022,0.002022,0.002060,0.002022,0.002098,0.002022,0.001984,0.002022,0.002060,0.002022,0.002022,0.002022,0.001984,0.002022,0.002022,0.001984,0.002060,0.002022,0.001984,0.002022,0.002022,0.002060,0.002060,0.001984,0.002060,0.002022,0.002022,0.002060,0.001984,0.001984,0.001984,0.002060,0.002060,0.002060,0.002022,0.002022,0.002098,0.002098,0.002060,0.002060,0.002060,0.002098,0.002060,0.002022,0.002098,0.002098,0.002022,0.002060,0.002098,0.002060,0.002060,0.002098,0.002098,0.002060,0.002060,0.002060,0.002060,0.002098,0.002098,0.002060,0.002060,0.002174,0.002136,0.002098,0.002060,0.002136,0.002174,0.002174,0.002174,0.002060,0.002136,0.002174,0.002136,0.002136,0.002098,0.002136,0.002174,0.002136,0.002136,0.002098,0.002098,0.002174,0.002098,0.002098,0.002098,0.002136,0.002098,0.002098,0.002060,0.002060,0.002174,0.002098,0.002060,0.002136,0.002060,0.002060,0.002098,0.002098,0.002098,0.002022,0.002060,0.002060,0.002022,0.002060,0.002060,0.002060,0.002060,0.002060,0.002022,0.002022,0.001984,0.001945,0.002022,0.002060,0.002060,0.002022,0.001984,0.001945,0.002022,0.001984,0.002022,0.001945,0.001984,0.002022,0.001945,0.001984,0.001907,0.001907,0.001907,0.001984,0.001945,0.001984,0.001984,0.001984,0.001984,0.001945,0.001907,0.001945,0.001984,0.001945,0.001984,0.001984,0.001907,0.001945,0.001984,0.001945,0.001945,0.001945,0.001945,0.001907,0.001945,0.001984,0.001945,0.001907,0.001945,0.001984,0.001945,0.001907,0.001907,0.001984,0.001984,0.001984,0.001945,0.001984,0.001984,0.002022,0.002022,0.002022,0.002060,0.001984,0.001945,0.001945,0.001945,0.001945,0.001945,0.001984,0.001945,0.001984,0.002022,0.002022,0.001945,0.001984,0.001984,0.002022,0.001984,0.001984,0.002022,0.001984,0.002022,0.001984,0.001945,0.002022,0.002022,0.002022,0.002022,0.002060,0.002022,0.002136,0.002060,0.002022,0.002060,0.002022,0.002060,0.002098,0.002060,0.002060,0.002098,0.002098,0.002060,0.002098,0.002136,0.002098,0.002098,0.002098,0.002060,0.002098,0.002022,0.002098,0.002060,0.002098,0.002136,0.002136,0.002060,0.002098,0.002098,0.002098,0.002060,0.002098,0.002098,0.002136,0.002136,0.002060,0.002098,0.002022,0.002060,0.002098,0.002098,0.002098,0.002174,0.002098,0.002060,0.002098,0.002022,0.002022,0.002060,0.002022,0.001984,0.002060,0.001984,0.002060,0.002022,0.001945,0.001984,0.001945,0.001945,0.001945,0.001984,0.002022,0.001984,0.001984,0.001945,0.001945,0.002022,0.001984,0.002022,0.001945,0.001984,0.001984,0.001984,0.002022,0.001984,0.001984,0.002022,0.001984,0.002022,0.001984,0.001984,0.002022,0.002022,0.001984,0.002022,0.001984,0.001945,0.001945,0.002022,0.002022,0.001984,0.001984,0.001984,0.001945,0.002022,0.001945,0.001984,0.001984,0.002022,0.001984,0.002022,0.001945,0.001984,0.002022,0.002022,0.002022,0.001984,0.002022,0.001984,0.001984,0.002022,0.001984,0.001984,0.001984,0.001945,0.001984,0.002022,0.001945,0.001945,0.002022,0.002022,0.001907,0.001984,0.002022,0.001984,0.001984,0.002022,0.001984,0.001984,0.002022,0.001907,0.001984,0.001945,0.001945,0.001984,0.001984,0.001945,0.001945,0.002022,0.001984,0.001945,0.001945,0.001907,0.001907,0.001945,0.001945,0.001907,0.001869,0.001869,0.001869,0.001869,0.001869,0.001831,0.001831,0.001793,0.001755,0.001793,0.001717,0.001717,0.001717,0.001602,0.001640,0.001640,0.001602,0.001564,0.001564,0.001488,0.001450,0.001526,0.001488,0.001450,0.001411,0.001411,0.001411,0.001411,0.001450,0.001488,0.001526,0.001564,0.001678,0.001793,0.001869,0.001945,0.002213,0.002365,0.002518,0.002785,0.003052,0.003395,0.003586,0.003891,0.004272,0.004578,0.004883,0.005264,0.005646,0.006027,0.006409,0.006714,0.006943,0.007172,0.007286,0.007439,0.007439,0.007362,0.007210,0.006981,0.006638,0.006294,0.005798,0.005341,0.004768,0.004196,0.003586,0.003014,0.002441,0.001793,0.001221,0.000572,0.000076,-0.000458,-0.001106,-0.001755,-0.002403,-0.002975,-0.003510,-0.004044,-0.004501,-0.004845,-0.005150,-0.005341,-0.005379,-0.005341,-0.005264,-0.005074,-0.004768,-0.004349,-0.003891,-0.003433,-0.002899,-0.002441,-0.001907,-0.001335,-0.000877,-0.000381,0.000000,0.000381,0.000725,0.001068,0.001373,0.001564,0.001793,0.001984,0.002098,0.002213,0.002289,0.002403,0.002441,0.002518,0.002594,0.002670,0.002708,0.002785,0.002861,0.002937,0.003014,0.003052,0.003090,0.003128,0.003204,0.003281,0.003395,0.003471,0.003548,0.003662,0.003777,0.003853,0.004044,0.004158,0.004272,0.004349,0.004501,0.004578,0.004578,0.004654,0.004692,0.004730,0.004654,0.004692,0.004654,0.004539,0.004501,0.004387,0.004272,0.004196,0.004120,0.004005,0.003929,0.003815,0.003662,0.003548,0.003357,0.003204,0.003128,0.003014,0.002937,0.002785,0.002670,0.002632,0.002480,0.002403,0.002365,0.002251,0.002213,0.002174,0.002098,0.002022,0.001945,0.001945,0.001831,0.001869,0.001793,0.001678,0.001755,0.001717,0.001717,0.001755,0.001793,0.001793,0.001831,0.001831,0.001869,0.001945,0.001984,0.001907,0.001984,0.001984,0.002060,0.001984,0.001984,0.001907,0.001984,0.001945,0.001869,0.001869,0.001869,0.001793,0.001793,0.001793,0.001793,0.001755,0.001678,0.001755,0.001755,0.001717,0.001717,0.001640,0.001640,0.001526,0.001526,0.001526,0.001411,0.001411,0.001335,0.001373,0.001411,0.001411,0.001450,0.001450,0.001488,0.001564,0.001602,0.001678,0.001755,0.001831,0.001831,0.001831,0.001907,0.001831,0.001831,0.001831,0.001793,0.001869,0.001793,0.001831,0.001793,0.001831,0.001793,0.001831,0.001869,0.001869,0.001945,0.001869,0.001945,0.001984,0.001945,0.001945,0.001907,0.001907,0.001869,0.001831,0.001869,0.001831,0.001869,0.001831,0.001831,0.001793,0.001755,0.001793,0.001793,0.001831,0.001907,0.001945,0.001945,0.002022,0.002060,0.002136,0.002174,0.002327,0.002327,0.002365,0.002480,0.002518,0.002556,0.002518,0.002556,0.002556,0.002518,0.002556,0.002480,0.002403,0.002365,0.002251,0.002174,0.002098,0.002060,0.001945,0.001907,0.001869,0.001869,0.001831,0.001793,0.001793,0.001831,0.001831,0.001831,0.001869,0.001831,0.001831,0.001831,0.001869,0.001831,0.001793,0.001755,0.001755,0.001717,0.001602,0.001564,0.001564,0.001526,0.001488,0.001411,0.001411,0.001373,0.001411,0.001373,0.001335,0.001373,0.001373,0.001335,0.001373,0.001335,0.001335,0.001373,0.001373,0.001373,0.001411,0.001488,0.001526,0.001564,0.001564,0.001678,0.001793,0.001793,0.001831,0.001907,0.001984,0.002022,0.002136,0.002251,0.002251,0.002365,0.002480,0.002518,0.002594,0.002594,0.002708,0.002747,0.002747,0.002747,0.002708,0.002785,0.002708,0.002708,0.002670,0.002708,0.002747,0.002670,0.002632,0.002632,0.002632,0.002594,0.002594,0.002594,0.002556,0.002556,0.002594,0.002556,0.002556,0.002556,0.002556,0.002480,0.002403,0.002365,0.002365,0.002327,0.002251,0.002251,0.002251,0.002136,0.002098,0.002098,0.002136,0.002136,0.002174,0.002136,0.002136,0.002098,0.002098,0.002136,0.002174,0.002098,0.002060,0.002136,0.002098,0.002060,0.002098,0.002060,0.002136,0.002060,0.002060,0.002060,0.002098,0.002098,0.002060,0.002060,0.002098,0.002098,0.002136,0.002174,0.002251,0.002327,0.002289,0.002327,0.002365,0.002441,0.002441,0.002441,0.002441,0.002594,0.002632,0.002556,0.002594,0.002594,0.002556,0.002518,0.002441,0.002441,0.002365,0.002289,0.002213,0.002174,0.002098,0.001984,0.001984,0.001869,0.001793,0.001755,0.001678,0.001717,0.001717,0.001678,0.001717,0.001640,0.001640,0.001678,0.001717,0.001755,0.001793,0.001793,0.001907,0.001907,0.001984,0.001984,0.002060,0.002022,0.002098,0.002136,0.002136,0.002136,0.002136,0.002060,0.002098,0.002098,0.002022,0.002022,0.002022,0.001984,0.001907,0.001945,0.001869,0.001907,0.001869,0.001793,0.001755,0.001678,0.001678,0.001717,0.001640,0.001640,0.001602,0.001602,0.001564,0.001526,0.001526,0.001488,0.001564,0.001526,0.001526,0.001602,0.001602,0.001640,0.001640,0.001602,0.001717,0.001678,0.001755,0.001755,0.001793,0.001831,0.001869,0.001907,0.001945,0.001945,0.002022,0.002022,0.002022,0.002022,0.002060,0.002022,0.002060,0.002060,0.002060,0.002136,0.002136,0.002136,0.002174,0.002136,0.002174,0.002136,0.002136,0.002174,0.002213,0.002213,0.002174,0.002174,0.002213,0.002174,0.002174,0.002174,0.002174,0.002098,0.002136,0.002098,0.002098,0.002098,0.002098,0.002136,0.002136,0.002098,0.002136,0.002136,0.002098,0.002098,0.002136,0.002174,0.002136,0.002098,0.002174,0.002136,0.002174,0.002098,0.002174,0.002136,0.002098,0.002174,0.002098,0.002098,0.002060,0.002060,0.002022,0.001945,0.001984,0.001945,0.001907,0.001869,0.001831,0.001831,0.001793,0.001717,0.001717,0.001717,0.001717,0.001717,0.001678,0.001678,0.001717,0.001717,0.001602,0.001640,0.001717,0.001678,0.001640,0.001640,0.001640,0.001678,0.001640,0.001678,0.001717,0.001755,0.001717,0.001755,0.001831,0.001869,0.001984,0.001984,0.001984,0.002022,0.002098,0.002136,0.002174,0.002213,0.002289,0.002327,0.002327,0.002251,0.002441,0.002441,0.002403,0.002403,0.002403,0.002480,0.002441,0.002480,0.002403,0.002441,0.002480,0.002441,0.002480,0.002518,0.002518,0.002441,0.002441,0.002556,0.002441,0.002403,0.002441,0.002441,0.002441,0.002403,0.002365,0.002403,0.002365,0.002327,0.002327,0.002289,0.002251,0.002136,0.002174,0.002174,0.002098,0.002060,0.001945,0.001984,0.001984,0.001984,0.001945,0.001907,0.001907,0.001907,0.001907,0.001945,0.001984,0.001945,0.001984,0.002060,0.002098,0.002098,0.002098,0.002060,0.002174,0.002174,0.002251,0.002251,0.002251,0.002289,0.002327,0.002327,0.002251,0.002251,0.002327,0.002289,0.002174,0.002174,0.002098,0.002213,0.002098,0.002060,0.002060,0.002022,0.002022,0.001945,0.002022,0.001907,0.001907,0.001907,0.001869,0.001869,0.001831,0.001755,0.001755,0.001755,0.001755,0.001717,0.001717,0.001755,0.001793,0.001717,0.001678,0.001678,0.001640,0.001678,0.001717,0.001678,0.001755,0.001755,0.001755,0.001793,0.001717,0.001755,0.001755,0.001717,0.001755,0.001678,0.001717,0.001755,0.001717,0.001755,0.001717,0.001717,0.001755,0.001755,0.001755,0.001793,0.001869,0.001793,0.001831,0.001831,0.001869,0.001945,0.001945,0.002022,0.002022,0.002060,0.002174,0.002098,0.002098,0.002136,0.002174,0.002251,0.002213,0.002251,0.002213,0.002251,0.002251,0.002213,0.002251,0.002213,0.002174,0.002213,0.002213,0.002174,0.002136,0.002136,0.002136,0.002060,0.002098,0.002098,0.002098,0.002022,0.002022,0.002022,0.001984,0.002022,0.001945,0.002022,0.002060,0.002022,0.002060,0.002022,0.002098,0.002022,0.001984,0.002060,0.002022,0.002098,0.002060,0.002022,0.002060,0.002060,0.002060,0.002060,0.001984,0.002022,0.002022,0.002060,0.002060,0.002060,0.002060,0.001984,0.002060,0.002060,0.002098,0.002136,0.002098,0.002098,0.002136,0.002136,0.002136,0.002136,0.002174,0.002136,0.002174,0.002136,0.002174,0.002098,0.002060,0.002098,0.002060,0.002022,0.002060,0.001984,0.002022,0.001984,0.001984,0.002060,0.001984,0.001984,0.001984,0.002022,0.002022,0.001945,0.002022,0.002022,0.001945,0.001984,0.002022,0.002022,0.001984,0.002022,0.001984,0.001984,0.002060,0.001984,0.002022,0.002022,0.002022,0.002060,0.002060,0.002098,0.002060,0.002136,0.002174,0.002098,0.002136,0.002174,0.002213,0.002213,0.002136,0.002098,0.002098,0.002136,0.002098,0.002060,0.002060,0.002060,0.002060,0.002022,0.001945,0.001945,0.001907,0.001869,0.001831,0.001831,0.001869,0.001831,0.001869,0.001831,0.001831,0.001831,0.001755,0.001831,0.001831,0.001907,0.001869,0.001869,0.001945,0.001984,0.001984,0.001984,0.002022,0.001984,0.001984,0.002022,0.002022,0.002060,0.002060,0.001984,0.002022,0.002022,0.002022,0.002060,0.001984,0.002098,0.002022,0.002060,0.002022,0.001984,0.002022,0.001945,0.001984,0.001984,0.001945,0.001984,0.001945,0.001907,0.001945,0.001907,0.001945,0.001945,0.001945,0.001869,0.001831,0.001907,0.001907,0.001869,0.001869,0.001831,0.001907,0.001869,0.001907,0.001907,0.001869,0.001907,0.001945,0.002022,0.001984,0.002022,0.002022,0.002060,0.002098,0.002098,0.002098,0.002136,0.002136,0.002136,0.002174,0.002213,0.002213,0.002213,0.002251,0.002251,0.002251,0.002251,0.002213,0.002251,0.002251,0.002289,0.002289,0.002251,0.002213,0.002251,0.002289,0.002213,0.002289,0.002289,0.002251,0.002213,0.002174,0.002136,0.002174,0.002136,0.002136,0.002136,0.002174,0.002136,0.002098,0.002098,0.002022,0.002098,0.002060,0.002060,0.002060,0.002022,0.002022,0.002060,0.001984,0.001984,0.001984,0.001984,0.001945,0.001945,0.001984,0.001907,0.001984,0.001984,0.002022,0.002022,0.002022,0.002136,0.002136,0.002174,0.002213,0.002213,0.002289,0.002289,0.002327,0.002365,0.002403,0.002518,0.002518,0.002518,0.002594,0.002594,0.002708,0.002632,0.002670,0.002708,0.002708,0.002670,0.002632,0.002632,0.002556,0.002594,0.002556,0.002480,0.002480,0.002403,0.002403,0.002403,0.002327,0.002289,0.002251,0.002213,0.002213,0.002136,0.002136,0.002060,0.002060,0.001984,0.001945,0.001869,0.001793,0.001755,0.001602,0.001526,0.001411,0.001297,0.001221,0.001144,0.001068,0.000954,0.000916,0.000877,0.000801,0.000877,0.000877,0.000839,0.000877,0.000954,0.001030,0.001068,0.001144,0.001259,0.001335,0.001450,0.001488,0.001602,0.001678,0.001755,0.001945,0.001984,0.002022,0.002060,0.002174,0.002213,0.002213,0.002289,0.002327,0.002327,0.002365,0.002327,0.002365,0.002289,0.002365,0.002251,0.002213,0.002251,0.002136,0.002098,0.002136,0.002174,0.002213,0.002136,0.002136,0.002174,0.002136,0.002213,0.002136,0.002174,0.002174,0.002251,0.002327,0.002251,0.002365,0.002365,0.002365,0.002365,0.002403,0.002480,0.002518,0.002518,0.002518,0.002480,0.002480,0.002480,0.002441,0.002403,0.002365,0.002365,0.002289,0.002251,0.002251,0.002213,0.002213,0.002213,0.002136,0.002098,0.002060,0.002022,0.001984,0.001984,0.001945,0.001907,0.001945,0.001869,0.001907,0.001907,0.001907,0.001907,0.001831,0.001869,0.001831,0.001907,0.001945,0.001869,0.001945,0.001984,0.001984,0.001984,0.001945,0.001945,0.001945,0.001945,0.001907,0.001907,0.001984,0.001984,0.001945,0.001907,0.001984,0.001984,0.001907,0.001907,0.001907,0.001945,0.001945,0.001945,0.001945,0.001945,0.001945,0.001945,0.001945,0.001984,0.001945,0.001907,0.001984,0.001984,0.002060,0.001984,0.002022,0.002022,0.002022,0.002098,0.002060,0.002136,0.002060,0.002098,0.002174,0.002136,0.002213,0.002174,0.002174,0.002213,0.002251,0.002251,0.002251,0.002327,0.002327,0.002289,0.002327,0.002327,0.002365,0.002403,0.002327,0.002327,0.002289,0.002289,0.002365,0.002327,0.002289,0.002289,0.002289,0.002213,0.002251,0.002174,0.002174,0.002174,0.002136,0.002136,0.002098,0.002060,0.002174,0.002060,0.002060,0.002098,0.002022,0.002060,0.002022,0.002060,0.002022,0.002022,0.002098,0.002060,0.002136,0.002136,0.002060,0.002136,0.002060,0.002098,0.002136,0.002098,0.002098,0.002174,0.002213,0.002174,0.002213,0.002251,0.002251,0.002289,0.002213,0.002251,0.002289,0.002251,0.002403,0.002289,0.002327,0.002327,0.002365,0.002403,0.002327,0.002327,0.002327,0.002327,0.002327,0.002251,0.002251,0.002213,0.002174,0.002136,0.002060,0.002022,0.001984,0.002060,0.002022,0.001945,0.001945,0.001945,0.001869,0.001907,0.001831,0.001869,0.001831,0.001831,0.001869,0.001831,0.001793,0.001755,0.001755,0.001755,0.001793,0.001793,0.001755,0.001717,0.001717,0.001717,0.001678,0.001755,0.001793,0.001831,0.001755,0.001831,0.001869,0.001869,0.001831,0.001869,0.001869,0.001831,0.001869,0.001869,0.001945,0.001945,0.001945,0.001984,0.001984,0.001984,0.002022,0.001984,0.002022,0.002060,0.002136,0.002098,0.002060,0.002136,0.002098,0.002136,0.002174,0.002136,0.002174,0.002136,0.002174,0.002174,0.002213,0.002136,0.002098,0.002098,0.002136,0.002098,0.002136,0.002098,0.002136,0.002060,0.002060,0.002060,0.002022,0.002060,0.002098,0.002098,0.002022,0.002136,0.002136,0.002060,0.002060,0.002098,0.002136,0.002098,0.002022,0.002136,0.002098,0.002060,0.002098,0.002098,0.002174,0.002060,0.002060,0.002060,0.001984,0.002060,0.001984,0.002022,0.002060,0.002022,0.001945,0.001945,0.001984,0.001869,0.001907,0.001907,0.001831,0.001831,0.001793,0.001869,0.001869,0.001755,0.001907,0.001869,0.001831,0.001869,0.001793,0.001831,0.001869,0.001907,0.001907,0.001907,0.001907,0.001869,0.001984,0.001984,0.001984,0.002022,0.002022,0.002022,0.002022,0.001984,0.002098,0.001984,0.002060,0.002098,0.002060,0.002098,0.002060,0.002022,0.002022,0.002060,0.002022,0.001984,0.002060,0.002022,0.002022,0.001945,0.001984,0.002060,0.002022,0.001984,0.001984,0.002022,0.002022,0.002022,0.002098,0.002098,0.002136,0.002098,0.002060,0.002136,0.002136,0.002136,0.002213,0.002174,0.002213,0.002174,0.002174,0.002213,0.002213,0.002289,0.002289,0.002251,0.002251,0.002251,0.002289,0.002213,0.002213,0.002174,0.002213,0.002174,0.002136,0.002174,0.002136,0.002136,0.002136,0.002136,0.002098,0.002060,0.002136,0.002098,0.002060,0.002060,0.001984,0.002022,0.002060,0.002098,0.002060,0.001984,0.002022,0.002098,0.002022,0.002060,0.002022,0.002098,0.002136,0.002060,0.002136,0.002098,0.002251,0.002213,0.002174,0.002251,0.002174,0.002174,0.002213,0.002213,0.002213,0.002251,0.002251,0.002251,0.002213,0.002251,0.002213,0.002251,0.002251,0.002213,0.002213,0.002213,0.002174,0.002098,0.002174,0.002174,0.002136,0.002098,0.002098,0.002136,0.002022,0.001984,0.001984,0.001945,0.001984,0.001984,0.001907,0.001869,0.001869,0.001869,0.001831,0.001793,0.001793,0.001755,0.001793,0.001717,0.001678,0.001717,0.001678,0.001640,0.001602,0.001640,0.001678,0.001640,0.001564,0.001602,0.001678,0.001678,0.001602,0.001602,0.001640,0.001717,0.001640,0.001678,0.001717,0.001678,0.001678,0.001678,0.001640,0.001678,0.001717,0.001717,0.001678,0.001678,0.001717,0.001755,0.001755,0.001717,0.001755,0.001831,0.001869,0.001869,0.001869,0.001907,0.001945,0.001945,0.001984,0.001984,0.001984,0.002022,0.002098,0.002136,0.002060,0.002136,0.002174,0.002174,0.002174,0.002213,0.002251,0.002174,0.002251,0.002251,0.002289,0.002327,0.002289,0.002327,0.002289,0.002289,0.002289,0.002289,0.002327,0.002251,0.002327,0.002289,0.002251,0.002251,0.002289,0.002289,0.002289,0.002251,0.002213,0.002174,0.002174,0.002213,0.002174,0.002174,0.002136,0.002136,0.002060,0.002136,0.002060,0.002060,0.002098,0.002022,0.001984,0.002022,0.001945,0.002022,0.001984,0.002022,0.002060,0.002022,0.002022,0.001945,0.001984,0.001945,0.001907,0.001945,0.001984,0.002022,0.001984,0.001907,0.002022,0.001945,0.001945,0.001945,0.001907,0.001945,0.001945,0.001945,0.001907,0.001945,0.001907,0.001831,0.001945,0.001869,0.001945,0.001907,0.001831,0.001945,0.001907,0.001869,0.001869,0.001869,0.001945,0.001907,0.001945,0.001984,0.002022,0.002022,0.001945,0.002022,0.001984,0.002022,0.002060,0.002060,0.002060,0.002060,0.002060,0.002022,0.002022,0.002060,0.002060,0.002098,0.002060,0.002060,0.002098,0.002060,0.002098,0.002060,0.002060,0.002060,0.002022,0.002098,0.002060,0.002022,0.002022,0.001984,0.002060,0.002060,0.002060,0.002060,0.002022,0.002098,0.002098,0.002098,0.002098,0.002098,0.002136,0.002136,0.002213,0.002174,0.002136,0.002174,0.002136,0.002174,0.002136,0.002136,0.002174,0.002098,0.002174,0.002136,0.002098,0.002213,0.002136,0.002136,0.002098,0.002136,0.002098,0.002060,0.002136,0.002098,0.002098,0.002060,0.002022,0.002060,0.002098,0.002098,0.002060,0.002060,0.002098,0.002060,0.002098,0.002098,0.002060,0.002060,0.002060,0.002060,0.002060,0.002022,0.002022,0.002022,0.002060,0.002098,0.002022,0.002022,0.001984,0.002022,0.001984,0.001984,0.001984,0.001945,0.001907,0.001869,0.001945,0.001907,0.001907,0.001945,0.001831,0.001907,0.001907,0.001907,0.001907,0.001793,0.001907,0.001907,0.001907,0.001907,0.001831,0.001869,0.001831,0.001869,0.001869,0.001831,0.001945,0.001869,0.001907,0.001907,0.001907,0.001907,0.001907,0.001907,0.001869,0.001907,0.001945,0.001869,0.001945,0.001907,0.001945,0.001945,0.001869,0.002022,0.001984,0.001984,0.001984,0.002060,0.002022,0.002098,0.002060,0.002098,0.002098,0.002098,0.002060,0.002136,0.002136,0.002098,0.002136,0.002022,0.002136,0.002098,0.002174,0.002174,0.002136,0.002213,0.002136,0.002174,0.002213,0.002136,0.002174,0.002136,0.002174,0.002136,0.002098,0.002098,0.002060,0.002136,0.002136,0.002060,0.002060,0.002098,0.002060,0.002060,0.002022,0.002098,0.002060,0.002098,0.002060,0.002098,0.002098,0.002022,0.002136,0.002136,0.002136,0.002174,0.002060,0.002098,0.002098,0.002098,0.002098,0.002098,0.002174,0.002098,0.002136,0.002136,0.002098,0.002174,0.002136,0.002060,0.002136,0.002098,0.002174,0.002136,0.002098,0.002098,0.002136,0.002136,0.002136,0.002213,0.002060,0.002098,0.002174,0.002098,0.002136,0.002136,0.002098,0.002060,0.002060,0.002098,0.002098,0.002098,0.002098,0.002098,0.002136,0.002060,0.002098,0.002098,0.002098,0.002060,0.002060,0.002174,0.002098,0.002098,0.002098,0.002060,0.002060,0.002098,0.002060,0.002022,0.002060,0.002060,0.002098,0.002136,0.002060,0.002022,0.002098,0.002060,0.002060,0.002136,0.002136,0.002098,0.002060,0.002098,0.002098,0.002136,0.002136,0.002060,0.002136,0.002136,0.002136,0.002136,0.002060,0.002136,0.002098,0.002060,0.002060,0.002022,0.002022,0.002022,0.002060,0.002022,0.001945,0.001984,0.001984,0.002022,0.001984,0.001945,0.001984,0.001945,0.001984,0.001984,0.001907,0.002022,0.001984,0.001945,0.001984,0.002022,0.002022,0.002022,0.001984,0.001945,0.002060,0.002022,0.002022,0.002136,0.002022,0.002098,0.002060,0.002098,0.002136,0.002060,0.002213,0.002174,0.002174,0.002289,0.002213,0.002251,0.002251,0.002289,0.002327,0.002365,0.002403,0.002327,0.002403,0.002403,0.002365,0.002365,0.002327,0.002365,0.002289,0.002251,0.002289,0.002251,0.002213,0.002136,0.002098,0.002060,0.002022,0.001984,0.001907,0.001907,0.001869,0.001831,0.001831,0.001755,0.001793,0.001793,0.001755,0.001755,0.001717,0.001717,0.001793,0.001717,0.001793,0.001793,0.001869,0.001831,0.001831,0.001907,0.001945,0.001984,0.001831,0.001984,0.001984,0.001984,0.002060,0.002060,0.002060,0.002022,0.001984,0.002022,0.001945,0.001945,0.001984,0.001945,0.001945,0.001907,0.001984,0.001907,0.001869,0.001945,0.001869,0.001945,0.001907,0.001945,0.001984,0.001984,0.002022,0.001984,0.001984,0.002022,0.002022,0.002060,0.002022,0.002098,0.002098,0.002060,0.002136,0.002060,0.002098,0.002174,0.002136,0.002174,0.002174,0.002213,0.002251,0.002213,0.002251,0.002251,0.002213,0.002251,0.002213,0.002213,0.002213,0.002213,0.002213,0.002174,0.002174,0.002174,0.002251,0.002213,0.002213,0.002174,0.002251,0.002213,0.002213,0.002136,0.002213,0.002251,0.002251,0.002251,0.002251,0.002251,0.002251,0.002289,0.002251,0.002251,0.002174,0.002174,0.002213,0.002136,0.002136,0.002174,0.002098,0.002136,0.002060,0.002098,0.002022,0.001984,0.001945,0.001907,0.001945,0.001831,0.001869,0.001869,0.001793,0.001869,0.001793,0.001831,0.001793,0.001793,0.001831,0.001717,0.001755,0.001755,0.001755,0.001755,0.001717,0.001755,0.001755,0.001755,0.001755,0.001793,0.001793,0.001793,0.001831,0.001831,0.001793,0.001869,0.001831,0.001907,0.001831,0.001907,0.001907,0.001945,0.001945,0.001945,0.002022,0.002022,0.002022,0.002022,0.002022,0.001984,0.002022,0.002022,0.002136,0.002098,0.002098,0.002060,0.002022,0.002098,0.002060,0.002022,0.002098,0.002098,0.002060,0.002022,0.002022,0.002060,0.002022,0.002060,0.002022,0.002060,0.002060,0.001984,0.002022,0.001984,0.002060,0.002022,0.002060,0.002060,0.002060,0.002098,0.002060,0.002060,0.002060,0.002098,0.002136,0.002060,0.002098,0.002136,0.002136,0.002174,0.002098,0.002136,0.002174,0.002213,0.002174,0.002136,0.002174,0.002098,0.002174,0.002213,0.002174,0.002136,0.002060,0.002174,0.002174,0.002174,0.002174,0.002098,0.002060,0.002098,0.002136,0.002174,0.002098,0.002098,0.002060,0.002022,0.002022,0.001945,0.001984,0.001984,0.001945,0.001984,0.001984,0.001907,0.001907,0.002022,0.001984,0.001945,0.002022,0.001984,0.002022,0.002060,0.002060,0.002022,0.001984,0.002022,0.002060,0.002022,0.002098,0.002098,0.002098,0.002060,0.002022,0.001984,0.001984,0.001984,0.001945,0.002022,0.001984,0.001945,0.001907,0.001831,0.001869,0.001869,0.001793,0.001831,0.001831,0.001831,0.001793,0.001793,0.001831,0.001831,0.001831,0.001869,0.001831,0.001907,0.001869,0.001945,0.001907,0.002022,0.002022,0.002022,0.002098,0.002022,0.002060,0.002098,0.002060,0.002136,0.002098,0.002174,0.002136,0.002098,0.002098,0.002060,0.002060,0.002022,0.002060,0.002022,0.001984,0.002022,0.002022,0.001945,0.001984,0.002022,0.001984,0.001945,0.001984,0.001945,0.002022,0.002022,0.001945,0.001945,0.001984,0.001945,0.001984,0.001945,0.002022,0.001984,0.001984,0.001984,0.001984,0.002060,0.002022,0.002098,0.002098,0.002098,0.002136,0.002098,0.002136,0.002174,0.002136,0.002136,0.002136,0.002174,0.002174,0.002213,0.002251,0.002251,0.002251,0.002213,0.002213,0.002251,0.002251,0.002289,0.002213,0.002213,0.002251,0.002213,0.002213,0.002213,0.002251,0.002213,0.002174,0.002174,0.002098,0.002136,0.002136,0.002060,0.002060,0.002022,0.002022,0.001984,0.002060,0.002060,0.001984,0.002022,0.001984,0.001984,0.002022,0.001945,0.002022,0.002022,0.002022,0.002022,0.002022,0.002022,0.001984,0.001984,0.001945,0.002022,0.001984,0.001945,0.001945,0.001945,0.001907,0.001907,0.001869,0.001831,0.001831,0.001831,0.001831,0.001717,0.001793,0.001717,0.001755,0.001869,0.001793,0.001755,0.001755,0.001793,0.001755,0.001793,0.001831,0.001793,0.001831,0.001831,0.001831,0.001831,0.001793,0.001869,0.001869,0.001831,0.001869,0.001831,0.001907,0.001907,0.001945,0.001945,0.001869,0.001907,0.001869,0.001869,0.001907,0.001907,0.001907,0.001831,0.001945,0.001984,0.001869,0.001869,0.001907,0.001907,0.001869,0.001869,0.001907,0.001907,0.001907,0.001945,0.001945,0.001945,0.001869,0.001945,0.001945,0.001945,0.001984,0.002022,0.002022,0.001984,0.002060,0.002098,0.002060,0.002136,0.002060,0.002136,0.002098,0.002136,0.002136,0.002136,0.002174,0.002174,0.002098,0.002174,0.002136,0.002213,0.002136,0.002136,0.002251,0.002251,0.002251,0.002213,0.002289,0.002289,0.002289,0.002327,0.002289,0.002365,0.002327,0.002327,0.002365,0.002289,0.002365,0.002365,0.002327,0.002403,0.002365,0.002365,0.002327,0.002327,0.002251,0.002251,0.002251,0.002213,0.002174,0.002136,0.002098,0.002060,0.002060,0.001984,0.001984,0.001945,0.001869,0.001831,0.001831,0.001755,0.001717,0.001717,0.001755,0.001717,0.001678,0.001717,0.001678,0.001678,0.001717,0.001717,0.001831,0.001793,0.001755,0.001793,0.001717,0.001831,0.001793,0.001755,0.001831,0.001831,0.001869,0.001831,0.001831,0.001907,0.001907,0.001907,0.001907,0.001945,0.001984,0.001945,0.001984,0.001984,0.002022,0.002098,0.002060,0.002098,0.002098,0.002136,0.002098,0.002136,0.002174,0.002098,0.002136,0.002174,0.002213,0.002213,0.002213,0.002213,0.002289,0.002289,0.002251,0.002213,0.002251,0.002289,0.002251,0.002289,0.002289,0.002289,0.002289,0.002327,0.002289,0.002289,0.002289,0.002213,0.002251,0.002251,0.002251,0.002289,0.002251,0.002213,0.002213,0.002251,0.002251,0.002251,0.002174,0.002213,0.002251,0.002251,0.002136,0.002174,0.002174,0.002213,0.002213,0.002174,0.002174,0.002060,0.002098,0.002136,0.002098,0.002098,0.002174,0.002098,0.002098,0.002060,0.002098,0.002022,0.002098,0.002060,0.002060,0.002060,0.002022,0.002136,0.002060,0.002060,0.002060,0.002060,0.002060,0.002022,0.002022,0.001984,0.001907,0.001945,0.001907,0.001945,0.001945,0.001945,0.001907,0.001907,0.001907,0.001831,0.001907,0.001907,0.001831,0.001869,0.001869,0.001907,0.001869,0.001869,0.001945,0.001869,0.001945,0.001907,0.001907,0.001945,0.001907,0.001907,0.001945,0.001907,0.001984,0.001945,0.001984,0.001984,0.001907,0.001945,0.001907,0.001984,0.001984,0.002022,0.001984,0.001945,0.002022,0.001984,0.002022,0.002060,0.002022,0.002098,0.002060,0.002098,0.002136,0.002098,0.002098,0.002098,0.002213,0.002174,0.002136,0.002136,0.002136,0.002213,0.002213,0.002174,0.002174,0.002213,0.002213,0.002213,0.002289,0.002251,0.002213,0.002213,0.002213,0.002251,0.002213,0.002213,0.002174,0.002174,0.002174,0.002174,0.002136,0.002136,0.002098,0.002174,0.002098,0.002174,0.002136,0.002060,0.002174,0.002136,0.002060,0.002136,0.002098,0.002060,0.002060,0.002098,0.002098,0.002098,0.002060,0.002022,0.002060,0.002022,0.002022,0.002022,0.002022,0.002060,0.002022,0.002022,0.002022,0.001984,0.002060,0.002060,0.002060,0.002022,0.001984,0.001945,0.001984,0.002022,0.001984,0.001907,0.002022,0.001945,0.001907,0.001907,0.001907,0.001869,0.001869,0.001869,0.001869,0.001831,0.001869,0.001831,0.001831,0.001793,0.001793,0.001831,0.001793,0.001793,0.001755,0.001755,0.001755,0.001717,0.001755,0.001717,0.001793,0.001755,0.001755,0.001793,0.001793,0.001869,0.001869,0.001869,0.001869,0.001831,0.001869,0.001831,0.001907,0.001907,0.001945,0.001945,0.001984,0.001984,0.002022,0.001984,0.001984,0.001984,0.002022,0.002022,0.001984,0.002060,0.002098,0.002136,0.002098,0.002136,0.002060,0.002098,0.002136,0.002174,0.002251,0.002174,0.002174,0.002251,0.002213,0.002289,0.002289,0.002251,0.002251,0.002289,0.002213,0.002289,0.002251,0.002251,0.002213,0.002213,0.002174,0.002174,0.002174,0.002136,0.002174,0.002213,0.002251,0.002136,0.002136,0.002174,0.002060,0.002136,0.002136,0.002098,0.002060,0.002098,0.002136,0.002098,0.002098,0.002098,0.002060,0.002098,0.002022,0.002060,0.002098,0.002060,0.002060,0.002060,0.002098,0.002098,0.002060,0.002136,0.002060,0.002060,0.002098,0.002060,0.002098,0.002098,0.002098,0.002174,0.002098,0.002136,0.002136,0.002060,0.002136,0.002174,0.002136,0.002136,0.002136,0.002174,0.002136,0.002174,0.002136,0.002136,0.002136,0.002136,0.002060,0.002098,0.002136,0.002098,0.002098,0.002098,0.002136,0.002136,0.002060,0.002174,0.002098,0.002098,0.002098,0.002060,0.002098,0.002098,0.002098,0.002060,0.002060,0.002136,0.002060,0.002060,0.002060,0.002060,0.002098,0.002098,0.002136,0.002098,0.002098,0.002136,0.002136,0.002098,0.002098,0.002136,0.002098,0.002098,0.002136,0.002136,0.002060,0.002136,0.002098,0.002174,0.002136,0.002136,0.002136,0.002136,0.002136,0.002098,0.002136,0.002136,0.002136,0.002136,0.002060,0.002060,0.002060,0.002060,0.002060,0.001984,0.002022,0.001945,0.001945,0.001945,0.001907,0.001984,0.001945,0.001869,0.001869,0.001831,0.001831,0.001793,0.001831,0.001831,0.001869,0.001831,0.001755,0.001793,0.001678,0.001755,0.001755,0.001717,0.001755,0.001755,0.001717,0.001717,0.001717,0.001793,0.001793,0.001793,0.001793,0.001755,0.001831,0.001869,0.001869,0.001907,0.001869,0.001907,0.001907,0.001984,0.001984,0.001984,0.002022,0.002060,0.002098,0.002098,0.002174,0.002174,0.002136,0.002213,0.002251,0.002213,0.002136,0.002174,0.002136,0.002174,0.002174,0.002098,0.002098,0.002098,0.002060,0.002060,0.002060,0.002060,0.002060,0.002060,0.002060,0.002022,0.002060,0.002022,0.002060,0.002060,0.002060,0.002022,0.002022,0.002098,0.002098,0.002098,0.002136,0.002174,0.002174,0.002136,0.002136,0.002213,0.002174,0.002213,0.002174,0.002174,0.002136,0.002136,0.002174,0.002136,0.002098,0.002098,0.002060,0.002022,0.002060,0.002022,0.002098,0.001945,0.001984,0.001907,0.001907,0.001831,0.001755,0.001755,0.001717,0.001717,0.001678,0.001678,0.001678,0.001602,0.001640,0.001678,0.001678,0.001678,0.001717,0.001755,0.001755,0.001831,0.001755,0.001793,0.001831,0.001831,0.001907,0.001907,0.001907,0.001907,0.001945,0.001945,0.001984,0.001984,0.001907,0.001907,0.001984,0.001984,0.001907,0.001945,0.001984,0.001907,0.001945,0.001869,0.001945,0.001984,0.001984,0.001945,0.001945,0.001945,0.001945,0.001984,0.001984,0.002022,0.002022,0.002060,0.002098,0.002060,0.002098,0.002098,0.002098,0.002136,0.002098,0.002136,0.002174,0.002213,0.002174,0.002213,0.002213,0.002174,0.002213,0.002251,0.002174,0.002213,0.002136,0.002174,0.002174,0.002174,0.002174,0.002098,0.002174,0.002136,0.002136,0.002136,0.002060,0.002098,0.002136,0.002136,0.002098,0.002098,0.002098,0.002060,0.001984,0.002098,0.002136,0.002098,0.002098,0.002098,0.002136,0.002098,0.002098,0.002098,0.002060,0.002022,0.002022,0.002060,0.002060,0.002060,0.002022,0.002060,0.002060,0.001984,0.002022,0.002022,0.001984,0.002022,0.001984,0.001984,0.001984,0.001984,0.001907,0.001984,0.001945,0.001945,0.001945,0.001984,0.001984,0.001984,0.001945,0.001945,0.001984,0.001907,0.001984,0.001984,0.001945,0.001945,0.001984,0.001945,0.001984,0.002022,0.002022,0.001984,0.001984,0.002060,0.002022,0.002022,0.002022,0.002060,0.002022,0.002022,0.001984,0.002060,0.002060,0.002060,0.002098,0.002098,0.002022,0.002060,0.002022,0.002060,0.002098,0.002060,0.002060,0.002098,0.002098,0.002060,0.002022,0.002060,0.002098,0.002060,0.001984,0.002022,0.001984,0.001984,0.001984,0.001984,0.002022,0.001984,0.002022,0.001984,0.001907,0.001907,0.001945,0.001945,0.001907,0.001945,0.001907,0.001869,0.001907,0.001945,0.001907,0.001907,0.001869,0.001945,0.001907,0.001869,0.001869,0.001907,0.001984,0.001907,0.001945,0.001984,0.001984,0.001945,0.001869,0.001907,0.001945,0.001907,0.001907,0.001945,0.001945,0.001945,0.001907,0.001869,0.001907,0.001869,0.001945,0.001984,0.001945,0.001984,0.001984,0.001984,0.002022,0.002022,0.002022,0.002060,0.002060,0.002060,0.002022,0.002098,0.002022,0.002022,0.002022,0.001984,0.002060,0.002060,0.002022,0.002060,0.001984,0.002022,0.002060,0.002060,0.002060,0.002022,0.002022,0.002060,0.002022,0.001984,0.001945,0.001907,0.001907,0.002022,0.001984,0.001945,0.001984,0.001945,0.001945,0.001945,0.001945,0.001945,0.001945,0.002060,0.001984,0.002022,0.002022,0.002098,0.002060,0.002060,0.002136,0.002174,0.002174,0.002174,0.002213,0.002136,0.002174,0.002213,0.002174,0.002174,0.002213,0.002174,0.002174,0.002174,0.002213,0.002213,0.002174,0.002174,0.002136,0.002174,0.002136,0.002136,0.002174,0.002136,0.002098,0.002098,0.002136,0.002098,0.002098,0.002098,0.002098,0.002098,0.002098,0.002098,0.002022,0.001984,0.002022,0.002098,0.002022,0.002060,0.002022,0.001984,0.002022,0.001945,0.002022,0.002022,0.001984,0.001984,0.001984,0.001984,0.001907,0.001945,0.001907,0.001945,0.001945,0.001907,0.001945,0.001907,0.001945,0.001945,0.001945,0.001945,0.001945,0.001869,0.001869,0.001869,0.001907,0.001907,0.001869,0.001869,0.001869,0.001869,0.001869,0.001945,0.001907,0.001869,0.001869,0.001869,0.001907,0.001869,0.001945,0.001907,0.001945,0.001945,0.001907,0.001907,0.001984,0.001945,0.001945,0.001907,0.001945,0.001984,0.001945,0.002022,0.001984,0.002022,0.002060,0.002022,0.002060,0.002098,0.002098,0.002060,0.002098,0.002098,0.002136,0.002174,0.002098,0.002098,0.002136,0.002174,0.002136,0.002136,0.002251,0.002213,0.002174,0.002213,0.002289,0.002289,0.002213,0.002174,0.002213,0.002174,0.002251,0.002213,0.002213,0.002174,0.002174,0.002251,0.002213,0.002213,0.002174,0.002213,0.002213,0.002213,0.002174,0.002098,0.002098,0.002136,0.002174,0.002136,0.002022,0.002098,0.002098,0.002136,0.002098,0.002136,0.002136,0.002098,0.002136,0.002060,0.002098,0.002136,0.002136,0.002098,0.002098,0.002060,0.002136,0.002098,0.002174,0.002098,0.002098,0.002098,0.002174,0.002174,0.002098,0.002060,0.002174,0.002174,0.002060,0.002098,0.002098,0.002098,0.002060,0.002136,0.002098,0.002136,0.002098,0.002060,0.002098,0.002022,0.002022,0.002022,0.001945,0.001907,0.001869,0.001907,0.001907,0.001869,0.001831,0.001869,0.001869,0.001869,0.001907,0.001869,0.001869,0.001907,0.001945,0.001984,0.002022,0.002060,0.002098,0.002174,0.002174,0.002213,0.002251,0.002251,0.002289,0.002289,0.002327,0.002365,0.002365,0.002327,0.002327,0.002289,0.002251,0.002251,0.002213,0.002213,0.002174,0.002098,0.002098,0.002022,0.001984,0.001984,0.001984,0.001907,0.001869,0.001869,0.001831,0.001869,0.001831,0.001831,0.001907,0.001869,0.001945,0.001907,0.001984,0.001945,0.002022,0.002098,0.002060,0.002098,0.002098,0.002098,0.002098,0.002136,0.002098,0.002136,0.002136,0.002174,0.002136,0.002174,0.002136,0.002213,0.002213,0.002136,0.002174,0.002136,0.002174,0.002136,0.002098,0.002136,0.002136,0.002136,0.002136,0.002136,0.002174,0.002174,0.002174,0.002174,0.002098,0.002174,0.002174,0.002213,0.002251,0.002174,0.002174,0.002251,0.002174,0.002174,0.002174,0.002174,0.002174,0.002213,0.002174,0.002174,0.002174,0.002136,0.002136,0.002174,0.002174,0.002136,0.002136,0.002174,0.002174,0.002174,0.002174,0.002174,0.002098,0.002136,0.002060,0.002060,0.002136,0.002136,0.002060,0.002098,0.002098,0.002098,0.002098,0.002060,0.002060,0.002060,0.002060,0.002060,0.002060,0.002022,0.002022,0.001945,0.002022,0.002022,0.001984,0.001984,0.002022,0.001945,0.001945,0.001945,0.001945,0.001945,0.001945,0.001984,0.001869,0.001907,0.001945,0.001945,0.002022,0.002022,0.002022,0.001945,0.002022,0.002060,0.002098,0.002060,0.002060,0.002098,0.002060,0.002060,0.002060,0.002136,0.002098,0.002136,0.002098,0.002060,0.002060,0.002060,0.002022,0.002060,0.002022,0.002022,0.002022,0.002098,0.002022,0.002022,0.002022,0.002060,0.002022,0.002060,0.002060,0.001945,0.001984,0.002098,0.002060,0.002060,0.002060,0.002022,0.001984,0.002022,0.002022,0.002060,0.002098,0.002060,0.002060,0.001984,0.002136,0.002098,0.002098,0.002060,0.002060,0.002060,0.002060,0.002098,0.002098,0.002098,0.002136,0.002060,0.002098,0.002136,0.002098,0.002098,0.002098,0.002060,0.002098,0.002060,0.002060,0.002098,0.002136,0.002136,0.002098,0.002060,0.002174,0.002136,0.002060,0.002098,0.002136,0.002098,0.002136,0.002060,0.002060,0.002060,0.002098,0.002098,0.002136,0.002060,0.002060,0.002060,0.002022,0.001984,0.002060,0.002060,0.002098,0.002098,0.002022,0.002022,0.002022,0.002060,0.001984,0.001984,0.001984,0.001945,0.002022,0.001945,0.001945,0.001984,0.001945,0.001984,0.001945,0.001907,0.001945,0.001945,0.001945,0.001907,0.001945,0.001984,0.001945,0.002022,0.002022,0.002060,0.001945,0.001984,0.001984,0.001945,0.002060,0.002098,0.002060,0.002022,0.002022,0.002060,0.002098,0.002022,0.002022,0.001984,0.002060,0.002060,0.002060,0.002022,0.002060,0.002098,0.002098,0.002098,0.002098,0.002022,0.002098,0.002136,0.002136,0.002098,0.002098,0.002174,0.002136,0.002174,0.002174,0.002174,0.002174,0.002174,0.002136,0.002174,0.002213,0.002136,0.002136,0.002136,0.002136,0.002136,0.002098,0.002060,0.002098,0.002060,0.002060,0.002022,0.002060,0.002098,0.002060,0.002022,0.001984,0.002022,0.002022,0.001984,0.001984,0.001984,0.002022,0.002022,0.001984,0.001984,0.002022,0.001984,0.001984,0.001945,0.001907,0.002022,0.001945,0.001945,0.001831,0.001869,0.001831,0.001869,0.001869,0.001907,0.001907,0.001869,0.001869,0.001869,0.001869,0.001869,0.001907,0.001869,0.001869,0.001831,0.001869,0.001945,0.001945,0.001945,0.001907,0.001907,0.001984,0.001907,0.001984,0.001984,0.001984,0.001984,0.002022,0.002022,0.002060,0.002060,0.002098,0.002098,0.002098,0.002136,0.002098,0.002098,0.002136,0.002098,0.002136,0.002098,0.002098,0.002174,0.002213,0.002174,0.002174,0.002136,0.002136,0.002174,0.002136,0.002098,0.002060,0.002060,0.002098,0.002098,0.002022,0.002022,0.001984,0.002022,0.001984,0.001945,0.001907,0.001907,0.001831,0.001869,0.001831,0.001831,0.001755,0.001793,0.001755,0.001755,0.001755,0.001717,0.001678,0.001793,0.001755,0.001717,0.001793,0.001831,0.001831,0.001831,0.001831,0.001869,0.001869,0.001945,0.001945,0.001945,0.001984,0.002022,0.002022,0.002098,0.002060,0.002098,0.002136,0.002136,0.002098,0.002136,0.002136,0.002098,0.002060,0.002098,0.002098,0.002098,0.002098,0.002098,0.002098,0.002136,0.002098,0.002060,0.002136,0.002174,0.002098,0.002098,0.002136,0.002174,0.002174,0.002174,0.002136,0.002174,0.002174,0.002174,0.002174,0.002136,0.002098,0.002174,0.002136,0.002136,0.002174,0.002174,0.002174,0.002174,0.002136,0.002174,0.002174,0.002136,0.002174,0.002098,0.002022,0.002060,0.001984,0.002060,0.002022,0.002060,0.002022,0.002022,0.001984,0.001945,0.001945,0.001945,0.001945,0.001945,0.001984,0.001945,0.001984,0.002022,0.001984,0.001984,0.001984,0.001984,0.002022,0.001984,0.001945,0.001984,0.001907,0.001907,0.001907,0.001869,0.001984,0.001945,0.001945,0.001907,0.001945,0.001945,0.001945,0.001984,0.001945,0.002022,0.002098,0.002022,0.002060,0.002060,0.002060,0.002060,0.002022,0.001984,0.001945,0.001907,0.001869,0.001869,0.001793,0.001831,0.001755,0.001640,0.001717,0.001755,0.001717,0.001755,0.001755,0.001755,0.001793,0.001831,0.001869,0.001831,0.001831,0.001831,0.001831,0.001869,0.001831,0.001831,0.001869,0.001831,0.001869,0.001869,0.001793,0.001793,0.001831,0.001793,0.001793,0.001831,0.001793,0.001755,0.001793,0.001831,0.001831,0.001793,0.001869,0.001869,0.001869,0.001945,0.001907,0.001869,0.001907,0.001945,0.001984,0.001945,0.001907,0.001945,0.001984,0.001984,0.001945,0.001945,0.001945,0.001984,0.001984,0.001984,0.001984,0.001984,0.002022,0.001945,0.002022,0.002060,0.002060,0.002060,0.002136,0.002213,0.002174,0.002213,0.002213,0.002213,0.002251,0.002289,0.002289,0.002327,0.002365,0.002365,0.002289,0.002327,0.002327,0.002251,0.002213,0.002251,0.002213,0.002136,0.002136,0.002136,0.002136,0.002098,0.001984,0.002022,0.002022,0.001984,0.001984,0.001984,0.001984,0.001907,0.001945,0.001945,0.001984,0.001907,0.001945,0.001945,0.001984,0.001984,0.001984,0.002022,0.002022,0.001984,0.002098,0.002136,0.002174,0.002098,0.002136,0.002136,0.002098,0.002136,0.002174,0.002174,0.002098,0.002136,0.002174,0.002098,0.002098,0.002098,0.002098,0.002136,0.002136,0.002098,0.002136,0.002098,0.002174,0.002098,0.002022,0.002060,0.002136,0.002060,0.002022,0.002060,0.002136,0.002136,0.002098,0.002098,0.002060,0.002098,0.002098,0.002022,0.002136,0.002098,0.002060,0.002098,0.002098,0.002136,0.002098,0.002060,0.002060,0.002098,0.002098,0.002060,0.002060,0.002060,0.002022,0.002022,0.002060,0.002022,0.002022,0.002060,0.002022,0.002022,0.002022,0.002022,0.001984,0.002022,0.002022,0.002060,0.002022,0.002022,0.002060,0.002060,0.002098,0.002098,0.002060,0.002098,0.002136,0.002060,0.002098,0.002098,0.002060,0.002098,0.002060,0.002060,0.001984,0.001984,0.002022,0.002098,0.002060,0.002022,0.002060,0.002060,0.002060,0.002022,0.002098,0.002060,0.002060,0.002022,0.002022,0.002060,0.002060,0.002060,0.002022,0.002060,0.002060,0.002060,0.002060,0.002098,0.002098,0.002060,0.002022,0.002098,0.002098,0.002060,0.002060,0.002098,0.002060,0.002136,0.002136,0.002098,0.002098,0.002136,0.002060,0.002022,0.002060,0.002098,0.002060,0.002098,0.002098,0.002060,0.002022,0.002060,0.002060,0.002098,0.002060,0.002060,0.002022,0.002060,0.002022,0.002060,0.002022,0.002022,0.002022,0.002022,0.002022,0.001984,0.001945,0.001984,0.002022,0.002022,0.002022,0.001945,0.002022,0.001984,0.001984,0.001945,0.001907,0.001945,0.001907,0.001869,0.001907,0.001907,0.001907,0.001907,0.001984,0.001984,0.001907,0.001907,0.001907,0.001907,0.001907,0.001907,0.001907,0.001945,0.001945,0.002022,0.001984,0.001984,0.002022,0.002060,0.002060,0.002098,0.002098,0.002136,0.002098,0.002174,0.002098,0.002098,0.002136,0.002174,0.002213,0.002174,0.002213,0.002213,0.002213,0.002213,0.002213,0.002174,0.002174,0.002213,0.002213,0.002174,0.002174,0.002213,0.002289,0.002251,0.002174,0.002213,0.002174,0.002174,0.002174,0.002174,0.002174,0.002136,0.002174,0.002098,0.002098,0.002060,0.002060,0.002022,0.002022,0.002060,0.002098,0.002060,0.002060,0.002098,0.002098,0.002098,0.002098,0.002060,0.002060,0.002098,0.002098,0.002136,0.002136,0.002136,0.002136,0.002174,0.002136,0.002213,0.002213,0.002289,0.002213,0.002213,0.002174,0.002174,0.002213,0.002136,0.002174,0.002213,0.002213,0.002213,0.002213,0.002213,0.002174,0.002060,0.002136,0.002174,0.002174,0.002098,0.002174,0.002136,0.002098,0.002098,0.002022,0.002022,0.002022,0.001984,0.001984,0.001945,0.001945,0.001869,0.001869,0.001831,0.001831,0.001831,0.001831,0.001793,0.001831,0.001793,0.001831,0.001831,0.001793,0.001793,0.001831,0.001793,0.001831,0.001869,0.001869,0.001869,0.001869,0.001907,0.001945,0.001945,0.001984,0.002022,0.002060,0.002098,0.002136,0.002136,0.002174,0.002136,0.002174,0.002213,0.002289,0.002213,0.002213,0.002251,0.002251,0.002251,0.002251,0.002213,0.002213,0.002136,0.002251,0.002251,0.002174,0.002174,0.002174,0.002136,0.002098,0.002098,0.002098,0.002136,0.002098,0.002098,0.002060,0.002060,0.002060,0.002098,0.002060,0.002060,0.002098,0.002098,0.002060,0.002136,0.002098,0.002098,0.002098,0.002098,0.002174,0.002136,0.002213,0.002098,0.002098,0.002213,0.002213,0.002213,0.002213,0.002213,0.002251,0.002251,0.002174,0.002213,0.002213,0.002174,0.002213,0.002213,0.002174,0.002251,0.002213,0.002136,0.002136,0.002174,0.002136,0.002098,0.002136,0.002098,0.002174,0.002136,0.002098,0.002098,0.002098,0.002098,0.002098,0.002060,0.002136,0.002098,0.002174,0.002136,0.002136,0.002136,0.002098,0.002098,0.002174,0.002174,0.002174,0.002136,0.002136,0.002136,0.002098,0.002136,0.002136,0.002022,0.002098,0.002060,0.002098,0.002060,0.002060,0.002022,0.002060,0.002022,0.001984,0.001945,0.001945,0.001945,0.001907,0.001907,0.001907,0.001907,0.001869,0.001945,0.001945,0.001907,0.001869,0.001945,0.001945,0.001945,0.001945,0.001945,0.001907,0.001907,0.001907,0.001945,0.001945,0.001984,0.001945,0.001907,0.001907,0.002022,0.001984,0.001945,0.001945,0.001984,0.001984,0.001945,0.001984,0.002022,0.001984,0.002060,0.001984,0.001945,0.002022,0.001984,0.001945,0.001907,0.001984,0.001945,0.001907,0.001945,0.001907,0.001945,0.001945,0.001945,0.001907,0.001869,0.001831,0.001869,0.001907,0.001945,0.001945,0.001984,0.001945,0.001869,0.001907,0.001984,0.002022,0.001945,0.002022,0.001984,0.002022,0.001984,0.002022,0.002022,0.002022,0.002022,0.002060,0.002022,0.002060,0.002060,0.002060,0.002060,0.001984,0.001945,0.002022,0.002098,0.002098,0.002060,0.002022,0.001984,0.002022,0.001984,0.002022,0.001984,0.002022,0.001945,0.001984,0.002022,0.001907,0.001984,0.001984,0.001984,0.001984,0.001984,0.001984,0.001945,0.001869,0.001984,0.001945,0.001907,0.001907,0.001907,0.001869,0.001907,0.001907,0.001907,0.001907,0.001907,0.001907,0.001945,0.001869,0.001945,0.001907,0.001945,0.001945,0.001945,0.001945,0.001945,0.001945,0.001945,0.002022,0.001984,0.001907,0.001984,0.002022,0.001984,0.001984,0.001984,0.002022,0.002022,0.002022,0.002022,0.001984,0.002022,0.002022,0.001984,0.002022,0.001984,0.002060,0.002022,0.002022,0.002060,0.002022,0.002022,0.002022,0.002060,0.002022,0.002060,0.001984,0.002022,0.002022,0.002060,0.002060,0.002060,0.002060,0.001984,0.001984,0.001984,0.001984,0.002060,0.002098,0.002060,0.002060,0.002098,0.002136,0.002060,0.002098,0.002060,0.002060,0.002060,0.002136,0.002136,0.002060,0.002098,0.002098,0.002098,0.002098,0.002098,0.002098,0.002098,0.002098,0.002098,0.002136,0.002213,0.002174,0.002136,0.002136,0.002098,0.002136,0.002098,0.002174,0.002213,0.002213,0.002174,0.002136,0.002174,0.002213,0.002174,0.002213,0.002174,0.002289,0.002174,0.002174,0.002174,0.002136,0.002174,0.002213,0.002174,0.002213,0.002136,0.002174,0.002098,0.002060,0.002098,0.002060,0.002022,0.002022,0.002060,0.002022,0.001984,0.001945,0.002022,0.001984,0.001984,0.001945,0.001907,0.001907,0.001907,0.001907,0.001945,0.001945,0.001945,0.001945,0.001907,0.001907,0.001869,0.001907,0.001945,0.001945,0.001907,0.001869,0.001907,0.001907,0.001869,0.001831,0.001831,0.001869,0.001907,0.001907,0.001945,0.001907,0.001907,0.001869,0.001907,0.001945,0.001907,0.001945,0.001945,0.002022,0.001945,0.001869,0.001945,0.001869,0.001907,0.001984,0.001984,0.001945,0.001945,0.002022,0.001984,0.001945,0.001945,0.001984,0.001945,0.001984,0.002022,0.001945,0.002022,0.001984,0.002022,0.001984,0.001984,0.002022,0.001984,0.002022,0.002022,0.002022,0.002022,0.002060,0.002060,0.002022,0.002060,0.002060,0.002098,0.002136,0.002136,0.002098,0.002098,0.002136,0.002136,0.002136,0.002136,0.002136,0.002136,0.002098,0.002136,0.002174,0.002174,0.002136,0.002098,0.002098,0.002098,0.002060,0.002098,0.001984,0.002022,0.002022,0.001984,0.001984,0.001907,0.001945,0.001869,0.001869,0.001907,0.001831,0.001831,0.001793,0.001755,0.001793,0.001793,0.001717,0.001717,0.001717,0.001793,0.001831,0.001755,0.001755,0.001793,0.001869,0.001793,0.001831,0.001831,0.001793,0.001831,0.001907,0.001907,0.001869,0.001907,0.001869,0.001907,0.001907,0.001907,0.001907,0.001831,0.001907,0.001869,0.001869,0.001831,0.001907,0.001869,0.001793,0.001831,0.001793,0.001831,0.001755,0.001755,0.001831,0.001793,0.001755,0.001831,0.001755,0.001831,0.001793,0.001793,0.001793,0.001831,0.001831,0.001755,0.001869,0.001869,0.001869,0.001869,0.001945,0.001984,0.001984,0.001984,0.002060,0.002060,0.002098,0.002060,0.002098,0.002136,0.002098,0.002136,0.002136,0.002213,0.002213,0.002251,0.002251,0.002251,0.002289,0.002289,0.002327,0.002289,0.002289,0.002327,0.002327,0.002365,0.002365,0.002403,0.002441,0.002365,0.002441,0.002480,0.002441,0.002441,0.002403,0.002441,0.002518,0.002518,0.002441,0.002518,0.002441,0.002403,0.002480,0.002480,0.002441,0.002480,0.002441,0.002441,0.002365,0.002403,0.002403,0.002365,0.002365,0.002365,0.002403,0.002289,0.002289,0.002251,0.002251,0.002213,0.002174,0.002251,0.002174,0.002136,0.002174,0.002136,0.002174,0.002098,0.002060,0.002060,0.002098,0.002060,0.002060,0.002098,0.002060,0.002060,0.002060,0.002022,0.002060,0.002060,0.002098,0.002060,0.002060,0.002060,0.001984,0.002060,0.002060,0.002022,0.002022,0.001984,0.002022,0.002022,0.002022,0.001945,0.001945,0.001984,0.001907,0.001907,0.001907,0.001907,0.001907,0.001907,0.001907,0.001907,0.001869,0.001907,0.001907,0.001831,0.001831,0.001869,0.001793,0.001831,0.001831,0.001793,0.001793,0.001755,0.001831,0.001831,0.001831,0.001793,0.001755,0.001793,0.001793,0.001831,0.001869,0.001869,0.001831,0.001869,0.001869,0.001907,0.001907,0.001907,0.001907,0.001945,0.001984,0.001945,0.001984,0.001945,0.001984,0.001945,0.002022,0.001984,0.001984,0.002022,0.001945,0.002022,0.001945,0.001984,0.001984,0.001984,0.001984,0.001984,0.001984,0.001984,0.001945,0.001945,0.001984,0.002022,0.002060,0.002022,0.001984,0.002060,0.002060,0.002098,0.002022,0.002022,0.001984,0.002022,0.002022,0.002060,0.002022,0.002060,0.002060,0.002060,0.002060,0.002022,0.002060,0.002098,0.002022,0.002136,0.002060,0.002060,0.002136,0.002098,0.002098,0.002060,0.002174,0.002098,0.002098,0.002098,0.002136,0.002136,0.002060,0.002136,0.002098,0.002136,0.002136,0.002098,0.002136,0.002098,0.002098,0.002098,0.002136,0.002136,0.002136,0.002098,0.002098,0.002136,0.002136,0.002136,0.002136,0.002136,0.002174,0.002213,0.002213,0.002213,0.002174,0.002213,0.002174,0.002174,0.002098,0.002098,0.002136,0.002213,0.002174,0.002136,0.002098,0.002098,0.002136,0.002136,0.002136,0.002098,0.002098,0.002060,0.002060,0.002060,0.002136,0.002098,0.002098,0.002098,0.002098,0.002136,0.002060,0.002174,0.002098,0.002098,0.002136,0.002098,0.002136,0.002098,0.002174,0.002136,0.002136,0.002136,0.002136,0.002136,0.002136,0.002136,0.002174,0.002136,0.002136,0.002136,0.002098,0.002136,0.002098,0.002174,0.002136,0.002060,0.002060,0.002098,0.002098,0.002098,0.002098,0.002136,0.002060,0.002098,0.002060,0.002098,0.002060,0.002060,0.002060,0.002098,0.002136,0.002098,0.002098,0.002098,0.002060,0.002098,0.002136,0.002060,0.002060,0.002060,0.002098,0.002098,0.002098,0.002060,0.002060,0.002060,0.002060,0.002060,0.002098,0.002060,0.001984,0.002022,0.002060,0.002060,0.002098,0.002060,0.002060,0.002022,0.002022,0.002060,0.002060,0.002022,0.002022,0.001984,0.001984,0.002022,0.001984,0.001907,0.001984,0.001984,0.001984,0.002060,0.001984,0.002022,0.001984,0.001984,0.001984,0.002022,0.002060,0.002060,0.001984,0.002060,0.002060,0.002022,0.002098,0.002136,0.002098,0.002174,0.002174,0.002136,0.002136,0.002098,0.002136,0.002136,0.002136,0.002174,0.002174,0.002174,0.002136,0.002213,0.002213,0.002213,0.002213,0.002174,0.002174,0.002136,0.002213,0.002174,0.002174,0.002136,0.002136,0.002174,0.002174,0.002136,0.002174,0.002213,0.002174,0.002136,0.002098,0.002098,0.002098,0.002136,0.002136,0.002136,0.002098,0.002098,0.002060,0.002060,0.002098,0.002022,0.002022,0.002060,0.001984,0.002022,0.001984,0.002022,0.001984,0.001907,0.001984,0.001945,0.001869,0.001831,0.001869,0.001907,0.001831,0.001869,0.001869,0.001907,0.001869,0.001869,0.001907,0.001907,0.001907,0.001793,0.001907,0.001907,0.001869,0.001869,0.001869,0.001945,0.001984,0.001945,0.001984,0.002022,0.001984,0.001945,0.001984,0.002060,0.002022,0.002022,0.002060,0.002098,0.002022,0.002060,0.002060,0.002060,0.002098,0.002098,0.002136,0.002098,0.002136,0.002136,0.002098,0.002136,0.002098,0.002098,0.002060,0.002060,0.002060,0.002098,0.002098,0.002022,0.002022,0.002060,0.001984,0.001984,0.002022,0.002060,0.002022,0.002060,0.002022,0.002022,0.002022,0.002022,0.002060,0.002098,0.002060,0.002022,0.002022,0.001984,0.002022,0.001945,0.002022,0.002022,0.002098,0.001984,0.002060,0.002060,0.002022,0.002060,0.001984,0.001984,0.001984,0.002022,0.001984,0.001907,0.001984,0.001945,0.001945,0.001945,0.001945,0.001945,0.001907,0.001945,0.001907,0.001945,0.001984,0.001907,0.001907,0.001831,0.001945,0.001945,0.001907,0.001945,0.001984,0.002060,0.002022,0.002022,0.002060,0.002022,0.002098,0.002060,0.002060,0.002136,0.002098,0.002136,0.002136,0.002060,0.002098,0.002174,0.002098,0.002098,0.002136,0.002136,0.002060,0.002060,0.002098,0.002098,0.002022,0.002060,0.001984,0.002060,0.002098,0.002060,0.002098,0.002060,0.002098,0.002060,0.002098,0.002136,0.002098,0.002136,0.002098,0.002098,0.002174,0.002136,0.002136,0.002136,0.002098,0.002136,0.002098,0.002098,0.002060,0.002098,0.002098,0.002098,0.002098,0.002098,0.002136,0.002098,0.002060,0.002060,0.002098,0.002060,0.002098,0.002022,0.002098,0.002060,0.001984,0.002022,0.002022,0.002022,0.001984,0.001984,0.002022,0.002022,0.002022,0.002022,0.001945,0.001984,0.002022,0.001945,0.001907,0.001907,0.001907,0.001907,0.001945,0.001984,0.001984,0.001945,0.001907,0.001907,0.001945,0.001945,0.001984,0.001907,0.001945,0.001984,0.001945,0.001984,0.001945,0.001984,0.001945,0.001945,0.001945,0.001984,0.001984,0.002022,0.001984,0.001945,0.001984,0.002060,0.001984,0.001984,0.001907,0.002022,0.001984,0.002060,0.001984,0.002022,0.002022,0.002022,0.002022,0.002060,0.002060,0.002022,0.002060,0.002022,0.002022,0.002098,0.002060,0.002022,0.002022,0.001984,0.002060,0.002022,0.002022,0.002022,0.002022,0.002022,0.001984,0.002022,0.001984,0.002060,0.002060,0.002060,0.002060,0.001984,0.002022,0.002022,0.002022,0.002060,0.002060,0.002098,0.002098,0.002098,0.002060,0.001984,0.002060,0.002022,0.002022,0.002022,0.001945,0.001984,0.001984,0.001945,0.001869,0.001907,0.001907,0.001869,0.001945,0.001907,0.001869,0.001869,0.001869,0.001869,0.001831,0.001831,0.001831,0.001793,0.001869,0.001831,0.001831,0.001907,0.001869,0.001793,0.001831,0.001831,0.001831,0.001793,0.001793,0.001831,0.001869,0.001907,0.001907,0.001907,0.001945,0.001945,0.002022,0.002022,0.001984,0.002022,0.001984,0.002022,0.002060,0.002060,0.002098,0.002098,0.002098,0.002022,0.002098,0.002136,0.002098,0.002098,0.002098,0.002060,0.002098,0.002060,0.002060,0.002022,0.002060,0.001984,0.002022,0.002022,0.002060,0.002022,0.002022,0.002022,0.002022,0.001984,0.002022,0.002060,0.002022,0.002022,0.002022,0.002060,0.002022,0.002022,0.001984,0.002022,0.002022,0.002022,0.002098,0.002060,0.001984,0.002060,0.002060,0.002060,0.002098,0.002098,0.002136,0.002098,0.002098,0.002136,0.002098,0.002136,0.002136,0.002098,0.002136,0.002098,0.002136,0.002174,0.002174,0.002174,0.002136,0.002136,0.002136,0.002136,0.002098,0.002098,0.002136,0.002098,0.002098,0.002098,0.002060,0.002098,0.002060,0.002060,0.002098,0.002098,0.002098,0.002060,0.002098,0.002022,0.002022,0.001984,0.002022,0.002022,0.001984,0.002022,0.002022,0.002098,0.001945,0.001907,0.001984,0.001945,0.001984,0.001984,0.002022,0.001984,0.001984,0.001945,0.001945,0.001907,0.001869,0.001907,0.001945,0.001945,0.001945,0.001945,0.002022,0.001984,0.001984,0.001984,0.001945,0.001984,0.001945,0.001984,0.001945,0.001907,0.001907,0.001984,0.001945,0.001945,0.001984,0.002022,0.002022,0.001945,0.002022,0.001945,0.001984,0.001984,0.002022,0.001945,0.001945,0.001945,0.001984,0.001945,0.002022,0.002022,0.002022,0.002022,0.001984,0.001984,0.001984,0.002022,0.002060,0.002022,0.002060,0.002022,0.001945,0.001984,0.001984,0.002022,0.001984,0.001984,0.002022,0.001945,0.002022,0.001984,0.001984,0.002022,0.002022,0.001984,0.001984,0.001984,0.001984,0.002022,0.002022,0.002060,0.002060,0.002060,0.002060,0.002022,0.002060,0.002136,0.002060,0.002098,0.002098,0.002060,0.002136,0.002098,0.002098,0.002136,0.002136,0.002136,0.002136,0.002251,0.002251,0.002251,0.002213,0.002213,0.002213,0.002289,0.002251,0.002213,0.002289,0.002251,0.002289,0.002251,0.002251,0.002289,0.002289,0.002213,0.002251,0.002251,0.002213,0.002251,0.002251,0.002213,0.002174,0.002174,0.002174,0.002174,0.002136,0.002174,0.002136,0.002174,0.002060,0.002060,0.002098,0.002098,0.002098,0.002060,0.002060,0.002022,0.002022,0.002022,0.001984,0.002022,0.002022,0.002022,0.001984,0.001984,0.002022,0.002022,0.002022,0.002022,0.002022,0.001984,0.002022,0.002022,0.002022,0.001984,0.002022,0.002022,0.002022,0.001984,0.002022,0.002060,0.002022,0.002022,0.001984,0.002022,0.002022,0.002060,0.002060,0.002022,0.002098,0.002098,0.002060,0.002060,0.002098,0.002098,0.002060,0.002098,0.002136,0.002098,0.002136,0.002136,0.002136,0.002136,0.002251,0.002213,0.002251,0.002213,0.002174,0.002251,0.002213,0.002213,0.002289,0.002213,0.002213,0.002174,0.002251,0.002136,0.002174,0.002174,0.002174,0.002136,0.002136,0.002136,0.002136,0.002098,0.002098,0.002098,0.002098,0.002022,0.002022,0.002022,0.002022,0.001984,0.002060,0.002022,0.001945,0.001984,0.001984,0.001984,0.001945,0.001984,0.001984,0.001984,0.001984,0.001984,0.001945,0.001945,0.001984,0.001907,0.001945,0.001945,0.001945,0.001945,0.001984,0.001945,0.001984,0.001984,0.001945,0.001984,0.001984,0.001984,0.001984,0.001984,0.002022,0.002060,0.001984,0.002098,0.002098,0.002174,0.002136,0.002136,0.002136,0.002136,0.002136,0.002136,0.002174,0.002098,0.002136,0.002174,0.002174,0.002136,0.002136,0.002136,0.002136,0.002136,0.002136,0.002060,0.002022,0.002060,0.002060,0.002022,0.001984,0.001945,0.001945,0.001984,0.001945,0.001945,0.001945,0.001945,0.001869,0.001869,0.001907,0.001907,0.001907,0.001907,0.001945,0.001907,0.001907,0.001945,0.001869,0.001984,0.001984,0.001945,0.001984,0.001984,0.002060,0.001984,0.002022,0.002136,0.002098,0.002098,0.002174,0.002174,0.002136,0.002213,0.002251,0.002213,0.002213,0.002213,0.002213,0.002213,0.002213,0.002213,0.002213,0.002251,0.002251,0.002289,0.002289,0.002251,0.002213,0.002251,0.002213,0.002174,0.002213,0.002213,0.002289,0.002213,0.002174,0.002213,0.002213,0.002174,0.002251,0.002213,0.002174,0.002174,0.002174,0.002136,0.002213,0.002213,0.002174,0.002213,0.002174,0.002174,0.002213,0.002251,0.002213,0.002213,0.002136,0.002213,0.002213,0.002174,0.002174,0.002174,0.002213,0.002251,0.002174,0.002213,0.002174,0.002174,0.002213,0.002251,0.002174,0.002174,0.002213,0.002174,0.002174,0.002174,0.002213,0.002213,0.002251,0.002174,0.002174,0.002251,0.002213,0.002213,0.002213,0.002251,0.002213,0.002174,0.002174,0.002136,0.002174,0.002213,0.002174,0.002174,0.002136,0.002136,0.002136,0.002174,0.002136,0.002098,0.002098,0.002136,0.002136,0.002136,0.002136,0.002136,0.002060,0.002060,0.002060,0.002060,0.002098,0.002098,0.002060,0.002022,0.002060,0.002022,0.001984,0.002060,0.001984,0.002022,0.001984,0.001984,0.001945,0.001945,0.001945,0.001907,0.001869,0.001831,0.001869,0.001907,0.001869,0.001869,0.001793,0.001831,0.001793,0.001793,0.001793,0.001755,0.001831,0.001831,0.001831,0.001869,0.001831,0.001831,0.001831,0.001869,0.001869,0.001831,0.001869,0.001907,0.001945,0.001907,0.001907,0.001945,0.001945,0.001945,0.001907,0.002098,0.001984,0.001945,0.002022,0.001984,0.002022,0.002022,0.001984,0.002022,0.002060,0.001984,0.002060,0.002060,0.002022,0.002098,0.002022,0.002060,0.002060,0.002060,0.002060,0.002022,0.002136,0.002098,0.002136,0.002098,0.002098,0.002136,0.002098,0.002174,0.002174,0.002136,0.002174,0.002174,0.002174,0.002174,0.002213,0.002213,0.002136,0.002136,0.002136,0.002136,0.002136,0.002136,0.002136,0.002136,0.002098,0.002060,0.002098,0.002098,0.002136,0.002060,0.001984,0.001984,0.001984,0.002022,0.001984,0.002022,0.001945,0.001945,0.001984,0.001869,0.001869,0.001945,0.001907,0.001907,0.001907,0.001945,0.001869,0.001945,0.001907,0.001869,0.001869,0.001869,0.001945,0.001984,0.001907,0.001945,0.001907,0.001945,0.001945,0.001945,0.001831,0.001869,0.001907,0.001907,0.001907,0.001907,0.001945,0.001945,0.001869,0.001945,0.001907,0.001869,0.001907,0.001945,0.001945,0.001945,0.001945,0.001945,0.001945,0.001984,0.001984,0.001945,0.001984,0.001945,0.001984,0.002022,0.002022,0.002060,0.002060,0.002022,0.002098,0.002060,0.002136,0.002060,0.002098,0.002098,0.002098,0.002098,0.002060,0.002060,0.002098,0.002098,0.002060,0.002098,0.002098,0.002098,0.002098,0.002098,0.002098,0.002060,0.002060,0.002098,0.002098,0.002060,0.002060,0.002022,0.002060,0.002098,0.002060,0.002022,0.002060,0.002060,0.002022,0.002098,0.002098,0.002098,0.002136,0.002136,0.002060,0.002022,0.002060,0.002098,0.002098,0.002060,0.002022,0.002060,0.002060,0.002060,0.002022,0.002060,0.002022,0.002022,0.002060,0.002022,0.002022,0.002022,0.001984,0.001984,0.001945,0.001945,0.001831,0.001907,0.001945,0.001945,0.001907,0.001907,0.001907,0.001869,0.001869,0.001869,0.001869,0.001907,0.001907,0.001945,0.001984,0.001945,0.001907,0.001869,0.001945,0.001945,0.001984,0.001945,0.001984,0.001984,0.001945,0.001984,0.001984,0.001984,0.002022,0.002022
39,19:00:00.000,12/31/1903,0.000000,0.100000,UNKNOWN,1,0/0,0.000000,0.000000,0.000000,0.000000,0.000000,0.000000,0.000000,0.000000,0,0,0,0,0.002098,0.002136,0.002098,0.002098,0.002136,0.002136,0.002136,0.002136,0.002060,0.002098,0.002174,0.002060,0.002060,0.002098,0.002098,0.002060,0.002022,0.002060,0.002022,0.001984,0.002022,0.002060,0.002060,0.002060,0.002060,0.002022,0.002022,0.002022,0.002060,0.002060,0.002098,0.002022,0.002060,0.002022,0.002022,0.002022,0.002022,0.002060,0.002022,0.002022,0.002060,0.002022,0.002022,0.002022,0.002022,0.002060,0.002022,0.002022,0.001984,0.001984,0.001984,0.001984,0.001945,0.001984,0.001984,0.002022,0.001945,0.002022,0.001984,0.001984,0.001984,0.001984,0.001984,0.001984,0.001984,0.001984,0.001984,0.001945,0.001984,0.001945,0.001907,0.001945,0.001984,0.001984,0.001945,0.001984,0.001945,0.001945,0.001945,0.001984,0.001945,0.001945,0.001907,0.001907,0.001907,0.001945,0.001945,0.001945,0.001869,0.001945,0.001984,0.001945,0.001945,0.001945,0.001945,0.001945,0.001945,0.001945,0.001945,0.001945,0.001945,0.001984,0.001945,0.001945,0.001945,0.002022,0.002022,0.001984,0.001984,0.001945,0.001945,0.001984,0.001945,0.001984,0.002022,0.002060,0.001984,0.001945,0.001945,0.001984,0.002022,0.002060,0.002060,0.002022,0.002060,0.001984,0.002022,0.002060,0.002022,0.002022,0.001984,0.001984,0.002060,0.002022,0.002022,0.001984,0.002022,0.001945,0.002022,0.002022,0.002022,0.001984,0.002022,0.002022,0.002022,0.002060,0.002022,0.001984,0.002022,0.002022,0.002022,0.001984,0.001984,0.002022,0.002022,0.001984,0.002022,0.002060,0.001984,0.002022,0.002060,0.001984,0.002022,0.002022,0.002022,0.001984,0.001984,0.002060,0.002022,0.002022,0.002098,0.002098,0.001984,0.002022,0.002098,0.002022,0.002060,0.002098,0.002098,0.002060,0.002098,0.002098,0.002022,0.002060,0.002136,0.002060,0.002022,0.002060,0.002060,0.002060,0.002060,0.002022,0.002136,0.002060,0.002060,0.002060,0.002022,0.002022,0.002060,0.002022,0.002060,0.001984,0.002060,0.002022,0.002060,0.002060,0.002060,0.002022,0.002060,0.002060,0.002022,0.002022,0.001945,0.002022,0.002060,0.002060,0.002022,0.002060,0.002098,0.002060,0.002060,0.002060,0.002060,0.002060,0.002060,0.002060,0.002098,0.002098,0.002060,0.002098,0.002098,0.002060,0.002098,0.002060,0.002022,0.002060,0.002098,0.002098,0.002098,0.002098,0.002098,0.002098,0.002060,0.002098,0.002098,0.002098,0.002098,0.002136,0.002174,0.002098,0.002022,0.002098,0.002098,0.002136,0.002060,0.002098,0.002060,0.002022,0.002136,0.002060,0.002098,0.002098,0.002060,0.001984,0.002022,0.002060,0.002060,0.002060,0.002060,0.002022,0.002136,0.002060,0.002098,0.002022,0.002022,0.002060,0.002022,0.002022,0.002022,0.001984,0.001984,0.002022,0.001984,0.002022,0.002022,0.001984,0.001984,0.002022,0.001945,0.001945,0.001984,0.001945,0.001945,0.002022,0.002060,0.002022,0.001984,0.001984,0.001984,0.001984,0.001984,0.001984,0.001984,0.001945,0.001984,0.002022,0.001984,0.001945,0.001984,0.001945,0.001945,0.001945,0.001945,0.002022,0.001984,0.001945,0.001945,0.002022,0.001984,0.001945,0.001984,0.002060,0.001945,0.001945,0.001945,0.001984,0.001984,0.001984,0.001945,0.001945,0.002022,0.001984,0.002022,0.002022,0.002022,0.001984,0.002022,0.002022,0.001984,0.001984,0.002022,0.002022,0.001984,0.001945,0.001984,0.002022,0.001984,0.001984,0.001984,0.002022,0.002022,0.002022,0.002022,0.002060,0.001984,0.002022,0.001984,0.002022,0.001984,0.001984,0.001984,0.002022,0.002022,0.002022,0.001984,0.002022,0.002022,0.001984,0.001984,0.002060,0.002022,0.002022,0.002060,0.002022,0.002022,0.002060,0.002022,0.002022,0.002022,0.002060,0.002060,0.002060,0.001984,0.002060,0.002060,0.002060,0.002060,0.002060,0.001984,0.001984,0.002060,0.002098,0.002022,0.002022,0.002060,0.002022,0.002060,0.002022,0.002022,0.002060,0.002098,0.002022,0.002022,0.002060,0.002098,0.002136,0.002136,0.002022,0.002022,0.002060,0.002098,0.002060,0.002136,0.002060,0.002136,0.002098,0.002136,0.002060,0.002060,0.002136,0.002174,0.002098,0.002098,0.002098,0.002098,0.002174,0.002136,0.002174,0.002136,0.002098,0.002098,0.002136,0.002136,0.002136,0.002098,0.002098,0.002098,0.002136,0.002060,0.002060,0.002060,0.002060,0.002098,0.002060,0.002060,0.002060,0.002098,0.002098,0.002060,0.002022,0.002060,0.002060,0.001984,0.002022,0.002060,0.002022,0.002060,0.002022,0.001984,0.002022,0.002022,0.002022,0.001984,0.001984,0.001984,0.002022,0.001945,0.001984,0.002022,0.002060,0.002022,0.001984,0.001984,0.002022,0.001945,0.001984,0.001984,0.001907,0.001945,0.001984,0.001907,0.001907,0.001907,0.001984,0.001907,0.001907,0.001945,0.001907,0.001984,0.001984,0.001945,0.001945,0.001869,0.001945,0.001869,0.001945,0.001945,0.001945,0.001945,0.001945,0.001907,0.001907,0.001869,0.001869,0.001869,0.001945,0.001984,0.001945,0.001984,0.001907,0.001984,0.001945,0.001907,0.001945,0.001907,0.001907,0.001984,0.001945,0.001945,0.001984,0.001945,0.001984,0.001945,0.001907,0.001945,0.001984,0.001984,0.002022,0.001945,0.001945,0.001945,0.001945,0.001984,0.001945,0.001984,0.001984,0.001984,0.002022,0.001984,0.001984,0.001984,0.001945,0.001984,0.001984,0.002022,0.002022,0.002060,0.002060,0.001984,0.002022,0.002060,0.002060,0.002098,0.002098,0.002060,0.002060,0.002098,0.002060,0.002060,0.002098,0.002060,0.002060,0.002136,0.002098,0.002060,0.002022,0.002022,0.002060,0.002060,0.002060,0.002098,0.002098,0.002060,0.002060,0.002022,0.002060,0.002098,0.002022,0.002098,0.002060,0.002060,0.002060,0.002060,0.002098,0.002098,0.002098,0.002060,0.002022,0.002060,0.002098,0.002060,0.002060,0.002060,0.002060,0.002022,0.002060,0.002060,0.002022,0.002022,0.001984,0.002022,0.001984,0.002022,0.002022,0.001984,0.002022,0.001945,0.001907,0.001984,0.002022,0.001984,0.001984,0.002022,0.001984,0.002022,0.002022,0.001945,0.002022,0.002022,0.001984,0.001984,0.001984,0.001945,0.001984,0.001945,0.001945,0.001984,0.001984,0.002060,0.002022,0.002022,0.001984,0.001984,0.001984,0.002022,0.001984,0.001984,0.002060,0.002022,0.001984,0.001984,0.001984,0.001984,0.001984,0.001984,0.002022,0.002022,0.001907,0.001945,0.001984,0.001984,0.002022,0.001945,0.001907,0.001945,0.001945,0.002022,0.001984,0.001907,0.001984,0.001984,0.001945,0.001945,0.001869,0.001945,0.001907,0.001945,0.001984,0.001984,0.001984,0.001984,0.001945,0.001984,0.001907,0.001945,0.001945,0.001907,0.001945,0.001984,0.001945,0.001945,0.001945,0.001945,0.001945,0.001945,0.001984,0.001984,0.001907,0.001907,0.001869,0.001869,0.001869,0.001907,0.001945,0.001869,0.001831,0.001831,0.001831,0.001793,0.001831,0.001755,0.001793,0.001831,0.001831,0.001793,0.001793,0.001755,0.001678,0.001678,0.001602,0.001640,0.001602,0.001526,0.001526,0.001450,0.001488,0.001488,0.001450,0.001411,0.001411,0.001373,0.001335,0.001411,0.001450,0.001450,0.001526,0.001564,0.001602,0.001755,0.001831,0.001984,0.002060,0.002289,0.002480,0.002747,0.003014,0.003319,0.003548,0.003891,0.004158,0.004578,0.004883,0.005226,0.005569,0.005951,0.006332,0.006638,0.006943,0.007172,0.007401,0.007477,0.007477,0.007362,0.007248,0.006981,0.006714,0.006294,0.005875,0.005341,0.004768,0.004272,0.003700,0.003090,0.002441,0.001945,0.001297,0.000687,0.000038,-0.000458,-0.001068,-0.001678,-0.002327,-0.002937,-0.003548,-0.004005,-0.004501,-0.004883,-0.005188,-0.005417,-0.005417,-0.005455,-0.005302,-0.005035,-0.004768,-0.004387,-0.003929,-0.003471,-0.003014,-0.002403,-0.001907,-0.001450,-0.000916,-0.000420,-0.000076,0.000343,0.000687,0.001030,0.001335,0.001602,0.001793,0.001907,0.002060,0.002136,0.002289,0.002365,0.002441,0.002556,0.002594,0.002708,0.002747,0.002823,0.002899,0.002937,0.003014,0.003052,0.003128,0.003128,0.003204,0.003281,0.003319,0.003433,0.003586,0.003662,0.003777,0.003853,0.004044,0.004158,0.004196,0.004349,0.004501,0.004539,0.004578,0.004616,0.004692,0.004654,0.004692,0.004654,0.004616,0.004539,0.004463,0.004425,0.004311,0.004196,0.004044,0.003929,0.003815,0.003700,0.003624,0.003510,0.003357,0.003242,0.003090,0.002975,0.002861,0.002785,0.002708,0.002556,0.002518,0.002441,0.002327,0.002251,0.002136,0.002060,0.002060,0.001945,0.001907,0.001831,0.001869,0.001831,0.001717,0.001755,0.001717,0.001755,0.001717,0.001793,0.001717,0.001793,0.001793,0.001793,0.001945,0.001907,0.001945,0.001945,0.001984,0.001984,0.001984,0.001907,0.001945,0.001907,0.001945,0.001907,0.001869,0.001831,0.001755,0.001755,0.001755,0.001755,0.001717,0.001678,0.001717,0.001678,0.001717,0.001678,0.001678,0.001717,0.001640,0.001564,0.001450,0.001450,0.001411,0.001411,0.001411,0.001373,0.001335,0.001335,0.001411,0.001450,0.001450,0.001564,0.001602,0.001678,0.001717,0.001755,0.001831,0.001831,0.001869,0.001831,0.001793,0.001793,0.001831,0.001793,0.001755,0.001793,0.001793,0.001793,0.001831,0.001793,0.001755,0.001831,0.001869,0.001831,0.001869,0.001907,0.001945,0.001907,0.001945,0.001907,0.001907,0.001869,0.001831,0.001831,0.001869,0.001793,0.001793,0.001717,0.001793,0.001831,0.001755,0.001793,0.001831,0.001869,0.002022,0.001984,0.002022,0.002060,0.002174,0.002174,0.002327,0.002327,0.002441,0.002441,0.002480,0.002518,0.002556,0.002518,0.002518,0.002480,0.002403,0.002365,0.002289,0.002251,0.002136,0.002098,0.002022,0.001907,0.001869,0.001869,0.001869,0.001793,0.001831,0.001831,0.001831,0.001831,0.001831,0.001831,0.001831,0.001793,0.001793,0.001869,0.001831,0.001869,0.001793,0.001717,0.001678,0.001602,0.001602,0.001564,0.001450,0.001411,0.001411,0.001373,0.001373,0.001335,0.001297,0.001335,0.001335,0.001335,0.001373,0.001335,0.001297,0.001373,0.001297,0.001335,0.001411,0.001411,0.001411,0.001450,0.001526,0.001526,0.001602,0.001755,0.001755,0.001831,0.001945,0.001984,0.002060,0.002136,0.002251,0.002289,0.002365,0.002403,0.002518,0.002518,0.002556,0.002632,0.002708,0.002747,0.002708,0.002708,0.002747,0.002747,0.002708,0.002670,0.002670,0.002632,0.002632,0.002632,0.002594,0.002632,0.002632,0.002632,0.002556,0.002556,0.002518,0.002518,0.002556,0.002556,0.002441,0.002441,0.002441,0.002403,0.002403,0.002365,0.002327,0.002251,0.002251,0.002213,0.002174,0.002136,0.002060,0.002098,0.002060,0.002136,0.002098,0.002060,0.002098,0.002098,0.002098,0.002060,0.002060,0.002022,0.002022,0.002098,0.002060,0.001984,0.002060,0.002060,0.002022,0.002060,0.002022,0.002022,0.002022,0.002022,0.001984,0.002022,0.002098,0.002136,0.002136,0.002174,0.002136,0.002289,0.002289,0.002365,0.002365,0.002480,0.002518,0.002480,0.002556,0.002556,0.002594,0.002518,0.002518,0.002518,0.002518,0.002441,0.002365,0.002365,0.002289,0.002174,0.002174,0.002098,0.001945,0.001869,0.001869,0.001831,0.001793,0.001755,0.001678,0.001678,0.001640,0.001717,0.001678,0.001678,0.001678,0.001678,0.001755,0.001755,0.001831,0.001831,0.001831,0.001945,0.002060,0.002060,0.002098,0.002098,0.002098,0.002136,0.002098,0.002060,0.002060,0.002022,0.002060,0.002060,0.001984,0.001984,0.001984,0.001907,0.001793,0.001831,0.001831,0.001793,0.001831,0.001755,0.001717,0.001717,0.001678,0.001602,0.001602,0.001602,0.001602,0.001526,0.001526,0.001488,0.001488,0.001526,0.001488,0.001526,0.001526,0.001602,0.001564,0.001602,0.001602,0.001602,0.001640,0.001793,0.001755,0.001793,0.001869,0.001831,0.001831,0.001907,0.001907,0.001945,0.001984,0.001945,0.002060,0.002060,0.002060,0.002098,0.002098,0.002060,0.002098,0.002136,0.002060,0.002136,0.002136,0.002174,0.002136,0.002174,0.002174,0.002213,0.002174,0.002136,0.002136,0.002174,0.002174,0.002098,0.002060,0.002136,0.002136,0.002098,0.002098,0.002136,0.002136,0.002098,0.002022,0.002060,0.002098,0.002098,0.002098,0.002136,0.002174,0.002174,0.002174,0.002136,0.002136,0.002098,0.002098,0.002136,0.002174,0.002213,0.002136,0.002174,0.002136,0.002098,0.002098,0.002098,0.002022,0.002022,0.001984,0.001945,0.001907,0.001869,0.001831,0.001793,0.001831,0.001755,0.001717,0.001678,0.001717,0.001678,0.001717,0.001678,0.001564,0.001640,0.001640,0.001678,0.001640,0.001602,0.001640,0.001602,0.001602,0.001564,0.001602,0.001678,0.001717,0.001678,0.001717,0.001717,0.001755,0.001793,0.001869,0.001945,0.001945,0.001984,0.001984,0.002098,0.002098,0.002174,0.002174,0.002213,0.002327,0.002289,0.002289,0.002365,0.002365,0.002365,0.002403,0.002403,0.002403,0.002441,0.002441,0.002403,0.002441,0.002403,0.002441,0.002480,0.002441,0.002441,0.002403,0.002441,0.002480,0.002480,0.002441,0.002441,0.002403,0.002403,0.002441,0.002403,0.002365,0.002327,0.002327,0.002289,0.002174,0.002213,0.002174,0.002174,0.002098,0.002060,0.002060,0.002022,0.002060,0.001945,0.001907,0.001907,0.001907,0.001869,0.001907,0.001869,0.001907,0.001945,0.001907,0.001945,0.001984,0.002060,0.002022,0.002060,0.002098,0.002174,0.002213,0.002251,0.002213,0.002213,0.002251,0.002251,0.002289,0.002213,0.002213,0.002251,0.002174,0.002136,0.002136,0.002136,0.002098,0.002098,0.002098,0.002060,0.002022,0.002022,0.001984,0.001907,0.001869,0.001869,0.001831,0.001831,0.001793,0.001755,0.001793,0.001755,0.001678,0.001717,0.001717,0.001678,0.001678,0.001678,0.001717,0.001717,0.001678,0.001678,0.001678,0.001678,0.001678,0.001678,0.001678,0.001717,0.001678,0.001678,0.001678,0.001640,0.001717,0.001717,0.001678,0.001640,0.001640,0.001678,0.001717,0.001678,0.001678,0.001678,0.001678,0.001717,0.001755,0.001793,0.001793,0.001793,0.001831,0.001831,0.001869,0.001945,0.001907,0.002022,0.002060,0.002060,0.002022,0.002136,0.002136,0.002174,0.002174,0.002174,0.002213,0.002289,0.002213,0.002213,0.002213,0.002174,0.002174,0.002174,0.002213,0.002174,0.002136,0.002098,0.002174,0.002098,0.002098,0.002060,0.002022,0.002060,0.002022,0.001984,0.001984,0.001984,0.002022,0.002022,0.002060,0.002022,0.002022,0.002022,0.001984,0.001984,0.002022,0.002060,0.002022,0.002022,0.002060,0.002060,0.001984,0.002022,0.002022,0.002060,0.002060,0.001984,0.001945,0.002060,0.002022,0.002060,0.002060,0.001984,0.002060,0.002060,0.002098,0.001984,0.002060,0.002136,0.002136,0.002098,0.002098,0.002136,0.002136,0.002098,0.002136,0.002098,0.002098,0.002136,0.002136,0.002060,0.002022,0.002022,0.002022,0.001984,0.002022,0.002022,0.001984,0.001945,0.001945,0.001984,0.001945,0.001945,0.001945,0.001984,0.002022,0.001984,0.002022,0.001945,0.001945,0.001945,0.001945,0.001945,0.001945,0.001907,0.001945,0.002022,0.001945,0.001945,0.001945,0.001984,0.002060,0.002022,0.002098,0.002098,0.002060,0.002060,0.002098,0.002098,0.002060,0.002136,0.002136,0.002098,0.002098,0.002098,0.002098,0.002060,0.002022,0.001984,0.001984,0.001945,0.001945,0.001907,0.001907,0.001907,0.001869,0.001869,0.001831,0.001793,0.001793,0.001831,0.001869,0.001793,0.001793,0.001755,0.001793,0.001869,0.001869,0.001831,0.001907,0.001869,0.001945,0.001907,0.001945,0.001945,0.001945,0.001907,0.001984,0.001984,0.001984,0.002022,0.002022,0.001945,0.001984,0.002022,0.001984,0.002022,0.001984,0.001984,0.002022,0.001945,0.002022,0.002022,0.001945,0.001945,0.001984,0.001907,0.001907,0.001869,0.001907,0.001907,0.001945,0.001945,0.001907,0.001869,0.001793,0.001869,0.001831,0.001869,0.001831,0.001793,0.001793,0.001831,0.001869,0.001831,0.001869,0.001831,0.001869,0.001869,0.001869,0.001945,0.001945,0.001984,0.001984,0.002060,0.002098,0.002136,0.002098,0.002098,0.002098,0.002174,0.002174,0.002174,0.002136,0.002136,0.002213,0.002174,0.002174,0.002174,0.002213,0.002213,0.002213,0.002251,0.002213,0.002251,0.002251,0.002174,0.002174,0.002213,0.002251,0.002174,0.002174,0.002174,0.002174,0.002136,0.002174,0.002136,0.002098,0.002136,0.002098,0.002098,0.002098,0.002098,0.002022,0.002022,0.001984,0.002060,0.002022,0.001984,0.001945,0.001984,0.001984,0.001907,0.001945,0.002022,0.001945,0.001945,0.001907,0.001945,0.002022,0.001945,0.001984,0.002060,0.002060,0.002098,0.002060,0.002174,0.002213,0.002213,0.002289,0.002289,0.002403,0.002441,0.002441,0.002480,0.002518,0.002518,0.002594,0.002632,0.002632,0.002594,0.002594,0.002632,0.002670,0.002632,0.002594,0.002594,0.002556,0.002480,0.002480,0.002441,0.002403,0.002403,0.002365,0.002289,0.002289,0.002251,0.002251,0.002213,0.002098,0.002098,0.002098,0.002060,0.001945,0.001907,0.001831,0.001793,0.001717,0.001602,0.001488,0.001373,0.001335,0.001221,0.001068,0.001030,0.000954,0.000916,0.000877,0.000839,0.000839,0.000839,0.000877,0.000877,0.000916,0.000992,0.001068,0.001106,0.001183,0.001297,0.001411,0.001526,0.001602,0.001717,0.001793,0.001869,0.001984,0.002060,0.002060,0.002136,0.002174,0.002213,0.002213,0.002327,0.002289,0.002251,0.002327,0.002289,0.002251,0.002289,0.002289,0.002251,0.002213,0.002174,0.002174,0.002174,0.002174,0.002098,0.002060,0.002060,0.002098,0.002136,0.002098,0.002136,0.002136,0.002136,0.002174,0.002251,0.002251,0.002289,0.002289,0.002365,0.002365,0.002403,0.002403,0.002441,0.002441,0.002441,0.002480,0.002441,0.002441,0.002403,0.002403,0.002403,0.002327,0.002365,0.002213,0.002213,0.002174,0.002174,0.002060,0.002060,0.002060,0.001984,0.001984,0.001945,0.001945,0.001907,0.001907,0.001907,0.001869,0.001907,0.001869,0.001831,0.001869,0.001831,0.001869,0.001907,0.001869,0.001907,0.001907,0.001907,0.001907,0.001869,0.001945,0.001907,0.001831,0.001945,0.001907,0.001945,0.001945,0.001945,0.001945,0.001907,0.001869,0.001831,0.001869,0.001945,0.001945,0.001907,0.001831,0.001869,0.001869,0.001907,0.001945,0.001869,0.001907,0.001907,0.001907,0.001907,0.001907,0.001984,0.001907,0.001907,0.001945,0.001945,0.001984,0.001945,0.001984,0.001984,0.002022,0.002022,0.002060,0.002060,0.002136,0.002136,0.002098,0.002136,0.002174,0.002213,0.002213,0.002251,0.002213,0.002251,0.002251,0.002289,0.002289,0.002289,0.002365,0.002289,0.002251,0.002289,0.002213,0.002289,0.002289,0.002289,0.002251,0.002251,0.002289,0.002174,0.002213,0.002174,0.002174,0.002174,0.002060,0.002098,0.002060,0.002022,0.002060,0.001984,0.002060,0.002022,0.002022,0.002060,0.001984,0.002022,0.002022,0.002022,0.002022,0.002022,0.002022,0.002022,0.002022,0.002060,0.002098,0.002060,0.002060,0.002174,0.002136,0.002136,0.002174,0.002251,0.002213,0.002174,0.002213,0.002251,0.002251,0.002289,0.002289,0.002327,0.002327,0.002327,0.002327,0.002289,0.002289,0.002365,0.002289,0.002251,0.002251,0.002289,0.002174,0.002174,0.002174,0.002136,0.002136,0.002060,0.001945,0.001945,0.001984,0.001984,0.001945,0.001869,0.001907,0.001869,0.001869,0.001831,0.001869,0.001907,0.001831,0.001869,0.001793,0.001755,0.001717,0.001755,0.001755,0.001717,0.001717,0.001678,0.001717,0.001793,0.001717,0.001678,0.001717,0.001755,0.001755,0.001755,0.001755,0.001793,0.001831,0.001869,0.001793,0.001793,0.001831,0.001907,0.001831,0.001831,0.001907,0.001869,0.001907,0.001984,0.001984,0.001945,0.001984,0.002022,0.002022,0.002022,0.002060,0.002060,0.002098,0.002136,0.002098,0.002060,0.002022,0.002098,0.002098,0.002136,0.002060,0.002098,0.002098,0.002098,0.002060,0.002060,0.002060,0.002060,0.002060,0.002022,0.002060,0.002060,0.002060,0.002060,0.002022,0.002060,0.002060,0.002060,0.001984,0.002060,0.002022,0.002060,0.002098,0.002098,0.002098,0.002060,0.002136,0.002098,0.002098,0.002098,0.002098,0.002060,0.002060,0.002098,0.002060,0.002060,0.002022,0.001984,0.001984,0.001984,0.001984,0.001945,0.001869,0.001869,0.001869,0.001793,0.001831,0.001831,0.001793,0.001831,0.001793,0.001793,0.001793,0.001793,0.001831,0.001755,0.001793,0.001793,0.001869,0.001869,0.001831,0.001869,0.001907,0.001984,0.001907,0.001907,0.001984,0.001945,0.002022,0.001984,0.001984,0.001984,0.002022,0.001984,0.002022,0.002022,0.002060,0.001984,0.002022,0.002022,0.001984,0.002022,0.001945,0.001984,0.001984,0.002022,0.002022,0.001945,0.001984,0.001945,0.002022,0.001984,0.001945,0.001984,0.001945,0.001984,0.001984,0.002022,0.002022,0.002060,0.002060,0.002060,0.002098,0.002098,0.002098,0.002174,0.002174,0.002060,0.002136,0.002174,0.002213,0.002213,0.002174,0.002213,0.002251,0.002251,0.002174,0.002098,0.002136,0.002174,0.002251,0.002174,0.002136,0.002136,0.002098,0.002136,0.002098,0.002136,0.002098,0.002022,0.002060,0.002022,0.002060,0.002022,0.002022,0.002022,0.002022,0.002060,0.002022,0.002022,0.002022,0.002022,0.001984,0.002022,0.002098,0.002098,0.002060,0.002060,0.002098,0.002174,0.002060,0.002060,0.002060,0.002136,0.002174,0.002174,0.002136,0.002136,0.002213,0.002251,0.002213,0.002251,0.002213,0.002213,0.002213,0.002174,0.002174,0.002174,0.002213,0.002174,0.002174,0.002136,0.002136,0.002098,0.002098,0.002098,0.002098,0.001945,0.002022,0.002022,0.002022,0.001984,0.001945,0.001945,0.001907,0.001907,0.001869,0.001831,0.001793,0.001793,0.001793,0.001755,0.001755,0.001717,0.001717,0.001717,0.001678,0.001678,0.001640,0.001640,0.001640,0.001602,0.001602,0.001602,0.001640,0.001602,0.001602,0.001564,0.001640,0.001640,0.001640,0.001678,0.001678,0.001717,0.001717,0.001717,0.001717,0.001678,0.001678,0.001678,0.001678,0.001678,0.001717,0.001678,0.001717,0.001755,0.001717,0.001793,0.001793,0.001755,0.001755,0.001793,0.001831,0.001907,0.001907,0.001945,0.001945,0.002022,0.002022,0.002060,0.002060,0.002136,0.002136,0.002136,0.002136,0.002136,0.002136,0.002174,0.002213,0.002251,0.002327,0.002327,0.002289,0.002327,0.002289,0.002289,0.002327,0.002289,0.002327,0.002365,0.002327,0.002289,0.002365,0.002327,0.002327,0.002251,0.002213,0.002251,0.002251,0.002213,0.002174,0.002174,0.002174,0.002136,0.002136,0.002136,0.002136,0.002098,0.002098,0.002098,0.002022,0.002060,0.002060,0.002060,0.002022,0.001984,0.001945,0.002022,0.001945,0.001945,0.001945,0.001945,0.001945,0.001945,0.002022,0.001984,0.001907,0.001907,0.001945,0.001984,0.001984,0.001945,0.001945,0.001945,0.001907,0.001907,0.001945,0.001907,0.001907,0.001869,0.001869,0.001869,0.001869,0.001869,0.001945,0.001907,0.001907,0.001831,0.001869,0.001869,0.001907,0.001907,0.001869,0.001869,0.001907,0.001945,0.001984,0.001945,0.001945,0.001945,0.001945,0.001945,0.001945,0.002022,0.001984,0.001945,0.002022,0.002022,0.002022,0.002060,0.002022,0.002022,0.002060,0.002060,0.002060,0.002098,0.002022,0.002022,0.002022,0.002060,0.002022,0.002022,0.001984,0.001984,0.002022,0.002060,0.002022,0.002098,0.002060,0.002022,0.002060,0.002098,0.002098,0.002022,0.002060,0.002098,0.002136,0.002098,0.002174,0.002174,0.002213,0.002136,0.002136,0.002174,0.002098,0.002136,0.002174,0.002098,0.002098,0.002098,0.002136,0.002098,0.002136,0.002060,0.002136,0.002136,0.002060,0.002060,0.002022,0.002060,0.002136,0.002060,0.002060,0.002098,0.002060,0.002060,0.002098,0.002060,0.002060,0.002022,0.002022,0.002098,0.002098,0.002098,0.002060,0.002022,0.001984,0.002060,0.002060,0.002060,0.001984,0.002022,0.002022,0.001984,0.001984,0.001984,0.002022,0.001907,0.001945,0.001984,0.001945,0.001945,0.001945,0.001907,0.001907,0.001869,0.001907,0.001869,0.001831,0.001793,0.001869,0.001869,0.001831,0.001907,0.001831,0.001831,0.001793,0.001831,0.001869,0.001869,0.001869,0.001831,0.001831,0.001793,0.001831,0.001869,0.001869,0.001831,0.001869,0.001831,0.001831,0.001869,0.001907,0.001945,0.001945,0.001907,0.001869,0.001945,0.001945,0.001945,0.001945,0.001984,0.001945,0.002022,0.001984,0.001984,0.002022,0.002060,0.002022,0.002022,0.002060,0.001984,0.002060,0.002098,0.002098,0.002098,0.002136,0.002098,0.002098,0.002060,0.002060,0.002098,0.002060,0.002174,0.002136,0.002136,0.002060,0.002098,0.002060,0.002060,0.002060,0.002060,0.002098,0.002060,0.002098,0.002098,0.002022,0.002060,0.001984,0.002060,0.002136,0.002060,0.002060,0.002060,0.002098,0.002136,0.002022,0.002060,0.002022,0.002060,0.002136,0.002136,0.002136,0.002098,0.002098,0.002060,0.002060,0.002136,0.002060,0.002060,0.002174,0.002136,0.002136,0.002136,0.002098,0.002136,0.002098,0.002060,0.002060,0.002060,0.002060,0.002098,0.002098,0.002136,0.002098,0.002060,0.002060,0.002098,0.002098,0.002098,0.002098,0.002098,0.002060,0.002060,0.002060,0.001984,0.002022,0.002060,0.002098,0.002060,0.002060,0.002098,0.002060,0.002060,0.002022,0.002022,0.002098,0.002098,0.002060,0.002060,0.002022,0.002098,0.002060,0.002022,0.002098,0.002098,0.002060,0.001984,0.002022,0.002060,0.002022,0.002022,0.002060,0.002098,0.002098,0.002060,0.002098,0.002098,0.002098,0.002060,0.002060,0.002136,0.002060,0.002098,0.002136,0.002098,0.002098,0.002136,0.002060,0.002060,0.002060,0.002022,0.002022,0.002022,0.002022,0.002022,0.002022,0.002022,0.002022,0.001984,0.002022,0.001984,0.001945,0.001945,0.001984,0.001945,0.001907,0.001907,0.001945,0.001945,0.001984,0.002022,0.001945,0.001945,0.001945,0.001984,0.001945,0.001984,0.001945,0.001945,0.001984,0.001984,0.001984,0.002022,0.002098,0.002136,0.002098,0.002098,0.002098,0.002174,0.002174,0.002174,0.002174,0.002251,0.002251,0.002327,0.002289,0.002289,0.002327,0.002327,0.002441,0.002403,0.002365,0.002403,0.002403,0.002327,0.002289,0.002289,0.002289,0.002251,0.002213,0.002136,0.002136,0.002060,0.002022,0.001984,0.001945,0.001907,0.001869,0.001831,0.001793,0.001793,0.001831,0.001755,0.001755,0.001717,0.001755,0.001755,0.001717,0.001717,0.001717,0.001755,0.001755,0.001793,0.001831,0.001831,0.001831,0.001907,0.001907,0.001984,0.001945,0.001945,0.001984,0.002022,0.002022,0.002022,0.001984,0.001984,0.001984,0.002060,0.001984,0.001945,0.001945,0.001984,0.001945,0.001907,0.001945,0.001907,0.001869,0.001907,0.001907,0.001907,0.001869,0.001907,0.001945,0.001907,0.001945,0.001984,0.002060,0.002022,0.002022,0.002022,0.002022,0.002060,0.002060,0.002060,0.002098,0.002136,0.002174,0.002213,0.002174,0.002174,0.002174,0.002174,0.002174,0.002251,0.002213,0.002174,0.002251,0.002213,0.002174,0.002136,0.002174,0.002174,0.002174,0.002174,0.002174,0.002136,0.002136,0.002136,0.002174,0.002174,0.002136,0.002174,0.002136,0.002251,0.002213,0.002213,0.002213,0.002251,0.002213,0.002251,0.002289,0.002213,0.002213,0.002213,0.002174,0.002136,0.002136,0.002174,0.002136,0.002136,0.002060,0.002022,0.002022,0.002022,0.001984,0.001907,0.001945,0.001869,0.001831,0.001869,0.001831,0.001831,0.001793,0.001793,0.001755,0.001717,0.001755,0.001755,0.001717,0.001755,0.001717,0.001717,0.001717,0.001717,0.001678,0.001678,0.001755,0.001678,0.001755,0.001793,0.001717,0.001755,0.001755,0.001793,0.001869,0.001869,0.001831,0.001907,0.001907,0.001907,0.001907,0.001869,0.001907,0.001907,0.001984,0.001984,0.001984,0.002022,0.001984,0.001984,0.001984,0.002022,0.001984,0.002060,0.002060,0.002022,0.001984,0.002022,0.002022,0.002022,0.002022,0.002022,0.002022,0.002060,0.002060,0.002022,0.002060,0.002022,0.002022,0.002060,0.002022,0.002022,0.002022,0.002022,0.002022,0.002060,0.002022,0.002060,0.002022,0.002060,0.002060,0.002136,0.002136,0.002098,0.002098,0.002060,0.002022,0.002098,0.002098,0.002136,0.002098,0.002098,0.002136,0.002136,0.002213,0.002174,0.002136,0.002136,0.002136,0.002136,0.002136,0.002098,0.002136,0.002213,0.002174,0.002174,0.002136,0.002136,0.002098,0.002136,0.002098,0.002098,0.002060,0.002022,0.002022,0.001984,0.001984,0.001984,0.001984,0.001984,0.001945,0.001869,0.001869,0.001907,0.001945,0.001907,0.001984,0.001945,0.001984,0.001984,0.001984,0.002022,0.002022,0.001984,0.002022,0.002060,0.002060,0.002022,0.002022,0.001984,0.002022,0.002060,0.002022,0.002022,0.001907,0.001984,0.001984,0.001945,0.001945,0.001869,0.001869,0.001831,0.001831,0.001793,0.001793,0.001831,0.001793,0.001755,0.001793,0.001831,0.001831,0.001831,0.001755,0.001869,0.001907,0.001907,0.001907,0.001945,0.001984,0.001984,0.002098,0.002060,0.002022,0.002022,0.002022,0.002022,0.002022,0.002098,0.002060,0.002060,0.002022,0.002060,0.002060,0.002022,0.002060,0.002060,0.001984,0.002022,0.001984,0.001945,0.001945,0.001945,0.001945,0.001945,0.001945,0.001945,0.001984,0.001907,0.001907,0.001907,0.001907,0.001907,0.001945,0.001984,0.001984,0.001945,0.001984,0.001945,0.001945,0.002022,0.001945,0.001984,0.001984,0.002060,0.002022,0.001984,0.002136,0.002098,0.002060,0.002136,0.002136,0.002136,0.002136,0.002174,0.002136,0.002174,0.002289,0.002251,0.002213,0.002251,0.002327,0.002251,0.002251,0.002174,0.002213,0.002251,0.002213,0.002174,0.002174,0.002174,0.002136,0.002136,0.002136,0.002098,0.002098,0.002060,0.002060,0.002060,0.001984,0.001945,0.001984,0.001984,0.002022,0.001945,0.002022,0.002022,0.002022,0.001945,0.001984,0.001907,0.001945,0.001984,0.001945,0.002022,0.001945,0.001907,0.001945,0.001984,0.001984,0.001945,0.001907,0.001907,0.001907,0.001831,0.001831,0.001869,0.001831,0.001869,0.001831,0.001831,0.001755,0.001755,0.001755,0.001717,0.001717,0.001678,0.001717,0.001717,0.001717,0.001678,0.001717,0.001717,0.001717,0.001717,0.001678,0.001755,0.001755,0.001717,0.001793,0.001831,0.001869,0.001793,0.001831,0.001831,0.001869,0.001869,0.001869,0.001869,0.001831,0.001869,0.001907,0.001869,0.001831,0.001869,0.001869,0.001869,0.001869,0.001907,0.001831,0.001831,0.001869,0.001831,0.001869,0.001869,0.001831,0.001869,0.001869,0.001945,0.001907,0.001907,0.001945,0.001945,0.001907,0.001945,0.001907,0.001984,0.002022,0.002022,0.002022,0.002022,0.002022,0.002022,0.002060,0.002060,0.002098,0.002060,0.002098,0.002136,0.002022,0.002060,0.002060,0.002136,0.002174,0.002136,0.002174,0.002174,0.002213,0.002251,0.002213,0.002213,0.002251,0.002213,0.002251,0.002251,0.002289,0.002289,0.002365,0.002365,0.002327,0.002327,0.002327,0.002289,0.002327,0.002365,0.002289,0.002251,0.002289,0.002251,0.002174,0.002098,0.002174,0.002136,0.002098,0.002060,0.002022,0.001984,0.001945,0.001869,0.001831,0.001831,0.001831,0.001793,0.001717,0.001755,0.001755,0.001640,0.001640,0.001678,0.001640,0.001640,0.001678,0.001678,0.001678,0.001717,0.001717,0.001755,0.001717,0.001755,0.001793,0.001793,0.001793,0.001793,0.001831,0.001831,0.001869,0.001907,0.001831,0.001869,0.001907,0.001907,0.001984,0.001945,0.001945,0.001945,0.001984,0.002022,0.002022,0.002022,0.002060,0.002098,0.002136,0.002098,0.002136,0.002174,0.002174,0.002136,0.002174,0.002174,0.002174,0.002174,0.002174,0.002213,0.002213,0.002251,0.002213,0.002213,0.002213,0.002251,0.002213,0.002174,0.002251,0.002289,0.002251,0.002251,0.002213,0.002213,0.002213,0.002174,0.002213,0.002213,0.002174,0.002251,0.002251,0.002174,0.002213,0.002251,0.002251,0.002136,0.002174,0.002251,0.002213,0.002251,0.002174,0.002174,0.002136,0.002136,0.002136,0.002136,0.002136,0.002098,0.002098,0.002136,0.002098,0.002060,0.002060,0.002098,0.002022,0.002060,0.002022,0.002060,0.002060,0.002060,0.002060,0.002060,0.002060,0.002060,0.002060,0.002098,0.002060,0.001984,0.002060,0.001984,0.001907,0.001945,0.001984,0.001984,0.001945,0.001907,0.001907,0.001907,0.001869,0.001831,0.001869,0.001907,0.001869,0.001869,0.001831,0.001869,0.001831,0.001869,0.001831,0.001831,0.001831,0.001869,0.001907,0.001907,0.001869,0.001907,0.001945,0.001945,0.001907,0.001869,0.001945,0.001907,0.001945,0.001945,0.001945,0.001945,0.001945,0.001984,0.001945,0.001945,0.001945,0.001945,0.001945,0.002022,0.001984,0.002060,0.002022,0.002022,0.002060,0.002098,0.002060,0.002060,0.002060,0.002098,0.002136,0.002174,0.002098,0.002213,0.002174,0.002136,0.002174,0.002174,0.002213,0.002174,0.002213,0.002213,0.002174,0.002251,0.002213,0.002174,0.002174,0.002136,0.002174,0.002174,0.002174,0.002174,0.002136,0.002136,0.002136,0.002136,0.002098,0.002136,0.002098,0.002098,0.002060,0.002098,0.002098,0.002098,0.002098,0.002022,0.002022,0.002022,0.002060,0.002060,0.002060,0.002022,0.002060,0.001984,0.002022,0.002022,0.002022,0.001984,0.002022,0.002060,0.002022,0.002060,0.002060,0.002060,0.002022,0.002022,0.001984,0.002022,0.001984,0.001984,0.001984,0.001945,0.001945,0.001907,0.001907,0.001907,0.001869,0.001907,0.001869,0.001869,0.001869,0.001831,0.001831,0.001869,0.001831,0.001831,0.001831,0.001793,0.001755,0.001755,0.001717,0.001755,0.001755,0.001793,0.001755,0.001717,0.001755,0.001755,0.001755,0.001793,0.001793,0.001831,0.001793,0.001793,0.001793,0.001793,0.001831,0.001831,0.001907,0.001907,0.001869,0.001907,0.001945,0.001984,0.001945,0.001945,0.001984,0.002022,0.002022,0.001984,0.002022,0.002022,0.002060,0.002098,0.002060,0.002098,0.002098,0.002098,0.002136,0.002098,0.002174,0.002136,0.002174,0.002213,0.002213,0.002251,0.002213,0.002213,0.002174,0.002174,0.002289,0.002251,0.002213,0.002213,0.002174,0.002174,0.002174,0.002213,0.002174,0.002136,0.002136,0.002136,0.002174,0.002174,0.002136,0.002098,0.002136,0.002136,0.002098,0.002060,0.002098,0.002060,0.002098,0.002098,0.002136,0.002136,0.002060,0.002098,0.002060,0.002060,0.002098,0.002098,0.002098,0.002098,0.002060,0.002060,0.002098,0.002098,0.002060,0.002098,0.002098,0.002060,0.002060,0.002022,0.002098,0.002060,0.002060,0.002098,0.002060,0.002136,0.002098,0.002098,0.002060,0.002136,0.002098,0.002098,0.002098,0.002136,0.002098,0.002136,0.002060,0.002098,0.002098,0.002098,0.002098,0.002098,0.002136,0.002098,0.002098,0.002098,0.002098,0.002098,0.002060,0.002060,0.002098,0.002098,0.002098,0.002022,0.002098,0.002136,0.002060,0.002136,0.002060,0.002060,0.002098,0.002060,0.002098,0.002060,0.002098,0.002060,0.002060,0.002060,0.002098,0.002098,0.002060,0.002098,0.002098,0.002098,0.002098,0.002136,0.002098,0.002136,0.002098,0.002136,0.002136,0.002136,0.002174,0.002136,0.002136,0.002136,0.002174,0.002098,0.002136,0.002136,0.002098,0.002060,0.002060,0.002022,0.001984,0.001984,0.002022,0.001945,0.001984,0.001945,0.001907,0.001907,0.001907,0.001869,0.001869,0.001869,0.001869,0.001831,0.001831,0.001831,0.001793,0.001793,0.001755,0.001755,0.001793,0.001755,0.001755,0.001678,0.001755,0.001717,0.001755,0.001793,0.001755,0.001717,0.001755,0.001755,0.001755,0.001831,0.001793,0.001793,0.001831,0.001831,0.001831,0.001831,0.001869,0.001945,0.001945,0.002022,0.002022,0.002022,0.002060,0.002060,0.002098,0.002098,0.002098,0.002136,0.002174,0.002098,0.002098,0.002174,0.002174,0.002136,0.002136,0.002174,0.002136,0.002136,0.002136,0.002098,0.002060,0.002060,0.002022,0.002022,0.002060,0.002022,0.002060,0.002022,0.001984,0.002022,0.002022,0.002022,0.002060,0.002022,0.002060,0.002060,0.002022,0.002136,0.002098,0.002098,0.002174,0.002174,0.002136,0.002136,0.002098,0.002136,0.002136,0.002136,0.002174,0.002174,0.002136,0.002174,0.002060,0.002098,0.002060,0.001984,0.002022,0.002022,0.001984,0.001869,0.001907,0.001907,0.001831,0.001831,0.001755,0.001755,0.001678,0.001678,0.001755,0.001678,0.001678,0.001640,0.001602,0.001640,0.001640,0.001717,0.001755,0.001717,0.001717,0.001755,0.001869,0.001831,0.001831,0.001869,0.001831,0.001869,0.001869,0.001907,0.001945,0.001907,0.001907,0.001907,0.001984,0.001907,0.001945,0.001907,0.001869,0.001945,0.001907,0.001869,0.001945,0.001945,0.001945,0.001945,0.001945,0.001907,0.001907,0.001945,0.001984,0.001945,0.002022,0.002022,0.002060,0.002060,0.002098,0.002060,0.002060,0.002098,0.002136,0.002136,0.002174,0.002174,0.002213,0.002213,0.002213,0.002213,0.002289,0.002213,0.002213,0.002174,0.002174,0.002213,0.002136,0.002136,0.002136,0.002136,0.002136,0.002136,0.002098,0.002098,0.002098,0.002136,0.002098,0.002098,0.002174,0.002136,0.002060,0.002022,0.002060,0.002060,0.002022,0.002060,0.002060,0.002022,0.002022,0.002098,0.002136,0.002060,0.002060,0.002060,0.002060,0.002022,0.002060,0.002060,0.002022,0.002022,0.002060,0.001945,0.001984,0.002022,0.002022,0.001945,0.001984,0.002022,0.001945,0.001945,0.001945,0.001945,0.001907,0.001907,0.001907,0.001907,0.001945,0.001945,0.001945,0.001945,0.001945,0.001984,0.001984,0.001945,0.001984,0.001984,0.002022,0.001984,0.001984,0.002060,0.001945,0.001984,0.001984,0.001945,0.002022,0.002022,0.002060,0.002022,0.002022,0.002060,0.002022,0.002022,0.001984,0.001945,0.002060,0.002060,0.002060,0.002060,0.002098,0.002060,0.002098,0.002098,0.002098,0.002060,0.002022,0.002098,0.002098,0.002098,0.002022,0.002022,0.002098,0.002060,0.002060,0.002060,0.002022,0.002022,0.001984,0.001984,0.002022,0.001945,0.001984,0.001907,0.001945,0.001907,0.001869,0.001869,0.001869,0.001869,0.001907,0.001869,0.001907,0.001869,0.001869,0.001907,0.001869,0.001907,0.001907,0.001869,0.001869,0.001869,0.001907,0.001869,0.001907,0.001907,0.001945,0.001907,0.001869,0.001869,0.001907,0.001945,0.001907,0.001869,0.001907,0.001869,0.001945,0.001907,0.001869,0.001907,0.001869,0.001907,0.001907,0.001907,0.001945,0.001945,0.001984,0.001945,0.001984,0.001984,0.001945,0.001984,0.002022,0.001984,0.002022,0.002098,0.002022,0.002022,0.002022,0.002022,0.002060,0.002060,0.002060,0.002060,0.001984,0.002022,0.002022,0.002022,0.001984,0.001907,0.001984,0.001984,0.001945,0.001984,0.001945,0.001984,0.001984,0.001907,0.001945,0.001984,0.001945,0.001984,0.001907,0.001984,0.001945,0.001984,0.001984,0.002060,0.002060,0.002098,0.002136,0.002098,0.002174,0.002136,0.002174,0.002136,0.002136,0.002136,0.002136,0.002136,0.002174,0.002174,0.002174,0.002136,0.002174,0.002174,0.002174,0.002136,0.002136,0.002174,0.002136,0.002098,0.002174,0.002136,0.002136,0.002098,0.002060,0.002098,0.002060,0.002022,0.002022,0.002060,0.002022,0.002022,0.002060,0.002022,0.002060,0.002098,0.002022,0.002060,0.002022,0.002022,0.001984,0.001907,0.001984,0.001984,0.001945,0.001984,0.001984,0.001984,0.001945,0.002022,0.001907,0.001869,0.001869,0.001907,0.001907,0.001907,0.001907,0.001907,0.001869,0.001869,0.001869,0.001869,0.001869,0.001869,0.001945,0.001831,0.001907,0.001869,0.001831,0.001907,0.001907,0.001831,0.001831,0.001831,0.001831,0.001831,0.001869,0.001869,0.001831,0.001907,0.001831,0.001907,0.001869,0.001907,0.001907,0.001945,0.001907,0.001907,0.001945,0.001984,0.001984,0.002022,0.001984,0.001984,0.001945,0.001984,0.002022,0.002060,0.002098,0.002022,0.002098,0.002098,0.002060,0.002098,0.002098,0.002098,0.002098,0.002136,0.002136,0.002174,0.002174,0.002174,0.002251,0.002174,0.002174,0.002251,0.002213,0.002174,0.002213,0.002213,0.002213,0.002213,0.002213,0.002213,0.002213,0.002136,0.002136,0.002174,0.002213,0.002174,0.002136,0.002098,0.002174,0.002136,0.002136,0.002098,0.002136,0.002136,0.002098,0.002136,0.002060,0.002060,0.002098,0.002022,0.002098,0.002098,0.002060,0.002060,0.002060,0.002060,0.002098,0.002136,0.002060,0.002098,0.002136,0.002060,0.002060,0.002060,0.002098,0.002060,0.002022,0.002098,0.002022,0.002060,0.002022,0.002098,0.002098,0.002098,0.002022,0.002022,0.002060,0.002022,0.001984,0.002098,0.002098,0.002022,0.002060,0.001984,0.001984,0.001945,0.001907,0.001945,0.001945,0.001869,0.001831,0.001831,0.001831,0.001831,0.001793,0.001793,0.001831,0.001831,0.001831,0.001907,0.001869,0.001984,0.001945,0.001945,0.002060,0.002060,0.002060,0.002098,0.002174,0.002174,0.002251,0.002289,0.002213,0.002327,0.002327,0.002327,0.002327,0.002251,0.002327,0.002327,0.002213,0.002251,0.002213,0.002174,0.002060,0.002060,0.001984,0.001945,0.001984,0.001869,0.001907,0.001907,0.001869,0.001831,0.001831,0.001831,0.001869,0.001869,0.001831,0.001831,0.001907,0.001907,0.001945,0.002022,0.002022,0.002060,0.002022,0.002060,0.002098,0.002098,0.002098,0.002098,0.002136,0.002174,0.002174,0.002136,0.002098,0.002136,0.002136,0.002098,0.002060,0.002098,0.002174,0.002060,0.002060,0.002098,0.002060,0.002098,0.002098,0.002098,0.002098,0.002136,0.002174,0.002136,0.002098,0.002060,0.002098,0.002136,0.002060,0.002174,0.002136,0.002174,0.002136,0.002136,0.002213,0.002213,0.002174,0.002213,0.002174,0.002174,0.002174,0.002136,0.002174,0.002136,0.002136,0.002060,0.002136,0.002098,0.002022,0.002098,0.002098,0.002136,0.002060,0.002022,0.002098,0.002098,0.002098,0.002060,0.002060,0.002098,0.002098,0.002098,0.002022,0.002060,0.002060,0.002060,0.002022,0.002060,0.002060,0.001984,0.002022,0.002060,0.002022,0.001984,0.001984,0.001984,0.001945,0.001907,0.002022,0.001945,0.001945,0.001945,0.001945,0.001945,0.001984,0.001945,0.001945,0.001945,0.001945,0.001945,0.002022,0.001945,0.002022,0.002022,0.002022,0.002060,0.002022,0.002022,0.002098,0.002022,0.002060,0.002098,0.002022,0.002060,0.002060,0.002098,0.001984,0.002060,0.002098,0.002022,0.002022,0.001984,0.002060,0.002022,0.001984,0.002022,0.001984,0.002060,0.002022,0.002060,0.001984,0.001984,0.002022,0.002022,0.002060,0.001945,0.002022,0.001984,0.001984,0.001984,0.002022,0.002060,0.001984,0.002022,0.002060,0.002022,0.002098,0.002022,0.002060,0.002060,0.002022,0.002098,0.002098,0.002060,0.002098,0.002022,0.002060,0.002022,0.002060,0.002022,0.001984,0.002060,0.001984,0.002060,0.002098,0.002060,0.002098,0.002060,0.002098,0.002060,0.002098,0.002136,0.002136,0.002098,0.002022,0.002098,0.002136,0.002060,0.002098,0.002060,0.002136,0.002136,0.002098,0.002136,0.002098,0.002213,0.002060,0.002022,0.002060,0.002022,0.002022,0.001984,0.001984,0.002022,0.001984,0.002022,0.001945,0.001945,0.001984,0.002022,0.001945,0.001907,0.001984,0.001945,0.001907,0.001945,0.001907,0.001945,0.001907,0.001945,0.001945,0.001907,0.001907,0.001907,0.001984,0.001984,0.001984,0.001984,0.001945,0.001984,0.001907,0.001945,0.001984,0.001945,0.001984,0.001984,0.002022,0.001984,0.001945,0.001984,0.002022,0.002022,0.001945,0.001984,0.002060,0.001984,0.002022,0.002022,0.002060,0.002022,0.002098,0.002098,0.002060,0.002098,0.002060,0.002098,0.002136,0.002098,0.002060,0.002098,0.002098,0.002098,0.002098,0.002136,0.002098,0.002136,0.002136,0.002136,0.002174,0.002136,0.002136,0.002098,0.002060,0.002174,0.002136,0.002098,0.002098,0.002022,0.002060,0.002022,0.002022,0.002022,0.002022,0.002022,0.001945,0.002022,0.001984,0.001945,0.001945,0.001945,0.001945,0.001945,0.001984,0.001945,0.001907,0.001907,0.001869,0.001945,0.001907,0.001869,0.001907,0.001869,0.001907,0.001869,0.001869,0.001869,0.001831,0.001907,0.001831,0.001869,0.001869,0.001831,0.001869,0.001831,0.001831,0.001831,0.001907,0.001907,0.001831,0.001869,0.001831,0.001869,0.001907,0.001831,0.001945,0.001907,0.001945,0.001945,0.001907,0.001984,0.001984,0.002022,0.001984,0.001945,0.001984,0.001945,0.002060,0.002060,0.002022,0.002060,0.002098,0.002136,0.002098,0.002136,0.002174,0.002136,0.002174,0.002136,0.002174,0.002174,0.002136,0.002098,0.002060,0.002098,0.002098,0.002060,0.002060,0.002022,0.002060,0.001984,0.002060,0.001984,0.001945,0.001945,0.001869,0.001869,0.001907,0.001869,0.001869,0.001793,0.001793,0.001755,0.001793,0.001717,0.001755,0.001793,0.001717,0.001755,0.001717,0.001678,0.001717,0.001678,0.001755,0.001793,0.001793,0.001793,0.001831,0.001907,0.001831,0.001907,0.001945,0.001984,0.002022,0.001984,0.002060,0.002022,0.002098,0.002098,0.002060,0.002060,0.002136,0.002098,0.002060,0.002060,0.002136,0.002136,0.002098,0.002098,0.002060,0.002098,0.002022,0.002098,0.002098,0.002136,0.002098,0.002060,0.002098,0.002136,0.002098,0.002136,0.002136,0.002174,0.002136,0.002136,0.002098,0.002060,0.002174,0.002174,0.002136,0.002174,0.002174,0.002136,0.002136,0.002174,0.002098,0.002136,0.002174,0.002174,0.002174,0.002098,0.002098,0.002098,0.002060,0.002060,0.002060,0.002060,0.001984,0.001907,0.001945,0.001907,0.001945,0.001907,0.001945,0.001945,0.002022,0.002022,0.001945,0.001984,0.001945,0.001984,0.001945,0.001984,0.001984,0.001945,0.001945,0.001945,0.001945,0.001945,0.001907,0.001907,0.001869,0.001869,0.001907,0.001869,0.001869,0.001907,0.002022,0.001984,0.001984,0.001984,0.002022,0.002022,0.001984,0.002022,0.002060,0.001945,0.001984,0.001945,0.001907,0.001984,0.001907,0.001907,0.001831,0.001717,0.001717,0.001678,0.001755,0.001755,0.001717,0.001717,0.001717,0.001717,0.001678,0.001755,0.001678,0.001755,0.001793,0.001831,0.001869,0.001869,0.001793,0.001869,0.001831,0.001831,0.001831,0.001831,0.001831,0.001755,0.001793,0.001793,0.001831,0.001717,0.001755,0.001755,0.001717,0.001717,0.001793,0.001755,0.001755,0.001793,0.001869,0.001831,0.001831,0.001869,0.001869,0.001907,0.001907,0.001945,0.001907,0.001907,0.001907,0.001793,0.001907,0.001831,0.001869,0.001907,0.001907,0.001907,0.001984,0.001945,0.001945,0.001945,0.002022,0.002060,0.002060,0.001984,0.002022,0.002098,0.002060,0.002174,0.002174,0.002213,0.002251,0.002213,0.002289,0.002289,0.002251,0.002289,0.002327,0.002289,0.002251,0.002327,0.002251,0.002251,0.002213,0.002136,0.002136,0.002136,0.002098,0.002060,0.002022,0.002022,0.001984,0.002022,0.001945,0.001869,0.001907,0.001831,0.001907,0.001869,0.001907,0.001907,0.001907,0.001984,0.001945,0.001945,0.001945,0.001984,0.001984,0.001984,0.002098,0.002060,0.002060,0.002098,0.002136,0.002098,0.002098,0.002098,0.002098,0.002136,0.002136,0.002136,0.002136,0.002098,0.002136,0.002136,0.002060,0.002098,0.002060,0.002060,0.002060,0.002022,0.002060,0.002022,0.002022,0.002060,0.002022,0.001984,0.002022,0.002098,0.002022,0.002060,0.002098,0.002022,0.002022,0.001984,0.002022,0.002022,0.001984,0.002060,0.002060,0.002060,0.001984,0.002022,0.002098,0.002060,0.002022,0.002060,0.002022,0.002022,0.002022,0.002098,0.002022,0.002022,0.001984,0.001984,0.002022,0.002060,0.002022,0.001945,0.001945,0.001984,0.001984,0.002022,0.001984,0.001984,0.002022,0.002022,0.002022,0.001984,0.002022,0.001984,0.002060,0.002098,0.002060,0.002060,0.002022,0.001984,0.002022,0.002022,0.002022,0.002060,0.002060,0.002022,0.001984,0.001984,0.001984,0.001945,0.001945,0.002022,0.002022,0.002022,0.001984,0.001945,0.002022,0.002022,0.001984,0.002022,0.002022,0.002022,0.001945,0.002060,0.002022,0.002098,0.002098,0.002060,0.002022,0.002022,0.002098,0.002060,0.002022,0.002060,0.002022,0.001984,0.002098,0.002022,0.002060,0.002060,0.002022,0.002060,0.002022,0.002060,0.002060,0.002022,0.002060,0.001984,0.002060,0.002022,0.002060,0.002022,0.002060,0.002060,0.001984,0.002022,0.002022,0.002022,0.002022,0.001984,0.002060,0.002022,0.001945,0.001945,0.001984,0.002022,0.001945,0.001945,0.001984,0.001984,0.002022,0.001907,0.001945,0.001984,0.001945,0.001984,0.001945,0.001945,0.001869,0.001907,0.001945,0.001907,0.001907,0.001907,0.001831,0.001793,0.001869,0.001869,0.001831,0.001907,0.001831,0.001869,0.001831,0.001907,0.001945,0.001945,0.001945,0.001907,0.001945,0.001984,0.001984,0.002022,0.001984,0.002022,0.002098,0.002136,0.002060,0.002060,0.002098,0.002098,0.002098,0.002174,0.002174,0.002098,0.002136,0.002174,0.002251,0.002213,0.002174,0.002174,0.002174,0.002174,0.002174,0.002213,0.002213,0.002174,0.002213,0.002213,0.002174,0.002136,0.002098,0.002136,0.002136,0.002098,0.002060,0.002098,0.002060,0.002022,0.002060,0.002022,0.002022,0.002022,0.002022,0.002022,0.002060,0.002060,0.002060,0.002060,0.002060,0.002060,0.002060,0.002098,0.002098,0.002136,0.002098,0.002098,0.002060,0.002098,0.002098,0.002060,0.002060,0.002098,0.002174,0.002136,0.002174,0.002174,0.002174,0.002136,0.002098,0.002136,0.002213,0.002213,0.002136,0.002174,0.002136,0.002174,0.002174,0.002136,0.002098,0.002098,0.002060,0.002098,0.002098,0.002060,0.002022,0.001984,0.001945,0.001984,0.001984,0.001907,0.001945,0.001907,0.001793,0.001831,0.001831,0.001793,0.001831,0.001793,0.001755,0.001755,0.001755,0.001755,0.001755,0.001793,0.001793,0.001755,0.001793,0.001831,0.001793,0.001793,0.001831,0.001869,0.001831,0.001869,0.001907,0.001984,0.001945,0.002060,0.002060,0.002022,0.002060,0.002136,0.002174,0.002174,0.002213,0.002174,0.002174,0.002251,0.002174,0.002213,0.002213,0.002213,0.002213,0.002174,0.002174,0.002174,0.002213,0.002213,0.002136,0.002174,0.002060,0.002136,0.002098,0.002060,0.002060,0.002060,0.002022,0.002060,0.002060,0.002022,0.002022,0.002022,0.001984,0.002022,0.002022,0.002022,0.002022,0.001984,0.002098,0.002098,0.002098,0.002060,0.002060,0.002136,0.002098,0.002098,0.002136,0.002136,0.002174,0.002136,0.002174,0.002136,0.002136,0.002213,0.002174,0.002213,0.002136,0.002136,0.002213,0.002136,0.002098,0.002174,0.002098,0.002136,0.002136,0.002136,0.002098,0.002136,0.002136,0.002098,0.002098,0.002022,0.002098,0.002060,0.002060,0.002060,0.002060,0.002098,0.002098,0.002060,0.002060,0.002136,0.002098,0.002136,0.002136,0.002098,0.002136,0.002098,0.002098,0.002136,0.002136,0.002060,0.002098,0.002098,0.002136,0.002060,0.002098,0.002022,0.002022,0.002022,0.002022,0.001984,0.001907,0.001907,0.001945,0.001869,0.001869,0.001907,0.001945,0.001907,0.001907,0.001945,0.001869,0.001945,0.001945,0.001907,0.001907,0.001869,0.001869,0.001869,0.001945,0.001907,0.001831,0.001869,0.001907,0.001945,0.001869,0.001945,0.001945,0.001869,0.001869,0.001945,0.001907,0.001907,0.001984,0.001984,0.001907,0.001945,0.001945,0.001945,0.001945,0.001945,0.002022,0.001945,0.001945,0.001945,0.001984,0.001907,0.001831,0.001831,0.001831,0.001907,0.001907,0.001869,0.001869,0.001869,0.001831,0.001907,0.001831,0.001869,0.001831,0.001831,0.001907,0.001945,0.001945,0.001907,0.001984,0.001907,0.001945,0.001945,0.001945,0.001984,0.002022,0.001984,0.001945,0.001984,0.001945,0.001945,0.002022,0.001984,0.002022,0.002060,0.002022,0.002022,0.002022,0.001984,0.001984,0.002022,0.002022,0.001984,0.001984,0.001945,0.001945,0.001945,0.001945,0.001945,0.001984,0.001984,0.001945,0.001945,0.001907,0.001984,0.001945,0.001945,0.001945,0.001907,0.001984,0.001907,0.001869,0.001869,0.001907,0.001869,0.001907,0.001869,0.001907,0.001907,0.001907,0.001945,0.001907,0.001831,0.001831,0.001907,0.001831,0.001907,0.001907,0.001869,0.001945,0.001984,0.001945,0.001945,0.001945,0.001907,0.001907,0.001945,0.001945,0.001984,0.002022,0.001945,0.001984,0.002022,0.001984,0.001984,0.001984,0.002022,0.001984,0.002022,0.001984,0.001984,0.002022,0.002022,0.002022,0.001984,0.001984,0.001945,0.001945,0.001984,0.001984,0.001984,0.001945,0.001984,0.002022,0.001984,0.001984,0.002022,0.001984,0.001984,0.001984,0.001984,0.002022,0.002022,0.002022,0.001984,0.002060,0.001984,0.002022,0.002022,0.002060,0.002098,0.002060,0.002060,0.002060,0.002022,0.002022,0.002060,0.002022,0.001984,0.002022,0.002022,0.002060,0.002022,0.002060,0.002060,0.002060,0.002022,0.002098,0.002136,0.002022,0.002098,0.002174,0.002136,0.002136,0.002098,0.002098,0.002174,0.002174,0.002136,0.002174,0.002174,0.002136,0.002174,0.002136,0.002174,0.002174,0.002213,0.002174,0.002174,0.002136,0.002136,0.002136,0.002136,0.002098,0.002098,0.002060,0.002022,0.002022,0.002060,0.002022,0.002022,0.002022,0.002022,0.002022,0.001869,0.001984,0.001869,0.001869,0.001907,0.001907,0.001907,0.001907,0.001907,0.001869,0.001831,0.001907,0.001869,0.001945,0.001869,0.001831,0.001869,0.001831,0.001869,0.001869,0.001869,0.001831,0.001831,0.001831,0.001869,0.001869,0.001831,0.001869,0.001869,0.001831,0.001831,0.001869,0.001869,0.001907,0.001907,0.001869,0.001869,0.001945,0.001907,0.001907,0.001907,0.001907,0.001869,0.001869,0.001907,0.001945,0.001907,0.001945,0.001945,0.001945,0.001907,0.001907,0.001945,0.001945,0.001984,0.001945,0.002022,0.002060,0.001984,0.002022,0.001945,0.001945,0.001945,0.002022,0.002022,0.002022,0.002022,0.002060,0.001984,0.001945,0.001984,0.002022,0.002060,0.002098,0.002060,0.002060,0.002060,0.002060,0.002098,0.002060,0.002098,0.002098,0.002098,0.002136,0.002098,0.002136,0.002060,0.002098,0.002136,0.002060,0.002060,0.002022,0.002060,0.002098,0.002022,0.002022,0.001984,0.001945,0.001907,0.001907,0.001907,0.001831,0.001869,0.001793,0.001793,0.001793,0.001755,0.001755,0.001678,0.001717,0.001717,0.001717,0.001755,0.001717,0.001717,0.001717,0.001717,0.001755,0.001755,0.001755,0.001755,0.001793,0.001831,0.001831,0.001831,0.001793,0.001831,0.001869,0.001869,0.001831,0.001831,0.001831,0.001831,0.001793,0.001831,0.001831,0.001755,0.001793,0.001793,0.001755,0.001717,0.001755,0.001793,0.001717,0.001755,0.001755,0.001755,0.001755,0.001755,0.001678,0.001717,0.001755,0.001755,0.001793,0.001717,0.001717,0.001793,0.001793,0.001793,0.001793,0.001869,0.001869,0.001907,0.001907,0.001984,0.002022,0.001984,0.002022,0.002022,0.002022,0.002060,0.002098,0.002060,0.002136,0.002098,0.002136,0.002174,0.002174,0.002213,0.002251,0.002251,0.002251,0.002213,0.002289,0.002289,0.002327,0.002365,0.002365,0.002365,0.002365,0.002403,0.002403,0.002365,0.002365,0.002365,0.002403,0.002441,0.002403,0.002365,0.002403,0.002441,0.002441,0.002441,0.002441,0.002403,0.002403,0.002403,0.002365,0.002441,0.002365,0.002403,0.002403,0.002365,0.002365,0.002365,0.002327,0.002289,0.002327,0.002289,0.002213,0.002213,0.002213,0.002174,0.002174,0.002174,0.002174,0.002136,0.002098,0.002060,0.002098,0.002022,0.002060,0.002098,0.002098,0.002098,0.002060,0.002098,0.002098,0.002060,0.002022,0.002060,0.002022,0.002022,0.001984,0.002022,0.001945,0.001945,0.002022,0.002022,0.002060,0.002022,0.001984,0.001984,0.001984,0.002060,0.002022,0.001945,0.001907,0.001907,0.001869,0.001945,0.001907,0.001869,0.001907,0.001869,0.001831,0.001831,0.001755,0.001831,0.001793,0.001755,0.001793,0.001831,0.001793,0.001755,0.001755,0.001793,0.001793,0.001793,0.001831,0.001793,0.001717,0.001793,0.001793,0.001793,0.001793,0.001831,0.001793,0.001755,0.001755,0.001831,0.001831,0.001869,0.001907,0.001907,0.001907,0.001907,0.001907,0.001945,0.001984,0.001984,0.001984,0.001945,0.001945,0.002022,0.001945,0.001945,0.001907,0.001945,0.001945,0.001945,0.001945,0.001945,0.001907,0.001945,0.001907,0.001945,0.001907,0.001907,0.001907,0.001984,0.001984,0.001945,0.001945,0.001984,0.001984,0.002022,0.001984,0.002022,0.002022,0.001984,0.001984,0.002022,0.002060,0.002060,0.002022,0.002060,0.002060,0.002060,0.001984,0.001984,0.002022,0.002060,0.002098,0.002098,0.002098,0.002060,0.002060,0.002060,0.002098,0.002098,0.002098,0.002060,0.002022,0.002060,0.002022,0.002098,0.002060,0.002098,0.002022,0.002060,0.002098,0.002060,0.002098,0.002022,0.002060,0.002060,0.002136,0.002098,0.002098,0.002136,0.002098,0.002098,0.002136,0.002136,0.002098,0.002136,0.002136,0.002098,0.002098,0.002136,0.002136,0.002136,0.002213,0.002174,0.002174,0.002174,0.002136,0.002136,0.002098,0.002098,0.002174,0.002098,0.002098,0.002022,0.002060,0.002060,0.002060,0.002060,0.002060,0.002098,0.002022,0.002060,0.002098,0.002060,0.002136,0.002136,0.002060,0.002136,0.002098,0.002098,0.002060,0.002060,0.002136,0.002098,0.002098,0.002098,0.002098,0.002136,0.002136,0.002098,0.002098,0.002098,0.002098,0.002136,0.002098,0.002098,0.002098,0.002098,0.002098,0.002136,0.002098,0.002098,0.002136,0.002098,0.002098,0.002098,0.002060,0.002136,0.002060,0.002098,0.002098,0.002098,0.002098,0.002098,0.002060,0.002136,0.002098,0.002060,0.002022,0.002022,0.002060,0.002098,0.002022,0.002060,0.002098,0.002060,0.002060,0.002022,0.002022,0.002022,0.002060,0.002060,0.002060,0.002060,0.002022,0.002022,0.001984,0.001984,0.001984,0.002022,0.002022,0.001945,0.001984,0.002060,0.002022,0.002022,0.001984,0.001984,0.001945,0.001984,0.002022,0.001945,0.001907,0.001945,0.001984,0.002060,0.001945,0.001984,0.002022,0.002022,0.002022,0.001945,0.002022,0.002022,0.002060,0.002060,0.002098,0.002022,0.002098,0.002098,0.002060,0.002174,0.002136,0.002098,0.002136,0.002136,0.002136,0.002098,0.002136,0.002136,0.002098,0.002136,0.002098,0.002136,0.002174,0.002136,0.002136,0.002174,0.002213,0.002136,0.002136,0.002098,0.002136,0.002174,0.002213,0.002174,0.002098,0.002098,0.002136,0.002136,0.002136,0.002060,0.002098,0.002060,0.002098,0.002060,0.002022,0.002098,0.002022,0.002098,0.002060,0.002022,0.002060,0.002022,0.001984,0.001945,0.002022,0.001984,0.001984,0.001984,0.001945,0.001907,0.001945,0.001869,0.001945,0.001869,0.001907,0.001907,0.001831,0.001869,0.001869,0.001793,0.001869,0.001831,0.001869,0.001831,0.001907,0.001869,0.001869,0.001945,0.001945,0.001945,0.001945,0.001945,0.001984,0.001984,0.001945,0.001984,0.002022,0.002060,0.002022,0.002060,0.002060,0.002060,0.002022,0.002022,0.002060,0.002022,0.002060,0.002098,0.002060,0.002022,0.002098,0.002098,0.002060,0.002060,0.002022,0.002060,0.002060,0.002060,0.002098,0.001984,0.002022,0.001984,0.001984,0.002022,0.002022,0.001984,0.002022,0.002022,0.001984,0.001984,0.001984,0.002022,0.001984,0.001984,0.001945,0.001984,0.002022,0.001984,0.001907,0.001984,0.001984,0.001984,0.002022,0.002022,0.001984,0.001984,0.002022,0.001984,0.001945,0.001907,0.001945,0.002022,0.002022,0.001945,0.001984,0.001984,0.001984,0.001984,0.001945,0.001907,0.001907,0.001907,0.001869,0.001907,0.001945,0.001869,0.001869,0.001869,0.001945,0.001945,0.001984,0.001907,0.001945,0.001945,0.001907,0.001984,0.001984,0.001984,0.001945,0.001984,0.002022,0.001984,0.002022,0.002022,0.002098,0.002060,0.002060,0.002022,0.002098,0.002098,0.002022,0.002136,0.002098,0.002022,0.002060,0.002098,0.002060,0.002098,0.002098,0.002022,0.002022,0.002022,0.002060,0.002060,0.002060,0.002060,0.002060,0.002060,0.002098,0.002098,0.002060,0.002022,0.002022,0.002022,0.002060,0.002098,0.002098,0.002136,0.002136,0.002136,0.002098,0.002136,0.002136,0.002098,0.002136,0.002098,0.002098,0.002098,0.002060,0.002022,0.002060,0.002098,0.002098,0.002060,0.002098,0.002060,0.001984,0.001984,0.002022,0.001984,0.001984,0.001984,0.001984,0.002022,0.001984,0.001984,0.001984,0.001984,0.001984,0.001984,0.001945,0.001907,0.001907,0.001945,0.001945,0.001907,0.001907,0.001945,0.001869,0.001945,0.001907,0.001945,0.001984,0.001831,0.001907,0.001907,0.001907,0.001907,0.001907,0.001907,0.001907,0.001945,0.001869,0.001945,0.001907,0.001907,0.001945,0.001907,0.001945,0.001945,0.001984,0.001945,0.001984,0.001984,0.001984,0.002022,0.002022,0.002022,0.002022,0.001945,0.002022,0.001984,0.001984,0.001984,0.002022,0.002060,0.001984,0.001984,0.001984,0.002022,0.001984,0.001984,0.002060,0.002022,0.001984,0.002022,0.002060,0.002060,0.001984,0.001984,0.001984,0.001984,0.001984,0.001984,0.002060,0.002022,0.002022,0.001984,0.002022,0.001984,0.002022,0.002022,0.002022,0.001984,0.002022,0.002022,0.002022,0.001984,0.002060,0.001984,0.001984,0.001984,0.002022,0.001945,0.001945,0.001945,0.001945,0.001907,0.001945,0.001907,0.001907,0.001869,0.001793,0.001831,0.001831,0.001831,0.001831,0.001793,0.001793,0.001793,0.001793,0.001793,0.001831,0.001831,0.001793,0.001793,0.001793,0.001793,0.001755,0.001793,0.001869,0.001831,0.001793,0.001793,0.001831,0.001907,0.001869,0.001907,0.001907,0.001945,0.001945,0.001945,0.001984,0.001984,0.002022,0.002022,0.002022,0.002060,0.002060,0.002060,0.002060,0.002022,0.002022,0.002060,0.002060,0.002022,0.002022,0.002022,0.002022,0.002022,0.001984,0.001984,0.001984,0.002022,0.001984,0.002098,0.002022,0.002022,0.002022,0.002022,0.001945,0.002022,0.002022,0.001984,0.001984,0.001984,0.001984,0.001945,0.001984,0.002022,0.002022,0.001984,0.002022,0.001984,0.002022,0.002022,0.002060,0.002022,0.002022,0.002022,0.002022,0.002060,0.002060,0.002060,0.002022,0.002060,0.002060,0.002060,0.002060,0.002098,0.002098,0.002098,0.002098,0.002136,0.002174,0.002098,0.002060,0.002098,0.002098,0.002098,0.002136,0.002136,0.002022,0.002022,0.002098,0.002060,0.002022,0.002098,0.002060,0.001984,0.002022,0.002060,0.002022,0.002060,0.001984,0.001984,0.001945,0.001945,0.001945,0.001984,0.001984,0.002022,0.001984,0.002022,0.001984,0.001945,0.002022,0.001984,0.001945,0.001945,0.001945,0.001945,0.001945,0.001907,0.001984,0.001945,0.001907,0.001945,0.001945,0.001907,0.001907,0.001945,0.001984,0.001907,0.001945,0.001945,0.001945,0.001984,0.001907,0.001945,0.001984,0.001907,0.001945,0.001984,0.001945,0.001945,0.001907,0.001984,0.001984,0.001907,0.001984,0.001984,0.001984,0.001984,0.001984,0.001945,0.001984,0.001945,0.001945,0.001984,0.002022,0.001984,0.002022,0.001984,0.001984,0.001945,0.001945,0.001984,0.001945,0.001984,0.001945,0.001984,0.001945,0.001984,0.001984,0.001984,0.001984,0.001945,0.001984,0.001984,0.001945,0.001984,0.001984,0.002022,0.001907,0.001984,0.001984,0.002022,0.001945,0.001945,0.002022,0.001945,0.002022,0.002060,0.002022,0.002022,0.002060,0.002022,0.002098,0.002098,0.002136,0.002060,0.002098,0.002098,0.002098,0.002098,0.002136,0.002174,0.002136,0.002174,0.002174,0.002174,0.002213,0.002213,0.002213,0.002251,0.002213,0.002213,0.002136,0.002174,0.002213,0.002174,0.002174,0.002213,0.002174,0.002213,0.002213,0.002174,0.002213,0.002213,0.002136,0.002174,0.002136,0.002174,0.002136,0.002136,0.002174,0.002136,0.002098,0.002060,0.002060,0.002022,0.002060,0.002022,0.002060,0.002060,0.001984,0.001984,0.001945,0.001945,0.001945,0.001907,0.001945,0.001945,0.002022,0.001945,0.001945,0.002022,0.001945,0.001984,0.002022,0.002022,0.002022,0.001984,0.002060,0.002022,0.001984,0.002022,0.001984,0.001984,0.001945,0.002022,0.001984,0.001984,0.001984,0.002022,0.002060,0.001984,0.002022,0.002060,0.002060,0.002022,0.002060,0.002136,0.002136,0.002136,0.002060,0.002136,0.002136,0.002136,0.002174,0.002136,0.002136,0.002174,0.002213,0.002213,0.002213,0.002213,0.002213,0.002213,0.002213,0.002251,0.002251,0.002174,0.002098,0.002174,0.002174,0.002174,0.002174,0.002136,0.002098,0.002060,0.002060,0.002060,0.002098,0.002060,0.002022,0.002022,0.001984,0.002022,0.002022,0.001984,0.001984,0.002022,0.001984,0.001945,0.001945,0.001907,0.001907,0.001869,0.001945,0.001945,0.001907,0.001907,0.001869,0.001907,0.001907,0.001907,0.001945,0.001984,0.001984,0.001907,0.001945,0.001945,0.001907,0.001945,0.001945,0.001984,0.001945,0.001984,0.001945,0.001907,0.001984,0.002022,0.001984,0.002022,0.002022,0.002060,0.002060,0.002098,0.002060,0.002060,0.002136,0.002098,0.002136,0.002098,0.002098,0.002136,0.002174,0.002098,0.002098,0.002098,0.002060,0.002136,0.002022,0.002060,0.002022,0.002022,0.002060,0.001945,0.001984,0.001907,0.001945,0.001945,0.001907,0.001945,0.001869,0.001869,0.001869,0.001907,0.001907,0.001869,0.001869,0.001869,0.001869,0.001869,0.001869,0.001907,0.001869,0.001945,0.001907,0.001907,0.001945,0.001945,0.001984,0.001984,0.002022,0.002060,0.002060,0.002060,0.002174,0.002136,0.002060,0.002098,0.002136,0.002174,0.002251,0.002251,0.002174,0.002174,0.002213,0.002213,0.002174,0.002213,0.002174,0.002213,0.002174,0.002213,0.002174,0.002174,0.002213,0.002213,0.002136,0.002174,0.002174,0.002213,0.002213,0.002174,0.002174,0.002174,0.002136,0.002213,0.002174,0.002174,0.002174,0.002174,0.002174,0.002174,0.002136,0.002174,0.002136,0.002174,0.002174,0.002174,0.002174,0.002174,0.002213,0.002136,0.002174,0.002136,0.002174,0.002213,0.002174,0.002136,0.002136,0.002136,0.002174,0.002136,0.002174,0.002174,0.002174,0.002174,0.002174,0.002213,0.002174,0.002174,0.002174,0.002213,0.002213,0.002174,0.002251,0.002174,0.002213,0.002213,0.002213,0.002174,0.002174,0.002213,0.002136,0.002213,0.002174,0.002174,0.002098,0.002136,0.002213,0.002098,0.002098,0.002098,0.002174,0.002136,0.002060,0.002136,0.002098,0.002136,0.002098,0.002060,0.002136,0.002060,0.002136,0.002022,0.002060,0.002022,0.002022,0.002098,0.002022,0.002022,0.002060,0.002022,0.002022,0.001984,0.002022,0.001945,0.001984,0.001945,0.001945,0.001945,0.001869,0.001869,0.001869,0.001907,0.001831,0.001831,0.001831,0.001793,0.001831,0.001793,0.001793,0.001869,0.001793,0.001755,0.001755,0.001793,0.001755,0.001755,0.001793,0.001755,0.001755,0.001831,0.001869,0.001831,0.001831,0.001831,0.001907,0.001945,0.001831,0.001907,0.001945,0.001945,0.001984,0.001984,0.001984,0.001984,0.002022,0.001945,0.001984,0.002022,0.001945,0.001984,0.001984,0.001984,0.001984,0.002022,0.002060,0.002022,0.002022,0.002022,0.001984,0.002022,0.002060,0.002098,0.002060,0.002060,0.002060,0.002098,0.002098,0.002098,0.002174,0.002136,0.002136,0.002136,0.002174,0.002136,0.002136,0.002136,0.002174,0.002136,0.002174,0.002174,0.002136,0.002060,0.002098,0.002098,0.002136,0.002098,0.002098,0.002060,0.002022,0.002060,0.001984,0.002022,0.002022,0.001984,0.001984,0.001984,0.001984,0.001945,0.001907,0.001907,0.001907,0.001945,0.001869,0.001869,0.001869,0.001869,0.001907,0.001907,0.001945,0.001907,0.001945,0.001907,0.001869,0.001907,0.001869,0.001907,0.001869,0.001831,0.001907,0.001869,0.001869,0.001831,0.001831,0.001831,0.001907,0.001869,0.001831,0.001869,0.001869,0.001831,0.001869,0.001869,0.001869,0.001831,0.001907,0.001831,0.001869,0.001831,0.001869,0.001907,0.001907,0.001945,0.001945,0.001984,0.001984,0.001984,0.001984,0.001984,0.002022,0.002022,0.002060,0.002060,0.002022,0.002022,0.002060,0.002098,0.002022,0.001984,0.002060,0.001984,0.002022,0.002022,0.002022,0.002060,0.002022,0.002022,0.002060,0.002060,0.002060,0.002022,0.002098,0.002060,0.002060,0.001984,0.002060,0.002060,0.002098,0.002098,0.002060,0.002098,0.002022,0.002060,0.002098,0.002022,0.002060,0.002022,0.002060,0.002022,0.001984,0.002022,0.002022,0.002060,0.002060,0.002060,0.002022,0.001984,0.002060,0.002060,0.002098,0.002060,0.002022,0.001984,0.002022,0.001907,0.001907,0.001984,0.001945,0.001984,0.001869,0.001907,0.001945,0.001907,0.001869,0.001907,0.001869,0.001907,0.001869,0.001907,0.001793,0.001907,0.001907,0.001907,0.001945,0.001907,0.001907,0.001907,0.001907,0.001907,0.001907,0.001907,0.001907,0.001945,0.001945,0.001984,0.001984,0.001907,0.001907,0.001945,0.001984,0.001984,0.001984
40,19:00:00.000,12/31/1903,0.000000,0.100000,UNKNOWN,1,0/0,0.000000,0.000000,0.000000,0.000000,0.000000,0.000000,0.000000,0.000000,0,0,0,0,0.002098,0.002174,0.002213,0.002174,0.002174,0.002174,0.002174,0.002174,0.002251,0.002174,0.002098,0.002213,0.002136,0.002213,0.002136,0.002136,0.002174,0.002060,0.002098,0.002136,0.002060,0.002098,0.002098,0.002098,0.002098,0.002136,0.002060,0.002098,0.002098,0.002098,0.002098,0.002136,0.002136,0.002174,0.002098,0.002098,0.002098,0.002098,0.002098,0.002060,0.002136,0.002098,0.002098,0.002060,0.002136,0.002060,0.002098,0.002098,0.002098,0.002060,0.002060,0.002022,0.002098,0.002060,0.002098,0.002060,0.002060,0.002060,0.002022,0.002060,0.002060,0.002022,0.002060,0.001984,0.002060,0.002098,0.002060,0.002022,0.001984,0.001945,0.002022,0.001984,0.001984,0.001984,0.001984,0.002022,0.002022,0.002060,0.002060,0.002022,0.001945,0.001984,0.002022,0.001984,0.001984,0.001984,0.002022,0.002022,0.001984,0.002022,0.002022,0.001984,0.002022,0.001984,0.001984,0.001945,0.002022,0.002022,0.001984,0.002022,0.001984,0.002098,0.001984,0.002022,0.001984,0.001984,0.002098,0.002060,0.002060,0.002060,0.002022,0.002060,0.002060,0.002022,0.002060,0.002022,0.002060,0.002060,0.002060,0.002022,0.002060,0.002022,0.002022,0.002060,0.002022,0.001984,0.001984,0.002022,0.002098,0.002098,0.002022,0.002060,0.002060,0.002098,0.002060,0.002022,0.002022,0.002060,0.002022,0.002060,0.002060,0.002060,0.001984,0.002060,0.002060,0.002060,0.002098,0.002060,0.002022,0.002060,0.002098,0.002060,0.002098,0.002098,0.002060,0.002060,0.002060,0.002098,0.002098,0.002098,0.002060,0.002022,0.002098,0.002060,0.002136,0.002098,0.002098,0.002098,0.002098,0.002136,0.002174,0.002098,0.002098,0.002098,0.002136,0.002174,0.002136,0.002174,0.002136,0.002174,0.002174,0.002136,0.002136,0.002136,0.002251,0.002136,0.002098,0.002098,0.002136,0.002174,0.002136,0.002136,0.002098,0.002060,0.002098,0.002098,0.002098,0.002060,0.002060,0.002136,0.002022,0.002098,0.002098,0.002098,0.002136,0.002098,0.002136,0.002098,0.002136,0.002136,0.002136,0.002060,0.002098,0.002098,0.002136,0.002060,0.002098,0.002136,0.002136,0.002098,0.002136,0.002098,0.002098,0.002136,0.002098,0.002098,0.002136,0.002136,0.002174,0.002136,0.002098,0.002098,0.002098,0.002174,0.002136,0.002136,0.002174,0.002174,0.002174,0.002098,0.002136,0.002174,0.002136,0.002174,0.002098,0.002136,0.002174,0.002174,0.002213,0.002098,0.002136,0.002174,0.002136,0.002213,0.002174,0.002136,0.002098,0.002136,0.002136,0.002098,0.002174,0.002098,0.002136,0.002098,0.002060,0.002060,0.002098,0.002098,0.002060,0.002060,0.002098,0.002098,0.002098,0.002060,0.002060,0.002098,0.002098,0.002060,0.002060,0.002022,0.002022,0.002098,0.002060,0.002060,0.002022,0.002060,0.002060,0.002022,0.002022,0.001984,0.002060,0.002022,0.002060,0.002060,0.002060,0.002098,0.002060,0.002060,0.002022,0.002060,0.002060,0.002022,0.002022,0.001984,0.002098,0.002022,0.002022,0.002022,0.002022,0.002022,0.002022,0.002022,0.002060,0.002022,0.002022,0.002060,0.001984,0.002060,0.002098,0.002060,0.002060,0.002060,0.002022,0.002022,0.002022,0.001984,0.002060,0.002022,0.002022,0.002060,0.002022,0.002098,0.002060,0.002060,0.002022,0.002022,0.002060,0.002022,0.002022,0.002022,0.002060,0.002098,0.002022,0.002060,0.002060,0.002060,0.002022,0.002022,0.002098,0.002098,0.001984,0.002022,0.002022,0.002098,0.002022,0.002022,0.002022,0.002022,0.002022,0.001984,0.002098,0.002060,0.001984,0.001984,0.002060,0.002060,0.002022,0.002060,0.002098,0.002060,0.002098,0.002098,0.002060,0.002098,0.002022,0.002060,0.002022,0.002022,0.002022,0.002022,0.002060,0.002060,0.002060,0.002022,0.002060,0.002098,0.002060,0.002098,0.002098,0.002136,0.002098,0.002098,0.002174,0.002098,0.002136,0.002136,0.002098,0.002098,0.002098,0.002098,0.002098,0.002098,0.002098,0.002060,0.002136,0.002098,0.002060,0.002098,0.002098,0.002174,0.002136,0.002136,0.002136,0.002098,0.002136,0.002136,0.002136,0.002174,0.002174,0.002213,0.002136,0.002174,0.002213,0.002136,0.002174,0.002136,0.002136,0.002174,0.002174,0.002174,0.002174,0.002174,0.002136,0.002174,0.002136,0.002098,0.002136,0.002174,0.002136,0.002136,0.002136,0.002136,0.002174,0.002136,0.002174,0.002136,0.002136,0.002098,0.002136,0.002098,0.002136,0.002098,0.002098,0.002098,0.002098,0.002098,0.002098,0.002098,0.002098,0.002060,0.002098,0.002098,0.002060,0.002098,0.002022,0.002060,0.002022,0.002022,0.002060,0.002022,0.002022,0.002022,0.002022,0.002098,0.002022,0.001984,0.002060,0.002022,0.002022,0.002022,0.001984,0.001984,0.001984,0.001984,0.001984,0.001984,0.001945,0.002060,0.002022,0.001984,0.001984,0.001945,0.002022,0.002022,0.002022,0.002060,0.001984,0.002022,0.001984,0.001984,0.002022,0.002022,0.001984,0.002022,0.002060,0.002022,0.002022,0.001984,0.001945,0.001984,0.001984,0.002022,0.002060,0.001984,0.002022,0.001945,0.002022,0.002060,0.001984,0.002060,0.001984,0.002022,0.002060,0.002022,0.002022,0.001984,0.001945,0.001945,0.002022,0.002060,0.002060,0.002022,0.002098,0.002060,0.002022,0.001984,0.002022,0.002060,0.002060,0.002098,0.002060,0.002060,0.002060,0.002060,0.002060,0.002022,0.002022,0.002098,0.002098,0.002136,0.002098,0.002098,0.002136,0.002098,0.002098,0.002098,0.002174,0.002136,0.002098,0.002174,0.002174,0.002136,0.002098,0.002174,0.002098,0.002098,0.002174,0.002174,0.002098,0.002136,0.002136,0.002213,0.002098,0.002174,0.002174,0.002136,0.002098,0.002060,0.002098,0.002098,0.002098,0.002174,0.002136,0.002213,0.002136,0.002136,0.002136,0.002098,0.002136,0.002136,0.002098,0.002136,0.002098,0.002060,0.002060,0.002060,0.002060,0.002174,0.002060,0.002022,0.002136,0.002022,0.002060,0.002098,0.002098,0.002022,0.002022,0.002098,0.002060,0.002060,0.002098,0.001984,0.002022,0.002060,0.002022,0.002098,0.002060,0.002060,0.002060,0.001984,0.002060,0.002060,0.002098,0.002098,0.002098,0.002022,0.002022,0.002098,0.002060,0.002060,0.002060,0.002060,0.002136,0.002060,0.002136,0.002098,0.002060,0.002060,0.002022,0.002098,0.002060,0.002060,0.002098,0.002022,0.002060,0.002098,0.002022,0.002060,0.002060,0.002060,0.002060,0.002098,0.002136,0.002060,0.002098,0.002060,0.002022,0.002060,0.002060,0.002060,0.002060,0.002060,0.002060,0.002022,0.002022,0.002022,0.002098,0.002060,0.002098,0.002022,0.002060,0.002060,0.002060,0.002060,0.002060,0.002022,0.002060,0.002060,0.002022,0.002060,0.002060,0.002098,0.002022,0.001945,0.002060,0.002022,0.002060,0.001945,0.002022,0.001984,0.002060,0.002022,0.001984,0.001984,0.001945,0.001907,0.001907,0.001907,0.001907,0.001869,0.001869,0.001869,0.001831,0.001907,0.001831,0.001831,0.001755,0.001717,0.001755,0.001640,0.001640,0.001678,0.001678,0.001602,0.001564,0.001564,0.001526,0.001526,0.001526,0.001488,0.001488,0.001450,0.001488,0.001564,0.001564,0.001564,0.001602,0.001717,0.001793,0.001907,0.002060,0.002213,0.002365,0.002556,0.002861,0.003014,0.003281,0.003624,0.003967,0.004311,0.004616,0.004959,0.005341,0.005684,0.006065,0.006409,0.006714,0.007019,0.007248,0.007401,0.007477,0.007477,0.007401,0.007248,0.007095,0.006752,0.006294,0.005836,0.005417,0.004845,0.004272,0.003662,0.003090,0.002480,0.001907,0.001221,0.000648,0.000114,-0.000420,-0.001106,-0.001717,-0.002327,-0.002937,-0.003433,-0.003967,-0.004463,-0.004807,-0.005112,-0.005302,-0.005341,-0.005341,-0.005226,-0.004959,-0.004616,-0.004272,-0.003891,-0.003471,-0.002899,-0.002289,-0.001755,-0.001335,-0.000839,-0.000381,0.000038,0.000496,0.000801,0.001144,0.001373,0.001640,0.001907,0.002060,0.002136,0.002213,0.002327,0.002441,0.002518,0.002518,0.002594,0.002708,0.002785,0.002861,0.002899,0.003014,0.003052,0.003128,0.003166,0.003242,0.003281,0.003357,0.003433,0.003510,0.003586,0.003700,0.003853,0.003929,0.004044,0.004196,0.004311,0.004463,0.004501,0.004578,0.004654,0.004692,0.004730,0.004692,0.004692,0.004692,0.004692,0.004654,0.004501,0.004387,0.004349,0.004234,0.004158,0.004044,0.003929,0.003815,0.003700,0.003548,0.003433,0.003319,0.003128,0.003052,0.002937,0.002785,0.002708,0.002556,0.002518,0.002403,0.002327,0.002327,0.002174,0.002174,0.002098,0.002060,0.001907,0.001869,0.001869,0.001869,0.001869,0.001793,0.001793,0.001717,0.001755,0.001793,0.001793,0.001793,0.001793,0.001869,0.001907,0.001945,0.002022,0.002022,0.002022,0.002022,0.002060,0.002060,0.002060,0.002022,0.002022,0.001945,0.001907,0.001907,0.001869,0.001907,0.001831,0.001793,0.001831,0.001755,0.001755,0.001717,0.001717,0.001755,0.001717,0.001678,0.001640,0.001640,0.001564,0.001564,0.001526,0.001450,0.001411,0.001373,0.001411,0.001450,0.001450,0.001526,0.001526,0.001640,0.001717,0.001717,0.001678,0.001755,0.001869,0.001869,0.001907,0.001907,0.001869,0.001907,0.001907,0.001831,0.001945,0.001869,0.001869,0.001831,0.001831,0.001793,0.001831,0.001869,0.001869,0.001945,0.001984,0.001945,0.001984,0.001945,0.001945,0.001984,0.001907,0.001945,0.001945,0.001869,0.001869,0.001831,0.001869,0.001793,0.001831,0.001831,0.001831,0.001907,0.001907,0.001945,0.001945,0.002022,0.002174,0.002213,0.002251,0.002327,0.002327,0.002480,0.002480,0.002518,0.002518,0.002594,0.002594,0.002594,0.002594,0.002480,0.002480,0.002403,0.002365,0.002251,0.002174,0.002098,0.002022,0.001945,0.001945,0.001869,0.001907,0.001869,0.001831,0.001869,0.001869,0.001907,0.001869,0.001869,0.001907,0.001869,0.001907,0.001869,0.001869,0.001869,0.001793,0.001717,0.001678,0.001678,0.001564,0.001564,0.001526,0.001488,0.001526,0.001411,0.001411,0.001373,0.001373,0.001411,0.001411,0.001335,0.001335,0.001373,0.001411,0.001450,0.001411,0.001450,0.001411,0.001526,0.001526,0.001526,0.001602,0.001678,0.001717,0.001755,0.001793,0.001907,0.001984,0.002060,0.002098,0.002174,0.002251,0.002327,0.002480,0.002480,0.002556,0.002632,0.002708,0.002747,0.002747,0.002785,0.002785,0.002747,0.002747,0.002747,0.002747,0.002747,0.002785,0.002747,0.002747,0.002747,0.002670,0.002670,0.002708,0.002670,0.002632,0.002632,0.002632,0.002594,0.002594,0.002556,0.002556,0.002556,0.002480,0.002441,0.002441,0.002403,0.002365,0.002327,0.002251,0.002213,0.002213,0.002213,0.002174,0.002174,0.002136,0.002174,0.002098,0.002098,0.002136,0.002060,0.002060,0.002174,0.002213,0.002174,0.002136,0.002174,0.002136,0.002098,0.002136,0.002098,0.002060,0.002060,0.002098,0.002060,0.002098,0.002136,0.002098,0.002098,0.002136,0.002136,0.002213,0.002213,0.002251,0.002289,0.002327,0.002365,0.002403,0.002480,0.002441,0.002518,0.002632,0.002594,0.002594,0.002594,0.002594,0.002594,0.002518,0.002441,0.002441,0.002403,0.002365,0.002213,0.002098,0.002136,0.002060,0.001984,0.001945,0.001907,0.001831,0.001793,0.001755,0.001755,0.001717,0.001640,0.001678,0.001717,0.001717,0.001755,0.001793,0.001755,0.001907,0.001907,0.001984,0.002022,0.002022,0.002022,0.002060,0.002060,0.002136,0.002213,0.002136,0.002174,0.002174,0.002174,0.002136,0.002060,0.002022,0.002022,0.002022,0.001984,0.001945,0.001907,0.001869,0.001869,0.001869,0.001831,0.001755,0.001755,0.001717,0.001678,0.001640,0.001564,0.001602,0.001564,0.001602,0.001564,0.001488,0.001526,0.001564,0.001564,0.001564,0.001564,0.001640,0.001640,0.001640,0.001678,0.001678,0.001755,0.001831,0.001793,0.001869,0.001907,0.001907,0.001945,0.001984,0.001984,0.001984,0.002060,0.002136,0.002022,0.002022,0.002060,0.002060,0.002098,0.002136,0.002136,0.002136,0.002136,0.002174,0.002174,0.002174,0.002213,0.002174,0.002174,0.002174,0.002174,0.002174,0.002136,0.002174,0.002174,0.002174,0.002136,0.002174,0.002174,0.002098,0.002098,0.002098,0.002136,0.002174,0.002098,0.002136,0.002136,0.002136,0.002174,0.002213,0.002174,0.002174,0.002136,0.002136,0.002174,0.002174,0.002174,0.002174,0.002213,0.002213,0.002136,0.002136,0.002174,0.002136,0.002060,0.002060,0.001984,0.002022,0.001984,0.001907,0.001945,0.001945,0.001907,0.001907,0.001793,0.001793,0.001793,0.001755,0.001717,0.001755,0.001755,0.001717,0.001678,0.001717,0.001678,0.001640,0.001678,0.001678,0.001678,0.001678,0.001678,0.001717,0.001717,0.001755,0.001678,0.001717,0.001755,0.001831,0.001869,0.001907,0.001945,0.001984,0.002022,0.002098,0.002136,0.002136,0.002251,0.002251,0.002251,0.002327,0.002327,0.002365,0.002403,0.002403,0.002403,0.002403,0.002480,0.002480,0.002441,0.002441,0.002556,0.002518,0.002480,0.002480,0.002556,0.002518,0.002518,0.002518,0.002556,0.002518,0.002480,0.002441,0.002480,0.002441,0.002441,0.002480,0.002403,0.002365,0.002403,0.002327,0.002327,0.002289,0.002251,0.002213,0.002174,0.002136,0.002098,0.001984,0.001984,0.001945,0.001984,0.002022,0.001945,0.001945,0.001945,0.001907,0.001945,0.001984,0.002022,0.001984,0.002022,0.002060,0.002136,0.002136,0.002098,0.002174,0.002213,0.002174,0.002251,0.002289,0.002289,0.002289,0.002289,0.002289,0.002327,0.002289,0.002289,0.002327,0.002213,0.002251,0.002213,0.002174,0.002136,0.002098,0.002060,0.002022,0.002022,0.001984,0.001945,0.001984,0.001945,0.001907,0.001869,0.001869,0.001793,0.001793,0.001793,0.001831,0.001793,0.001755,0.001755,0.001793,0.001755,0.001717,0.001678,0.001717,0.001678,0.001717,0.001717,0.001717,0.001755,0.001755,0.001755,0.001717,0.001678,0.001755,0.001755,0.001793,0.001755,0.001755,0.001755,0.001755,0.001793,0.001755,0.001755,0.001755,0.001717,0.001755,0.001793,0.001793,0.001793,0.001755,0.001831,0.001907,0.001945,0.001945,0.001945,0.002022,0.002022,0.002060,0.002060,0.002136,0.002136,0.002213,0.002251,0.002327,0.002327,0.002289,0.002251,0.002251,0.002289,0.002289,0.002327,0.002251,0.002251,0.002213,0.002174,0.002251,0.002136,0.002174,0.002098,0.002098,0.002174,0.002136,0.002098,0.002098,0.002060,0.002060,0.002060,0.002060,0.002098,0.002060,0.002022,0.002022,0.002060,0.002060,0.002060,0.002098,0.002060,0.002098,0.002098,0.002060,0.002136,0.002098,0.002022,0.002060,0.002098,0.002098,0.002136,0.002136,0.002098,0.002098,0.002174,0.002060,0.002022,0.002098,0.002060,0.002060,0.002060,0.002098,0.002098,0.002060,0.002136,0.002098,0.002174,0.002174,0.002174,0.002174,0.002174,0.002174,0.002174,0.002098,0.002098,0.002098,0.002060,0.002098,0.002060,0.001984,0.001984,0.001984,0.002022,0.001984,0.002022,0.001984,0.001984,0.001984,0.002022,0.002060,0.002022,0.001984,0.002022,0.002022,0.002060,0.002022,0.002022,0.002022,0.002022,0.001984,0.002022,0.002022,0.002060,0.002060,0.002060,0.002060,0.002098,0.002098,0.002060,0.002098,0.002136,0.002174,0.002136,0.002136,0.002136,0.002136,0.002174,0.002174,0.002174,0.002174,0.002136,0.002098,0.002136,0.002060,0.001984,0.002022,0.001984,0.001984,0.001945,0.001907,0.001869,0.001869,0.001831,0.001831,0.001869,0.001869,0.001831,0.001831,0.001869,0.001907,0.001831,0.001869,0.001869,0.001907,0.001907,0.001907,0.001945,0.001945,0.001984,0.002022,0.002022,0.002060,0.002022,0.002060,0.002022,0.002060,0.002060,0.002098,0.002098,0.002060,0.002060,0.002098,0.002060,0.002022,0.002098,0.002098,0.002098,0.002098,0.002060,0.002022,0.001984,0.001984,0.002022,0.001984,0.001984,0.002022,0.001984,0.001984,0.001945,0.001945,0.001945,0.001907,0.001869,0.001907,0.001869,0.001907,0.001869,0.001907,0.001907,0.001907,0.001945,0.001984,0.001984,0.002060,0.002098,0.002060,0.002098,0.002022,0.002060,0.002098,0.002174,0.002174,0.002174,0.002174,0.002174,0.002213,0.002251,0.002213,0.002251,0.002251,0.002251,0.002251,0.002289,0.002289,0.002251,0.002251,0.002251,0.002289,0.002251,0.002289,0.002289,0.002289,0.002327,0.002289,0.002251,0.002251,0.002289,0.002251,0.002213,0.002174,0.002174,0.002174,0.002174,0.002136,0.002136,0.002098,0.002174,0.002098,0.002174,0.002136,0.002136,0.002098,0.002098,0.002060,0.001984,0.001984,0.002022,0.001984,0.001984,0.001984,0.001984,0.001945,0.001984,0.002022,0.002022,0.002098,0.002098,0.002098,0.002213,0.002213,0.002174,0.002251,0.002251,0.002365,0.002403,0.002403,0.002441,0.002518,0.002556,0.002556,0.002556,0.002556,0.002594,0.002594,0.002747,0.002747,0.002670,0.002670,0.002632,0.002670,0.002670,0.002670,0.002556,0.002480,0.002518,0.002441,0.002365,0.002403,0.002327,0.002327,0.002327,0.002251,0.002213,0.002213,0.002174,0.002136,0.002098,0.002060,0.002022,0.001907,0.001907,0.001793,0.001678,0.001526,0.001526,0.001373,0.001259,0.001183,0.001106,0.001106,0.001030,0.000954,0.000954,0.000954,0.000916,0.000916,0.000954,0.000992,0.001030,0.001144,0.001183,0.001297,0.001373,0.001526,0.001564,0.001640,0.001755,0.001831,0.001945,0.002060,0.002136,0.002213,0.002213,0.002289,0.002289,0.002365,0.002365,0.002365,0.002365,0.002403,0.002365,0.002327,0.002327,0.002289,0.002289,0.002251,0.002251,0.002251,0.002213,0.002213,0.002174,0.002174,0.002213,0.002136,0.002174,0.002213,0.002174,0.002251,0.002251,0.002289,0.002365,0.002365,0.002327,0.002403,0.002480,0.002403,0.002480,0.002480,0.002518,0.002518,0.002518,0.002518,0.002518,0.002480,0.002480,0.002480,0.002480,0.002365,0.002327,0.002327,0.002289,0.002251,0.002213,0.002174,0.002136,0.002098,0.002060,0.002022,0.002060,0.001984,0.001984,0.001945,0.001907,0.001945,0.001945,0.001945,0.001907,0.001907,0.001907,0.001869,0.001945,0.001945,0.001907,0.001907,0.001945,0.001945,0.001984,0.001984,0.001984,0.001984,0.001945,0.001984,0.001984,0.001945,0.001907,0.001984,0.002022,0.001984,0.001984,0.001984,0.001984,0.002022,0.001945,0.001945,0.001945,0.001945,0.001945,0.001945,0.001945,0.001945,0.001984,0.002022,0.002022,0.001945,0.001945,0.002022,0.002022,0.001984,0.001984,0.002022,0.002022,0.002060,0.002098,0.002098,0.002098,0.002098,0.002174,0.002251,0.002213,0.002174,0.002213,0.002289,0.002327,0.002289,0.002289,0.002327,0.002365,0.002327,0.002365,0.002403,0.002365,0.002327,0.002365,0.002365,0.002365,0.002327,0.002327,0.002327,0.002327,0.002289,0.002289,0.002251,0.002251,0.002213,0.002251,0.002213,0.002213,0.002174,0.002174,0.002136,0.002136,0.002136,0.002098,0.002098,0.002098,0.002098,0.002022,0.002060,0.002060,0.002060,0.002060,0.002136,0.002060,0.002098,0.002136,0.002174,0.002136,0.002174,0.002174,0.002174,0.002213,0.002174,0.002174,0.002213,0.002213,0.002289,0.002251,0.002289,0.002327,0.002327,0.002365,0.002403,0.002441,0.002327,0.002403,0.002365,0.002403,0.002365,0.002365,0.002365,0.002403,0.002327,0.002327,0.002289,0.002289,0.002213,0.002251,0.002174,0.002174,0.002060,0.002098,0.002022,0.002060,0.002022,0.001907,0.001907,0.001907,0.001869,0.001945,0.001831,0.001831,0.001869,0.001869,0.001831,0.001907,0.001831,0.001831,0.001793,0.001793,0.001831,0.001793,0.001717,0.001717,0.001755,0.001793,0.001831,0.001831,0.001793,0.001831,0.001793,0.001869,0.001831,0.001793,0.001831,0.001831,0.001831,0.001869,0.001945,0.001945,0.001945,0.001984,0.001945,0.001945,0.002022,0.001984,0.001984,0.002060,0.002060,0.002060,0.002060,0.002098,0.002136,0.002136,0.002136,0.002136,0.002174,0.002174,0.002251,0.002174,0.002174,0.002136,0.002174,0.002136,0.002174,0.002098,0.002174,0.002136,0.002098,0.002098,0.002098,0.002136,0.002098,0.002136,0.002098,0.002098,0.002098,0.002098,0.002136,0.002136,0.002136,0.002136,0.002174,0.002136,0.002136,0.002136,0.002174,0.002213,0.002136,0.002136,0.002136,0.002174,0.002136,0.002213,0.002098,0.002098,0.002060,0.002098,0.002060,0.001984,0.002022,0.002022,0.002022,0.001945,0.001907,0.001907,0.001869,0.001907,0.001869,0.001907,0.001869,0.001793,0.001869,0.001907,0.001907,0.001831,0.001869,0.001869,0.001869,0.001945,0.001869,0.001907,0.001945,0.002022,0.002022,0.002022,0.001984,0.002022,0.002022,0.002060,0.002098,0.002060,0.002136,0.002098,0.002098,0.002174,0.002098,0.002022,0.002098,0.002098,0.002098,0.002098,0.002060,0.002060,0.002060,0.002022,0.002022,0.002022,0.002022,0.002022,0.002060,0.002060,0.002022,0.002022,0.002060,0.002060,0.002060,0.002022,0.002060,0.002060,0.002060,0.002136,0.002251,0.002251,0.002174,0.002174,0.002213,0.002251,0.002251,0.002289,0.002251,0.002213,0.002289,0.002251,0.002251,0.002289,0.002251,0.002251,0.002213,0.002213,0.002213,0.002251,0.002213,0.002213,0.002213,0.002174,0.002174,0.002136,0.002098,0.002136,0.002174,0.002098,0.002060,0.002060,0.002098,0.002098,0.002060,0.002060,0.002098,0.002098,0.002060,0.002060,0.002098,0.002098,0.002136,0.002098,0.002098,0.002098,0.002136,0.002213,0.002174,0.002174,0.002213,0.002213,0.002289,0.002174,0.002213,0.002251,0.002289,0.002251,0.002251,0.002289,0.002251,0.002251,0.002327,0.002289,0.002251,0.002251,0.002251,0.002251,0.002213,0.002251,0.002213,0.002174,0.002136,0.002136,0.002136,0.002098,0.002060,0.002060,0.002060,0.002022,0.002022,0.001984,0.001984,0.001945,0.001945,0.001869,0.001869,0.001869,0.001831,0.001793,0.001793,0.001793,0.001755,0.001755,0.001755,0.001717,0.001678,0.001717,0.001717,0.001755,0.001717,0.001602,0.001678,0.001678,0.001717,0.001678,0.001678,0.001717,0.001717,0.001717,0.001717,0.001755,0.001717,0.001717,0.001678,0.001678,0.001717,0.001793,0.001755,0.001678,0.001755,0.001793,0.001793,0.001793,0.001793,0.001831,0.001831,0.001831,0.001869,0.001907,0.001869,0.001945,0.001945,0.001984,0.001984,0.002022,0.002060,0.002060,0.002098,0.002213,0.002136,0.002174,0.002174,0.002213,0.002251,0.002251,0.002251,0.002289,0.002327,0.002365,0.002365,0.002365,0.002327,0.002365,0.002365,0.002365,0.002365,0.002327,0.002365,0.002289,0.002327,0.002365,0.002289,0.002289,0.002365,0.002289,0.002327,0.002251,0.002289,0.002213,0.002174,0.002213,0.002174,0.002213,0.002136,0.002060,0.002060,0.002098,0.002060,0.002098,0.002060,0.002022,0.002060,0.002060,0.002022,0.002060,0.002022,0.002022,0.001984,0.001984,0.001984,0.001945,0.001984,0.002022,0.002022,0.001984,0.001945,0.002022,0.002060,0.002060,0.001984,0.001945,0.001945,0.001984,0.002022,0.002060,0.001984,0.001984,0.001945,0.001945,0.001984,0.001907,0.001945,0.001907,0.001907,0.001945,0.001984,0.002022,0.001984,0.001945,0.001945,0.001945,0.001984,0.001984,0.001984,0.002022,0.002022,0.002022,0.002060,0.002098,0.002098,0.002060,0.002136,0.002098,0.002098,0.002098,0.002136,0.002174,0.002213,0.002136,0.002136,0.002174,0.002136,0.002174,0.002174,0.002136,0.002098,0.002136,0.002098,0.002098,0.002022,0.002060,0.002098,0.002136,0.002174,0.002060,0.002060,0.002136,0.002098,0.002098,0.002060,0.002136,0.002098,0.002136,0.002174,0.002213,0.002174,0.002174,0.002174,0.002174,0.002251,0.002251,0.002213,0.002174,0.002251,0.002213,0.002174,0.002213,0.002213,0.002213,0.002136,0.002136,0.002136,0.002136,0.002213,0.002174,0.002136,0.002136,0.002174,0.002098,0.002098,0.002136,0.002136,0.002136,0.002098,0.002098,0.002136,0.002136,0.002136,0.002060,0.002136,0.002136,0.002174,0.002098,0.002098,0.002098,0.002060,0.002060,0.002098,0.002060,0.002098,0.002060,0.002022,0.002098,0.002060,0.002022,0.002022,0.001984,0.002022,0.001984,0.002022,0.001984,0.001945,0.001945,0.001984,0.001945,0.001907,0.001907,0.001907,0.001869,0.001907,0.001945,0.001869,0.001945,0.001907,0.001907,0.001869,0.001869,0.001907,0.001984,0.001869,0.001907,0.001945,0.001907,0.001945,0.001907,0.001869,0.001945,0.001907,0.001945,0.001907,0.001984,0.001984,0.001907,0.001984,0.001984,0.002022,0.002022,0.001984,0.002060,0.001984,0.002022,0.002098,0.002060,0.002098,0.002098,0.002060,0.002098,0.002098,0.002098,0.002136,0.002098,0.002174,0.002174,0.002213,0.002136,0.002136,0.002213,0.002213,0.002213,0.002174,0.002174,0.002174,0.002098,0.002174,0.002174,0.002136,0.002136,0.002174,0.002213,0.002136,0.002136,0.002136,0.002136,0.002098,0.002098,0.002136,0.002098,0.002136,0.002136,0.002098,0.002213,0.002213,0.002174,0.002136,0.002174,0.002174,0.002136,0.002136,0.002174,0.002136,0.002174,0.002136,0.002136,0.002136,0.002174,0.002174,0.002136,0.002213,0.002174,0.002174,0.002136,0.002136,0.002136,0.002174,0.002136,0.002174,0.002174,0.002174,0.002174,0.002174,0.002098,0.002136,0.002213,0.002136,0.002174,0.002136,0.002098,0.002098,0.002098,0.002174,0.002174,0.002174,0.002136,0.002098,0.002098,0.002060,0.002098,0.002098,0.002060,0.002098,0.002136,0.002098,0.002136,0.002136,0.002136,0.002098,0.002098,0.002136,0.002098,0.002098,0.002098,0.002060,0.002136,0.002174,0.002098,0.002060,0.002098,0.002098,0.002098,0.002098,0.002022,0.002098,0.002136,0.002136,0.002098,0.002136,0.002136,0.002136,0.002136,0.002174,0.002174,0.002174,0.002213,0.002136,0.002136,0.002060,0.002136,0.002136,0.002136,0.002098,0.002136,0.002136,0.002060,0.002060,0.002098,0.002098,0.002098,0.002022,0.002060,0.002022,0.001984,0.002022,0.001984,0.001984,0.001984,0.001945,0.001984,0.001984,0.002022,0.001984,0.002022,0.002022,0.002022,0.002022,0.002060,0.002060,0.002060,0.002098,0.002060,0.002098,0.002136,0.002060,0.002136,0.002174,0.002213,0.002213,0.002213,0.002251,0.002251,0.002251,0.002289,0.002327,0.002365,0.002365,0.002403,0.002403,0.002365,0.002365,0.002365,0.002403,0.002403,0.002403,0.002403,0.002365,0.002327,0.002327,0.002251,0.002289,0.002213,0.002174,0.002174,0.002098,0.002060,0.002060,0.002022,0.001984,0.001945,0.001907,0.001907,0.001831,0.001831,0.001793,0.001831,0.001793,0.001831,0.001831,0.001793,0.001793,0.001831,0.001831,0.001907,0.001907,0.001869,0.001869,0.001984,0.002022,0.001984,0.002022,0.002060,0.002022,0.001984,0.002022,0.001984,0.002098,0.002098,0.002060,0.002060,0.002060,0.002022,0.002022,0.001984,0.001945,0.001945,0.001945,0.001945,0.001984,0.002022,0.001945,0.001945,0.001984,0.001945,0.002022,0.002022,0.002022,0.002022,0.002060,0.002098,0.002136,0.002060,0.002060,0.002098,0.002136,0.002136,0.002136,0.002213,0.002213,0.002213,0.002213,0.002251,0.002213,0.002327,0.002289,0.002289,0.002251,0.002327,0.002251,0.002251,0.002251,0.002289,0.002289,0.002289,0.002251,0.002213,0.002251,0.002213,0.002251,0.002289,0.002251,0.002251,0.002251,0.002251,0.002251,0.002213,0.002289,0.002289,0.002289,0.002289,0.002327,0.002289,0.002289,0.002251,0.002289,0.002289,0.002251,0.002213,0.002174,0.002174,0.002174,0.002136,0.002136,0.002136,0.002060,0.002060,0.001984,0.001945,0.001945,0.001984,0.001945,0.001907,0.001907,0.001907,0.001869,0.001869,0.001831,0.001793,0.001869,0.001755,0.001831,0.001831,0.001793,0.001793,0.001755,0.001831,0.001793,0.001755,0.001755,0.001755,0.001755,0.001793,0.001831,0.001869,0.001869,0.001869,0.001869,0.001907,0.001869,0.001945,0.001984,0.001984,0.002022,0.002022,0.001984,0.002022,0.002022,0.002022,0.002060,0.002022,0.002060,0.002060,0.002060,0.002098,0.002136,0.002098,0.002098,0.002136,0.002136,0.002022,0.002060,0.002060,0.002060,0.002098,0.002098,0.002098,0.002098,0.002098,0.002098,0.002098,0.002098,0.002060,0.002098,0.002060,0.002136,0.002136,0.002060,0.002136,0.002098,0.002098,0.002098,0.002174,0.002136,0.002174,0.002136,0.002136,0.002213,0.002213,0.002213,0.002251,0.002213,0.002213,0.002174,0.002213,0.002174,0.002251,0.002213,0.002213,0.002213,0.002251,0.002213,0.002251,0.002213,0.002213,0.002327,0.002289,0.002213,0.002174,0.002174,0.002174,0.002174,0.002136,0.002174,0.002136,0.002136,0.002060,0.002098,0.002098,0.002098,0.002022,0.002060,0.001984,0.001984,0.002022,0.002022,0.001984,0.001984,0.001984,0.002060,0.001984,0.002022,0.002022,0.002098,0.002136,0.002098,0.002098,0.002136,0.002098,0.002136,0.002022,0.002098,0.002098,0.002098,0.002098,0.002098,0.002098,0.002060,0.002022,0.002022,0.001984,0.001984,0.001984,0.001907,0.001907,0.001869,0.001945,0.001945,0.001869,0.001831,0.001869,0.001869,0.001869,0.001869,0.001907,0.001831,0.001831,0.001945,0.001984,0.001907,0.002022,0.002060,0.002060,0.002098,0.002060,0.002060,0.002136,0.002060,0.002136,0.002174,0.002136,0.002098,0.002136,0.002136,0.002098,0.002136,0.002136,0.002098,0.002098,0.002098,0.002098,0.002060,0.002022,0.002022,0.002022,0.002022,0.001984,0.002022,0.002060,0.001984,0.002022,0.001945,0.001945,0.002022,0.002022,0.001984,0.001984,0.002022,0.001945,0.001984,0.002060,0.002098,0.002098,0.002022,0.002060,0.002098,0.002060,0.002136,0.002136,0.002136,0.002213,0.002213,0.002251,0.002174,0.002213,0.002213,0.002213,0.002251,0.002289,0.002327,0.002289,0.002289,0.002289,0.002251,0.002327,0.002289,0.002251,0.002327,0.002251,0.002289,0.002327,0.002251,0.002251,0.002174,0.002213,0.002174,0.002136,0.002136,0.002098,0.002060,0.002060,0.002060,0.002060,0.002098,0.002136,0.002060,0.002060,0.002060,0.002098,0.002098,0.001984,0.001984,0.002022,0.002022,0.002022,0.001984,0.002022,0.001984,0.001984,0.002022,0.002022,0.002022,0.001984,0.001945,0.001945,0.001984,0.001984,0.001869,0.001945,0.001869,0.001869,0.001869,0.001831,0.001793,0.001793,0.001793,0.001831,0.001755,0.001755,0.001755,0.001755,0.001755,0.001755,0.001831,0.001793,0.001793,0.001831,0.001793,0.001755,0.001831,0.001869,0.001831,0.001869,0.001907,0.001907,0.001907,0.001869,0.001945,0.001907,0.001907,0.001945,0.001945,0.001907,0.001945,0.001907,0.001945,0.001869,0.001907,0.001984,0.001869,0.001945,0.001945,0.001945,0.001984,0.001945,0.001945,0.001945,0.001907,0.001907,0.001945,0.001984,0.001945,0.001984,0.001945,0.002022,0.002022,0.002022,0.002060,0.002022,0.002060,0.002098,0.002060,0.002060,0.002060,0.002098,0.002098,0.002098,0.002136,0.002136,0.002136,0.002136,0.002174,0.002174,0.002213,0.002174,0.002174,0.002213,0.002213,0.002174,0.002289,0.002289,0.002251,0.002289,0.002289,0.002289,0.002327,0.002327,0.002403,0.002365,0.002403,0.002365,0.002365,0.002365,0.002441,0.002441,0.002365,0.002403,0.002365,0.002327,0.002365,0.002289,0.002289,0.002289,0.002213,0.002174,0.002136,0.002136,0.002060,0.002060,0.002022,0.001984,0.001945,0.001831,0.001869,0.001831,0.001831,0.001793,0.001793,0.001755,0.001793,0.001717,0.001793,0.001755,0.001755,0.001755,0.001717,0.001755,0.001793,0.001793,0.001793,0.001793,0.001831,0.001831,0.001831,0.001907,0.001831,0.001869,0.001907,0.001945,0.001945,0.001945,0.001984,0.001945,0.001984,0.001984,0.001984,0.002060,0.002022,0.002060,0.002098,0.002136,0.002098,0.002136,0.002136,0.002174,0.002174,0.002213,0.002213,0.002213,0.002174,0.002213,0.002213,0.002251,0.002289,0.002289,0.002289,0.002251,0.002327,0.002327,0.002327,0.002327,0.002327,0.002289,0.002327,0.002327,0.002327,0.002327,0.002327,0.002327,0.002251,0.002251,0.002289,0.002365,0.002289,0.002289,0.002289,0.002289,0.002289,0.002289,0.002251,0.002289,0.002251,0.002365,0.002251,0.002213,0.002213,0.002289,0.002289,0.002213,0.002213,0.002251,0.002213,0.002213,0.002174,0.002213,0.002174,0.002136,0.002174,0.002136,0.002136,0.002174,0.002174,0.002136,0.002098,0.002174,0.002174,0.002136,0.002098,0.002098,0.002136,0.002098,0.002098,0.002060,0.002060,0.002060,0.002022,0.002022,0.002060,0.001984,0.002060,0.002022,0.001984,0.001907,0.001907,0.001907,0.001907,0.001945,0.001869,0.001907,0.001907,0.001869,0.001907,0.001907,0.001907,0.001945,0.001945,0.001907,0.001869,0.001945,0.001945,0.002022,0.002022,0.001945,0.001984,0.001907,0.001984,0.002022,0.001945,0.001945,0.001945,0.002022,0.002060,0.002022,0.001984,0.002022,0.002060,0.002022,0.001984,0.002022,0.002098,0.002060,0.002098,0.002174,0.002136,0.002136,0.002136,0.002136,0.002136,0.002136,0.002213,0.002251,0.002213,0.002213,0.002251,0.002251,0.002213,0.002213,0.002289,0.002289,0.002289,0.002289,0.002251,0.002327,0.002289,0.002251,0.002289,0.002289,0.002251,0.002289,0.002251,0.002251,0.002251,0.002213,0.002213,0.002174,0.002213,0.002174,0.002213,0.002174,0.002098,0.002098,0.002098,0.002136,0.002060,0.002136,0.002060,0.002060,0.002060,0.002022,0.002136,0.002060,0.002098,0.002098,0.002098,0.002136,0.002098,0.002098,0.002060,0.002136,0.002098,0.002060,0.002136,0.002060,0.002098,0.002060,0.002098,0.002098,0.002022,0.001984,0.002098,0.001984,0.001984,0.002022,0.001984,0.001984,0.001907,0.001945,0.001984,0.002022,0.001907,0.001907,0.001945,0.001869,0.001869,0.001831,0.001869,0.001831,0.001869,0.001907,0.001831,0.001793,0.001793,0.001831,0.001831,0.001793,0.001831,0.001907,0.001793,0.001831,0.001831,0.001869,0.001869,0.001869,0.001945,0.001907,0.001907,0.001907,0.001945,0.001907,0.001945,0.001984,0.001984,0.002022,0.002060,0.002022,0.002060,0.002060,0.002060,0.002060,0.002060,0.002136,0.002060,0.002136,0.002174,0.002098,0.002098,0.002098,0.002213,0.002213,0.002213,0.002213,0.002213,0.002213,0.002251,0.002289,0.002327,0.002289,0.002289,0.002251,0.002289,0.002289,0.002289,0.002327,0.002251,0.002174,0.002289,0.002289,0.002251,0.002251,0.002213,0.002213,0.002251,0.002213,0.002213,0.002174,0.002213,0.002136,0.002174,0.002213,0.002136,0.002098,0.002136,0.002174,0.002174,0.002174,0.002136,0.002136,0.002213,0.002098,0.002136,0.002174,0.002098,0.002060,0.002098,0.002136,0.002098,0.002060,0.002098,0.002136,0.002174,0.002174,0.002174,0.002098,0.002098,0.002098,0.002098,0.002136,0.002136,0.002136,0.002174,0.002136,0.002213,0.002136,0.002098,0.002174,0.002136,0.002174,0.002213,0.002174,0.002136,0.002136,0.002136,0.002174,0.002174,0.002136,0.002174,0.002174,0.002136,0.002174,0.002136,0.002174,0.002174,0.002174,0.002174,0.002174,0.002174,0.002174,0.002098,0.002174,0.002136,0.002136,0.002136,0.002174,0.002136,0.002098,0.002174,0.002174,0.002174,0.002174,0.002136,0.002136,0.002174,0.002136,0.002136,0.002136,0.002213,0.002174,0.002174,0.002213,0.002136,0.002213,0.002174,0.002136,0.002174,0.002136,0.002174,0.002213,0.002174,0.002174,0.002213,0.002213,0.002174,0.002136,0.002098,0.002136,0.002174,0.002098,0.002060,0.002022,0.002060,0.002022,0.002060,0.002060,0.001945,0.001984,0.001984,0.001984,0.001984,0.001945,0.001907,0.001831,0.001869,0.001831,0.001831,0.001831,0.001755,0.001831,0.001793,0.001755,0.001793,0.001793,0.001831,0.001755,0.001793,0.001831,0.001831,0.001793,0.001793,0.001793,0.001793,0.001793,0.001869,0.001831,0.001907,0.001984,0.001945,0.001984,0.001945,0.002022,0.001984,0.002098,0.002098,0.002098,0.002098,0.002136,0.002136,0.002213,0.002174,0.002213,0.002136,0.002213,0.002213,0.002213,0.002251,0.002174,0.002174,0.002213,0.002136,0.002213,0.002174,0.002136,0.002098,0.002098,0.002098,0.002098,0.002098,0.002098,0.002060,0.002098,0.002136,0.002098,0.002098,0.002098,0.002098,0.002060,0.002136,0.002136,0.002136,0.002136,0.002174,0.002174,0.002174,0.002174,0.002174,0.002213,0.002251,0.002213,0.002213,0.002213,0.002213,0.002213,0.002174,0.002136,0.002136,0.002136,0.002136,0.002060,0.002060,0.002022,0.001984,0.002022,0.001984,0.001945,0.001793,0.001831,0.001793,0.001793,0.001793,0.001717,0.001678,0.001717,0.001755,0.001678,0.001678,0.001717,0.001678,0.001717,0.001793,0.001831,0.001831,0.001793,0.001907,0.001869,0.001945,0.001984,0.001984,0.001945,0.002022,0.001984,0.001984,0.001945,0.002022,0.001984,0.001984,0.002022,0.002022,0.002022,0.001984,0.002022,0.001945,0.001945,0.001984,0.001945,0.001984,0.001984,0.001984,0.002022,0.001984,0.002060,0.002060,0.002060,0.002098,0.002098,0.002136,0.002098,0.002136,0.002136,0.002174,0.002174,0.002174,0.002213,0.002213,0.002213,0.002289,0.002251,0.002251,0.002251,0.002251,0.002251,0.002213,0.002251,0.002213,0.002289,0.002289,0.002213,0.002174,0.002174,0.002213,0.002213,0.002174,0.002174,0.002213,0.002174,0.002174,0.002213,0.002174,0.002136,0.002174,0.002174,0.002136,0.002136,0.002060,0.002136,0.002174,0.002174,0.002098,0.002136,0.002136,0.002098,0.002098,0.002098,0.002098,0.002098,0.002098,0.002098,0.002098,0.002136,0.002060,0.001984,0.002098,0.002060,0.002060,0.002022,0.002022,0.001984,0.001984,0.001984,0.002022,0.001945,0.001984,0.001984,0.002022,0.001984,0.001945,0.001984,0.001984,0.001984,0.002022,0.002022,0.002022,0.002022,0.002060,0.002060,0.002060,0.002098,0.001984,0.002060,0.002022,0.002022,0.002060,0.002060,0.002022,0.002022,0.002060,0.002060,0.002098,0.002098,0.002060,0.002098,0.002098,0.002098,0.002060,0.002098,0.002098,0.002098,0.002136,0.002136,0.002098,0.002098,0.002098,0.002136,0.002174,0.002098,0.002098,0.002060,0.002136,0.002098,0.002136,0.002136,0.002098,0.002060,0.002060,0.002098,0.002098,0.002022,0.002022,0.001984,0.001945,0.002022,0.001984,0.001945,0.001907,0.001984,0.001984,0.001984,0.001945,0.001907,0.001945,0.001907,0.001984,0.001907,0.001907,0.001907,0.001945,0.001984,0.002022,0.002022,0.001945,0.001945,0.001984,0.002060,0.001945,0.001984,0.001984,0.002022,0.001984,0.001984,0.002022,0.001984,0.001945,0.001907,0.001945,0.001984,0.001984,0.001984,0.001984,0.002022,0.002022,0.002022,0.002022,0.002060,0.002060,0.002060,0.002022,0.002098,0.002060,0.002060,0.002098,0.002098,0.002098,0.002060,0.002098,0.002060,0.002136,0.002098,0.002060,0.002060,0.002060,0.002022,0.002022,0.002060,0.002060,0.002060,0.002098,0.002022,0.002060,0.001984,0.002022,0.002022,0.001984,0.002022,0.002022,0.002022,0.001984,0.002022,0.001945,0.001984,0.002022,0.002022,0.001984,0.002098,0.002136,0.002098,0.002098,0.002136,0.002098,0.002174,0.002213,0.002251,0.002174,0.002174,0.002174,0.002174,0.002213,0.002213,0.002174,0.002213,0.002251,0.002213,0.002213,0.002213,0.002213,0.002213,0.002174,0.002174,0.002136,0.002136,0.002174,0.002136,0.002098,0.002174,0.002098,0.002060,0.002098,0.002098,0.002098,0.002098,0.002136,0.002098,0.002098,0.002098,0.002060,0.002060,0.002022,0.002022,0.002022,0.002060,0.002060,0.002060,0.002022,0.002060,0.002060,0.002022,0.001984,0.001945,0.001984,0.001984,0.001945,0.001984,0.002022,0.001945,0.001945,0.001907,0.001907,0.001945,0.001945,0.001984,0.001907,0.001907,0.001945,0.001984,0.001945,0.001869,0.001869,0.001869,0.001945,0.001945,0.001907,0.001945,0.001907,0.001907,0.001945,0.001945,0.001907,0.001945,0.001984,0.001869,0.001907,0.001869,0.001907,0.002022,0.001945,0.001945,0.001945,0.001984,0.002022,0.001984,0.001984,0.002022,0.001984,0.001984,0.002060,0.002060,0.002060,0.002060,0.002098,0.002098,0.002060,0.002098,0.002060,0.002136,0.002174,0.002174,0.002174,0.002098,0.002174,0.002174,0.002251,0.002213,0.002251,0.002251,0.002289,0.002251,0.002251,0.002327,0.002289,0.002289,0.002251,0.002251,0.002251,0.002289,0.002289,0.002289,0.002251,0.002289,0.002251,0.002251,0.002289,0.002174,0.002213,0.002174,0.002174,0.002136,0.002174,0.002098,0.002174,0.002174,0.002136,0.002098,0.002136,0.002098,0.002174,0.002174,0.002098,0.002136,0.002136,0.002174,0.002136,0.002098,0.002098,0.002136,0.002136,0.002098,0.002136,0.002098,0.002136,0.002136,0.002060,0.002098,0.002174,0.002136,0.002098,0.002136,0.002174,0.002136,0.002136,0.002136,0.002174,0.002136,0.002136,0.002098,0.002136,0.002060,0.002022,0.001984,0.002022,0.002022,0.001984,0.001984,0.001945,0.001945,0.001907,0.001869,0.001831,0.001869,0.001907,0.001831,0.001831,0.001945,0.001907,0.001945,0.001907,0.001945,0.001984,0.002022,0.002022,0.002022,0.002098,0.002174,0.002213,0.002289,0.002251,0.002289,0.002365,0.002365,0.002365,0.002365,0.002365,0.002365,0.002327,0.002251,0.002289,0.002251,0.002251,0.002174,0.002174,0.002098,0.002060,0.002022,0.001984,0.001945,0.001945,0.001907,0.001869,0.001831,0.001869,0.001945,0.001907,0.001869,0.001945,0.001945,0.001984,0.001984,0.001984,0.002060,0.002098,0.002136,0.002098,0.002060,0.002098,0.002213,0.002136,0.002136,0.002213,0.002213,0.002174,0.002174,0.002174,0.002174,0.002174,0.002136,0.002174,0.002098,0.002174,0.002174,0.002174,0.002098,0.002136,0.002174,0.002136,0.002213,0.002174,0.002174,0.002251,0.002136,0.002136,0.002174,0.002174,0.002174,0.002174,0.002213,0.002213,0.002251,0.002213,0.002213,0.002289,0.002213,0.002251,0.002213,0.002251,0.002213,0.002174,0.002213,0.002213,0.002213,0.002174,0.002174,0.002174,0.002174,0.002213,0.002174,0.002136,0.002136,0.002136,0.002136,0.002136,0.002136,0.002098,0.002098,0.002136,0.002136,0.002098,0.002136,0.002136,0.002136,0.002098,0.002098,0.002060,0.002060,0.002060,0.002098,0.002098,0.002098,0.002022,0.002060,0.002060,0.002022,0.002022,0.001984,0.001984,0.001984,0.002022,0.001984,0.001945,0.001984,0.001945,0.001984,0.001945,0.001984,0.001984,0.001984,0.002022,0.001984,0.002060,0.002098,0.002060,0.002060,0.002022,0.002136,0.002136,0.002136,0.002174,0.002136,0.002136,0.002098,0.002098,0.002098,0.002136,0.002098,0.002022,0.002098,0.002098,0.002098,0.002060,0.002060,0.002098,0.002060,0.002022,0.002022,0.002060,0.002022,0.002060,0.002060,0.002022,0.002022,0.002022,0.002060,0.002060,0.002098,0.002098,0.002060,0.002098,0.002098,0.002060,0.002060,0.002098,0.002022,0.002098,0.002022,0.002098,0.002136,0.002098,0.002136,0.002060,0.002060,0.002060,0.002060,0.002022,0.002060,0.002060,0.002060,0.002098,0.002098,0.002098,0.002136,0.002098,0.002098,0.002136,0.002098,0.002098,0.002098,0.002174,0.002136,0.002174,0.002174,0.002136,0.002174,0.002136,0.002174,0.002098,0.002098,0.002174,0.002136,0.002174,0.002174,0.002136,0.002174,0.002136,0.002136,0.002136,0.002098,0.002098,0.002022,0.002060,0.002060,0.002022,0.002022,0.002060,0.002060,0.002098,0.002060,0.001984,0.001945,0.001945,0.001945,0.001984,0.001945,0.001984,0.001945,0.001945,0.001984,0.002022,0.001984,0.002022,0.002022,0.001984,0.001984,0.002060,0.001984,0.001984,0.002022,0.002022,0.002022,0.002060,0.002136,0.002098,0.002022,0.002022,0.002022,0.002022,0.002022,0.002060,0.002060,0.002022,0.002098,0.002060,0.002060,0.002136,0.002098,0.002098,0.002098,0.002136,0.002136,0.002098,0.002136,0.002174,0.002174,0.002213,0.002174,0.002136,0.002136,0.002136,0.002136,0.002174,0.002136,0.002136,0.002136,0.002174,0.002213,0.002213,0.002136,0.002213,0.002174,0.002136,0.002136,0.002174,0.002136,0.002174,0.002136,0.002098,0.002060,0.002098,0.002060,0.002022,0.002060,0.002060,0.002060,0.001984,0.001984,0.001984,0.001984,0.002060,0.001945,0.002022,0.001984,0.002022,0.002022,0.001984,0.001945,0.001945,0.001984,0.001945,0.001945,0.001907,0.001945,0.001945,0.001869,0.001945,0.001907,0.001869,0.001907,0.001907,0.001907,0.001945,0.001907,0.001907,0.001907,0.001907,0.001945,0.001907,0.001907,0.001869,0.001907,0.001907,0.001945,0.001984,0.001945,0.001945,0.001945,0.001984,0.001984,0.001984,0.002098,0.002022,0.002098,0.002136,0.002098,0.002136,0.002060,0.002174,0.002098,0.002174,0.002213,0.002174,0.002213,0.002213,0.002251,0.002213,0.002136,0.002251,0.002251,0.002174,0.002251,0.002213,0.002136,0.002174,0.002136,0.002098,0.002136,0.002022,0.002060,0.002098,0.002060,0.002060,0.002022,0.002022,0.001984,0.001945,0.001907,0.001907,0.001831,0.001831,0.001831,0.001831,0.001755,0.001755,0.001793,0.001755,0.001755,0.001717,0.001755,0.001755,0.001831,0.001831,0.001831,0.001869,0.001831,0.001869,0.001945,0.001907,0.001984,0.001984,0.002022,0.002022,0.002098,0.002098,0.002098,0.002174,0.002174,0.002174,0.002213,0.002136,0.002174,0.002136,0.002174,0.002213,0.002098,0.002136,0.002098,0.002213,0.002136,0.002098,0.002098,0.002098,0.002174,0.002174,0.002136,0.002136,0.002136,0.002213,0.002174,0.002174,0.002213,0.002213,0.002174,0.002136,0.002213,0.002174,0.002251,0.002251,0.002213,0.002251,0.002213,0.002174,0.002213,0.002174,0.002174,0.002213,0.002213,0.002213,0.002136,0.002174,0.002098,0.002060,0.002136,0.002136,0.002060,0.002022,0.002060,0.002022,0.002022,0.002022,0.001984,0.001984,0.001984,0.002060,0.001984,0.001984,0.002022,0.001984,0.002022,0.002022,0.002060,0.002022,0.002022,0.002060,0.001907,0.001945,0.001869,0.001984,0.001984,0.001945,0.001945,0.001945,0.001945,0.001945,0.001945,0.001984,0.002022,0.002022,0.002060,0.002060,0.002060,0.002060,0.002060,0.002098,0.002060,0.002022,0.002060,0.001984,0.002022,0.001984,0.001984,0.001907,0.001907,0.001831,0.001793,0.001831,0.001793,0.001793,0.001755,0.001793,0.001755,0.001717,0.001755,0.001831,0.001831,0.001869,0.001869,0.001869,0.001907,0.001907,0.001907,0.001907,0.001945,0.001869,0.001907,0.001831,0.001869,0.001831,0.001793,0.001793,0.001793,0.001793,0.001793,0.001793,0.001831,0.001793,0.001793,0.001869,0.001831,0.001831,0.001869,0.001907,0.001907,0.002022,0.001945,0.001945,0.002022,0.001945,0.001984,0.001945,0.001984,0.001984,0.001945,0.001984,0.001984,0.001984,0.001984,0.001984,0.001984,0.002022,0.002022,0.002022,0.002060,0.002022,0.002060,0.002098,0.002174,0.002136,0.002136,0.002136,0.002251,0.002251,0.002289,0.002251,0.002327,0.002365,0.002327,0.002327,0.002327,0.002327,0.002289,0.002251,0.002213,0.002289,0.002251,0.002213,0.002136,0.002136,0.002098,0.002098,0.002098,0.002060,0.002022,0.002022,0.002022,0.001945,0.001945,0.001945,0.001945,0.001984,0.001984,0.001984,0.001984,0.001984,0.002022,0.001984,0.002060,0.002022,0.002098,0.002098,0.002136,0.002136,0.002098,0.002136,0.002136,0.002136,0.002174,0.002136,0.002136,0.002174,0.002174,0.002174,0.002136,0.002174,0.002136,0.002136,0.002098,0.002098,0.002098,0.002136,0.002098,0.002136,0.002098,0.002098,0.002098,0.002098,0.002060,0.002098,0.002098,0.002060,0.002022,0.002098,0.002098,0.002060,0.002098,0.002136,0.002136,0.002136,0.002136,0.002098,0.002098,0.002136,0.002098,0.002098,0.002174,0.002136,0.002098,0.002136,0.002136,0.002098,0.002060,0.002098,0.002098,0.002060,0.001984,0.002060,0.002060,0.002060,0.002098,0.002098,0.002060,0.002098,0.002136,0.002060,0.002098,0.002098,0.002136,0.002098,0.002022,0.002098,0.002060,0.002098,0.002060,0.002098,0.002098,0.002098,0.002098,0.002098,0.002098,0.002098,0.002136,0.002098,0.002098,0.002136,0.002060,0.002060,0.002060,0.002060,0.002098,0.002060,0.002060,0.002098,0.002022,0.002060,0.002022,0.002098,0.002098,0.002098,0.002136,0.002098,0.002060,0.002136,0.002136,0.002174,0.002174,0.002136,0.002098,0.002060,0.002136,0.002098,0.002136,0.002098,0.002136,0.002136,0.002098,0.002136,0.002098,0.002060,0.002098,0.002060,0.002136,0.002098,0.002136,0.002136,0.002098,0.002136,0.002022,0.002060,0.002098,0.002060,0.002098,0.002060,0.002098,0.002022,0.002098,0.002060,0.002022,0.002098,0.002098,0.002060,0.002022,0.002060,0.002060,0.002060,0.002060,0.002060,0.002022,0.002060,0.001984,0.002022,0.001984,0.001984,0.002060,0.002022,0.001984,0.001945,0.001984,0.001945,0.001945,0.001907,0.001945,0.001945,0.001945,0.001907,0.001907,0.001907,0.001945,0.001907,0.001945,0.001945,0.001945,0.001984,0.001984,0.002022,0.001984,0.001984,0.002098,0.002022,0.002060,0.002022,0.002098,0.002098,0.002098,0.002136,0.002251,0.002136,0.002136,0.002136,0.002174,0.002174,0.002174,0.002174,0.002174,0.002213,0.002174,0.002251,0.002213,0.002251,0.002213,0.002213,0.002251,0.002213,0.002251,0.002213,0.002251,0.002213,0.002174,0.002213,0.002174,0.002174,0.002136,0.002098,0.002136,0.002136,0.002098,0.002098,0.002022,0.002060,0.002098,0.002136,0.002098,0.002136,0.002098,0.002098,0.002136,0.002060,0.002098,0.002098,0.002136,0.002174,0.002098,0.002136,0.002174,0.002136,0.002136,0.002174,0.002213,0.002174,0.002213,0.002174,0.002251,0.002251,0.002213,0.002251,0.002251,0.002289,0.002289,0.002213,0.002213,0.002213,0.002289,0.002213,0.002174,0.002213,0.002174,0.002136,0.002098,0.002098,0.002136,0.002174,0.002136,0.002098,0.002098,0.002022,0.002022,0.002060,0.001984,0.002022,0.001907,0.001907,0.001907,0.001907,0.001869,0.001869,0.001869,0.001831,0.001869,0.001869,0.001831,0.001793,0.001793,0.001793,0.001831,0.001793,0.001907,0.001907,0.001831,0.001907,0.001907,0.001907,0.001907,0.001984,0.001984,0.001984,0.002060,0.002098,0.002136,0.002174,0.002213,0.002213,0.002213,0.002213,0.002251,0.002289,0.002327,0.002251,0.002289,0.002289,0.002327,0.002213,0.002289,0.002289,0.002251,0.002213,0.002174,0.002213,0.002213,0.002136,0.002136,0.002136,0.002098,0.002136,0.002060,0.002098,0.002060,0.002098,0.002060,0.002060,0.002060,0.002060,0.002136,0.002022,0.002098,0.002098,0.002060,0.002098,0.002136,0.002136,0.002136,0.002136,0.002174,0.002136,0.002174,0.002174,0.002174,0.002251,0.002174,0.002251,0.002174,0.002213,0.002251,0.002213,0.002289,0.002174,0.002251,0.002251,0.002213,0.002213,0.002174,0.002251,0.002174,0.002136,0.002174,0.002098,0.002174,0.002136,0.002136,0.002098,0.002136,0.002174,0.002098,0.002136,0.002136,0.002136,0.002060,0.002136,0.002174,0.002098,0.002136,0.002174,0.002136,0.002213,0.002136,0.002213,0.002174,0.002174,0.002213,0.002136,0.002136,0.002136,0.002136,0.002174,0.002060,0.002136,0.002136,0.002060,0.002060,0.002060,0.002022,0.001984,0.002060,0.002022,0.001945,0.001984,0.001984,0.001984,0.001984,0.001984,0.001907,0.001907,0.001984,0.001945,0.001945,0.001945,0.001945,0.001984,0.001984,0.001907,0.001869,0.002022,0.001945,0.001945,0.001984,0.001984,0.001984,0.001945,0.001945,0.001945,0.001945,0.002022,0.001984,0.001984,0.001984,0.001984,0.001984,0.001984,0.001984,0.002060,0.002022,0.002060,0.002022,0.002022,0.001984,0.001984,0.002022,0.001907,0.002022,0.001945,0.002022,0.001945,0.001907,0.001945,0.001945,0.001907,0.001945,0.001945,0.001984,0.001945,0.001945,0.001984,0.001945,0.001945,0.001945,0.001984,0.001907,0.001984,0.002022,0.001984,0.001984,0.002022,0.002022,0.001945,0.002022,0.002022,0.002022,0.002098,0.002060,0.002060,0.002098,0.002136,0.002060,0.002098,0.002098,0.002022,0.002060,0.002060,0.002060,0.002060,0.002060,0.002022,0.002022,0.001984,0.002060,0.001984,0.002022,0.001945,0.002060,0.001945,0.001945,0.002022,0.002022,0.001984,0.001945,0.001984,0.001984,0.001984,0.001945,0.001984,0.001984,0.001945,0.001907,0.001945,0.001945,0.001945,0.001984,0.001984,0.001945,0.001907,0.001945,0.001945,0.001984,0.002022,0.001945,0.001945,0.001984,0.002098,0.002022,0.002022,0.002098,0.002060,0.002060,0.002060,0.002022,0.002060,0.002022,0.002098,0.002060,0.002136,0.002136,0.002022,0.002060,0.002060,0.002060,0.002022,0.002022,0.002098,0.002060,0.002098,0.002098,0.002098,0.002098,0.002060,0.002098,0.002060,0.002060,0.002022,0.002060,0.002098,0.002060,0.001984,0.002060,0.001984,0.002060,0.002098,0.002098,0.002022,0.002060,0.002136,0.002098,0.002098,0.002060,0.002136,0.002098,0.002098,0.002060,0.002060,0.002060,0.002098,0.002098,0.002174,0.002174,0.002136,0.002060,0.002098,0.002213,0.002136,0.002174,0.002060,0.002098,0.002098,0.002174,0.002174,0.002136,0.002174,0.002098,0.002174,0.002136,0.002174,0.002136,0.002174,0.002213,0.002213,0.002174,0.002213,0.002174,0.002213,0.002213,0.002213,0.002251,0.002213,0.002174,0.002174,0.002251,0.002213,0.002251,0.002251,0.002213,0.002213,0.002098,0.002136,0.002136,0.002098,0.002136,0.002098,0.002098,0.002022,0.002022,0.001984,0.001984,0.002022,0.002022,0.001984,0.001984,0.001984,0.001984,0.001984,0.001984,0.001984,0.001984,0.001945,0.001907,0.001945,0.001945,0.001945,0.001907,0.001945,0.001945,0.001907,0.001907,0.001945,0.001869,0.001907,0.001945,0.001945,0.001945,0.001945,0.001907,0.001945,0.001984,0.001945,0.001945,0.001945,0.001984,0.001984,0.001907,0.001984,0.001945,0.001945,0.001945,0.001945,0.001984,0.001984,0.002060,0.002022,0.001984,0.002022,0.001984,0.002022,0.002022,0.001984,0.001907,0.001984,0.002022,0.001984,0.002022,0.002060,0.001984,0.002022,0.002022,0.001984,0.002022,0.002022,0.002060,0.001984,0.002022,0.001984,0.001984,0.002022,0.002098,0.002136,0.002060,0.002060,0.002098,0.002098,0.002136,0.002174,0.002174,0.002136,0.002136,0.002098,0.002098,0.002174,0.002136,0.002136,0.002098,0.002098,0.002174,0.002136,0.002213,0.002098,0.002060,0.002098,0.002022,0.002136,0.002060,0.001984,0.001984,0.001945,0.001984,0.001907,0.001869,0.001831,0.001869,0.001831,0.001755,0.001793,0.001755,0.001793,0.001793,0.001755,0.001793,0.001755,0.001793,0.001831,0.001793,0.001907,0.001831,0.001869,0.001793,0.001869,0.001945,0.001984,0.002022,0.001945,0.001907,0.001907,0.001945,0.001945,0.001907,0.001869,0.001831,0.001907,0.001945,0.001907,0.001831,0.001831,0.001869,0.001869,0.001869,0.001831,0.001793,0.001869,0.001793,0.001831,0.001793,0.001793,0.001793,0.001755,0.001793,0.001793,0.001755,0.001793,0.001831,0.001793,0.001793,0.001869,0.001907,0.001907,0.001945,0.001945,0.001984,0.001945,0.002022,0.002060,0.002060,0.002060,0.002022,0.002098,0.002136,0.002136,0.002174,0.002098,0.002174,0.002213,0.002213,0.002251,0.002251,0.002289,0.002251,0.002327,0.002327,0.002289,0.002327,0.002327,0.002403,0.002365,0.002403,0.002403,0.002441,0.002441,0.002441,0.002480,0.002518,0.002518,0.002480,0.002441,0.002518,0.002556,0.002518,0.002480,0.002441,0.002441,0.002480,0.002480,0.002480,0.002441,0.002480,0.002441,0.002441,0.002403,0.002403,0.002403,0.002403,0.002403,0.002365,0.002365,0.002289,0.002289,0.002289,0.002289,0.002289,0.002213,0.002213,0.002174,0.002098,0.002098,0.002136,0.002098,0.002098,0.002098,0.002136,0.002098,0.002136,0.002136,0.002136,0.002136,0.002098,0.002098,0.002060,0.002060,0.002060,0.002060,0.002098,0.002060,0.002098,0.002022,0.002022,0.002060,0.001984,0.002060,0.002060,0.002022,0.002022,0.001984,0.001984,0.001984,0.002060,0.001984,0.001984,0.001984,0.001984,0.001945,0.001945,0.001945,0.001907,0.001907,0.001869,0.001907,0.001869,0.001831,0.001831,0.001869,0.001831,0.001869,0.001831,0.001869,0.001831,0.001869,0.001869,0.001831,0.001869,0.001831,0.001869,0.001793,0.001907,0.001907,0.001869,0.001907,0.001869,0.001907,0.001907,0.001869,0.001907,0.001984,0.001907,0.001984,0.001945,0.002022,0.001984,0.002022,0.002022,0.002022,0.002022,0.002022,0.002060,0.002022,0.001984,0.001984,0.001984,0.002022,0.002022,0.001984,0.001984,0.002060,0.001984,0.001907,0.001907,0.002022,0.001945,0.002022,0.002060,0.002022,0.001984,0.002060,0.002022,0.002060,0.002098,0.002060,0.002060,0.002098,0.002098,0.002060,0.002060,0.002098,0.002098,0.002060,0.002098,0.002098,0.002136,0.002174,0.002136,0.002174,0.002098,0.002136,0.002136,0.002098,0.002060,0.002136,0.002174,0.002174,0.002174,0.002136,0.002174,0.002136,0.002098,0.002174,0.002174,0.002174,0.002174,0.002136,0.002174,0.002136,0.002098,0.002136,0.002060,0.002098,0.002098,0.002136,0.002136,0.002174,0.002174,0.002174,0.002174,0.002213,0.002213,0.002174,0.002213,0.002251,0.002251,0.002213,0.002251,0.002251,0.002174,0.002136,0.002213,0.002174,0.002136,0.002174,0.002136,0.002174,0.002174,0.002174,0.002136,0.002136,0.002136,0.002136,0.002098,0.002136,0.002098,0.002136,0.002136,0.002136,0.002136,0.002136,0.002098,0.002136,0.002060,0.002136,0.002174,0.002174,0.002174,0.002174,0.002174,0.002174,0.002136,0.002136,0.002136,0.002136,0.002136,0.002136,0.002136,0.002174,0.002174,0.002098,0.002174,0.002136,0.002136,0.002174,0.002136,0.002174,0.002136,0.002174,0.002098,0.002136,0.002136,0.002174,0.002174,0.002136,0.002136,0.002136,0.002098,0.002136,0.002136,0.002136,0.002136,0.002136,0.002098,0.002098,0.002098,0.002060,0.002136,0.002098,0.002098,0.002098,0.002098,0.002098,0.002136,0.002060,0.002060,0.002098,0.002098,0.002136,0.002098,0.002098,0.002060,0.002022,0.002060,0.001984,0.002022,0.002060,0.002098,0.002136,0.002060,0.002098,0.002060,0.002060,0.002060,0.002060,0.002022,0.001984,0.002022,0.002060,0.002022,0.002022,0.002022,0.002060,0.001984,0.001984,0.002022,0.002060,0.002060,0.002098,0.002136,0.002098,0.002136,0.002136,0.002136,0.002136,0.002136,0.002136,0.002136,0.002174,0.002174,0.002174,0.002213,0.002174,0.002213,0.002251,0.002213,0.002174,0.002213,0.002213,0.002174,0.002174,0.002136,0.002174,0.002174,0.002213,0.002213,0.002174,0.002213,0.002174,0.002251,0.002174,0.002174,0.002251,0.002251,0.002174,0.002174,0.002174,0.002213,0.002136,0.002136,0.002174,0.002136,0.002098,0.002098,0.002136,0.002098,0.002098,0.002060,0.002060,0.002022,0.002060,0.002060,0.002022,0.002022,0.002022,0.001984,0.001984,0.002022,0.002022,0.001984,0.001907,0.001945,0.001984,0.001945,0.001869,0.001869,0.001907,0.001907,0.001869,0.001831,0.001831,0.001869,0.001831,0.001907,0.001869,0.001907,0.001945,0.001945,0.001945,0.002022,0.002022,0.001984,0.001984,0.001984,0.002022,0.002022,0.002022,0.002098,0.002060,0.002098,0.002098,0.002098,0.002098,0.002098,0.002136,0.002098,0.002136,0.002098,0.002174,0.002136,0.002136,0.002136,0.002060,0.002098,0.002098,0.002098,0.002098,0.002098,0.002098,0.002022,0.002098,0.002060,0.002060,0.002022,0.002022,0.002022,0.002060,0.002060,0.002060,0.002022,0.002060,0.002060,0.002022,0.001984,0.002060,0.002098,0.002060,0.002060,0.001984,0.002022,0.002022,0.002060,0.002022,0.002022,0.002022,0.002022,0.002060,0.002060,0.002022,0.002098,0.002060,0.002060,0.001984,0.001984,0.001984,0.001984,0.002022,0.001984,0.001945,0.001945,0.001869,0.001945,0.001907,0.001945,0.001945,0.001907,0.001907,0.001945,0.001945,0.001984,0.001945,0.001984,0.002060,0.002022,0.002022,0.002022,0.002022,0.002022,0.002098,0.002098,0.002098,0.002098,0.002098,0.002098,0.002174,0.002098,0.002136,0.002136,0.002136,0.002098,0.002098,0.002174,0.002136,0.002098,0.002098,0.002136,0.002136,0.002060,0.002060,0.002060,0.002098,0.002098,0.002174,0.002136,0.002136,0.002098,0.002098,0.002098,0.002136,0.002174,0.002174,0.002136,0.002174,0.002174,0.002174,0.002213,0.002174,0.002213,0.002213,0.002174,0.002174,0.002136,0.002098,0.002136,0.002060,0.002136,0.002098,0.002174,0.002136,0.002098,0.002060,0.002060,0.002098,0.002098,0.002060,0.002060,0.002060,0.002060,0.002060,0.002022,0.002060,0.002022,0.002098,0.001984,0.001984,0.002022,0.002022,0.002022,0.001984,0.001945,0.001984,0.001907,0.001984,0.001945,0.001907,0.001945,0.001984,0.001984,0.001945,0.001945,0.001984,0.001907,0.001945,0.001984,0.001984,0.001945,0.001945,0.001984,0.002022,0.001945,0.001945,0.001984,0.001945,0.002022,0.001945,0.001945,0.001945,0.002022,0.001984,0.002022,0.002060,0.001984,0.001984,0.002022,0.002098,0.002060,0.002060,0.002060,0.002060,0.002022,0.002060,0.002060,0.002022,0.002060,0.002022,0.002098,0.002098,0.002022,0.002022,0.002060,0.002060,0.002022,0.002022,0.002022,0.002022,0.001984,0.002022,0.002098,0.002060,0.002022,0.002060,0.002060,0.002060,0.002060,0.002060,0.002060,0.002098,0.002060,0.001984,0.002060,0.002022,0.002022,0.002098,0.002098,0.002060,0.002098,0.002060,0.002060,0.002060,0.001984,0.002022,0.002022,0.002060,0.002022,0.002022,0.001945,0.001907,0.001907,0.001945,0.001945,0.001869,0.001831,0.001907,0.001907,0.001869,0.001869,0.001907,0.001869,0.001831,0.001869,0.001869,0.001793,0.001831,0.001831,0.001831,0.001831,0.001869,0.001869,0.001869,0.001831,0.001831,0.001907,0.001907,0.001907,0.001984,0.001907,0.001984,0.001984,0.001984,0.001984,0.002022,0.002060,0.002060,0.002022,0.002060,0.002098,0.002098,0.002022,0.002022,0.002098,0.002098,0.002136,0.002098,0.002136,0.002098,0.002136,0.002098,0.002022,0.002060,0.002060,0.002098,0.002098,0.002136,0.002060,0.002022,0.002022,0.002060,0.002022,0.001984,0.002022,0.001984,0.002060,0.002098,0.002060,0.002060,0.002022,0.002060,0.002022,0.002098,0.002098,0.002022,0.002060,0.002022,0.002098,0.002098,0.002060,0.002098,0.002098,0.002060,0.002098,0.002098,0.002136,0.002098,0.002098,0.002098,0.002136,0.002098,0.002136,0.002174,0.002136,0.002174,0.002174,0.002136,0.002174,0.002136,0.002213,0.002098,0.002174,0.002213,0.002174,0.002136,0.002098,0.002136,0.002098,0.002098,0.002136,0.002098,0.002060,0.002136,0.002098,0.002098,0.002060,0.002022,0.002060,0.002022,0.002060,0.002022,0.002060,0.002022,0.002022,0.002022,0.002022,0.002022,0.002022,0.001984,0.001984,0.001984,0.001984,0.001984,0.001945,0.001907,0.001945,0.001945,0.001984,0.001945,0.001984,0.002022,0.002022,0.002060,0.001984,0.001945,0.001984,0.001945,0.001984,0.001984,0.001984,0.002022,0.001945,0.001945,0.001984,0.001984,0.001984,0.002060,0.002022,0.002060,0.001945,0.001984,0.002022,0.002060,0.002060,0.002060,0.002022,0.001945,0.001984,0.002022,0.002022,0.002022,0.002022,0.002022,0.002022,0.001984,0.002060,0.002022,0.002022,0.002022,0.002060,0.002098,0.002022,0.001984,0.002022,0.002022,0.002060,0.002060,0.002022,0.002022,0.002022,0.002060,0.002022,0.002060,0.002060,0.002060,0.002022,0.002060,0.002060,0.002060,0.002060,0.002022,0.002060,0.002098,0.002136,0.002098,0.002022,0.002060,0.002098,0.002060,0.002136,0.002060,0.002136,0.002098,0.002098,0.002136,0.002098,0.002136,0.002174,0.002213,0.002213,0.002251,0.002174,0.002213,0.002289,0.002213,0.002251,0.002289,0.002289,0.002213,0.002251,0.002289,0.002365,0.002327,0.002251,0.002327,0.002289,0.002289,0.002251,0.002251,0.002289,0.002289,0.002251,0.002251,0.002174,0.002174,0.002213,0.002251,0.002213,0.002174,0.002136,0.002098,0.002136,0.002098,0.002136,0.002098,0.002098,0.002022,0.002060,0.002022,0.002022,0.002060,0.002022,0.001984,0.002022,0.002022,0.002060,0.002060,0.002022,0.002060,0.002022,0.002022,0.002060,0.002060,0.002098,0.002098,0.002060,0.002060,0.002098,0.002060,0.002022,0.002060,0.002060,0.002136,0.002060,0.001984,0.002098,0.002098,0.002136,0.002060,0.002098,0.002136,0.002136,0.002136,0.002136,0.002174,0.002098,0.002136,0.002213,0.002213,0.002213,0.002213,0.002213,0.002213,0.002174,0.002251,0.002251,0.002213,0.002174,0.002174,0.002213,0.002213,0.002213,0.002213,0.002251,0.002174,0.002251,0.002213,0.002174,0.002251,0.002213,0.002174,0.002174,0.002213,0.002174,0.002136,0.002136,0.002136,0.002136,0.002098,0.002022,0.002060,0.002060,0.002060,0.001984,0.002022,0.002022,0.001984,0.001984,0.002022,0.001984,0.001945,0.001984,0.001984,0.002022,0.002022,0.001984,0.001984,0.001945,0.001984,0.001984,0.001984,0.001945,0.001945,0.001984,0.001984,0.001984,0.001945,0.001945,0.002022,0.002022,0.001984,0.002022,0.002022,0.001984,0.002022,0.002060,0.002022,0.002060,0.002022,0.002060,0.002098,0.002060,0.002174,0.002136,0.002174,0.002174,0.002213,0.002213,0.002136,0.002174,0.002136,0.002174,0.002174,0.002136,0.002136,0.002174,0.002136,0.002136,0.002098,0.002136,0.002060,0.002022,0.001984,0.001984,0.002022,0.001984,0.001945,0.001945,0.001945,0.001984,0.001907,0.001984,0.001945,0.001945,0.001945,0.001945,0.001984,0.001984,0.001984,0.001907,0.001945,0.001945,0.002022,0.002022,0.002022,0.002022,0.002022,0.002060,0.002098,0.002098,0.002098,0.002136,0.002213,0.002174,0.002174,0.002136,0.002174,0.002213,0.002213,0.002251,0.002289,0.002251,0.002251,0.002251,0.002251,0.002289,0.002289,0.002289,0.002213,0.002289,0.002213,0.002251,0.002213,0.002251,0.002289,0.002213,0.002251,0.002213,0.002251,0.002327,0.002289,0.002289,0.002213,0.002174,0.002251,0.002327,0.002289,0.002251,0.002213,0.002213,0.002251,0.002213,0.002174,0.002174,0.002174,0.002251,0.002251,0.002213,0.002213,0.002251,0.002174,0.002251,0.002136,0.002174,0.002213,0.002174,0.002174,0.002213,0.002174,0.002213,0.002213,0.002289,0.002251,0.002213,0.002213,0.002174,0.002213,0.002213,0.002213,0.002251,0.002174,0.002213,0.002251,0.002213,0.002213,0.002213,0.002213,0.002213,0.002251,0.002213,0.002213,0.002213,0.002174,0.002251,0.002251,0.002174,0.002174,0.002174,0.002213,0.002174,0.002251,0.002174,0.002174,0.002174,0.002174,0.002136,0.002174,0.002136,0.002098,0.002136,0.002213,0.002136,0.002098,0.002098,0.002098,0.002098,0.002060,0.002060,0.002060,0.002060,0.002060,0.002060,0.001984,0.002022,0.002022,0.002022,0.001945,0.001945,0.001907,0.001907,0.001945,0.001907,0.001869,0.001907,0.001831,0.001869,0.001907,0.001831,0.001831,0.001831,0.001831,0.001831,0.001831,0.001869,0.001869,0.001869,0.001831,0.001831,0.001869,0.001945,0.001907,0.001907,0.001945,0.001907,0.001945,0.001984,0.001984,0.001984,0.001945,0.001984,0.001984,0.002022,0.002022,0.002022,0.001984,0.002022,0.002098,0.002022,0.002060,0.002060,0.002098,0.001984,0.002060,0.002022,0.002022,0.002060,0.002098,0.002098,0.002098,0.002098,0.002136,0.002098,0.002136,0.002174,0.002174,0.002136,0.002213,0.002251,0.002174,0.002213,0.002174,0.002174,0.002213,0.002251,0.002213,0.002251,0.002213,0.002251,0.002251,0.002251,0.002213,0.002174,0.002174,0.002098,0.002136,0.002136,0.002136,0.002098,0.002136,0.002098,0.002098,0.002098,0.002060,0.002060,0.002098,0.002022,0.001984,0.001984,0.002022,0.001945,0.001945,0.001945,0.001945,0.001945,0.001907,0.001984,0.001945,0.001907,0.001907,0.001945,0.001984,0.001945,0.001984,0.001945,0.001945,0.001945,0.001945,0.001907,0.001945,0.001945,0.001945,0.001945,0.001907,0.001869,0.001869,0.001945,0.001984,0.001984,0.001869,0.001945,0.001945,0.001907,0.001869,0.001907,0.001869,0.001945,0.001984,0.001907,0.001984,0.001984,0.001945,0.001984,0.002022,0.001984,0.001945,0.002060,0.001984,0.002060,0.002136,0.002060,0.002060,0.002060,0.002098,0.002098,0.002136,0.002098,0.002022,0.002098,0.002136,0.002136,0.002098,0.002098,0.002136,0.002098,0.002136,0.002098,0.002022,0.002022,0.002060,0.002098,0.002060,0.002098,0.002136,0.002098,0.002174,0.002136,0.002136,0.002098,0.002136,0.002136,0.002136,0.002136,0.002098,0.002136,0.002174,0.002098,0.002136,0.002098,0.002098,0.002136,0.002098,0.002060,0.002098,0.002136,0.002136,0.002136,0.002060,0.002098,0.002060,0.002022,0.002060,0.002022,0.002022,0.001984,0.001984,0.001945,0.002022,0.001984,0.001984,0.001984,0.001945,0.002022,0.001984,0.001945,0.001984,0.001945,0.001945,0.001945,0.001945,0.001984,0.002022,0.001984,0.001945,0.001945,0.001907,0.001984,0.001984,0.001984,0.001945,0.001945,0.002022,0.001945,0.001945,0.001945,0.002022,0.002022,0.001984,0.001984,0.002022,0.002022,0.002022
41,19:00:00.000,12/31/1903,0.000000,0.100000,UNKNOWN,1,0/0,0.000000,0.000000,0.000000,0.000000,0.000000,0.000000,0.000000,0.000000,0,0,0,0,0.002174,0.002174,0.002213,0.002136,0.002251,0.002174,0.002213,0.002213,0.002213,0.002213,0.002136,0.002213,0.002136,0.002174,0.002174,0.002136,0.002174,0.002136,0.002136,0.002060,0.002060,0.002060,0.002174,0.002098,0.002136,0.002136,0.002136,0.002060,0.002098,0.002098,0.002098,0.002098,0.002060,0.002136,0.002136,0.002174,0.002136,0.002098,0.002098,0.002098,0.002098,0.002098,0.002174,0.002136,0.002098,0.002022,0.002060,0.002060,0.002098,0.002098,0.002136,0.002098,0.002136,0.002060,0.002060,0.002060,0.002022,0.002060,0.002022,0.002022,0.002136,0.002022,0.002060,0.002060,0.002060,0.002136,0.002060,0.002060,0.002060,0.002060,0.002060,0.001984,0.002060,0.002022,0.002022,0.002022,0.002022,0.002022,0.001984,0.001984,0.001984,0.001945,0.002022,0.002022,0.001984,0.001984,0.001984,0.002022,0.001984,0.001984,0.002022,0.002022,0.001984,0.001984,0.002022,0.002060,0.002060,0.002022,0.002022,0.002060,0.002022,0.002060,0.002022,0.002022,0.002098,0.002060,0.002060,0.002022,0.002022,0.002098,0.002098,0.002060,0.002060,0.002060,0.002022,0.002022,0.002060,0.002060,0.002098,0.002098,0.002060,0.002060,0.002060,0.002060,0.002060,0.002098,0.002098,0.002060,0.002098,0.002098,0.002098,0.002098,0.002098,0.002060,0.002060,0.002060,0.002136,0.002098,0.002098,0.002098,0.002098,0.002060,0.002060,0.002060,0.002060,0.002098,0.002060,0.002098,0.002060,0.002022,0.002060,0.002060,0.002060,0.002098,0.002022,0.002098,0.002060,0.002098,0.002098,0.002098,0.002098,0.002098,0.002098,0.002136,0.002136,0.002098,0.002136,0.002098,0.002136,0.002136,0.002136,0.002136,0.002174,0.002098,0.002098,0.002174,0.002174,0.002174,0.002136,0.002174,0.002174,0.002174,0.002136,0.002136,0.002174,0.002174,0.002098,0.002136,0.002174,0.002213,0.002136,0.002174,0.002136,0.002098,0.002060,0.002060,0.002136,0.002136,0.002060,0.002136,0.002098,0.002098,0.002174,0.002136,0.002136,0.002098,0.002098,0.002136,0.002098,0.002098,0.002098,0.002098,0.002174,0.002136,0.002136,0.002136,0.002098,0.002136,0.002136,0.002136,0.002136,0.002136,0.002174,0.002136,0.002098,0.002136,0.002174,0.002174,0.002136,0.002136,0.002098,0.002136,0.002213,0.002213,0.002098,0.002136,0.002213,0.002174,0.002136,0.002136,0.002136,0.002136,0.002136,0.002136,0.002098,0.002174,0.002174,0.002136,0.002251,0.002174,0.002213,0.002251,0.002213,0.002174,0.002136,0.002174,0.002136,0.002174,0.002136,0.002136,0.002136,0.002136,0.002136,0.002174,0.002098,0.002136,0.002136,0.002098,0.002098,0.002174,0.002136,0.002098,0.002098,0.002098,0.002098,0.002098,0.002098,0.002060,0.002022,0.002098,0.002136,0.002098,0.002060,0.002060,0.002060,0.002060,0.002098,0.002098,0.002022,0.002022,0.002060,0.002060,0.002060,0.002022,0.001984,0.002022,0.002098,0.002060,0.002060,0.002060,0.002060,0.002098,0.002022,0.002022,0.002060,0.001945,0.002022,0.002022,0.002022,0.002060,0.002022,0.002060,0.002022,0.002060,0.002022,0.002022,0.002060,0.002060,0.002022,0.002098,0.002060,0.002060,0.002022,0.002022,0.002022,0.002060,0.002060,0.002022,0.002060,0.002022,0.002060,0.002098,0.002022,0.002060,0.002060,0.002060,0.002060,0.002060,0.002060,0.002060,0.002022,0.001984,0.002022,0.002060,0.002098,0.002060,0.002022,0.002060,0.002022,0.002060,0.002136,0.002136,0.002060,0.002136,0.002022,0.002060,0.002060,0.002136,0.002136,0.002060,0.002060,0.002060,0.002098,0.002022,0.002098,0.002060,0.002060,0.002060,0.002098,0.002060,0.002136,0.002060,0.002136,0.002098,0.002136,0.002098,0.002060,0.002060,0.002098,0.002098,0.002022,0.002098,0.002136,0.002174,0.002136,0.002174,0.002022,0.002098,0.002136,0.002098,0.002136,0.002098,0.002136,0.002098,0.002098,0.002174,0.002136,0.002098,0.002098,0.002136,0.002136,0.002136,0.002098,0.002136,0.002213,0.002174,0.002098,0.002136,0.002174,0.002174,0.002174,0.002213,0.002174,0.002213,0.002174,0.002136,0.002174,0.002136,0.002174,0.002174,0.002174,0.002174,0.002213,0.002213,0.002213,0.002174,0.002213,0.002174,0.002174,0.002174,0.002174,0.002174,0.002136,0.002060,0.002174,0.002136,0.002174,0.002136,0.002174,0.002136,0.002060,0.002098,0.002174,0.002136,0.002174,0.002213,0.002098,0.002098,0.002174,0.002174,0.002098,0.002098,0.002098,0.002098,0.002098,0.002098,0.002136,0.002098,0.002136,0.002098,0.002098,0.002060,0.002022,0.001984,0.002098,0.002098,0.002022,0.002060,0.002060,0.002060,0.002060,0.002060,0.002060,0.002022,0.002022,0.002022,0.002022,0.001984,0.002060,0.002022,0.002060,0.002022,0.001984,0.002022,0.002022,0.002060,0.002022,0.001984,0.001984,0.001907,0.002022,0.002022,0.002022,0.002022,0.001984,0.001984,0.001984,0.001984,0.001984,0.001984,0.001984,0.002022,0.002060,0.002060,0.002022,0.002060,0.002022,0.002022,0.002022,0.002022,0.002022,0.002022,0.002022,0.001945,0.002022,0.002060,0.002022,0.002022,0.002022,0.002060,0.002022,0.002022,0.001984,0.001984,0.002060,0.002022,0.001984,0.002022,0.002060,0.002060,0.002022,0.002022,0.002022,0.002022,0.002022,0.002060,0.002098,0.002060,0.002022,0.002060,0.002022,0.002060,0.002060,0.002098,0.002060,0.002098,0.002098,0.002060,0.002098,0.002098,0.002098,0.002098,0.002060,0.002136,0.002098,0.002060,0.002098,0.002060,0.002136,0.002136,0.002174,0.002174,0.002098,0.002136,0.002098,0.002098,0.002060,0.002174,0.002136,0.002136,0.002098,0.002136,0.002098,0.002136,0.002098,0.002060,0.002098,0.002174,0.002174,0.002098,0.002174,0.002098,0.002174,0.002136,0.002136,0.002174,0.002174,0.002174,0.002136,0.002174,0.002174,0.002060,0.002098,0.002136,0.002098,0.002060,0.002060,0.002098,0.002098,0.002022,0.002060,0.002098,0.002060,0.002060,0.002098,0.002098,0.002060,0.002022,0.002060,0.002022,0.002022,0.002060,0.002060,0.002022,0.002098,0.002060,0.002060,0.002060,0.002060,0.002060,0.002060,0.002098,0.002060,0.002022,0.002060,0.002022,0.002060,0.002136,0.002098,0.002098,0.002022,0.002022,0.002060,0.002098,0.002060,0.002060,0.002098,0.002098,0.002060,0.002098,0.002098,0.002136,0.002060,0.002022,0.002060,0.002060,0.002136,0.002022,0.002022,0.002060,0.001984,0.002060,0.002098,0.002022,0.002060,0.002060,0.002022,0.002060,0.002022,0.002098,0.002022,0.002060,0.002060,0.002022,0.002060,0.001984,0.002060,0.002022,0.002022,0.002022,0.001984,0.002022,0.002022,0.002060,0.001984,0.002022,0.002022,0.002060,0.002060,0.002098,0.002060,0.002098,0.002022,0.002060,0.002022,0.002022,0.001984,0.002022,0.001984,0.001984,0.001945,0.002022,0.001984,0.001945,0.001945,0.001945,0.001907,0.001907,0.001907,0.001869,0.001945,0.001831,0.001831,0.001869,0.001793,0.001793,0.001755,0.001793,0.001717,0.001640,0.001640,0.001640,0.001640,0.001640,0.001640,0.001602,0.001564,0.001526,0.001450,0.001488,0.001488,0.001373,0.001450,0.001564,0.001526,0.001564,0.001602,0.001678,0.001755,0.001907,0.002022,0.002213,0.002403,0.002594,0.002861,0.003090,0.003357,0.003624,0.003929,0.004311,0.004654,0.004959,0.005341,0.005684,0.006065,0.006371,0.006676,0.006981,0.007248,0.007439,0.007515,0.007553,0.007439,0.007248,0.007057,0.006752,0.006332,0.005875,0.005341,0.004883,0.004234,0.003700,0.003128,0.002594,0.001984,0.001373,0.000763,0.000076,-0.000381,-0.000992,-0.001678,-0.002289,-0.002975,-0.003433,-0.003929,-0.004425,-0.004845,-0.005112,-0.005302,-0.005341,-0.005302,-0.005226,-0.004997,-0.004692,-0.004349,-0.003891,-0.003357,-0.002937,-0.002365,-0.001907,-0.001373,-0.000839,-0.000381,0.000000,0.000420,0.000763,0.001106,0.001373,0.001640,0.001793,0.002022,0.002136,0.002213,0.002365,0.002403,0.002480,0.002594,0.002632,0.002747,0.002861,0.002899,0.002975,0.002975,0.003052,0.003166,0.003204,0.003242,0.003242,0.003357,0.003433,0.003548,0.003586,0.003738,0.003815,0.003891,0.004082,0.004272,0.004349,0.004463,0.004539,0.004654,0.004654,0.004768,0.004768,0.004730,0.004768,0.004730,0.004616,0.004578,0.004539,0.004501,0.004349,0.004311,0.004120,0.004044,0.003967,0.003815,0.003662,0.003548,0.003395,0.003319,0.003204,0.003090,0.002975,0.002823,0.002747,0.002632,0.002518,0.002480,0.002327,0.002251,0.002251,0.002174,0.002136,0.002060,0.002022,0.001945,0.001945,0.001869,0.001831,0.001793,0.001831,0.001793,0.001755,0.001793,0.001755,0.001831,0.001831,0.001869,0.001869,0.001907,0.001945,0.001984,0.002060,0.002060,0.002022,0.002060,0.002022,0.002022,0.002060,0.001945,0.001869,0.001869,0.001831,0.001869,0.001793,0.001793,0.001793,0.001793,0.001793,0.001793,0.001793,0.001755,0.001717,0.001640,0.001640,0.001678,0.001640,0.001564,0.001450,0.001450,0.001411,0.001411,0.001450,0.001488,0.001488,0.001526,0.001564,0.001564,0.001640,0.001717,0.001755,0.001831,0.001869,0.001907,0.001907,0.001945,0.001945,0.001907,0.001907,0.001907,0.001869,0.001907,0.001831,0.001831,0.001831,0.001831,0.001831,0.001945,0.001907,0.001945,0.001945,0.001945,0.002022,0.001984,0.002060,0.002022,0.002022,0.001984,0.001945,0.001945,0.001907,0.001831,0.001869,0.001831,0.001869,0.001869,0.001907,0.001869,0.001984,0.001984,0.002098,0.002098,0.002174,0.002213,0.002251,0.002327,0.002403,0.002480,0.002480,0.002594,0.002594,0.002632,0.002594,0.002594,0.002556,0.002556,0.002441,0.002403,0.002327,0.002289,0.002213,0.002136,0.002022,0.001984,0.001869,0.001869,0.001907,0.001831,0.001907,0.001869,0.001869,0.001869,0.001907,0.001945,0.001907,0.001907,0.001907,0.001945,0.001945,0.001831,0.001831,0.001793,0.001755,0.001640,0.001678,0.001526,0.001526,0.001526,0.001488,0.001411,0.001450,0.001411,0.001373,0.001373,0.001450,0.001411,0.001373,0.001373,0.001411,0.001488,0.001411,0.001411,0.001411,0.001526,0.001488,0.001488,0.001564,0.001640,0.001755,0.001793,0.001831,0.001907,0.001907,0.002060,0.002136,0.002213,0.002289,0.002327,0.002403,0.002480,0.002518,0.002632,0.002708,0.002708,0.002785,0.002747,0.002823,0.002861,0.002899,0.002823,0.002785,0.002747,0.002747,0.002747,0.002708,0.002670,0.002670,0.002670,0.002594,0.002632,0.002670,0.002632,0.002632,0.002632,0.002632,0.002556,0.002594,0.002556,0.002518,0.002441,0.002480,0.002403,0.002365,0.002289,0.002327,0.002289,0.002251,0.002213,0.002174,0.002174,0.002136,0.002136,0.002213,0.002213,0.002174,0.002136,0.002098,0.002136,0.002136,0.002174,0.002174,0.002174,0.002098,0.002136,0.002098,0.002136,0.002098,0.002136,0.002098,0.002098,0.002060,0.002098,0.002098,0.002174,0.002213,0.002213,0.002213,0.002251,0.002251,0.002327,0.002327,0.002403,0.002480,0.002518,0.002480,0.002632,0.002632,0.002594,0.002632,0.002594,0.002632,0.002594,0.002556,0.002556,0.002441,0.002365,0.002365,0.002289,0.002213,0.002136,0.002060,0.001984,0.001907,0.001869,0.001831,0.001793,0.001755,0.001678,0.001678,0.001678,0.001717,0.001755,0.001755,0.001717,0.001793,0.001831,0.001831,0.001831,0.001984,0.002060,0.002060,0.002098,0.002098,0.002136,0.002098,0.002174,0.002213,0.002213,0.002174,0.002136,0.002136,0.002098,0.002022,0.002022,0.002098,0.001984,0.001945,0.001907,0.001907,0.001831,0.001831,0.001831,0.001831,0.001755,0.001717,0.001717,0.001640,0.001678,0.001640,0.001602,0.001602,0.001602,0.001564,0.001602,0.001602,0.001602,0.001602,0.001640,0.001640,0.001678,0.001640,0.001717,0.001755,0.001755,0.001793,0.001831,0.001869,0.001945,0.001945,0.001984,0.002060,0.002022,0.002022,0.002060,0.002098,0.002098,0.002136,0.002174,0.002174,0.002136,0.002174,0.002174,0.002213,0.002174,0.002213,0.002174,0.002174,0.002213,0.002213,0.002251,0.002251,0.002174,0.002136,0.002174,0.002174,0.002174,0.002174,0.002251,0.002174,0.002174,0.002174,0.002213,0.002174,0.002174,0.002174,0.002136,0.002136,0.002174,0.002136,0.002174,0.002213,0.002213,0.002251,0.002213,0.002213,0.002213,0.002213,0.002213,0.002174,0.002213,0.002174,0.002251,0.002213,0.002174,0.002136,0.002098,0.002060,0.002098,0.002060,0.002022,0.001984,0.001907,0.001907,0.001907,0.001869,0.001831,0.001793,0.001831,0.001793,0.001793,0.001678,0.001717,0.001717,0.001678,0.001678,0.001602,0.001717,0.001640,0.001602,0.001640,0.001678,0.001678,0.001678,0.001755,0.001717,0.001755,0.001717,0.001755,0.001793,0.001869,0.001907,0.001907,0.001984,0.002098,0.002098,0.002098,0.002174,0.002213,0.002251,0.002289,0.002365,0.002365,0.002365,0.002365,0.002365,0.002365,0.002441,0.002518,0.002403,0.002403,0.002480,0.002556,0.002480,0.002441,0.002480,0.002518,0.002518,0.002556,0.002556,0.002556,0.002518,0.002518,0.002556,0.002480,0.002518,0.002441,0.002441,0.002441,0.002480,0.002403,0.002365,0.002327,0.002289,0.002289,0.002251,0.002213,0.002213,0.002174,0.002136,0.002060,0.002022,0.001984,0.002022,0.001945,0.001945,0.001907,0.001907,0.001945,0.001945,0.001984,0.001984,0.002060,0.002060,0.002098,0.002098,0.002098,0.002213,0.002251,0.002213,0.002289,0.002289,0.002365,0.002327,0.002327,0.002327,0.002289,0.002289,0.002327,0.002327,0.002289,0.002289,0.002251,0.002251,0.002136,0.002098,0.002098,0.002022,0.002022,0.002022,0.001984,0.001945,0.001907,0.001869,0.001869,0.001869,0.001831,0.001831,0.001831,0.001831,0.001831,0.001717,0.001755,0.001755,0.001755,0.001755,0.001793,0.001755,0.001717,0.001755,0.001717,0.001717,0.001755,0.001755,0.001793,0.001793,0.001755,0.001755,0.001755,0.001831,0.001793,0.001717,0.001755,0.001755,0.001755,0.001717,0.001755,0.001793,0.001793,0.001755,0.001793,0.001831,0.001831,0.001793,0.001831,0.001907,0.001945,0.001984,0.002022,0.002022,0.002060,0.002174,0.002213,0.002174,0.002174,0.002174,0.002251,0.002251,0.002289,0.002289,0.002251,0.002289,0.002327,0.002289,0.002289,0.002289,0.002327,0.002251,0.002251,0.002213,0.002174,0.002174,0.002174,0.002174,0.002136,0.002136,0.002136,0.002060,0.002136,0.002098,0.002098,0.002098,0.002136,0.002060,0.002060,0.002060,0.002060,0.002060,0.002098,0.002098,0.002136,0.002060,0.002098,0.002060,0.002060,0.002098,0.002098,0.002098,0.002136,0.002098,0.002136,0.002136,0.002060,0.002022,0.002098,0.002174,0.002174,0.002174,0.002136,0.002136,0.002136,0.002136,0.002136,0.002174,0.002136,0.002174,0.002174,0.002174,0.002213,0.002174,0.002136,0.002136,0.002174,0.002174,0.002136,0.002136,0.002098,0.002022,0.002098,0.002060,0.002022,0.002060,0.002022,0.002022,0.002022,0.002022,0.001945,0.002022,0.001984,0.001984,0.002022,0.002098,0.002022,0.002022,0.002098,0.002060,0.002060,0.002022,0.001984,0.002022,0.002022,0.002022,0.002060,0.002060,0.002098,0.002098,0.002060,0.002136,0.002136,0.002098,0.002136,0.002174,0.002213,0.002136,0.002213,0.002174,0.002174,0.002213,0.002174,0.002136,0.002174,0.002136,0.002060,0.002060,0.002060,0.002060,0.002022,0.001984,0.001945,0.001945,0.001907,0.001907,0.001907,0.001907,0.001945,0.001869,0.001869,0.001907,0.001907,0.001869,0.001907,0.001907,0.001907,0.001945,0.002022,0.001945,0.002022,0.002022,0.002022,0.002022,0.002060,0.002060,0.002136,0.002060,0.002098,0.002060,0.002060,0.002136,0.002098,0.002174,0.002136,0.002098,0.002022,0.002060,0.002098,0.002060,0.002060,0.002060,0.002022,0.002022,0.002022,0.002098,0.002060,0.002022,0.001984,0.002022,0.002060,0.001984,0.001907,0.001907,0.001945,0.001945,0.001907,0.001945,0.001869,0.001945,0.001945,0.001869,0.001945,0.001945,0.001945,0.001984,0.001984,0.002022,0.001984,0.002060,0.002060,0.002060,0.002098,0.002174,0.002136,0.002136,0.002213,0.002213,0.002174,0.002251,0.002213,0.002251,0.002289,0.002251,0.002327,0.002327,0.002327,0.002327,0.002327,0.002289,0.002251,0.002289,0.002327,0.002327,0.002327,0.002327,0.002251,0.002213,0.002289,0.002327,0.002251,0.002213,0.002251,0.002289,0.002251,0.002174,0.002251,0.002213,0.002098,0.002136,0.002136,0.002174,0.002136,0.002136,0.002060,0.002060,0.002098,0.002060,0.002098,0.002060,0.001984,0.001984,0.001984,0.002060,0.002060,0.002022,0.002060,0.002060,0.002098,0.002098,0.002136,0.002174,0.002136,0.002213,0.002289,0.002327,0.002327,0.002327,0.002365,0.002480,0.002518,0.002518,0.002518,0.002594,0.002670,0.002632,0.002632,0.002670,0.002747,0.002708,0.002747,0.002708,0.002708,0.002708,0.002670,0.002632,0.002480,0.002518,0.002518,0.002403,0.002441,0.002403,0.002403,0.002365,0.002289,0.002327,0.002213,0.002174,0.002213,0.002174,0.002136,0.002060,0.001945,0.001907,0.001831,0.001755,0.001640,0.001564,0.001488,0.001411,0.001297,0.001183,0.001106,0.001030,0.001030,0.000954,0.000954,0.000877,0.000916,0.000916,0.000992,0.001030,0.001068,0.001106,0.001183,0.001297,0.001411,0.001488,0.001564,0.001678,0.001793,0.001869,0.001984,0.002022,0.002060,0.002174,0.002251,0.002251,0.002289,0.002365,0.002289,0.002365,0.002365,0.002403,0.002365,0.002365,0.002327,0.002327,0.002327,0.002289,0.002213,0.002251,0.002213,0.002136,0.002174,0.002174,0.002174,0.002174,0.002174,0.002174,0.002098,0.002213,0.002289,0.002251,0.002327,0.002327,0.002327,0.002403,0.002441,0.002441,0.002480,0.002480,0.002518,0.002556,0.002480,0.002518,0.002518,0.002518,0.002441,0.002480,0.002441,0.002365,0.002365,0.002327,0.002289,0.002251,0.002251,0.002213,0.002174,0.002098,0.002136,0.002136,0.002098,0.002060,0.002060,0.001984,0.001945,0.001945,0.001984,0.001945,0.001984,0.001945,0.001945,0.001984,0.001945,0.001984,0.001984,0.001945,0.001945,0.001984,0.001984,0.001984,0.002022,0.001984,0.001984,0.001984,0.001945,0.001984,0.001945,0.001945,0.001984,0.001945,0.001945,0.001945,0.001984,0.002022,0.001945,0.001945,0.001945,0.002022,0.002022,0.001945,0.001945,0.001984,0.001945,0.001984,0.001984,0.001945,0.002022,0.001984,0.002060,0.002060,0.002060,0.002136,0.002060,0.002060,0.002022,0.002060,0.002060,0.002098,0.002174,0.002213,0.002174,0.002174,0.002213,0.002251,0.002251,0.002365,0.002365,0.002365,0.002403,0.002365,0.002327,0.002327,0.002403,0.002327,0.002327,0.002403,0.002365,0.002327,0.002327,0.002365,0.002365,0.002327,0.002289,0.002327,0.002289,0.002289,0.002289,0.002327,0.002213,0.002136,0.002136,0.002174,0.002174,0.002136,0.002136,0.002060,0.002060,0.002060,0.002098,0.002098,0.002060,0.002060,0.002098,0.002098,0.002136,0.002098,0.002136,0.002213,0.002136,0.002174,0.002098,0.002174,0.002174,0.002213,0.002327,0.002251,0.002289,0.002289,0.002289,0.002289,0.002327,0.002327,0.002365,0.002327,0.002365,0.002365,0.002403,0.002365,0.002403,0.002403,0.002441,0.002403,0.002327,0.002327,0.002327,0.002289,0.002251,0.002251,0.002213,0.002213,0.002213,0.002136,0.002022,0.002022,0.002060,0.001984,0.001984,0.001945,0.001984,0.001907,0.001907,0.001869,0.001945,0.001907,0.001869,0.001907,0.001907,0.001869,0.001869,0.001869,0.001793,0.001793,0.001755,0.001755,0.001793,0.001793,0.001793,0.001755,0.001831,0.001793,0.001793,0.001831,0.001793,0.001793,0.001831,0.001907,0.001907,0.001907,0.001907,0.001869,0.001945,0.001945,0.001945,0.001945,0.001984,0.002022,0.002022,0.001984,0.002022,0.002060,0.002098,0.002136,0.002174,0.002136,0.002136,0.002174,0.002136,0.002136,0.002174,0.002174,0.002213,0.002213,0.002136,0.002174,0.002174,0.002174,0.002098,0.002136,0.002136,0.002098,0.002098,0.002136,0.002060,0.002022,0.002060,0.002136,0.002060,0.002098,0.002098,0.002098,0.002136,0.002136,0.002098,0.002060,0.002098,0.002060,0.002136,0.002174,0.002136,0.002098,0.002136,0.002098,0.002136,0.002098,0.002136,0.002098,0.002060,0.002060,0.002022,0.002060,0.002060,0.002022,0.001984,0.001984,0.001984,0.001907,0.001945,0.001907,0.001869,0.001869,0.001831,0.001831,0.001869,0.001831,0.001831,0.001869,0.001869,0.001869,0.001869,0.001907,0.001869,0.001945,0.001907,0.001907,0.001984,0.001984,0.002022,0.002022,0.002022,0.002060,0.002060,0.002060,0.002060,0.002098,0.002098,0.002060,0.002098,0.002098,0.002060,0.002098,0.002060,0.002136,0.002098,0.002060,0.002022,0.002060,0.002060,0.002022,0.002098,0.002060,0.002022,0.002022,0.002060,0.002060,0.002060,0.002022,0.002060,0.002022,0.002060,0.002060,0.002098,0.002136,0.002098,0.002213,0.002174,0.002136,0.002213,0.002213,0.002251,0.002251,0.002251,0.002251,0.002251,0.002289,0.002251,0.002289,0.002251,0.002213,0.002251,0.002213,0.002289,0.002251,0.002174,0.002213,0.002213,0.002136,0.002136,0.002136,0.002136,0.002098,0.002098,0.002098,0.002098,0.002136,0.002098,0.002060,0.002060,0.002098,0.002060,0.002022,0.002060,0.002022,0.001984,0.002022,0.002060,0.002098,0.002098,0.002098,0.002136,0.002136,0.002136,0.002174,0.002174,0.002136,0.002213,0.002289,0.002251,0.002251,0.002174,0.002251,0.002289,0.002251,0.002251,0.002289,0.002289,0.002289,0.002213,0.002289,0.002251,0.002213,0.002213,0.002174,0.002174,0.002213,0.002213,0.002174,0.002060,0.002098,0.002060,0.002060,0.002060,0.002022,0.002022,0.002022,0.001984,0.001907,0.001869,0.001907,0.001869,0.001869,0.001793,0.001831,0.001793,0.001755,0.001793,0.001717,0.001717,0.001717,0.001717,0.001717,0.001602,0.001678,0.001717,0.001678,0.001640,0.001640,0.001640,0.001640,0.001678,0.001717,0.001717,0.001678,0.001678,0.001717,0.001717,0.001755,0.001793,0.001755,0.001717,0.001755,0.001755,0.001755,0.001755,0.001793,0.001793,0.001793,0.001831,0.001793,0.001831,0.001907,0.001831,0.001869,0.001869,0.001907,0.001907,0.001945,0.001907,0.001945,0.002022,0.002098,0.002136,0.002098,0.002098,0.002174,0.002136,0.002213,0.002251,0.002251,0.002251,0.002289,0.002251,0.002289,0.002327,0.002365,0.002327,0.002327,0.002327,0.002327,0.002365,0.002327,0.002365,0.002327,0.002327,0.002327,0.002289,0.002327,0.002251,0.002365,0.002289,0.002251,0.002251,0.002251,0.002251,0.002213,0.002174,0.002174,0.002213,0.002174,0.002136,0.002022,0.002098,0.002136,0.002098,0.002060,0.002060,0.002098,0.002060,0.002022,0.002060,0.001984,0.002022,0.002022,0.002022,0.001984,0.001945,0.001945,0.001984,0.002022,0.001945,0.001984,0.002022,0.002022,0.002060,0.001984,0.002022,0.002022,0.001984,0.001984,0.002022,0.001984,0.001945,0.001945,0.001907,0.001907,0.001869,0.001907,0.001907,0.001907,0.001907,0.001984,0.001945,0.001984,0.001945,0.001907,0.001984,0.001945,0.001984,0.002022,0.002022,0.002022,0.002022,0.002022,0.002060,0.002098,0.002060,0.002060,0.002098,0.002098,0.002022,0.002060,0.002060,0.002174,0.002098,0.002098,0.002060,0.002098,0.002136,0.002136,0.002136,0.002060,0.002098,0.002022,0.002022,0.002098,0.002060,0.002060,0.002060,0.002098,0.002136,0.002060,0.002060,0.002136,0.002098,0.002136,0.002136,0.002174,0.002174,0.002136,0.002136,0.002136,0.002174,0.002213,0.002174,0.002213,0.002174,0.002174,0.002213,0.002213,0.002213,0.002213,0.002174,0.002251,0.002213,0.002136,0.002098,0.002174,0.002213,0.002174,0.002174,0.002136,0.002213,0.002136,0.002136,0.002136,0.002174,0.002213,0.002098,0.002098,0.002174,0.002098,0.002136,0.002174,0.002174,0.002136,0.002136,0.002136,0.002213,0.002174,0.002098,0.002098,0.002098,0.002098,0.002098,0.002098,0.002098,0.002098,0.002060,0.002022,0.002022,0.002060,0.002022,0.001984,0.001984,0.001984,0.001984,0.001984,0.001945,0.001984,0.001907,0.001945,0.001945,0.001907,0.001945,0.001869,0.001945,0.001984,0.001945,0.001945,0.001907,0.001945,0.001945,0.001984,0.001907,0.001907,0.001945,0.001945,0.001907,0.001945,0.001907,0.001984,0.001945,0.001984,0.001907,0.001869,0.001945,0.002022,0.001984,0.001984,0.001984,0.002022,0.001984,0.002022,0.001984,0.002022,0.002060,0.002098,0.002098,0.002098,0.002098,0.002098,0.002174,0.002136,0.002174,0.002136,0.002174,0.002174,0.002213,0.002174,0.002213,0.002174,0.002174,0.002213,0.002213,0.002213,0.002174,0.002174,0.002174,0.002136,0.002136,0.002136,0.002136,0.002174,0.002136,0.002136,0.002098,0.002136,0.002136,0.002136,0.002098,0.002136,0.002098,0.002136,0.002060,0.002174,0.002136,0.002136,0.002174,0.002174,0.002136,0.002136,0.002136,0.002174,0.002136,0.002174,0.002174,0.002136,0.002174,0.002213,0.002213,0.002213,0.002213,0.002213,0.002174,0.002174,0.002136,0.002213,0.002174,0.002174,0.002174,0.002174,0.002174,0.002174,0.002213,0.002174,0.002174,0.002136,0.002098,0.002174,0.002136,0.002136,0.002136,0.002136,0.002136,0.002098,0.002136,0.002136,0.002136,0.002136,0.002060,0.002136,0.002098,0.002098,0.002174,0.002136,0.002174,0.002136,0.002060,0.002136,0.002174,0.002136,0.002136,0.002136,0.002136,0.002098,0.002098,0.002098,0.002098,0.002098,0.002060,0.002136,0.002098,0.002136,0.002098,0.002022,0.002136,0.002136,0.002136,0.002098,0.002136,0.002174,0.002136,0.002136,0.002136,0.002174,0.002174,0.002136,0.002174,0.002174,0.002136,0.002136,0.002136,0.002136,0.002136,0.002136,0.002098,0.002098,0.002098,0.002136,0.002098,0.002060,0.002060,0.002098,0.002022,0.002060,0.002060,0.002022,0.002022,0.002022,0.002060,0.001984,0.001984,0.002022,0.001945,0.001984,0.002022,0.002022,0.002022,0.002022,0.002022,0.002022,0.002060,0.002098,0.002098,0.002174,0.002136,0.002136,0.002174,0.002136,0.002213,0.002213,0.002213,0.002251,0.002289,0.002289,0.002289,0.002365,0.002327,0.002327,0.002365,0.002365,0.002403,0.002441,0.002441,0.002480,0.002441,0.002403,0.002403,0.002403,0.002403,0.002289,0.002289,0.002251,0.002251,0.002174,0.002136,0.002098,0.002098,0.002060,0.002022,0.001945,0.001984,0.001869,0.001869,0.001907,0.001831,0.001831,0.001831,0.001793,0.001831,0.001831,0.001793,0.001831,0.001831,0.001831,0.001869,0.001869,0.001907,0.001907,0.001945,0.001945,0.001945,0.001984,0.002022,0.001984,0.002060,0.002060,0.002060,0.002060,0.002022,0.002060,0.002098,0.002060,0.002022,0.001984,0.001984,0.001945,0.001984,0.001945,0.001984,0.001945,0.001945,0.001945,0.001984,0.001945,0.002022,0.001984,0.001984,0.002022,0.002022,0.002098,0.002022,0.002060,0.002136,0.002136,0.002136,0.002098,0.002136,0.002174,0.002136,0.002174,0.002174,0.002251,0.002213,0.002289,0.002365,0.002213,0.002289,0.002213,0.002251,0.002289,0.002289,0.002289,0.002251,0.002251,0.002213,0.002251,0.002213,0.002213,0.002213,0.002213,0.002213,0.002213,0.002251,0.002251,0.002213,0.002251,0.002327,0.002251,0.002251,0.002251,0.002251,0.002289,0.002213,0.002289,0.002289,0.002327,0.002251,0.002289,0.002251,0.002174,0.002213,0.002174,0.002098,0.002098,0.002098,0.002060,0.001984,0.001984,0.002022,0.001945,0.001945,0.001984,0.001984,0.001907,0.001831,0.001831,0.001831,0.001831,0.001831,0.001793,0.001831,0.001755,0.001831,0.001793,0.001755,0.001793,0.001755,0.001793,0.001793,0.001793,0.001793,0.001793,0.001869,0.001831,0.001869,0.001831,0.001831,0.001869,0.001831,0.001907,0.001984,0.001945,0.001984,0.001984,0.001984,0.002022,0.002022,0.002022,0.002022,0.002022,0.002060,0.002022,0.002060,0.002060,0.002174,0.002098,0.002022,0.002060,0.002098,0.002098,0.002098,0.002060,0.002098,0.002098,0.002060,0.002098,0.002060,0.002060,0.002022,0.002022,0.002022,0.002060,0.002098,0.002022,0.002098,0.002098,0.002060,0.002136,0.002098,0.002136,0.002098,0.002174,0.002174,0.002098,0.002136,0.002098,0.002174,0.002136,0.002136,0.002174,0.002174,0.002213,0.002174,0.002213,0.002251,0.002174,0.002174,0.002174,0.002251,0.002174,0.002213,0.002251,0.002251,0.002136,0.002136,0.002174,0.002251,0.002213,0.002174,0.002136,0.002213,0.002213,0.002098,0.002174,0.002098,0.002136,0.002098,0.002060,0.002136,0.002060,0.001984,0.002060,0.002022,0.002060,0.001984,0.001984,0.001945,0.002022,0.002060,0.001945,0.002022,0.002098,0.002022,0.002136,0.002098,0.002098,0.002098,0.002060,0.002098,0.002060,0.002098,0.002136,0.002098,0.002136,0.002098,0.002136,0.002098,0.002060,0.002060,0.002022,0.001984,0.001907,0.001945,0.001907,0.001945,0.001907,0.001907,0.001907,0.001831,0.001869,0.001945,0.001907,0.001907,0.001869,0.001907,0.001945,0.001907,0.001945,0.001945,0.001945,0.002022,0.002022,0.002060,0.002060,0.002098,0.002136,0.002136,0.002136,0.002136,0.002174,0.002174,0.002098,0.002174,0.002060,0.002174,0.002174,0.002098,0.002136,0.002060,0.002136,0.002098,0.002098,0.002060,0.002022,0.002022,0.002022,0.002060,0.002022,0.002060,0.002060,0.001984,0.001984,0.002022,0.002022,0.002022,0.002022,0.002060,0.002060,0.002060,0.002098,0.002022,0.002022,0.002060,0.002060,0.002098,0.002060,0.002098,0.002136,0.002098,0.002136,0.002098,0.002174,0.002174,0.002174,0.002213,0.002251,0.002251,0.002213,0.002289,0.002289,0.002289,0.002289,0.002251,0.002327,0.002289,0.002289,0.002289,0.002251,0.002289,0.002251,0.002213,0.002327,0.002213,0.002213,0.002213,0.002213,0.002174,0.002174,0.002098,0.002136,0.002098,0.002098,0.002136,0.002136,0.002098,0.002060,0.001984,0.001984,0.002060,0.001984,0.002060,0.002022,0.002098,0.002060,0.002022,0.002098,0.002022,0.002022,0.002022,0.001984,0.002022,0.001984,0.002022,0.002022,0.002022,0.002022,0.001945,0.001869,0.001907,0.001907,0.001945,0.001831,0.001869,0.001793,0.001755,0.001831,0.001831,0.001831,0.001755,0.001793,0.001755,0.001793,0.001793,0.001755,0.001793,0.001793,0.001869,0.001869,0.001793,0.001831,0.001831,0.001831,0.001907,0.001869,0.001907,0.001907,0.001907,0.001945,0.001945,0.001945,0.001945,0.001945,0.001945,0.001907,0.002060,0.001984,0.001945,0.001945,0.001907,0.001984,0.001945,0.001945,0.001984,0.001907,0.001984,0.001945,0.001984,0.001945,0.001984,0.001945,0.001945,0.001984,0.002022,0.001945,0.001984,0.001984,0.002060,0.002098,0.002060,0.002060,0.002022,0.002022,0.002098,0.002136,0.002136,0.002136,0.002213,0.002136,0.002174,0.002174,0.002174,0.002213,0.002174,0.002174,0.002213,0.002213,0.002213,0.002174,0.002289,0.002251,0.002213,0.002289,0.002327,0.002289,0.002327,0.002327,0.002365,0.002365,0.002365,0.002365,0.002327,0.002289,0.002403,0.002441,0.002403,0.002403,0.002403,0.002403,0.002403,0.002289,0.002327,0.002289,0.002251,0.002213,0.002213,0.002251,0.002098,0.002060,0.002098,0.002022,0.001984,0.001907,0.001945,0.001907,0.001831,0.001793,0.001793,0.001793,0.001717,0.001755,0.001755,0.001755,0.001793,0.001755,0.001755,0.001755,0.001793,0.001793,0.001793,0.001793,0.001869,0.001869,0.001869,0.001831,0.001945,0.001907,0.001907,0.001945,0.001907,0.001984,0.001984,0.001984,0.001984,0.002022,0.002022,0.001984,0.002022,0.002098,0.002098,0.002060,0.002060,0.002174,0.002136,0.002136,0.002174,0.002174,0.002174,0.002136,0.002213,0.002289,0.002289,0.002289,0.002289,0.002289,0.002327,0.002251,0.002327,0.002327,0.002327,0.002327,0.002289,0.002327,0.002289,0.002327,0.002327,0.002327,0.002289,0.002289,0.002327,0.002327,0.002327,0.002327,0.002365,0.002289,0.002327,0.002289,0.002327,0.002289,0.002289,0.002289,0.002327,0.002327,0.002251,0.002213,0.002213,0.002251,0.002251,0.002251,0.002251,0.002213,0.002213,0.002213,0.002174,0.002251,0.002174,0.002174,0.002136,0.002174,0.002174,0.002136,0.002098,0.002136,0.002136,0.002213,0.002136,0.002098,0.002098,0.002098,0.002098,0.002098,0.002136,0.002136,0.002060,0.002060,0.002022,0.002060,0.002060,0.001984,0.001984,0.001984,0.001984,0.001907,0.001945,0.001984,0.001984,0.001945,0.001945,0.001869,0.001907,0.001869,0.001907,0.001869,0.001945,0.001945,0.001984,0.001945,0.001945,0.001945,0.001945,0.001984,0.001984,0.001984,0.001984,0.001945,0.001945,0.001945,0.001984,0.001984,0.001984,0.001984,0.002022,0.002022,0.002060,0.002022,0.002022,0.002022,0.002060,0.002060,0.002022,0.002060,0.002098,0.002136,0.002098,0.002098,0.002174,0.002174,0.002136,0.002136,0.002213,0.002213,0.002174,0.002213,0.002213,0.002251,0.002251,0.002289,0.002251,0.002251,0.002289,0.002251,0.002213,0.002251,0.002289,0.002251,0.002289,0.002251,0.002289,0.002174,0.002213,0.002213,0.002251,0.002251,0.002213,0.002213,0.002213,0.002213,0.002289,0.002136,0.002098,0.002136,0.002136,0.002136,0.002098,0.002136,0.002060,0.002098,0.002098,0.002060,0.002136,0.002060,0.002098,0.002136,0.002060,0.002098,0.002098,0.002098,0.002098,0.002098,0.002136,0.002060,0.002060,0.002098,0.002060,0.002060,0.002060,0.002098,0.002098,0.002098,0.002060,0.002022,0.002060,0.001984,0.002022,0.001984,0.001984,0.001945,0.001984,0.001945,0.001945,0.001945,0.001907,0.001869,0.001907,0.001869,0.001831,0.001869,0.001907,0.001907,0.001869,0.001831,0.001831,0.001755,0.001831,0.001793,0.001793,0.001831,0.001831,0.001793,0.001793,0.001831,0.001869,0.001869,0.001869,0.001869,0.001907,0.001869,0.001907,0.001945,0.001984,0.002022,0.001945,0.001945,0.002022,0.001984,0.001984,0.002022,0.002060,0.002098,0.002060,0.002136,0.002060,0.002136,0.002136,0.002098,0.002174,0.002098,0.002174,0.002251,0.002174,0.002213,0.002251,0.002251,0.002327,0.002289,0.002289,0.002251,0.002251,0.002213,0.002327,0.002289,0.002289,0.002327,0.002289,0.002289,0.002251,0.002213,0.002327,0.002213,0.002251,0.002213,0.002251,0.002213,0.002251,0.002213,0.002174,0.002213,0.002174,0.002174,0.002174,0.002136,0.002098,0.002174,0.002136,0.002213,0.002136,0.002136,0.002136,0.002098,0.002136,0.002174,0.002174,0.002098,0.002174,0.002174,0.002098,0.002174,0.002098,0.002136,0.002136,0.002136,0.002098,0.002136,0.002136,0.002060,0.002136,0.002136,0.002136,0.002136,0.002098,0.002136,0.002136,0.002174,0.002213,0.002174,0.002174,0.002174,0.002136,0.002213,0.002174,0.002174,0.002136,0.002174,0.002213,0.002136,0.002174,0.002174,0.002136,0.002174,0.002136,0.002136,0.002136,0.002136,0.002213,0.002136,0.002174,0.002136,0.002174,0.002174,0.002174,0.002136,0.002098,0.002136,0.002174,0.002174,0.002174,0.002136,0.002098,0.002136,0.002136,0.002174,0.002098,0.002098,0.002136,0.002213,0.002136,0.002136,0.002213,0.002174,0.002174,0.002174,0.002136,0.002213,0.002213,0.002213,0.002213,0.002213,0.002213,0.002213,0.002213,0.002174,0.002174,0.002174,0.002174,0.002136,0.002136,0.002174,0.002174,0.002098,0.002098,0.002098,0.002098,0.002098,0.002022,0.001984,0.001984,0.001984,0.001945,0.001945,0.001984,0.001945,0.001869,0.001869,0.001945,0.001945,0.001869,0.001869,0.001907,0.001831,0.001869,0.001831,0.001831,0.001831,0.001831,0.001831,0.001831,0.001869,0.001755,0.001793,0.001793,0.001831,0.001869,0.001869,0.001907,0.001869,0.001907,0.001945,0.001984,0.002022,0.002022,0.001984,0.002060,0.002022,0.002098,0.002098,0.002098,0.002213,0.002251,0.002213,0.002213,0.002213,0.002213,0.002289,0.002251,0.002251,0.002251,0.002174,0.002174,0.002213,0.002174,0.002174,0.002136,0.002136,0.002136,0.002098,0.002136,0.002136,0.002098,0.002098,0.002136,0.002136,0.002098,0.002060,0.002098,0.002174,0.002098,0.002098,0.002136,0.002174,0.002174,0.002213,0.002174,0.002251,0.002213,0.002213,0.002251,0.002213,0.002251,0.002174,0.002213,0.002251,0.002213,0.002213,0.002136,0.002136,0.002213,0.002136,0.002136,0.002060,0.002060,0.002022,0.001984,0.001945,0.001945,0.001907,0.001793,0.001793,0.001793,0.001793,0.001678,0.001640,0.001678,0.001678,0.001717,0.001717,0.001717,0.001755,0.001755,0.001717,0.001793,0.001793,0.001831,0.001869,0.001831,0.001869,0.001907,0.001945,0.001945,0.001984,0.002022,0.001984,0.002022,0.002022,0.002022,0.001984,0.001984,0.002060,0.002022,0.001984,0.001984,0.001984,0.002022,0.002022,0.002022,0.001984,0.001945,0.002022,0.001945,0.001945,0.002022,0.002022,0.002060,0.002022,0.002098,0.002060,0.002098,0.002136,0.002213,0.002174,0.002136,0.002174,0.002251,0.002251,0.002174,0.002251,0.002251,0.002289,0.002289,0.002327,0.002251,0.002289,0.002213,0.002251,0.002251,0.002251,0.002289,0.002251,0.002213,0.002174,0.002136,0.002213,0.002174,0.002174,0.002174,0.002136,0.002136,0.002136,0.002098,0.002136,0.002213,0.002174,0.002174,0.002098,0.002098,0.002098,0.002098,0.002098,0.002098,0.002098,0.002098,0.002136,0.002136,0.002136,0.002098,0.002098,0.002060,0.002060,0.002022,0.002022,0.002060,0.002060,0.002098,0.002136,0.002098,0.001984,0.001945,0.002060,0.002022,0.002060,0.002060,0.001984,0.002022,0.002022,0.002022,0.001945,0.001984,0.002022,0.002022,0.002022,0.002022,0.002022,0.002060,0.002022,0.002022,0.002022,0.002060,0.002136,0.002022,0.002098,0.002060,0.002098,0.002136,0.002060,0.002098,0.002098,0.002136,0.002098,0.002060,0.002060,0.002098,0.002136,0.002098,0.002098,0.002136,0.002136,0.002098,0.002098,0.002174,0.002136,0.002136,0.002174,0.002136,0.002098,0.002060,0.002098,0.002136,0.002174,0.002136,0.002174,0.002098,0.002174,0.002098,0.002022,0.002098,0.002098,0.002098,0.002022,0.002022,0.002022,0.002022,0.001984,0.001984,0.002022,0.001984,0.002022,0.001984,0.001945,0.001945,0.001945,0.001984,0.002022,0.001907,0.001945,0.001984,0.001945,0.002022,0.002060,0.002022,0.001945,0.001984,0.002022,0.001984,0.002022,0.001945,0.001984,0.001984,0.002022,0.001984,0.001984,0.002022,0.001984,0.001945,0.001984,0.002022,0.002022,0.001945,0.001945,0.002022,0.001984,0.002060,0.001984,0.002060,0.002098,0.002098,0.002136,0.002060,0.002098,0.002098,0.002098,0.002060,0.002098,0.002174,0.002136,0.002098,0.002060,0.002136,0.002136,0.002098,0.002098,0.002060,0.002060,0.002098,0.002060,0.002060,0.002060,0.002022,0.002022,0.002022,0.002060,0.002022,0.002022,0.002098,0.002022,0.001984,0.002022,0.002022,0.002022,0.002060,0.002022,0.002022,0.002060,0.002060,0.002098,0.002098,0.002174,0.002174,0.002136,0.002136,0.002251,0.002251,0.002251,0.002213,0.002251,0.002251,0.002251,0.002251,0.002213,0.002213,0.002251,0.002213,0.002251,0.002213,0.002213,0.002174,0.002213,0.002174,0.002136,0.002213,0.002136,0.002136,0.002213,0.002136,0.002136,0.002136,0.002098,0.002174,0.002174,0.002098,0.002136,0.002098,0.002098,0.002098,0.002098,0.002098,0.002136,0.002098,0.002060,0.002060,0.002060,0.002060,0.002022,0.002022,0.002060,0.002022,0.002022,0.002022,0.002022,0.001984,0.001984,0.001945,0.001945,0.001984,0.002060,0.001984,0.001945,0.001984,0.002022,0.001945,0.001984,0.001945,0.002022,0.002022,0.001984,0.001984,0.001945,0.001907,0.001907,0.001945,0.001945,0.001907,0.001907,0.001907,0.001907,0.001945,0.001945,0.001945,0.001945,0.001907,0.001945,0.001907,0.001945,0.001984,0.001945,0.002022,0.001984,0.001984,0.002022,0.002022,0.002022,0.002022,0.002098,0.002022,0.001984,0.002060,0.002136,0.002098,0.002060,0.002098,0.002136,0.002136,0.002174,0.002136,0.002136,0.002098,0.002136,0.002213,0.002174,0.002251,0.002251,0.002289,0.002289,0.002213,0.002251,0.002289,0.002289,0.002327,0.002289,0.002251,0.002251,0.002289,0.002289,0.002251,0.002251,0.002251,0.002213,0.002251,0.002251,0.002289,0.002174,0.002174,0.002174,0.002174,0.002174,0.002174,0.002213,0.002136,0.002136,0.002136,0.002098,0.002174,0.002174,0.002136,0.002136,0.002098,0.002213,0.002174,0.002174,0.002136,0.002136,0.002098,0.002136,0.002213,0.002136,0.002098,0.002174,0.002136,0.002174,0.002098,0.002098,0.002098,0.002098,0.002136,0.002098,0.002060,0.002136,0.002136,0.002136,0.002136,0.002136,0.002174,0.002136,0.002136,0.002060,0.002136,0.002060,0.002060,0.002098,0.002022,0.002022,0.001984,0.001945,0.001945,0.001945,0.001869,0.001831,0.001869,0.001831,0.001907,0.001869,0.001907,0.001869,0.001945,0.001984,0.001945,0.002022,0.002060,0.002060,0.002060,0.002136,0.002213,0.002289,0.002289,0.002327,0.002327,0.002327,0.002365,0.002327,0.002327,0.002403,0.002403,0.002365,0.002365,0.002327,0.002251,0.002174,0.002136,0.002136,0.002098,0.002022,0.002060,0.001984,0.001945,0.001945,0.001945,0.001907,0.001907,0.001907,0.001945,0.001907,0.001984,0.001945,0.001984,0.001984,0.001945,0.002022,0.002022,0.002060,0.002060,0.002136,0.002136,0.002098,0.002136,0.002174,0.002174,0.002174,0.002213,0.002174,0.002136,0.002213,0.002174,0.002174,0.002213,0.002174,0.002136,0.002174,0.002174,0.002136,0.002136,0.002213,0.002174,0.002136,0.002174,0.002174,0.002136,0.002174,0.002174,0.002174,0.002213,0.002213,0.002213,0.002213,0.002213,0.002174,0.002213,0.002213,0.002174,0.002213,0.002213,0.002251,0.002213,0.002174,0.002136,0.002174,0.002174,0.002213,0.002251,0.002174,0.002174,0.002174,0.002136,0.002174,0.002136,0.002060,0.002098,0.002136,0.002098,0.002060,0.002136,0.002060,0.002098,0.002098,0.002060,0.002098,0.002136,0.002098,0.002098,0.002098,0.002098,0.002060,0.002060,0.002098,0.002098,0.002098,0.002098,0.002022,0.002098,0.002060,0.002060,0.001984,0.002022,0.002060,0.001984,0.001945,0.001984,0.001984,0.001984,0.001984,0.002022,0.001984,0.002060,0.002022,0.002022,0.002060,0.002060,0.002022,0.002060,0.002098,0.002098,0.002136,0.002098,0.002060,0.002136,0.002098,0.002136,0.002098,0.002174,0.002136,0.002136,0.002098,0.002098,0.002098,0.002136,0.002136,0.002098,0.002060,0.002098,0.002060,0.002060,0.002060,0.002060,0.002098,0.002060,0.001984,0.002060,0.002022,0.002060,0.002098,0.002022,0.002060,0.002060,0.002098,0.002098,0.002060,0.002098,0.002060,0.002098,0.002098,0.002098,0.002136,0.002060,0.002098,0.002098,0.002022,0.002060,0.002098,0.002098,0.002098,0.002060,0.002136,0.002136,0.002098,0.002136,0.002136,0.002098,0.002060,0.002098,0.002098,0.002098,0.002174,0.002098,0.002174,0.002136,0.002136,0.002060,0.002136,0.002136,0.002098,0.002174,0.002098,0.002098,0.002098,0.002174,0.002136,0.002136,0.002136,0.002136,0.002136,0.002136,0.002060,0.002136,0.002136,0.002060,0.002060,0.002060,0.002060,0.002060,0.002060,0.001984,0.002022,0.002060,0.002022,0.001984,0.002022,0.001984,0.002022,0.002022,0.001984,0.001945,0.001984,0.002022,0.001984,0.001945,0.001945,0.001984,0.001945,0.002022,0.002060,0.002022,0.001984,0.002022,0.002098,0.002098,0.002022,0.002022,0.002098,0.002022,0.002060,0.002022,0.002022,0.002060,0.002098,0.002022,0.002098,0.002060,0.002022,0.002022,0.002022,0.002060,0.002060,0.002060,0.002098,0.002060,0.002136,0.002060,0.002098,0.002136,0.002136,0.002136,0.002174,0.002136,0.002213,0.002174,0.002213,0.002136,0.002251,0.002289,0.002213,0.002213,0.002213,0.002251,0.002174,0.002213,0.002213,0.002174,0.002174,0.002174,0.002174,0.002213,0.002136,0.002174,0.002136,0.002174,0.002098,0.001984,0.001984,0.002060,0.002060,0.002060,0.002022,0.002022,0.002022,0.002060,0.002060,0.001984,0.002060,0.002022,0.002060,0.001984,0.001984,0.001945,0.001984,0.001984,0.001945,0.001945,0.001907,0.001945,0.001945,0.001945,0.001945,0.001869,0.001945,0.001907,0.001945,0.001945,0.001945,0.001907,0.001907,0.001907,0.001945,0.001945,0.001907,0.001945,0.001907,0.001945,0.001945,0.001984,0.001984,0.001984,0.002060,0.002022,0.002022,0.001984,0.002022,0.002060,0.002098,0.002098,0.002060,0.002136,0.002098,0.002098,0.002174,0.002213,0.002174,0.002136,0.002251,0.002251,0.002213,0.002174,0.002251,0.002213,0.002213,0.002174,0.002174,0.002213,0.002213,0.002213,0.002174,0.002098,0.002136,0.002136,0.002060,0.002060,0.002098,0.002060,0.002022,0.002022,0.001984,0.001945,0.001945,0.001945,0.001907,0.001907,0.001869,0.001831,0.001793,0.001793,0.001793,0.001793,0.001793,0.001755,0.001793,0.001831,0.001831,0.001793,0.001831,0.001831,0.001869,0.001945,0.001907,0.001907,0.001907,0.002022,0.002022,0.001984,0.002098,0.002098,0.002060,0.002136,0.002136,0.002213,0.002174,0.002213,0.002174,0.002136,0.002136,0.002174,0.002136,0.002136,0.002136,0.002060,0.002136,0.002174,0.002098,0.002098,0.002136,0.002213,0.002136,0.002136,0.002174,0.002174,0.002289,0.002213,0.002251,0.002251,0.002213,0.002213,0.002174,0.002213,0.002174,0.002213,0.002174,0.002136,0.002213,0.002213,0.002213,0.002213,0.002251,0.002213,0.002251,0.002174,0.002136,0.002174,0.002136,0.002136,0.002098,0.002098,0.002136,0.002098,0.002136,0.002060,0.002060,0.002098,0.002022,0.002060,0.002022,0.001945,0.002060,0.002022,0.002060,0.002098,0.002098,0.001984,0.002060,0.002022,0.001984,0.001984,0.002022,0.001984,0.002022,0.002022,0.001945,0.001984,0.001984,0.002022,0.001945,0.001984,0.001945,0.001984,0.002060,0.002060,0.002022,0.002060,0.002022,0.002098,0.002098,0.002060,0.002098,0.002098,0.002022,0.002022,0.002022,0.001984,0.001945,0.001945,0.001907,0.001831,0.001831,0.001831,0.001717,0.001717,0.001755,0.001755,0.001755,0.001793,0.001831,0.001793,0.001869,0.001907,0.001869,0.001869,0.001907,0.001869,0.001869,0.001945,0.001869,0.001869,0.001869,0.001869,0.001869,0.001869,0.001793,0.001831,0.001793,0.001755,0.001793,0.001831,0.001831,0.001793,0.001831,0.001869,0.001869,0.001907,0.001907,0.001907,0.001984,0.001945,0.001945,0.001907,0.001984,0.002022,0.001984,0.001984,0.001945,0.001945,0.001945,0.001984,0.001984,0.001945,0.001945,0.002022,0.001984,0.001984,0.002022,0.002098,0.002098,0.002098,0.002098,0.002098,0.002136,0.002136,0.002213,0.002213,0.002213,0.002251,0.002251,0.002289,0.002327,0.002289,0.002327,0.002289,0.002327,0.002327,0.002327,0.002289,0.002327,0.002327,0.002251,0.002251,0.002174,0.002174,0.002174,0.002098,0.002136,0.002136,0.002060,0.002022,0.002022,0.002022,0.002022,0.001984,0.001984,0.001984,0.001984,0.001984,0.001984,0.001984,0.002022,0.002060,0.002022,0.002098,0.002098,0.002098,0.002136,0.002136,0.002174,0.002174,0.002174,0.002136,0.002136,0.002174,0.002213,0.002213,0.002136,0.002213,0.002174,0.002174,0.002213,0.002174,0.002174,0.002174,0.002213,0.002213,0.002136,0.002098,0.002098,0.002136,0.002098,0.002098,0.002136,0.002136,0.002174,0.002098,0.002060,0.002098,0.002136,0.002060,0.002098,0.002098,0.002174,0.002136,0.002136,0.002098,0.002098,0.002098,0.002136,0.002174,0.002136,0.002136,0.002098,0.002136,0.002136,0.002098,0.002136,0.002098,0.002098,0.002098,0.002098,0.002136,0.002060,0.002022,0.002022,0.002060,0.002136,0.002060,0.002098,0.002060,0.002060,0.002060,0.002060,0.002098,0.002098,0.002136,0.002098,0.002098,0.002174,0.002098,0.002213,0.002098,0.002098,0.002136,0.002136,0.002136,0.002098,0.002136,0.002098,0.002060,0.002060,0.002022,0.002060,0.002060,0.002022,0.002060,0.002022,0.002098,0.002022,0.002060,0.002098,0.002060,0.002060,0.002060,0.002098,0.002060,0.002098,0.002136,0.002136,0.002060,0.002098,0.002136,0.002136,0.002060,0.002174,0.002098,0.002098,0.002136,0.002098,0.002098,0.002136,0.002136,0.002136,0.002174,0.002136,0.002060,0.002098,0.002060,0.002098,0.002136,0.002136,0.002098,0.002136,0.002174,0.002098,0.002060,0.002060,0.002060,0.002098,0.002136,0.002174,0.002136,0.002098,0.002136,0.002136,0.002060,0.002098,0.002098,0.002060,0.002022,0.002022,0.002060,0.002022,0.001984,0.002060,0.002098,0.002022,0.002060,0.002060,0.001984,0.001984,0.001945,0.001984,0.002022,0.001945,0.001984,0.001984,0.001907,0.001945,0.001984,0.001984,0.001984,0.002022,0.001945,0.001907,0.001945,0.001984,0.001984,0.001945,0.001984,0.002022,0.001984,0.002098,0.002136,0.002098,0.002098,0.002098,0.002098,0.002136,0.002136,0.002136,0.002136,0.002136,0.002213,0.002213,0.002174,0.002213,0.002251,0.002251,0.002327,0.002251,0.002289,0.002251,0.002289,0.002289,0.002289,0.002251,0.002289,0.002289,0.002251,0.002213,0.002213,0.002213,0.002289,0.002251,0.002251,0.002251,0.002136,0.002136,0.002174,0.002174,0.002174,0.002136,0.002174,0.002098,0.002098,0.002136,0.002136,0.002098,0.002098,0.002174,0.002136,0.002098,0.002174,0.002174,0.002213,0.002174,0.002174,0.002136,0.002174,0.002213,0.002213,0.002213,0.002213,0.002213,0.002213,0.002251,0.002289,0.002251,0.002174,0.002251,0.002213,0.002289,0.002213,0.002251,0.002251,0.002213,0.002251,0.002251,0.002213,0.002213,0.002174,0.002213,0.002213,0.002136,0.002136,0.002136,0.002174,0.002098,0.002136,0.002098,0.002098,0.002022,0.001984,0.002022,0.001984,0.001984,0.001907,0.001869,0.001869,0.001869,0.001869,0.001831,0.001869,0.001831,0.001831,0.001907,0.001869,0.001869,0.001831,0.001869,0.001907,0.001831,0.001945,0.001907,0.001945,0.001945,0.001984,0.002022,0.002022,0.002060,0.002098,0.002098,0.002174,0.002174,0.002213,0.002174,0.002213,0.002289,0.002251,0.002251,0.002251,0.002289,0.002251,0.002251,0.002289,0.002289,0.002251,0.002251,0.002251,0.002251,0.002251,0.002327,0.002174,0.002213,0.002213,0.002174,0.002213,0.002136,0.002098,0.002060,0.002098,0.002136,0.002098,0.002098,0.002060,0.002098,0.002098,0.002136,0.002098,0.002098,0.002136,0.002174,0.002136,0.002213,0.002174,0.002136,0.002174,0.002174,0.002174,0.002213,0.002174,0.002213,0.002213,0.002251,0.002174,0.002174,0.002251,0.002289,0.002251,0.002251,0.002251,0.002213,0.002251,0.002213,0.002213,0.002174,0.002289,0.002251,0.002213,0.002251,0.002213,0.002213,0.002136,0.002174,0.002213,0.002136,0.002136,0.002174,0.002098,0.002174,0.002136,0.002213,0.002136,0.002174,0.002174,0.002136,0.002213,0.002136,0.002136,0.002213,0.002136,0.002174,0.002174,0.002213,0.002174,0.002174,0.002174,0.002098,0.002136,0.002060,0.002098,0.002060,0.002060,0.002060,0.002022,0.002022,0.002022,0.001984,0.002060,0.002022,0.001945,0.001945,0.002022,0.001984,0.001945,0.001984,0.001945,0.001945,0.001984,0.001984,0.001984,0.001907,0.001984,0.001984,0.001984,0.001984,0.001945,0.001945,0.001945,0.001984,0.001984,0.001984,0.002022,0.002022,0.002022,0.002060,0.001984,0.002022,0.002060,0.002022,0.001984,0.002022,0.002022,0.001984,0.002060,0.002022,0.002022,0.001984,0.002022,0.002060,0.001984,0.001984,0.001984,0.001945,0.002022,0.002022,0.002022,0.001984,0.001945,0.001984,0.001984,0.001984,0.001945,0.001945,0.001984,0.001984,0.002022,0.001984,0.002022,0.002022,0.002022,0.001984,0.002022,0.002022,0.002022,0.002022,0.002060,0.002060,0.002060,0.002060,0.002060,0.002060,0.002136,0.002136,0.002098,0.002098,0.002098,0.002098,0.002098,0.002174,0.002136,0.002098,0.002098,0.002098,0.002060,0.002022,0.002060,0.002022,0.002022,0.002060,0.002022,0.002060,0.002022,0.001984,0.002022,0.002022,0.002022,0.002022,0.001984,0.002022,0.002022,0.001984,0.001984,0.001984,0.001984,0.001945,0.001945,0.001945,0.002022,0.001945,0.001984,0.001984,0.001945,0.001984,0.001984,0.001945,0.001907,0.001907,0.001984,0.001945,0.002022,0.002022,0.002022,0.002098,0.002098,0.002060,0.002098,0.002060,0.002098,0.002098,0.002022,0.002060,0.002060,0.002136,0.002136,0.002060,0.002098,0.002174,0.002098,0.002098,0.002098,0.002060,0.002060,0.002098,0.002098,0.002136,0.002098,0.002098,0.002060,0.002098,0.002060,0.002060,0.002098,0.002098,0.002060,0.002060,0.002060,0.002098,0.002060,0.002136,0.002136,0.002060,0.002098,0.002060,0.002098,0.002098,0.002098,0.002098,0.002136,0.002174,0.002098,0.002060,0.002098,0.002136,0.002098,0.002098,0.002098,0.002098,0.002098,0.002136,0.002136,0.002174,0.002174,0.002098,0.002136,0.002174,0.002136,0.002174,0.002174,0.002174,0.002136,0.002136,0.002213,0.002251,0.002251,0.002213,0.002174,0.002251,0.002289,0.002213,0.002251,0.002289,0.002213,0.002251,0.002251,0.002251,0.002213,0.002213,0.002213,0.002174,0.002174,0.002136,0.002174,0.002174,0.002174,0.002213,0.002136,0.002136,0.002136,0.002136,0.002098,0.002098,0.002136,0.002022,0.002060,0.001984,0.001984,0.002022,0.001984,0.001984,0.001945,0.001984,0.001984,0.001907,0.001945,0.001945,0.001984,0.001984,0.001907,0.001945,0.001984,0.002022,0.001945,0.001945,0.001945,0.001945,0.002022,0.001945,0.001984,0.001907,0.001945,0.001984,0.001945,0.001984,0.001984,0.001984,0.002022,0.001907,0.001984,0.002022,0.001984,0.001907,0.001984,0.002022,0.002022,0.001945,0.001945,0.001984,0.002022,0.001984,0.001984,0.002022,0.001984,0.002022,0.002022,0.002022,0.002060,0.002022,0.001984,0.002060,0.002060,0.002022,0.002098,0.002022,0.002060,0.002022,0.002022,0.002060,0.002022,0.002098,0.002060,0.002060,0.002174,0.002136,0.002098,0.002098,0.002098,0.002098,0.002136,0.002174,0.002174,0.002174,0.002136,0.002136,0.002174,0.002174,0.002213,0.002174,0.002213,0.002213,0.002174,0.002136,0.002136,0.002213,0.002174,0.002136,0.002136,0.002136,0.002136,0.002098,0.002060,0.002060,0.001984,0.002022,0.001984,0.001907,0.001907,0.001869,0.001869,0.001831,0.001907,0.001831,0.001793,0.001831,0.001755,0.001793,0.001755,0.001793,0.001793,0.001793,0.001793,0.001831,0.001869,0.001869,0.001869,0.001869,0.001907,0.001945,0.001945,0.001945,0.001907,0.001907,0.001984,0.001907,0.001945,0.001907,0.001945,0.001945,0.001945,0.001945,0.001945,0.001907,0.001907,0.001869,0.001869,0.001831,0.001831,0.001831,0.001793,0.001831,0.001793,0.001831,0.001793,0.001793,0.001793,0.001869,0.001907,0.001869,0.001869,0.001907,0.001869,0.001793,0.001869,0.001907,0.001907,0.001984,0.001945,0.001945,0.002060,0.002060,0.002060,0.002060,0.002098,0.002098,0.002174,0.002136,0.002174,0.002174,0.002251,0.002251,0.002289,0.002289,0.002213,0.002251,0.002327,0.002365,0.002365,0.002327,0.002441,0.002403,0.002403,0.002403,0.002441,0.002441,0.002441,0.002403,0.002403,0.002480,0.002518,0.002480,0.002441,0.002518,0.002480,0.002480,0.002556,0.002518,0.002441,0.002480,0.002518,0.002480,0.002480,0.002518,0.002518,0.002518,0.002480,0.002403,0.002441,0.002403,0.002403,0.002403,0.002365,0.002403,0.002327,0.002365,0.002327,0.002289,0.002289,0.002251,0.002251,0.002174,0.002174,0.002213,0.002136,0.002174,0.002174,0.002136,0.002098,0.002136,0.002136,0.002136,0.002136,0.002098,0.002098,0.002098,0.002136,0.002098,0.002060,0.002098,0.002098,0.002060,0.002098,0.002060,0.002098,0.002060,0.002060,0.001984,0.002060,0.002060,0.002022,0.002060,0.002060,0.001984,0.001984,0.001945,0.001984,0.002022,0.002022,0.001984,0.001945,0.001869,0.001869,0.001945,0.001869,0.001869,0.001869,0.001831,0.001831,0.001869,0.001831,0.001831,0.001831,0.001831,0.001831,0.001831,0.001831,0.001831,0.001869,0.001831,0.001869,0.001869,0.001793,0.001831,0.001907,0.001869,0.001907,0.001945,0.001907,0.001945,0.001907,0.001984,0.001984,0.002022,0.002022,0.002022,0.002060,0.002022,0.002022,0.002060,0.001984,0.002060,0.002060,0.002060,0.002022,0.002022,0.002060,0.002022,0.001984,0.001984,0.001984,0.001984,0.002022,0.002022,0.002022,0.002060,0.001984,0.001984,0.002022,0.002060,0.002022,0.002060,0.002022,0.002098,0.002060,0.002060,0.002060,0.002098,0.002098,0.002060,0.002136,0.002098,0.002098,0.002098,0.002098,0.002136,0.002136,0.002098,0.002098,0.002098,0.002136,0.002098,0.002136,0.002136,0.002174,0.002174,0.002060,0.002136,0.002174,0.002098,0.002174,0.002174,0.002136,0.002136,0.002136,0.002098,0.002098,0.002098,0.002060,0.002174,0.002136,0.002174,0.002174,0.002136,0.002174,0.002174,0.002174,0.002251,0.002213,0.002174,0.002174,0.002251,0.002213,0.002213,0.002174,0.002174,0.002213,0.002213,0.002251,0.002289,0.002174,0.002213,0.002251,0.002251,0.002251,0.002213,0.002174,0.002174,0.002213,0.002136,0.002174,0.002098,0.002213,0.002174,0.002136,0.002098,0.002136,0.002136,0.002136,0.002136,0.002174,0.002174,0.002213,0.002174,0.002174,0.002136,0.002174,0.002174,0.002174,0.002136,0.002136,0.002098,0.002136,0.002136,0.002136,0.002136,0.002174,0.002213,0.002136,0.002174,0.002136,0.002174,0.002136,0.002174,0.002174,0.002136,0.002136,0.002174,0.002174,0.002136,0.002174,0.002174,0.002136,0.002098,0.002098,0.002136,0.002174,0.002174,0.002174,0.002136,0.002136,0.002098,0.002098,0.002174,0.002136,0.002098,0.002098,0.002098,0.002174,0.002136,0.002098,0.002098,0.002174,0.002136,0.002098,0.002136,0.002098,0.002174,0.002136,0.002060,0.002136,0.002136,0.002098,0.002098,0.002136,0.002136,0.002098,0.002098,0.002098,0.002060,0.002022,0.002060,0.002022,0.002022,0.002022,0.002060,0.002098,0.002098,0.002060,0.002060,0.001984,0.001984,0.002060,0.002060,0.002022,0.001984,0.002022,0.002022,0.002098,0.002098,0.002060,0.002136,0.002098,0.002098,0.002060,0.002136,0.002136,0.002213,0.002174,0.002174,0.002213,0.002213,0.002174,0.002213,0.002213,0.002213,0.002213,0.002213,0.002213,0.002251,0.002174,0.002251,0.002213,0.002251,0.002213,0.002251,0.002213,0.002213,0.002251,0.002251,0.002251,0.002213,0.002251,0.002213,0.002213,0.002213,0.002213,0.002251,0.002251,0.002213,0.002136,0.002098,0.002136,0.002174,0.002174,0.002136,0.002136,0.002060,0.002098,0.002136,0.002098,0.002060,0.002098,0.001984,0.001984,0.001984,0.002060,0.001984,0.001945,0.001945,0.001945,0.001945,0.001945,0.001984,0.001945,0.001907,0.001907,0.001907,0.001984,0.001907,0.001869,0.001984,0.001945,0.001945,0.001945,0.001945,0.001907,0.001945,0.001984,0.001984,0.002022,0.002022,0.002060,0.002022,0.002022,0.002098,0.002060,0.002098,0.002136,0.002060,0.002098,0.002174,0.002098,0.002098,0.002136,0.002136,0.002174,0.002136,0.002136,0.002136,0.002174,0.002136,0.002174,0.002174,0.002174,0.002098,0.002098,0.002136,0.002136,0.002174,0.002136,0.002098,0.002060,0.002098,0.002060,0.002060,0.002060,0.002060,0.002060,0.002098,0.002098,0.002060,0.002060,0.002060,0.002060,0.002098,0.002098,0.002098,0.002136,0.002136,0.002098,0.002022,0.002022,0.002022,0.002098,0.002060,0.002098,0.002060,0.002098,0.002098,0.002098,0.002060,0.002060,0.002022,0.002022,0.002022,0.001984,0.002022,0.002022,0.002060,0.002022,0.002022,0.001984,0.001984,0.001984,0.001984,0.001984,0.001984,0.002022,0.002022,0.001984,0.001984,0.002060,0.002060,0.002022,0.002060,0.002060,0.002098,0.002060,0.002060,0.002174,0.002098,0.002098,0.002136,0.002098,0.002136,0.002174,0.002174,0.002174,0.002213,0.002174,0.002136,0.002136,0.002136,0.002213,0.002136,0.002060,0.002174,0.002174,0.002174,0.002098,0.002098,0.002098,0.002136,0.002174,0.002174,0.002174,0.002174,0.002136,0.002136,0.002136,0.002098,0.002213,0.002213,0.002174,0.002136,0.002213,0.002213,0.002174,0.002174,0.002174,0.002174,0.002174,0.002136,0.002136,0.002136,0.002098,0.002098,0.002098,0.002136,0.002098,0.002060,0.002098,0.002060,0.002060,0.002060,0.002136,0.002136,0.002060,0.002060,0.002022,0.002098,0.002060,0.002098,0.002022,0.002022,0.002022,0.001984,0.001984,0.001984,0.002060,0.002022,0.002022,0.001984,0.001984,0.001984,0.001945,0.001984,0.001945,0.002022,0.001945,0.001984,0.002022,0.001984,0.001984,0.001984,0.001984,0.001945,0.001984,0.001984,0.002022,0.002022,0.002022,0.001984,0.001984,0.002060,0.002060,0.002060,0.001984,0.002022,0.001984,0.001984,0.002022,0.002060,0.002098,0.002060,0.002022,0.002060,0.002022,0.002060,0.002060,0.002060,0.002060,0.002060,0.002098,0.002060,0.002060,0.002098,0.002060,0.002022,0.002022,0.002060,0.002022,0.002022,0.002098,0.002098,0.002060,0.002098,0.002060,0.002098,0.002098,0.002022,0.002060,0.002098,0.002060,0.002022,0.002060,0.002136,0.002098,0.002098,0.002098,0.002136,0.002098,0.002136,0.002136,0.002098,0.002098,0.002136,0.002098,0.002098,0.002060,0.002022,0.002022,0.002060,0.002022,0.002022,0.001984,0.001984,0.001945,0.001945,0.001907,0.001945,0.001907,0.001907,0.001907,0.001869,0.001831,0.001869,0.001831,0.001869,0.001831,0.001869,0.001831,0.001869,0.001869,0.001869,0.001793,0.001869,0.001831,0.001869,0.001907,0.001907,0.001869,0.001907,0.001984,0.001945,0.001945,0.001984,0.001945,0.001984,0.001945,0.002022,0.002060,0.002022,0.002136,0.002136,0.002136,0.002060,0.002098,0.002098,0.002098,0.002098,0.002022,0.002136,0.002136,0.002098,0.002098,0.002098,0.002098,0.002060,0.002098,0.002098,0.002060,0.002060,0.002098,0.002098,0.002136,0.002098,0.002022,0.002060,0.002060,0.002098,0.002136,0.002098,0.002060,0.002022,0.002098,0.002098,0.002060,0.002098,0.002136,0.002136,0.002098,0.002098,0.002098,0.002060,0.002098,0.002060,0.002098,0.002060,0.002060,0.002174,0.002098,0.002098,0.002098,0.002098,0.002174,0.002136,0.002098,0.002136,0.002136,0.002174,0.002213,0.002174,0.002136,0.002174,0.002136,0.002136,0.002136,0.002174,0.002174,0.002136,0.002136,0.002136,0.002136,0.002136,0.002098,0.002060,0.002136,0.002098,0.002136,0.002060,0.002060,0.002098,0.002098,0.002098,0.002022,0.002022,0.002022,0.002098,0.002098,0.002060,0.002022,0.001984,0.002022,0.002060,0.002022,0.001984,0.002022,0.001984,0.001984,0.001984,0.001945,0.002022,0.001984,0.001984,0.002022,0.001984,0.001984,0.001984,0.001984,0.001984,0.002022,0.002022,0.001984,0.002022,0.001984,0.001984,0.002022,0.002022,0.002060,0.001984,0.001945,0.002022,0.002022,0.002022,0.002022,0.001945,0.002022,0.002022,0.002022,0.002022,0.002060,0.002022,0.001984,0.001984,0.002060,0.002022,0.002060,0.002098,0.002060,0.002022,0.002022,0.002022,0.002022,0.002060,0.002060,0.002098,0.002060,0.001984,0.002098,0.002098,0.002060,0.002060,0.002098,0.002022,0.002022,0.002060,0.002022,0.002022,0.002098,0.002060,0.002098,0.002022,0.002098,0.002022,0.002022,0.002060,0.002060,0.002060,0.002060,0.002022,0.002060,0.002060,0.002098,0.002136,0.002136,0.002098,0.002098,0.002136,0.002098,0.002136,0.002136,0.002136,0.002213,0.002174,0.002213,0.002251,0.002213,0.002251,0.002251,0.002251,0.002251,0.002251,0.002251,0.002213,0.002251,0.002289,0.002289,0.002289,0.002251,0.002251,0.002251,0.002289,0.002251,0.002251,0.002251,0.002251,0.002251,0.002213,0.002213,0.002136,0.002174,0.002174,0.002174,0.002174,0.002136,0.002098,0.002098,0.002098,0.002098,0.002136,0.002098,0.002060,0.002060,0.002022,0.001984,0.002098,0.002060,0.002060,0.002022,0.002060,0.002060,0.002022,0.002022,0.002022,0.002060,0.002022,0.002060,0.002060,0.002060,0.002060,0.002060,0.002060,0.002060,0.002060,0.001984,0.002060,0.002060,0.001945,0.002060,0.002060,0.002060,0.002098,0.002098,0.002098,0.002098,0.002098,0.002098,0.002098,0.002098,0.002098,0.002136,0.002136,0.002098,0.002098,0.002174,0.002098,0.002174,0.002136,0.002213,0.002174,0.002251,0.002251,0.002213,0.002213,0.002251,0.002251,0.002213,0.002213,0.002289,0.002213,0.002174,0.002213,0.002213,0.002174,0.002174,0.002213,0.002213,0.002251,0.002174,0.002213,0.002136,0.002136,0.002136,0.002098,0.002098,0.002136,0.002136,0.002060,0.002060,0.002022,0.002022,0.002060,0.001984,0.001984,0.001984,0.002022,0.002060,0.002022,0.002022,0.002022,0.002022,0.002022,0.002060,0.001984,0.001945,0.001945,0.001945,0.002022,0.001984,0.002022,0.002022,0.001984,0.001984,0.002022,0.002060,0.002022,0.002022,0.002060,0.002060,0.002060,0.002060,0.002022,0.002098,0.002098,0.002098,0.002098,0.002098,0.002136,0.002174,0.002213,0.002251,0.002213,0.002136,0.002136,0.002174,0.002213,0.002213,0.002174,0.002174,0.002136,0.002136,0.002136,0.002098,0.002098,0.002098,0.002022,0.001984,0.002022,0.002060,0.001945,0.001984,0.001984,0.001945,0.001869,0.001907,0.001945,0.001945,0.001945,0.001945,0.002022,0.002022,0.001907,0.001907,0.001984,0.001945,0.001945,0.001907,0.002060,0.002022,0.002022,0.001984,0.002022,0.002022,0.002022,0.002136,0.002136,0.002136,0.002174,0.002174,0.002174,0.002251,0.002213,0.002213,0.002213,0.002251,0.002251,0.002251,0.002213,0.002289,0.002289,0.002251,0.002327,0.002289,0.002289,0.002251,0.002289,0.002251,0.002289,0.002251,0.002213,0.002213,0.002213,0.002213,0.002213,0.002251,0.002213,0.002251,0.002213,0.002174,0.002251,0.002251,0.002251,0.002213,0.002213,0.002289,0.002251,0.002251,0.002174,0.002251,0.002251,0.002213,0.002213,0.002289,0.002289,0.002213,0.002213,0.002251,0.002213,0.002251,0.002251,0.002213,0.002174,0.002213,0.002174,0.002174,0.002213,0.002251,0.002174,0.002213,0.002251,0.002251,0.002251,0.002251,0.002251,0.002289,0.002289,0.002213,0.002213,0.002251,0.002289,0.002251,0.002251,0.002327,0.002213,0.002213,0.002289,0.002289,0.002213,0.002213,0.002251,0.002174,0.002213,0.002174,0.002174,0.002174,0.002174,0.002213,0.002174,0.002136,0.002136,0.002136,0.002174,0.002136,0.002098,0.002174,0.002213,0.002136,0.002174,0.002136,0.002098,0.002098,0.002136,0.002136,0.002136,0.002098,0.002098,0.002060,0.002060,0.002060,0.002022,0.002060,0.001984,0.001945,0.001945,0.001945,0.001984,0.001907,0.001869,0.001869,0.001907,0.001869,0.001869,0.001907,0.001831,0.001831,0.001831,0.001831,0.001831,0.001869,0.001907,0.001869,0.001984,0.001869,0.001907,0.001831,0.001869,0.001945,0.001907,0.001907,0.001945,0.001945,0.001945,0.002022,0.002022,0.001984,0.002022,0.002022,0.002060,0.002022,0.002022,0.002022,0.002022,0.002060,0.002022,0.002060,0.002022,0.002022,0.002060,0.002022,0.002098,0.002098,0.002136,0.002060,0.002098,0.002098,0.002098,0.002213,0.002136,0.002136,0.002136,0.002136,0.002213,0.002174,0.002213,0.002213,0.002213,0.002213,0.002213,0.002174,0.002251,0.002251,0.002213,0.002174,0.002213,0.002213,0.002213,0.002174,0.002136,0.002136,0.002174,0.002136,0.002098,0.002174,0.002136,0.002060,0.002098,0.001984,0.002022,0.002022,0.002060,0.002060,0.002022,0.001984,0.001945,0.002022,0.001945,0.001907,0.001945,0.001907,0.001984,0.001984,0.001984,0.001984,0.001984,0.001945,0.001945,0.001945,0.001984,0.001945,0.001984,0.001945,0.001984,0.001945,0.001907,0.001869,0.001984,0.001984,0.001945,0.001945,0.001907,0.001907,0.001945,0.002022,0.001984,0.001945,0.001984,0.001907,0.001907,0.001945,0.001945,0.001945,0.001984,0.001907,0.001945,0.001945,0.002022,0.002022,0.002022,0.002022,0.002060,0.002098,0.001984,0.002022,0.002060,0.002098,0.002136,0.002136,0.002098,0.002098,0.002098,0.002098,0.002098,0.002060,0.002174,0.002174,0.002098,0.002136,0.002136,0.002098,0.002060,0.002136,0.002136,0.002098,0.002098,0.002098,0.002098,0.002098,0.002098,0.002098,0.002098,0.002098,0.002060,0.002136,0.002136,0.002136,0.002136,0.002136,0.002174,0.002098,0.002060,0.002098,0.002136,0.002136,0.002136,0.002098,0.002136,0.002098,0.002136,0.002098,0.002098,0.002098,0.002098,0.002098,0.002098,0.002098,0.002136,0.002098,0.002060,0.002060,0.002060,0.002060,0.002060,0.001984,0.001907,0.001945,0.001984,0.001907,0.001984,0.001945,0.001984,0.001984,0.001984,0.001984,0.001984,0.001907,0.001945,0.001907,0.001907,0.001945,0.001984,0.001984,0.001945,0.001945,0.001984,0.001984,0.001984,0.002060,0.002022,0.002022,0.001984,0.001984,0.001984,0.001984,0.001945,0.002022,0.002060
42,19:00:00.000,12/31/1903,0.000000,0.100000,UNKNOWN,1,0/0,0.000000,0.000000,0.000000,0.000000,0.000000,0.000000,0.000000,0.000000,0,0,0,0,0.002136,0.002174,0.002136,0.002174,0.002213,0.002174,0.002136,0.002136,0.002136,0.002174,0.002136,0.002174,0.002174,0.002136,0.002098,0.002174,0.002136,0.002174,0.002174,0.002174,0.002098,0.002174,0.002136,0.002098,0.002136,0.002098,0.002136,0.002098,0.002174,0.002098,0.002136,0.002136,0.002060,0.002136,0.002174,0.002022,0.002098,0.002060,0.002060,0.002098,0.002136,0.002098,0.002136,0.002098,0.002060,0.002098,0.002098,0.002098,0.002060,0.002022,0.002098,0.002098,0.002060,0.002098,0.001984,0.002060,0.002060,0.002060,0.002098,0.002060,0.002060,0.002060,0.002022,0.002022,0.002060,0.002060,0.002022,0.002060,0.002022,0.002022,0.002022,0.002022,0.002098,0.002022,0.002022,0.002060,0.001984,0.001984,0.002060,0.002022,0.002060,0.001984,0.002022,0.001945,0.001984,0.001984,0.002022,0.001984,0.001945,0.002022,0.002022,0.001984,0.002022,0.002060,0.002022,0.001984,0.001984,0.002022,0.002022,0.001984,0.002022,0.002060,0.002022,0.002022,0.002022,0.001984,0.001984,0.002022,0.001984,0.002060,0.001984,0.002060,0.002060,0.002022,0.002060,0.002098,0.002022,0.002060,0.002022,0.002060,0.001984,0.002060,0.002022,0.002060,0.002060,0.002060,0.002060,0.002060,0.002098,0.002098,0.002060,0.002022,0.002060,0.002098,0.002060,0.002098,0.002022,0.002060,0.002022,0.002022,0.001984,0.002060,0.002060,0.002098,0.002022,0.002022,0.002022,0.002060,0.002060,0.002098,0.002060,0.002060,0.002060,0.002098,0.002060,0.002060,0.002098,0.002060,0.002060,0.002022,0.002022,0.002060,0.002060,0.002136,0.002136,0.002060,0.002098,0.002060,0.002136,0.002174,0.002098,0.002174,0.002136,0.002136,0.002136,0.002136,0.002098,0.002174,0.002136,0.002136,0.002136,0.002098,0.002174,0.002174,0.002136,0.002136,0.002136,0.002174,0.002174,0.002136,0.002098,0.002136,0.002136,0.002098,0.002098,0.002098,0.002098,0.002136,0.002098,0.002136,0.002098,0.002136,0.002098,0.002136,0.002098,0.002060,0.002060,0.002136,0.002098,0.002098,0.002136,0.002098,0.002060,0.002098,0.002136,0.002136,0.002136,0.002098,0.002174,0.002174,0.002174,0.002136,0.002136,0.002174,0.002174,0.002213,0.002213,0.002136,0.002098,0.002098,0.002136,0.002136,0.002136,0.002136,0.002136,0.002174,0.002174,0.002174,0.002174,0.002174,0.002174,0.002136,0.002136,0.002136,0.002136,0.002136,0.002174,0.002136,0.002174,0.002136,0.002174,0.002136,0.002174,0.002213,0.002174,0.002098,0.002136,0.002136,0.002098,0.002136,0.002136,0.002136,0.002098,0.002098,0.002098,0.002098,0.002098,0.002098,0.002136,0.002098,0.002136,0.002098,0.002060,0.002136,0.002060,0.002098,0.002098,0.002136,0.002060,0.002060,0.002098,0.002098,0.002060,0.002136,0.002098,0.002060,0.002022,0.002022,0.002098,0.002022,0.002060,0.002098,0.002060,0.002022,0.002022,0.002022,0.002060,0.002060,0.002022,0.002060,0.002060,0.002060,0.002060,0.002060,0.002022,0.002022,0.002060,0.002022,0.001984,0.002022,0.002022,0.002022,0.002060,0.002022,0.002022,0.002022,0.002022,0.002022,0.002060,0.002060,0.002060,0.002022,0.002022,0.001984,0.002022,0.002022,0.002060,0.002060,0.002060,0.002060,0.002060,0.002022,0.002060,0.002060,0.002022,0.002022,0.002060,0.002060,0.002060,0.002060,0.001984,0.002022,0.002060,0.002060,0.002098,0.002098,0.002060,0.002060,0.002022,0.002060,0.002098,0.002060,0.002060,0.002060,0.002060,0.002098,0.002136,0.002098,0.002060,0.002022,0.002060,0.002098,0.002022,0.002060,0.002022,0.002060,0.002022,0.002060,0.001984,0.002136,0.002060,0.002060,0.002060,0.002022,0.002098,0.002098,0.002022,0.001984,0.002098,0.002022,0.002060,0.002098,0.002098,0.002060,0.002060,0.002060,0.002098,0.002060,0.002060,0.002098,0.002060,0.002136,0.002136,0.002136,0.002060,0.002060,0.002098,0.002060,0.002136,0.002060,0.002136,0.002136,0.002136,0.002136,0.002136,0.002060,0.002098,0.002136,0.002136,0.002136,0.002136,0.002136,0.002136,0.002136,0.002136,0.002174,0.002136,0.002136,0.002174,0.002213,0.002136,0.002136,0.002174,0.002136,0.002174,0.002136,0.002213,0.002213,0.002174,0.002174,0.002174,0.002136,0.002136,0.002174,0.002136,0.002174,0.002136,0.002136,0.002174,0.002174,0.002174,0.002136,0.002098,0.002136,0.002098,0.002136,0.002098,0.002098,0.002136,0.002098,0.002060,0.002098,0.002136,0.002098,0.002136,0.002060,0.002022,0.002060,0.002098,0.002060,0.002060,0.002060,0.002060,0.001984,0.002060,0.001984,0.002060,0.002022,0.002060,0.002022,0.002022,0.002022,0.002060,0.002022,0.002060,0.002022,0.002022,0.002060,0.001984,0.002022,0.002022,0.002022,0.002022,0.002022,0.001984,0.002060,0.001984,0.001984,0.001945,0.001984,0.001945,0.001984,0.001984,0.001945,0.001945,0.002022,0.002022,0.002022,0.001984,0.001984,0.001984,0.001984,0.001984,0.002060,0.002060,0.002022,0.001907,0.001907,0.001907,0.001984,0.002022,0.001984,0.001945,0.002022,0.002022,0.002060,0.002098,0.002060,0.001984,0.002022,0.001984,0.001984,0.002022,0.001984,0.001945,0.002022,0.001984,0.001945,0.001984,0.002060,0.002022,0.002022,0.002022,0.001984,0.001984,0.002022,0.002060,0.002022,0.002022,0.002060,0.002060,0.002022,0.002060,0.002060,0.002060,0.002098,0.002098,0.002136,0.002136,0.002098,0.002098,0.002098,0.002136,0.002136,0.002098,0.001984,0.002098,0.002098,0.002136,0.002060,0.002098,0.002136,0.002098,0.002098,0.002136,0.002060,0.002098,0.002136,0.002098,0.002136,0.002098,0.002060,0.002060,0.002136,0.002060,0.002136,0.002136,0.002174,0.002136,0.002098,0.002098,0.002098,0.002136,0.002098,0.002098,0.002098,0.002098,0.002136,0.002098,0.002060,0.002098,0.002136,0.002136,0.002136,0.002098,0.002098,0.002060,0.002098,0.002022,0.002060,0.002098,0.001984,0.002022,0.002022,0.002022,0.001984,0.002022,0.002022,0.002022,0.002060,0.001984,0.002022,0.002060,0.002098,0.002060,0.002022,0.002022,0.002022,0.002022,0.001984,0.002022,0.002022,0.002022,0.002098,0.002136,0.002022,0.002022,0.002022,0.002060,0.002098,0.002060,0.002060,0.002022,0.002022,0.002060,0.001984,0.002060,0.002022,0.002022,0.002098,0.002060,0.002022,0.002060,0.002060,0.002060,0.001984,0.002060,0.002060,0.002022,0.002022,0.002060,0.002060,0.002098,0.002060,0.002022,0.002022,0.002022,0.002022,0.001984,0.002022,0.002022,0.002060,0.002022,0.002022,0.002060,0.002098,0.002060,0.002022,0.002060,0.002022,0.001984,0.002060,0.002022,0.002022,0.001984,0.001984,0.002022,0.001984,0.002022,0.001984,0.002022,0.002060,0.001984,0.002022,0.001984,0.001984,0.001984,0.001945,0.001945,0.001984,0.001984,0.002022,0.001907,0.001945,0.001984,0.001907,0.001984,0.001869,0.001869,0.001869,0.001907,0.001869,0.001793,0.001755,0.001755,0.001793,0.001717,0.001755,0.001755,0.001717,0.001602,0.001602,0.001640,0.001564,0.001526,0.001526,0.001526,0.001526,0.001488,0.001488,0.001488,0.001450,0.001450,0.001488,0.001488,0.001602,0.001564,0.001640,0.001717,0.001869,0.002060,0.002174,0.002403,0.002594,0.002823,0.003014,0.003319,0.003662,0.003929,0.004272,0.004539,0.004997,0.005302,0.005684,0.006027,0.006332,0.006676,0.007019,0.007248,0.007401,0.007439,0.007439,0.007439,0.007248,0.007019,0.006676,0.006294,0.005836,0.005341,0.004807,0.004196,0.003662,0.003090,0.002441,0.001869,0.001259,0.000648,0.000038,-0.000458,-0.001106,-0.001678,-0.002403,-0.002975,-0.003471,-0.003967,-0.004463,-0.004807,-0.005074,-0.005341,-0.005341,-0.005379,-0.005226,-0.004997,-0.004692,-0.004425,-0.003891,-0.003357,-0.002899,-0.002403,-0.001831,-0.001335,-0.000801,-0.000343,0.000038,0.000420,0.000763,0.001106,0.001373,0.001640,0.001831,0.002022,0.002136,0.002251,0.002403,0.002403,0.002518,0.002556,0.002632,0.002670,0.002785,0.002823,0.002899,0.002937,0.003014,0.003052,0.003166,0.003204,0.003242,0.003319,0.003395,0.003471,0.003586,0.003700,0.003815,0.003929,0.004044,0.004120,0.004272,0.004387,0.004578,0.004616,0.004654,0.004730,0.004768,0.004730,0.004768,0.004654,0.004654,0.004578,0.004463,0.004387,0.004349,0.004196,0.004120,0.004005,0.003891,0.003815,0.003700,0.003510,0.003395,0.003242,0.003128,0.003014,0.002937,0.002785,0.002708,0.002594,0.002518,0.002403,0.002327,0.002289,0.002213,0.002136,0.002060,0.001984,0.001945,0.001907,0.001869,0.001831,0.001755,0.001793,0.001755,0.001717,0.001717,0.001793,0.001793,0.001793,0.001793,0.001793,0.001907,0.001945,0.001984,0.001984,0.001984,0.002022,0.002022,0.002022,0.002060,0.002022,0.001984,0.001907,0.001945,0.001869,0.001793,0.001831,0.001831,0.001831,0.001755,0.001717,0.001793,0.001717,0.001755,0.001717,0.001678,0.001755,0.001640,0.001602,0.001564,0.001564,0.001488,0.001373,0.001373,0.001411,0.001411,0.001450,0.001488,0.001488,0.001526,0.001602,0.001640,0.001678,0.001755,0.001755,0.001831,0.001907,0.001907,0.001907,0.001907,0.001907,0.001869,0.001831,0.001831,0.001831,0.001831,0.001793,0.001793,0.001793,0.001869,0.001907,0.001869,0.001907,0.001945,0.001907,0.001984,0.001984,0.001984,0.001945,0.001945,0.001907,0.001907,0.001907,0.001831,0.001831,0.001793,0.001793,0.001831,0.001831,0.001831,0.001831,0.001945,0.001984,0.002022,0.002022,0.002136,0.002174,0.002289,0.002327,0.002327,0.002441,0.002441,0.002480,0.002518,0.002632,0.002632,0.002594,0.002556,0.002556,0.002518,0.002365,0.002327,0.002213,0.002174,0.002098,0.002060,0.002022,0.001945,0.001869,0.001869,0.001831,0.001869,0.001831,0.001755,0.001831,0.001869,0.001869,0.001945,0.001907,0.001945,0.001831,0.001869,0.001869,0.001755,0.001755,0.001717,0.001678,0.001602,0.001564,0.001526,0.001450,0.001450,0.001411,0.001450,0.001411,0.001373,0.001411,0.001411,0.001411,0.001335,0.001373,0.001335,0.001335,0.001373,0.001411,0.001488,0.001526,0.001488,0.001526,0.001602,0.001640,0.001678,0.001717,0.001831,0.001831,0.001945,0.002022,0.002060,0.002213,0.002251,0.002365,0.002403,0.002441,0.002556,0.002594,0.002632,0.002670,0.002708,0.002747,0.002785,0.002785,0.002823,0.002823,0.002747,0.002632,0.002708,0.002747,0.002708,0.002670,0.002670,0.002670,0.002632,0.002594,0.002594,0.002632,0.002632,0.002594,0.002556,0.002518,0.002556,0.002556,0.002441,0.002441,0.002441,0.002365,0.002365,0.002327,0.002251,0.002251,0.002213,0.002174,0.002136,0.002174,0.002098,0.002136,0.002213,0.002098,0.002136,0.002136,0.002098,0.002136,0.002136,0.002174,0.002098,0.002098,0.002136,0.002098,0.002098,0.002098,0.002098,0.002098,0.002060,0.002060,0.002060,0.002136,0.002098,0.002060,0.002136,0.002174,0.002174,0.002213,0.002289,0.002327,0.002365,0.002441,0.002441,0.002480,0.002556,0.002518,0.002594,0.002594,0.002594,0.002670,0.002632,0.002632,0.002556,0.002556,0.002480,0.002365,0.002327,0.002213,0.002213,0.002098,0.002022,0.002022,0.001945,0.001907,0.001793,0.001831,0.001755,0.001678,0.001678,0.001717,0.001678,0.001678,0.001678,0.001755,0.001755,0.001793,0.001831,0.001907,0.001984,0.001984,0.002060,0.002022,0.002136,0.002136,0.002174,0.002136,0.002174,0.002136,0.002136,0.002136,0.002060,0.002098,0.002022,0.002022,0.001945,0.001945,0.001945,0.001945,0.001869,0.001869,0.001869,0.001793,0.001793,0.001717,0.001717,0.001678,0.001602,0.001640,0.001602,0.001602,0.001602,0.001564,0.001526,0.001526,0.001526,0.001602,0.001602,0.001602,0.001602,0.001602,0.001717,0.001717,0.001755,0.001755,0.001793,0.001831,0.001793,0.001907,0.001945,0.001945,0.001984,0.001984,0.002022,0.002022,0.002060,0.002098,0.002098,0.002136,0.002098,0.002136,0.002136,0.002098,0.002174,0.002136,0.002213,0.002213,0.002174,0.002174,0.002174,0.002174,0.002213,0.002213,0.002174,0.002174,0.002136,0.002174,0.002174,0.002174,0.002174,0.002098,0.002098,0.002136,0.002136,0.002136,0.002174,0.002136,0.002213,0.002136,0.002174,0.002174,0.002136,0.002174,0.002174,0.002251,0.002213,0.002213,0.002213,0.002213,0.002213,0.002174,0.002136,0.002136,0.002136,0.002136,0.002098,0.002098,0.002136,0.002060,0.002022,0.001945,0.001945,0.001984,0.001831,0.001869,0.001869,0.001831,0.001831,0.001755,0.001793,0.001755,0.001793,0.001678,0.001678,0.001717,0.001678,0.001640,0.001717,0.001678,0.001678,0.001678,0.001717,0.001678,0.001640,0.001717,0.001678,0.001678,0.001755,0.001793,0.001869,0.001831,0.001869,0.001945,0.002022,0.002060,0.002060,0.002174,0.002136,0.002174,0.002251,0.002289,0.002365,0.002365,0.002403,0.002403,0.002441,0.002518,0.002403,0.002403,0.002480,0.002441,0.002403,0.002441,0.002518,0.002480,0.002480,0.002518,0.002556,0.002594,0.002480,0.002480,0.002518,0.002480,0.002556,0.002518,0.002403,0.002441,0.002480,0.002480,0.002365,0.002365,0.002327,0.002289,0.002289,0.002289,0.002289,0.002174,0.002136,0.002060,0.002060,0.002060,0.002022,0.001984,0.001945,0.001945,0.001945,0.001907,0.001945,0.001945,0.001945,0.001945,0.001984,0.002022,0.002022,0.002060,0.002098,0.002098,0.002174,0.002213,0.002251,0.002251,0.002289,0.002327,0.002289,0.002289,0.002289,0.002251,0.002289,0.002289,0.002289,0.002289,0.002251,0.002213,0.002098,0.002136,0.002174,0.002098,0.002022,0.002022,0.002060,0.001907,0.001907,0.001907,0.001869,0.001831,0.001793,0.001793,0.001831,0.001831,0.001831,0.001755,0.001755,0.001793,0.001793,0.001793,0.001678,0.001717,0.001717,0.001717,0.001717,0.001717,0.001755,0.001755,0.001717,0.001755,0.001755,0.001755,0.001793,0.001717,0.001755,0.001755,0.001793,0.001755,0.001717,0.001755,0.001755,0.001755,0.001717,0.001755,0.001717,0.001717,0.001793,0.001793,0.001793,0.001869,0.001907,0.001907,0.001907,0.001945,0.002022,0.002060,0.002098,0.002098,0.002136,0.002213,0.002213,0.002174,0.002251,0.002289,0.002251,0.002251,0.002289,0.002289,0.002289,0.002289,0.002289,0.002251,0.002213,0.002251,0.002213,0.002213,0.002136,0.002174,0.002174,0.002174,0.002136,0.002098,0.002098,0.002136,0.002022,0.002060,0.002098,0.002060,0.002060,0.002060,0.002098,0.002060,0.002060,0.002136,0.002098,0.002098,0.002098,0.002098,0.002098,0.002098,0.002098,0.002060,0.002022,0.002136,0.002098,0.002136,0.002098,0.002098,0.002060,0.002098,0.002098,0.002060,0.002098,0.002098,0.002098,0.002136,0.002136,0.002174,0.002174,0.002136,0.002098,0.002098,0.002174,0.002174,0.002136,0.002174,0.002136,0.002174,0.002136,0.002098,0.002098,0.002060,0.002098,0.002060,0.002098,0.002098,0.002060,0.002022,0.001945,0.001984,0.001984,0.002022,0.002022,0.001984,0.002022,0.002098,0.001984,0.001945,0.001984,0.002022,0.001984,0.002022,0.002060,0.001984,0.002022,0.001984,0.002022,0.002060,0.002098,0.002136,0.002136,0.002098,0.002060,0.002098,0.002060,0.002136,0.002174,0.002174,0.002174,0.002213,0.002136,0.002174,0.002213,0.002174,0.002174,0.002136,0.002136,0.002136,0.002060,0.002022,0.001984,0.001984,0.001984,0.001945,0.001945,0.001984,0.001945,0.001869,0.001907,0.001907,0.001907,0.001831,0.001831,0.001869,0.001831,0.001869,0.001907,0.001869,0.001907,0.001945,0.001945,0.001945,0.001984,0.001984,0.002022,0.001984,0.002060,0.001984,0.002022,0.002060,0.002098,0.002060,0.002060,0.002098,0.002060,0.002060,0.002060,0.002060,0.002060,0.002060,0.002022,0.002060,0.002060,0.002022,0.001945,0.002022,0.002022,0.002022,0.002022,0.001984,0.001945,0.001984,0.001984,0.001984,0.001831,0.001907,0.001869,0.001907,0.001907,0.001907,0.001907,0.001831,0.001907,0.001869,0.001907,0.001945,0.001945,0.001984,0.002060,0.001945,0.002060,0.002060,0.002060,0.002098,0.002098,0.002136,0.002136,0.002174,0.002174,0.002174,0.002174,0.002213,0.002251,0.002213,0.002213,0.002251,0.002251,0.002289,0.002289,0.002365,0.002289,0.002289,0.002289,0.002251,0.002251,0.002289,0.002289,0.002251,0.002213,0.002213,0.002213,0.002251,0.002251,0.002213,0.002174,0.002174,0.002213,0.002174,0.002098,0.002213,0.002174,0.002136,0.002174,0.002136,0.002213,0.002098,0.002098,0.002060,0.002060,0.002098,0.002022,0.002022,0.002060,0.002022,0.002022,0.002022,0.002022,0.002060,0.002022,0.002022,0.002060,0.002098,0.002174,0.002213,0.002213,0.002251,0.002365,0.002251,0.002327,0.002403,0.002480,0.002480,0.002480,0.002556,0.002670,0.002670,0.002708,0.002708,0.002708,0.002670,0.002708,0.002708,0.002708,0.002708,0.002708,0.002708,0.002632,0.002556,0.002594,0.002518,0.002441,0.002403,0.002365,0.002327,0.002327,0.002289,0.002251,0.002213,0.002213,0.002174,0.002098,0.002060,0.002022,0.002022,0.001907,0.001831,0.001717,0.001678,0.001602,0.001488,0.001373,0.001297,0.001221,0.001106,0.000992,0.000992,0.000954,0.000954,0.000877,0.000839,0.000877,0.000954,0.001030,0.001068,0.001030,0.001183,0.001259,0.001373,0.001488,0.001526,0.001640,0.001755,0.001793,0.001907,0.002022,0.002136,0.002174,0.002213,0.002213,0.002251,0.002365,0.002289,0.002327,0.002327,0.002403,0.002365,0.002289,0.002327,0.002289,0.002289,0.002289,0.002251,0.002213,0.002213,0.002251,0.002174,0.002174,0.002136,0.002136,0.002174,0.002136,0.002213,0.002251,0.002251,0.002251,0.002289,0.002365,0.002365,0.002365,0.002327,0.002441,0.002480,0.002518,0.002518,0.002556,0.002518,0.002556,0.002480,0.002480,0.002480,0.002403,0.002403,0.002365,0.002327,0.002327,0.002213,0.002213,0.002213,0.002174,0.002136,0.002060,0.002098,0.002022,0.002022,0.002022,0.001984,0.001945,0.001869,0.001945,0.001945,0.001945,0.001945,0.001945,0.001907,0.001907,0.001945,0.001984,0.001945,0.001945,0.001945,0.001907,0.001945,0.001945,0.001984,0.001945,0.001984,0.001945,0.001984,0.002022,0.001945,0.001945,0.001984,0.002022,0.001984,0.001945,0.001945,0.001984,0.001984,0.001907,0.001945,0.001945,0.001945,0.001945,0.001945,0.001945,0.002022,0.002022,0.001945,0.002022,0.001984,0.001984,0.001984,0.002060,0.002022,0.002060,0.002098,0.002060,0.002022,0.002098,0.002098,0.002098,0.002174,0.002213,0.002174,0.002213,0.002213,0.002251,0.002251,0.002251,0.002327,0.002327,0.002327,0.002365,0.002327,0.002327,0.002327,0.002327,0.002327,0.002289,0.002289,0.002403,0.002327,0.002289,0.002327,0.002327,0.002289,0.002289,0.002213,0.002213,0.002251,0.002174,0.002213,0.002174,0.002136,0.002136,0.002174,0.002136,0.002174,0.002060,0.002098,0.002060,0.002060,0.002098,0.002060,0.002060,0.002022,0.002060,0.002098,0.002098,0.002022,0.002060,0.002136,0.002136,0.002098,0.002174,0.002174,0.002136,0.002174,0.002174,0.002251,0.002251,0.002289,0.002289,0.002289,0.002327,0.002327,0.002289,0.002403,0.002365,0.002403,0.002403,0.002365,0.002365,0.002403,0.002441,0.002365,0.002327,0.002365,0.002289,0.002251,0.002213,0.002174,0.002174,0.002136,0.002136,0.002022,0.001984,0.001907,0.002022,0.001945,0.001945,0.001907,0.001831,0.001907,0.001945,0.001869,0.001831,0.001869,0.001869,0.001793,0.001869,0.001793,0.001755,0.001755,0.001793,0.001793,0.001793,0.001793,0.001755,0.001755,0.001793,0.001755,0.001793,0.001793,0.001831,0.001793,0.001831,0.001869,0.001869,0.001831,0.001869,0.001869,0.001907,0.001945,0.001907,0.001945,0.001945,0.001984,0.002060,0.001984,0.001984,0.002060,0.002060,0.002060,0.002022,0.002098,0.002060,0.002174,0.002174,0.002136,0.002136,0.002174,0.002213,0.002174,0.002136,0.002174,0.002213,0.002174,0.002136,0.002136,0.002136,0.002098,0.002098,0.002098,0.002060,0.002098,0.002098,0.002022,0.002060,0.002098,0.002098,0.002060,0.002136,0.002060,0.002022,0.002098,0.002174,0.002174,0.002098,0.002098,0.002136,0.002098,0.002136,0.002136,0.002174,0.002098,0.002098,0.002098,0.002060,0.002098,0.002098,0.002060,0.002022,0.002022,0.001984,0.001945,0.001907,0.001907,0.001945,0.001945,0.001945,0.001869,0.001869,0.001869,0.001869,0.001793,0.001793,0.001831,0.001831,0.001869,0.001869,0.001907,0.001869,0.001869,0.001907,0.001907,0.001984,0.001984,0.001984,0.002022,0.002060,0.002022,0.001984,0.002060,0.002060,0.002060,0.002060,0.002060,0.002060,0.002098,0.002098,0.002098,0.002098,0.002060,0.002060,0.002098,0.002060,0.002098,0.002098,0.002060,0.002060,0.002098,0.002060,0.002022,0.002060,0.002022,0.002022,0.001945,0.002022,0.002060,0.002098,0.002136,0.002174,0.002098,0.002136,0.002174,0.002213,0.002136,0.002174,0.002174,0.002213,0.002213,0.002213,0.002289,0.002251,0.002251,0.002289,0.002251,0.002251,0.002251,0.002289,0.002251,0.002251,0.002289,0.002174,0.002213,0.002213,0.002213,0.002174,0.002136,0.002136,0.002213,0.002136,0.002136,0.002136,0.002174,0.002060,0.002060,0.001984,0.002022,0.002060,0.002022,0.002060,0.001984,0.002098,0.002060,0.002022,0.002022,0.002060,0.002098,0.002060,0.002060,0.002174,0.002136,0.002098,0.002136,0.002174,0.002174,0.002174,0.002213,0.002213,0.002251,0.002251,0.002251,0.002251,0.002251,0.002213,0.002251,0.002251,0.002289,0.002251,0.002213,0.002213,0.002251,0.002251,0.002213,0.002174,0.002174,0.002136,0.002098,0.002136,0.002098,0.002060,0.002022,0.002022,0.002060,0.001945,0.001984,0.001907,0.001869,0.001907,0.001869,0.001869,0.001831,0.001793,0.001831,0.001793,0.001755,0.001717,0.001755,0.001717,0.001717,0.001717,0.001717,0.001678,0.001640,0.001678,0.001678,0.001678,0.001640,0.001717,0.001640,0.001640,0.001640,0.001678,0.001755,0.001678,0.001678,0.001717,0.001755,0.001717,0.001717,0.001755,0.001755,0.001755,0.001755,0.001793,0.001755,0.001755,0.001869,0.001831,0.001831,0.001831,0.001869,0.001869,0.001907,0.001907,0.001945,0.001984,0.001984,0.002022,0.001984,0.002060,0.002098,0.002174,0.002136,0.002136,0.002213,0.002174,0.002174,0.002213,0.002251,0.002289,0.002289,0.002289,0.002327,0.002327,0.002327,0.002289,0.002327,0.002327,0.002327,0.002365,0.002365,0.002365,0.002365,0.002327,0.002327,0.002327,0.002289,0.002251,0.002213,0.002289,0.002251,0.002213,0.002251,0.002174,0.002174,0.002174,0.002136,0.002136,0.002098,0.002174,0.002098,0.002060,0.002060,0.002098,0.002060,0.002022,0.002060,0.002022,0.002022,0.002022,0.002022,0.002022,0.002060,0.001984,0.001945,0.001984,0.002022,0.001945,0.001984,0.002022,0.002022,0.001984,0.001984,0.002060,0.001984,0.002022,0.002022,0.001984,0.001984,0.001984,0.001945,0.001984,0.001945,0.001907,0.001945,0.001945,0.001907,0.001869,0.001907,0.001907,0.001984,0.001945,0.001945,0.001984,0.001945,0.002022,0.002022,0.002022,0.002022,0.002022,0.002060,0.002098,0.002098,0.002060,0.002060,0.002098,0.002136,0.002136,0.002136,0.002098,0.002136,0.002136,0.002060,0.002136,0.002136,0.002136,0.002136,0.002136,0.002098,0.002098,0.002060,0.002060,0.002060,0.002060,0.002098,0.002060,0.002098,0.002060,0.002060,0.002098,0.002098,0.002098,0.002136,0.002060,0.002136,0.002174,0.002174,0.002174,0.002136,0.002136,0.002174,0.002174,0.002251,0.002174,0.002213,0.002251,0.002213,0.002174,0.002289,0.002213,0.002174,0.002213,0.002174,0.002136,0.002174,0.002174,0.002136,0.002136,0.002136,0.002136,0.002174,0.002174,0.002136,0.002136,0.002136,0.002136,0.002136,0.002136,0.002098,0.002136,0.002098,0.002098,0.002136,0.002098,0.002098,0.002136,0.002098,0.002136,0.002098,0.002136,0.002060,0.002098,0.002060,0.002022,0.002060,0.002022,0.002060,0.002060,0.002022,0.001984,0.002022,0.001984,0.001984,0.001984,0.001984,0.001984,0.001984,0.001945,0.001945,0.001984,0.001907,0.001907,0.001907,0.001907,0.001907,0.001984,0.001945,0.001907,0.001945,0.001945,0.001945,0.001945,0.001907,0.001945,0.001907,0.001984,0.001869,0.001945,0.001945,0.001945,0.001869,0.001984,0.001945,0.001945,0.001907,0.001907,0.001945,0.001945,0.001984,0.001984,0.001984,0.002060,0.002022,0.002022,0.002022,0.002060,0.002098,0.002060,0.002098,0.002060,0.002098,0.002098,0.002136,0.002174,0.002213,0.002136,0.002136,0.002174,0.002174,0.002174,0.002213,0.002213,0.002174,0.002213,0.002213,0.002174,0.002174,0.002174,0.002136,0.002136,0.002136,0.002136,0.002174,0.002136,0.002136,0.002098,0.002060,0.002136,0.002098,0.002136,0.002098,0.002060,0.002060,0.002136,0.002098,0.002098,0.002098,0.002098,0.002136,0.002060,0.002098,0.002136,0.002136,0.002174,0.002174,0.002174,0.002174,0.002174,0.002174,0.002136,0.002174,0.002136,0.002174,0.002174,0.002174,0.002174,0.002174,0.002174,0.002174,0.002136,0.002174,0.002174,0.002174,0.002213,0.002136,0.002174,0.002098,0.002136,0.002174,0.002136,0.002136,0.002136,0.002136,0.002174,0.002136,0.002098,0.002136,0.002098,0.002136,0.002060,0.002098,0.002060,0.002098,0.002136,0.002136,0.002098,0.002136,0.002136,0.002136,0.002136,0.002098,0.002098,0.002098,0.002136,0.002098,0.002098,0.002174,0.002136,0.002098,0.002060,0.002098,0.002098,0.002136,0.002136,0.002136,0.002098,0.002174,0.002136,0.002136,0.002136,0.002060,0.002136,0.002174,0.002136,0.002098,0.002136,0.002136,0.002098,0.002174,0.002136,0.002136,0.002174,0.002098,0.002136,0.002060,0.002060,0.002060,0.002060,0.002098,0.002060,0.002022,0.002060,0.002060,0.002098,0.002060,0.002022,0.002022,0.002022,0.001984,0.002060,0.002022,0.002022,0.002022,0.002060,0.002022,0.002060,0.002022,0.002098,0.001984,0.002060,0.002060,0.002098,0.002098,0.002060,0.002136,0.002136,0.002136,0.002136,0.002174,0.002213,0.002213,0.002251,0.002289,0.002327,0.002289,0.002365,0.002365,0.002365,0.002403,0.002327,0.002441,0.002403,0.002441,0.002403,0.002327,0.002327,0.002327,0.002403,0.002365,0.002327,0.002251,0.002251,0.002213,0.002174,0.002098,0.002136,0.002098,0.002060,0.001984,0.001945,0.001945,0.001907,0.001869,0.001907,0.001869,0.001831,0.001793,0.001755,0.001793,0.001793,0.001755,0.001793,0.001869,0.001793,0.001869,0.001907,0.001869,0.001907,0.001907,0.001984,0.002022,0.002022,0.002022,0.002022,0.002022,0.002060,0.002136,0.002098,0.002060,0.002060,0.002060,0.002098,0.002022,0.001984,0.002022,0.002022,0.001984,0.002060,0.001984,0.001984,0.001945,0.001984,0.001945,0.001984,0.002022,0.002022,0.002060,0.002060,0.002060,0.002022,0.002060,0.002136,0.002098,0.002098,0.002098,0.002174,0.002174,0.002174,0.002098,0.002174,0.002174,0.002213,0.002251,0.002251,0.002289,0.002251,0.002289,0.002251,0.002289,0.002327,0.002251,0.002289,0.002289,0.002251,0.002251,0.002174,0.002251,0.002174,0.002251,0.002251,0.002174,0.002213,0.002251,0.002213,0.002289,0.002327,0.002289,0.002289,0.002289,0.002289,0.002213,0.002289,0.002289,0.002289,0.002289,0.002289,0.002289,0.002251,0.002251,0.002251,0.002213,0.002213,0.002213,0.002136,0.002136,0.002098,0.002022,0.001984,0.002060,0.001984,0.001945,0.001869,0.001907,0.001907,0.001907,0.001869,0.001831,0.001869,0.001869,0.001793,0.001831,0.001793,0.001831,0.001755,0.001793,0.001831,0.001755,0.001831,0.001793,0.001831,0.001793,0.001755,0.001831,0.001831,0.001869,0.001869,0.001831,0.001907,0.001907,0.001907,0.001945,0.001907,0.001945,0.001984,0.002022,0.001984,0.001945,0.002022,0.002022,0.002022,0.002060,0.002060,0.002098,0.002060,0.002060,0.002022,0.002060,0.002060,0.002060,0.002136,0.002098,0.002098,0.002098,0.002098,0.002098,0.002098,0.002060,0.002060,0.002060,0.002060,0.002060,0.002136,0.002098,0.002060,0.002060,0.002060,0.002098,0.002060,0.002098,0.002060,0.002098,0.002098,0.002098,0.002174,0.002136,0.002174,0.002174,0.002174,0.002136,0.002251,0.002174,0.002213,0.002136,0.002136,0.002136,0.002213,0.002251,0.002174,0.002213,0.002213,0.002213,0.002251,0.002251,0.002251,0.002213,0.002174,0.002174,0.002174,0.002213,0.002174,0.002174,0.002174,0.002098,0.002174,0.002174,0.002174,0.002098,0.002098,0.002022,0.002060,0.002022,0.002022,0.002060,0.001984,0.001984,0.001984,0.001945,0.001984,0.002060,0.001945,0.002022,0.002060,0.002022,0.002060,0.002060,0.002098,0.002098,0.002136,0.002098,0.002098,0.002136,0.002098,0.002060,0.002098,0.002060,0.002060,0.002060,0.002098,0.002060,0.001945,0.001945,0.001907,0.001907,0.001907,0.001907,0.001907,0.001869,0.001907,0.001831,0.001793,0.001831,0.001869,0.001907,0.001869,0.001869,0.001869,0.001869,0.001945,0.001945,0.002022,0.001945,0.001984,0.002060,0.002060,0.002060,0.002060,0.002098,0.002213,0.002136,0.002098,0.002098,0.002136,0.002174,0.002098,0.002098,0.002136,0.002098,0.002060,0.002060,0.002098,0.002060,0.002060,0.002022,0.001984,0.002060,0.001984,0.002022,0.001984,0.001945,0.001984,0.001945,0.001984,0.002022,0.001984,0.002022,0.002022,0.002060,0.002060,0.002022,0.002022,0.002060,0.002060,0.002060,0.002022,0.002098,0.002022,0.002098,0.002136,0.002136,0.002098,0.002098,0.002136,0.002174,0.002213,0.002251,0.002213,0.002213,0.002213,0.002213,0.002251,0.002327,0.002251,0.002251,0.002289,0.002289,0.002327,0.002403,0.002289,0.002289,0.002289,0.002289,0.002289,0.002174,0.002174,0.002174,0.002174,0.002098,0.002098,0.002136,0.002136,0.002098,0.002022,0.002098,0.002098,0.002060,0.002098,0.002022,0.002060,0.002022,0.001984,0.001984,0.001984,0.002060,0.001984,0.002022,0.002060,0.001984,0.002060,0.001984,0.001984,0.002060,0.001984,0.002022,0.001945,0.001945,0.001984,0.002022,0.002022,0.001907,0.001907,0.001907,0.001831,0.001831,0.001831,0.001869,0.001793,0.001831,0.001793,0.001717,0.001793,0.001793,0.001831,0.001869,0.001793,0.001831,0.001793,0.001831,0.001869,0.001793,0.001869,0.001869,0.001907,0.001907,0.001907,0.001945,0.001907,0.001869,0.001869,0.001831,0.001869,0.001869,0.001984,0.001945,0.001869,0.001984,0.001907,0.001945,0.001984,0.001945,0.001945,0.001984,0.001907,0.001869,0.001945,0.001984,0.001869,0.001907,0.001984,0.001984,0.002022,0.001984,0.001984,0.001945,0.001984,0.001984,0.001984,0.002060,0.002022,0.002098,0.001984,0.002060,0.002098,0.002022,0.002136,0.002136,0.002136,0.002174,0.002136,0.002098,0.002174,0.002213,0.002174,0.002098,0.002136,0.002174,0.002213,0.002251,0.002251,0.002289,0.002251,0.002251,0.002289,0.002251,0.002327,0.002289,0.002365,0.002327,0.002365,0.002403,0.002365,0.002441,0.002441,0.002403,0.002403,0.002403,0.002403,0.002403,0.002403,0.002403,0.002327,0.002327,0.002327,0.002289,0.002213,0.002174,0.002136,0.002136,0.002098,0.002098,0.001984,0.002022,0.001869,0.001907,0.001831,0.001793,0.001755,0.001793,0.001831,0.001755,0.001717,0.001755,0.001717,0.001755,0.001755,0.001717,0.001755,0.001755,0.001793,0.001755,0.001869,0.001869,0.001793,0.001945,0.001831,0.001869,0.001831,0.001869,0.001869,0.001907,0.001945,0.001945,0.001984,0.001984,0.002022,0.002022,0.002060,0.002060,0.002022,0.002060,0.002098,0.002060,0.002098,0.002136,0.002136,0.002136,0.002136,0.002213,0.002174,0.002174,0.002251,0.002251,0.002251,0.002174,0.002174,0.002213,0.002289,0.002289,0.002213,0.002289,0.002327,0.002251,0.002327,0.002289,0.002327,0.002327,0.002327,0.002289,0.002251,0.002289,0.002327,0.002251,0.002327,0.002251,0.002327,0.002251,0.002251,0.002289,0.002251,0.002213,0.002251,0.002289,0.002251,0.002289,0.002327,0.002289,0.002289,0.002251,0.002174,0.002251,0.002174,0.002251,0.002174,0.002174,0.002174,0.002174,0.002174,0.002136,0.002098,0.002213,0.002174,0.002174,0.002136,0.002136,0.002136,0.002098,0.002098,0.002098,0.002098,0.002136,0.002098,0.002098,0.002060,0.001984,0.002022,0.002060,0.002022,0.001945,0.001984,0.002022,0.002022,0.002022,0.001984,0.001984,0.001945,0.001945,0.001984,0.001945,0.001945,0.001907,0.001907,0.001907,0.001907,0.001907,0.001869,0.001907,0.001945,0.001907,0.001984,0.001945,0.001984,0.001945,0.001984,0.001907,0.001907,0.002060,0.002022,0.002022,0.002022,0.001945,0.002060,0.001984,0.002060,0.002022,0.002022,0.002060,0.002060,0.002022,0.002060,0.002098,0.002098,0.002098,0.002098,0.002098,0.002174,0.002174,0.002136,0.002174,0.002136,0.002213,0.002251,0.002213,0.002251,0.002213,0.002251,0.002289,0.002251,0.002289,0.002251,0.002289,0.002289,0.002213,0.002289,0.002251,0.002289,0.002251,0.002174,0.002213,0.002251,0.002251,0.002213,0.002213,0.002213,0.002174,0.002136,0.002174,0.002213,0.002174,0.002213,0.002213,0.002136,0.002174,0.002174,0.002174,0.002136,0.002098,0.002136,0.002098,0.002098,0.002136,0.002098,0.002098,0.002098,0.002098,0.002060,0.002022,0.002060,0.002022,0.002060,0.002060,0.002060,0.002098,0.002098,0.002174,0.002098,0.002060,0.002136,0.001984,0.002060,0.002022,0.002022,0.002022,0.001945,0.002022,0.002022,0.002022,0.002022,0.001907,0.001945,0.001945,0.001945,0.001945,0.001869,0.001984,0.001869,0.001869,0.001831,0.001831,0.001869,0.001793,0.001831,0.001869,0.001869,0.001831,0.001755,0.001831,0.001793,0.001793,0.001869,0.001793,0.001793,0.001793,0.001869,0.001907,0.001869,0.001907,0.001831,0.001869,0.001907,0.001907,0.001984,0.001984,0.001984,0.001984,0.001984,0.001984,0.001984,0.002060,0.002022,0.002060,0.002098,0.002060,0.002098,0.002060,0.002060,0.002136,0.002136,0.002174,0.002136,0.002251,0.002213,0.002174,0.002289,0.002213,0.002213,0.002251,0.002289,0.002327,0.002213,0.002289,0.002251,0.002289,0.002289,0.002251,0.002251,0.002213,0.002251,0.002174,0.002213,0.002289,0.002174,0.002213,0.002251,0.002174,0.002213,0.002136,0.002136,0.002098,0.002174,0.002174,0.002136,0.002174,0.002136,0.002136,0.002136,0.002060,0.002136,0.002136,0.002174,0.002213,0.002136,0.002174,0.002136,0.002174,0.002136,0.002136,0.002174,0.002136,0.002213,0.002174,0.002098,0.002136,0.002098,0.002136,0.002098,0.002098,0.002136,0.002136,0.002136,0.002174,0.002098,0.002136,0.002098,0.002213,0.002136,0.002136,0.002174,0.002136,0.002174,0.002136,0.002213,0.002098,0.002136,0.002174,0.002098,0.002174,0.002174,0.002174,0.002174,0.002136,0.002174,0.002098,0.002174,0.002174,0.002136,0.002213,0.002136,0.002174,0.002174,0.002136,0.002136,0.002098,0.002098,0.002136,0.002136,0.002213,0.002098,0.002174,0.002174,0.002136,0.002136,0.002136,0.002213,0.002136,0.002136,0.002174,0.002174,0.002213,0.002174,0.002174,0.002136,0.002136,0.002213,0.002174,0.002174,0.002213,0.002251,0.002251,0.002174,0.002136,0.002174,0.002174,0.002213,0.002098,0.002136,0.002098,0.002174,0.002098,0.002022,0.002060,0.002060,0.002060,0.002060,0.001945,0.002022,0.001945,0.001984,0.001907,0.001945,0.001907,0.001907,0.001945,0.001869,0.001869,0.001869,0.001793,0.001869,0.001831,0.001831,0.001831,0.001793,0.001869,0.001755,0.001831,0.001831,0.001793,0.001831,0.001755,0.001869,0.001831,0.001793,0.001831,0.001869,0.001945,0.001869,0.001907,0.001907,0.001945,0.002022,0.001984,0.002060,0.002098,0.002060,0.002136,0.002098,0.002098,0.002213,0.002174,0.002213,0.002174,0.002213,0.002251,0.002174,0.002174,0.002136,0.002213,0.002174,0.002136,0.002174,0.002174,0.002213,0.002060,0.002060,0.002098,0.002098,0.002060,0.002060,0.002098,0.002098,0.002060,0.002022,0.002098,0.002098,0.002098,0.002098,0.002098,0.002098,0.002136,0.002098,0.002098,0.002136,0.002174,0.002213,0.002174,0.002213,0.002213,0.002174,0.002213,0.002174,0.002251,0.002213,0.002174,0.002136,0.002174,0.002136,0.002174,0.002098,0.002060,0.002060,0.002098,0.001945,0.001945,0.001945,0.001869,0.001945,0.001831,0.001755,0.001717,0.001678,0.001717,0.001678,0.001717,0.001717,0.001678,0.001678,0.001678,0.001755,0.001717,0.001755,0.001793,0.001755,0.001793,0.001793,0.001869,0.001869,0.001907,0.001984,0.001907,0.001984,0.001945,0.001984,0.001945,0.001945,0.002060,0.001984,0.002022,0.001984,0.001945,0.001984,0.001984,0.001984,0.002022,0.001945,0.001984,0.001984,0.001984,0.002060,0.002022,0.002022,0.001984,0.002022,0.002098,0.002060,0.002098,0.002022,0.002060,0.002098,0.002136,0.002213,0.002136,0.002174,0.002136,0.002213,0.002251,0.002136,0.002251,0.002213,0.002251,0.002251,0.002174,0.002251,0.002174,0.002289,0.002213,0.002213,0.002251,0.002174,0.002136,0.002098,0.002213,0.002213,0.002136,0.002174,0.002174,0.002213,0.002174,0.002060,0.002136,0.002098,0.002136,0.002060,0.002098,0.002136,0.002060,0.002136,0.002060,0.002098,0.002136,0.002136,0.002174,0.002098,0.002022,0.002098,0.002098,0.002060,0.002060,0.002022,0.002060,0.002022,0.002022,0.001984,0.002022,0.002022,0.002022,0.001984,0.001945,0.002060,0.002060,0.002022,0.002022,0.001945,0.001984,0.001907,0.001984,0.002022,0.001945,0.001945,0.001907,0.002022,0.002022,0.001984,0.002060,0.001984,0.002060,0.001984,0.002022,0.002060,0.001984,0.002022,0.001984,0.002022,0.002022,0.002022,0.002098,0.002098,0.002022,0.002022,0.001984,0.002098,0.002060,0.002098,0.002060,0.002022,0.002136,0.002098,0.002022,0.002098,0.002098,0.002174,0.002098,0.002136,0.002136,0.002098,0.002136,0.002098,0.002174,0.002098,0.002136,0.002098,0.002098,0.002098,0.002060,0.002136,0.002060,0.002060,0.002060,0.002022,0.002060,0.002022,0.001984,0.001984,0.001945,0.001984,0.001907,0.001907,0.001945,0.001869,0.001945,0.001869,0.001945,0.001945,0.001869,0.001907,0.001907,0.001907,0.001984,0.001984,0.001945,0.001945,0.001945,0.001945,0.001984,0.001945,0.001869,0.001907,0.001907,0.001907,0.001907,0.001945,0.001984,0.001907,0.001945,0.001984,0.001945,0.001984,0.001945,0.002022,0.002022,0.001945,0.001907,0.001907,0.002060,0.002060,0.002098,0.002060,0.002060,0.002022,0.001984,0.002098,0.002060,0.002060,0.002136,0.002060,0.002174,0.002098,0.002060,0.002136,0.002060,0.002060,0.002060,0.002060,0.002098,0.002022,0.002098,0.002022,0.002022,0.001984,0.001984,0.002098,0.001984,0.002022,0.002060,0.001984,0.001984,0.001984,0.002022,0.002022,0.001984,0.002022,0.002022,0.002098,0.002060,0.002060,0.002098,0.002022,0.002136,0.002098,0.002098,0.002174,0.002098,0.002136,0.002174,0.002174,0.002174,0.002251,0.002289,0.002213,0.002289,0.002251,0.002213,0.002251,0.002174,0.002251,0.002174,0.002174,0.002251,0.002136,0.002174,0.002136,0.002136,0.002136,0.002098,0.002174,0.002098,0.002136,0.002174,0.002136,0.002174,0.002098,0.002136,0.002098,0.002060,0.002098,0.001984,0.002098,0.002022,0.001984,0.002022,0.002060,0.002136,0.001984,0.002060,0.002060,0.001984,0.001984,0.001945,0.002022,0.001945,0.001945,0.001984,0.001907,0.001945,0.001907,0.001945,0.001945,0.001945,0.001984,0.001945,0.001907,0.001984,0.001907,0.002022,0.001907,0.001984,0.001984,0.001984,0.001907,0.001907,0.001907,0.001869,0.001907,0.001945,0.001869,0.001945,0.001907,0.001907,0.001945,0.001869,0.001907,0.001907,0.001945,0.001984,0.001984,0.002022,0.001984,0.001984,0.001984,0.001984,0.001984,0.001984,0.002022,0.002022,0.001984,0.002060,0.002060,0.002098,0.002098,0.002060,0.002136,0.002098,0.002174,0.002174,0.002213,0.002174,0.002174,0.002174,0.002136,0.002213,0.002174,0.002174,0.002251,0.002213,0.002289,0.002251,0.002251,0.002251,0.002251,0.002289,0.002251,0.002289,0.002213,0.002251,0.002251,0.002251,0.002251,0.002251,0.002251,0.002289,0.002174,0.002213,0.002174,0.002213,0.002174,0.002136,0.002213,0.002136,0.002098,0.002098,0.002136,0.002174,0.002098,0.002136,0.002174,0.002136,0.002174,0.002136,0.002174,0.002136,0.002174,0.002136,0.002098,0.002136,0.002136,0.002098,0.002136,0.002136,0.002136,0.002060,0.002098,0.002098,0.002098,0.002136,0.002136,0.002136,0.002174,0.002098,0.002098,0.002098,0.002136,0.002098,0.002098,0.002174,0.002098,0.002060,0.002022,0.002136,0.002098,0.001984,0.002022,0.001945,0.001984,0.001945,0.001907,0.001907,0.001831,0.001869,0.001869,0.001907,0.001869,0.001869,0.001945,0.001907,0.001984,0.001984,0.002022,0.002060,0.002060,0.002213,0.002136,0.002174,0.002213,0.002174,0.002327,0.002327,0.002327,0.002327,0.002327,0.002365,0.002327,0.002327,0.002327,0.002289,0.002327,0.002251,0.002213,0.002174,0.002060,0.002136,0.002022,0.002060,0.001945,0.001907,0.001907,0.001869,0.001945,0.001869,0.001831,0.001907,0.001869,0.001907,0.001907,0.001984,0.001984,0.001907,0.002022,0.001984,0.002060,0.002098,0.002098,0.002098,0.002136,0.002174,0.002136,0.002174,0.002213,0.002136,0.002213,0.002136,0.002174,0.002174,0.002136,0.002213,0.002136,0.002174,0.002136,0.002098,0.002136,0.002098,0.002174,0.002136,0.002136,0.002174,0.002213,0.002213,0.002136,0.002174,0.002174,0.002136,0.002213,0.002136,0.002251,0.002251,0.002251,0.002213,0.002174,0.002213,0.002174,0.002213,0.002213,0.002174,0.002289,0.002213,0.002251,0.002251,0.002174,0.002213,0.002136,0.002251,0.002213,0.002174,0.002251,0.002136,0.002136,0.002174,0.002098,0.002136,0.002136,0.002174,0.002098,0.002098,0.002098,0.002098,0.002060,0.002022,0.002136,0.002098,0.002060,0.002098,0.002098,0.002136,0.002136,0.002098,0.002098,0.002022,0.002136,0.002060,0.002060,0.002022,0.002022,0.002022,0.001984,0.001984,0.001945,0.001984,0.001984,0.001945,0.002022,0.001945,0.001984,0.002060,0.001984,0.002060,0.001984,0.001984,0.002098,0.002022,0.002060,0.002060,0.002098,0.002098,0.002098,0.002136,0.002098,0.002098,0.002136,0.002098,0.002174,0.002098,0.002136,0.002060,0.002060,0.002098,0.002022,0.002098,0.002022,0.002060,0.002022,0.002022,0.002098,0.002060,0.002098,0.002022,0.002022,0.002098,0.002022,0.002060,0.002060,0.002060,0.002022,0.002098,0.002136,0.002060,0.002022,0.002022,0.002022,0.002098,0.001984,0.002098,0.002098,0.002022,0.002136,0.002060,0.002060,0.002060,0.002060,0.002098,0.002098,0.002098,0.002060,0.002060,0.002060,0.002098,0.002174,0.002060,0.002136,0.002136,0.002098,0.002136,0.002098,0.002136,0.002098,0.002098,0.002136,0.002136,0.002174,0.002136,0.002136,0.002174,0.002136,0.002136,0.002136,0.002098,0.002098,0.002174,0.002174,0.002136,0.002174,0.002136,0.002136,0.002098,0.002060,0.002098,0.002060,0.002022,0.002060,0.002060,0.002060,0.002022,0.002022,0.002022,0.002022,0.002022,0.001984,0.001984,0.001945,0.001984,0.002022,0.001984,0.001984,0.001945,0.001984,0.001945,0.001945,0.001945,0.001945,0.001984,0.001945,0.001984,0.002022,0.001984,0.002022,0.002022,0.002022,0.002060,0.002060,0.002098,0.002098,0.001984,0.002022,0.002060,0.002060,0.002022,0.002060,0.002022,0.002022,0.002098,0.002098,0.002098,0.002098,0.002098,0.002136,0.002098,0.002174,0.002098,0.002098,0.002174,0.002213,0.002213,0.002136,0.002136,0.002174,0.002213,0.002174,0.002136,0.002213,0.002174,0.002174,0.002213,0.002174,0.002251,0.002213,0.002174,0.002136,0.002136,0.002174,0.002136,0.002174,0.002136,0.002174,0.002136,0.002136,0.002098,0.002098,0.002098,0.002136,0.001984,0.002022,0.002060,0.002022,0.002022,0.002022,0.002022,0.001984,0.002060,0.002022,0.002060,0.002060,0.001945,0.002022,0.001945,0.001945,0.001984,0.001907,0.001984,0.001945,0.001907,0.001869,0.001907,0.001945,0.001907,0.001869,0.001869,0.001831,0.001945,0.001869,0.001907,0.001869,0.001869,0.001869,0.001907,0.001907,0.001869,0.001907,0.001907,0.001945,0.001945,0.001869,0.001984,0.001984,0.001945,0.002022,0.001984,0.002022,0.002022,0.002022,0.002060,0.002060,0.002136,0.002060,0.002060,0.002174,0.002136,0.002174,0.002136,0.002213,0.002174,0.002174,0.002174,0.002136,0.002174,0.002174,0.002174,0.002174,0.002136,0.002174,0.002174,0.002098,0.002136,0.002060,0.002136,0.002098,0.002098,0.002060,0.002022,0.002022,0.001984,0.002022,0.001945,0.001907,0.001945,0.001831,0.001793,0.001793,0.001831,0.001831,0.001793,0.001831,0.001755,0.001755,0.001755,0.001717,0.001755,0.001755,0.001831,0.001793,0.001831,0.001907,0.001869,0.001945,0.001945,0.001945,0.001984,0.002022,0.002060,0.002060,0.002098,0.002136,0.002136,0.002213,0.002136,0.002174,0.002174,0.002174,0.002213,0.002174,0.002136,0.002136,0.002136,0.002174,0.002136,0.002136,0.002136,0.002174,0.002174,0.002174,0.002174,0.002174,0.002174,0.002174,0.002213,0.002213,0.002136,0.002213,0.002174,0.002174,0.002213,0.002174,0.002174,0.002213,0.002251,0.002174,0.002213,0.002289,0.002213,0.002174,0.002251,0.002213,0.002213,0.002174,0.002213,0.002213,0.002213,0.002174,0.002136,0.002098,0.002060,0.002060,0.002060,0.002060,0.002060,0.002022,0.002060,0.002060,0.002022,0.002022,0.001945,0.002022,0.002022,0.002022,0.002022,0.002022,0.002060,0.002060,0.002060,0.002060,0.001984,0.001984,0.001984,0.001984,0.001984,0.001945,0.002022,0.001984,0.001945,0.001945,0.002022,0.001984,0.001945,0.001984,0.001945,0.002022,0.002098,0.002022,0.002060,0.002060,0.002098,0.002060,0.002022,0.002098,0.002060,0.002060,0.001945,0.001907,0.001907,0.001869,0.001907,0.001869,0.001793,0.001793,0.001755,0.001755,0.001755,0.001793,0.001678,0.001755,0.001793,0.001755,0.001831,0.001831,0.001907,0.001869,0.001831,0.001907,0.001869,0.001907,0.001945,0.001831,0.001831,0.001831,0.001869,0.001831,0.001755,0.001793,0.001793,0.001831,0.001793,0.001869,0.001869,0.001869,0.001869,0.001831,0.001869,0.001869,0.001907,0.002022,0.001945,0.002022,0.001984,0.001984,0.001945,0.001945,0.001984,0.001945,0.001945,0.001945,0.001945,0.001945,0.001984,0.001984,0.002060,0.002022,0.002022,0.002022,0.001984,0.002022,0.002060,0.002098,0.002060,0.002174,0.002136,0.002174,0.002213,0.002213,0.002213,0.002213,0.002289,0.002327,0.002365,0.002365,0.002327,0.002327,0.002327,0.002327,0.002327,0.002289,0.002289,0.002251,0.002289,0.002251,0.002213,0.002174,0.002136,0.002136,0.002060,0.002060,0.001984,0.001945,0.002022,0.001945,0.001984,0.001945,0.001869,0.001945,0.001945,0.001945,0.002022,0.002022,0.001984,0.001984,0.002060,0.002098,0.002136,0.002098,0.002136,0.002136,0.002098,0.002098,0.002136,0.002136,0.002174,0.002136,0.002174,0.002174,0.002136,0.002213,0.002174,0.002213,0.002174,0.002136,0.002174,0.002174,0.002213,0.002136,0.002136,0.002174,0.002060,0.002098,0.002060,0.002098,0.002060,0.002098,0.002098,0.002060,0.002136,0.002060,0.002098,0.002060,0.002136,0.002174,0.002098,0.002174,0.002136,0.002174,0.002136,0.002136,0.002136,0.002098,0.002136,0.002174,0.002136,0.002174,0.002174,0.002174,0.002098,0.002060,0.002060,0.002022,0.002060,0.002060,0.002098,0.002060,0.002022,0.002060,0.002060,0.002098,0.002060,0.002098,0.002060,0.002136,0.002136,0.002098,0.002098,0.002136,0.002136,0.002174,0.002060,0.002136,0.002098,0.002060,0.002098,0.002060,0.002098,0.002060,0.002060,0.002136,0.002060,0.002098,0.002098,0.002060,0.002060,0.001945,0.002060,0.002060,0.002022,0.002060,0.002022,0.002060,0.002098,0.002098,0.002060,0.002060,0.002060,0.002098,0.002098,0.002136,0.002136,0.002136,0.002098,0.002098,0.002060,0.002098,0.002136,0.002136,0.002136,0.002098,0.002098,0.002098,0.002098,0.002060,0.002060,0.002098,0.002136,0.002136,0.002136,0.002136,0.002136,0.002060,0.002136,0.002098,0.002060,0.002060,0.002060,0.002098,0.002098,0.002098,0.002060,0.002060,0.002098,0.002098,0.002060,0.002060,0.002098,0.002098,0.002022,0.002060,0.002060,0.002060,0.002098,0.002060,0.002098,0.002022,0.002060,0.001984,0.001945,0.002022,0.001945,0.001984,0.001984,0.001945,0.001984,0.001907,0.001945,0.001907,0.001907,0.001945,0.001907,0.001945,0.001907,0.001945,0.001945,0.001907,0.001984,0.001945,0.001984,0.001945,0.001945,0.002022,0.002022,0.002022,0.002060,0.002060,0.002060,0.002060,0.002098,0.002136,0.002174,0.002136,0.002060,0.002136,0.002174,0.002174,0.002174,0.002213,0.002174,0.002174,0.002251,0.002213,0.002251,0.002213,0.002213,0.002289,0.002251,0.002251,0.002251,0.002174,0.002289,0.002213,0.002213,0.002174,0.002251,0.002213,0.002136,0.002213,0.002174,0.002136,0.002174,0.002136,0.002098,0.002098,0.002060,0.002060,0.002060,0.002098,0.002098,0.002136,0.002098,0.002098,0.002098,0.002060,0.002136,0.002098,0.002136,0.002098,0.002098,0.002098,0.002174,0.002174,0.002174,0.002174,0.002174,0.002213,0.002174,0.002174,0.002213,0.002174,0.002136,0.002213,0.002174,0.002251,0.002251,0.002213,0.002213,0.002213,0.002251,0.002213,0.002213,0.002174,0.002213,0.002174,0.002136,0.002136,0.002136,0.002098,0.002098,0.002060,0.002098,0.002022,0.002060,0.001984,0.001945,0.001984,0.001984,0.001869,0.001907,0.001907,0.001907,0.001907,0.001831,0.001831,0.001869,0.001793,0.001831,0.001907,0.001831,0.001831,0.001831,0.001831,0.001793,0.001831,0.001869,0.001907,0.001945,0.001945,0.001984,0.002022,0.002098,0.002022,0.002060,0.002060,0.002136,0.002174,0.002174,0.002174,0.002289,0.002289,0.002289,0.002289,0.002289,0.002289,0.002327,0.002327,0.002327,0.002251,0.002251,0.002251,0.002251,0.002251,0.002213,0.002251,0.002213,0.002174,0.002174,0.002174,0.002098,0.002098,0.002174,0.002136,0.002136,0.002060,0.002060,0.002098,0.002060,0.002060,0.002136,0.002098,0.002060,0.002060,0.002136,0.002136,0.002174,0.002136,0.002136,0.002174,0.002136,0.002174,0.002213,0.002213,0.002251,0.002213,0.002174,0.002213,0.002251,0.002289,0.002174,0.002251,0.002251,0.002213,0.002213,0.002213,0.002251,0.002213,0.002213,0.002174,0.002213,0.002251,0.002213,0.002174,0.002174,0.002213,0.002136,0.002174,0.002174,0.002098,0.002098,0.002136,0.002136,0.002174,0.002060,0.002213,0.002174,0.002136,0.002213,0.002174,0.002136,0.002136,0.002174,0.002213,0.002174,0.002174,0.002174,0.002174,0.002136,0.002174,0.002136,0.002136,0.002174,0.002136,0.002098,0.002098,0.002098,0.002098,0.002060,0.002060,0.002060,0.002022,0.002022,0.001984,0.001945,0.001945,0.001907,0.001945,0.001907,0.001945,0.001984,0.001945,0.001984,0.001984,0.002022,0.001945,0.001945,0.001907,0.001945,0.001984,0.001984,0.001984,0.001984,0.001945,0.001945,0.001945,0.001984,0.001984,0.002022,0.001984,0.001945,0.002022,0.002060,0.002022,0.002022,0.002060,0.002060,0.001984,0.002022,0.002060,0.002022,0.001984,0.001945,0.001945,0.001945,0.001984,0.001945,0.001945,0.001907,0.001945,0.001945,0.001945,0.001945,0.001984,0.001907,0.001907,0.001945,0.001907,0.001945,0.001945,0.001984,0.002022,0.001984,0.002022,0.001984,0.002022,0.002022,0.002060,0.001984,0.002022,0.002060,0.002060,0.002098,0.002060,0.002098,0.002098,0.002060,0.002098,0.002060,0.002098,0.002060,0.002022,0.002060,0.002022,0.002060,0.002098,0.002060,0.002060,0.002060,0.002098,0.002022,0.002022,0.002098,0.002060,0.001984,0.001984,0.002022,0.001984,0.001984,0.001984,0.001984,0.002022,0.002022,0.002022,0.001984,0.001984,0.001984,0.001945,0.002022,0.001907,0.001907,0.001945,0.001907,0.001984,0.001945,0.001907,0.001907,0.001984,0.001984,0.001945,0.001984,0.001984,0.001984,0.001984,0.001945,0.001984,0.001984,0.001945,0.002060,0.002022,0.002022,0.001984,0.002022,0.002060,0.002060,0.002098,0.002060,0.002060,0.002060,0.002060,0.002060,0.002022,0.002022,0.002060,0.002098,0.002098,0.002098,0.002060,0.002060,0.002060,0.002098,0.002060,0.002022,0.001984,0.002022,0.002060,0.002060,0.002060,0.002060,0.002098,0.002060,0.002022,0.002022,0.002060,0.002022,0.002060,0.002060,0.002060,0.002060,0.002098,0.002022,0.002060,0.002022,0.002098,0.002098,0.002136,0.002060,0.002098,0.002098,0.002060,0.002060,0.002098,0.002098,0.002098,0.002060,0.002174,0.002060,0.002098,0.002136,0.002060,0.002174,0.002174,0.002174,0.002136,0.002098,0.002174,0.002174,0.002213,0.002251,0.002213,0.002213,0.002251,0.002251,0.002251,0.002289,0.002251,0.002174,0.002251,0.002251,0.002251,0.002213,0.002213,0.002251,0.002213,0.002213,0.002213,0.002136,0.002136,0.002136,0.002174,0.002174,0.002136,0.002060,0.002060,0.002098,0.002022,0.002060,0.001984,0.001984,0.002022,0.001945,0.001984,0.002022,0.002022,0.001984,0.002022,0.001945,0.001907,0.001945,0.001907,0.001945,0.001945,0.001907,0.001907,0.001907,0.001869,0.001945,0.001945,0.001869,0.001869,0.001945,0.001945,0.001869,0.001907,0.001907,0.001984,0.001907,0.001945,0.002022,0.001907,0.001945,0.001907,0.001984,0.001945,0.001984,0.001945,0.001984,0.001984,0.001945,0.001945,0.001984,0.001984,0.002022,0.001984,0.002022,0.001984,0.001945,0.001984,0.001945,0.002022,0.002022,0.001984,0.001984,0.001984,0.002022,0.001984,0.002022,0.002022,0.002022,0.002022,0.002022,0.002060,0.002060,0.002098,0.002022,0.001984,0.002098,0.002098,0.002098,0.002060,0.002060,0.002098,0.002136,0.002174,0.002060,0.002098,0.002136,0.002098,0.002136,0.002136,0.002136,0.002174,0.002213,0.002174,0.002174,0.002213,0.002174,0.002136,0.002136,0.002060,0.002136,0.002060,0.002060,0.002060,0.002022,0.002060,0.002022,0.001984,0.001984,0.001945,0.001869,0.001831,0.001793,0.001869,0.001831,0.001755,0.001793,0.001831,0.001755,0.001793,0.001831,0.001717,0.001755,0.001755,0.001793,0.001793,0.001831,0.001831,0.001831,0.001907,0.001907,0.001945,0.001945,0.001907,0.001907,0.001907,0.001984,0.001869,0.001907,0.001869,0.001869,0.001907,0.001907,0.001869,0.001907,0.001869,0.001869,0.001831,0.001831,0.001869,0.001831,0.001869,0.001831,0.001793,0.001793,0.001831,0.001793,0.001755,0.001793,0.001755,0.001793,0.001793,0.001831,0.001869,0.001831,0.001907,0.001869,0.001945,0.001907,0.001984,0.002022,0.001945,0.002098,0.002022,0.001984,0.002060,0.002060,0.002136,0.002136,0.002136,0.002174,0.002174,0.002213,0.002174,0.002251,0.002174,0.002251,0.002327,0.002289,0.002251,0.002289,0.002289,0.002289,0.002289,0.002365,0.002365,0.002441,0.002403,0.002441,0.002480,0.002403,0.002441,0.002441,0.002480,0.002480,0.002441,0.002518,0.002441,0.002480,0.002480,0.002518,0.002480,0.002441,0.002480,0.002480,0.002480,0.002441,0.002441,0.002441,0.002441,0.002441,0.002403,0.002403,0.002403,0.002365,0.002327,0.002289,0.002327,0.002289,0.002251,0.002289,0.002174,0.002174,0.002174,0.002174,0.002136,0.002098,0.002136,0.002098,0.002098,0.002098,0.002060,0.002136,0.002098,0.002098,0.002060,0.002174,0.002098,0.002098,0.002060,0.002060,0.002060,0.002060,0.002022,0.002060,0.002022,0.002060,0.002060,0.002022,0.002022,0.002022,0.002060,0.002022,0.002022,0.001984,0.001984,0.001984,0.001945,0.001984,0.001907,0.001945,0.001907,0.001907,0.001907,0.001831,0.001907,0.001869,0.001869,0.001831,0.001831,0.001831,0.001831,0.001869,0.001831,0.001831,0.001869,0.001869,0.001907,0.001869,0.001869,0.001869,0.001869,0.001907,0.001869,0.001831,0.001907,0.001831,0.001869,0.001984,0.001945,0.001907,0.001984,0.001945,0.001945,0.001984,0.002022,0.001984,0.002022,0.001984,0.002022,0.002022,0.001984,0.002022,0.001984,0.002060,0.001984,0.002022,0.002060,0.002022,0.001945,0.001945,0.002022,0.001984,0.002098,0.002060,0.001984,0.002022,0.002022,0.002060,0.002022,0.001984,0.001984,0.002022,0.002098,0.002060,0.002098,0.002098,0.002136,0.002136,0.002022,0.002060,0.002098,0.002060,0.002136,0.002098,0.002136,0.002060,0.002060,0.002098,0.002136,0.002136,0.002060,0.002098,0.002060,0.002060,0.002136,0.002098,0.002136,0.002136,0.002136,0.002136,0.002174,0.002136,0.002022,0.002136,0.002136,0.002098,0.002098,0.002098,0.002136,0.002098,0.002136,0.002098,0.002136,0.002136,0.002136,0.002136,0.002136,0.002136,0.002213,0.002174,0.002213,0.002213,0.002213,0.002174,0.002213,0.002251,0.002213,0.002251,0.002213,0.002213,0.002213,0.002174,0.002213,0.002136,0.002213,0.002174,0.002136,0.002136,0.002136,0.002174,0.002213,0.002174,0.002136,0.002136,0.002174,0.002098,0.002136,0.002136,0.002098,0.002098,0.002136,0.002136,0.002098,0.002136,0.002213,0.002136,0.002136,0.002098,0.002136,0.002174,0.002136,0.002136,0.002136,0.002174,0.002098,0.002098,0.002136,0.002136,0.002174,0.002136,0.002174,0.002098,0.002174,0.002174,0.002136,0.002174,0.002174,0.002174,0.002174,0.002174,0.002213,0.002174,0.002136,0.002136,0.002060,0.002098,0.002098,0.002136,0.002136,0.002136,0.002174,0.002136,0.002136,0.002022,0.002136,0.002136,0.002136,0.002098,0.002098,0.002136,0.002098,0.002098,0.002136,0.002098,0.002098,0.002098,0.002136,0.002098,0.002098,0.002136,0.002060,0.002098,0.002022,0.002060,0.002098,0.002060,0.002060,0.001984,0.002136,0.002022,0.002060,0.002098,0.001984,0.002060,0.002022,0.002060,0.002060,0.002022,0.002022,0.002022,0.002022,0.002060,0.002060,0.002022,0.001984,0.001984,0.001984,0.001984,0.002022,0.002060,0.002060,0.001984,0.002098,0.002098,0.002098,0.002136,0.002136,0.002174,0.002098,0.002213,0.002213,0.002174,0.002174,0.002174,0.002174,0.002174,0.002213,0.002174,0.002174,0.002174,0.002174,0.002213,0.002213,0.002251,0.002251,0.002213,0.002213,0.002174,0.002213,0.002251,0.002213,0.002213,0.002174,0.002213,0.002174,0.002174,0.002174,0.002098,0.002174,0.002136,0.002174,0.002174,0.002136,0.002136,0.002098,0.002136,0.002136,0.002098,0.002022,0.002060,0.002098,0.002060,0.002022,0.002022,0.002022,0.002098,0.002022,0.001984,0.002022,0.001984,0.001984,0.001945,0.001984,0.001945,0.001945,0.001869,0.001907,0.001945,0.001831,0.001907,0.001907,0.001945,0.001907,0.001831,0.001907,0.001907,0.001869,0.001869,0.001984,0.001945,0.001907,0.001945,0.001984,0.002060,0.002022,0.001984,0.002060,0.001945,0.002022,0.002098,0.002098,0.002060,0.002098,0.002136,0.002136,0.002098,0.002174,0.002174,0.002136,0.002060,0.002174,0.002136,0.002136,0.002174,0.002136,0.002136,0.002136,0.002098,0.002136,0.002098,0.002098,0.002022,0.002098,0.002098,0.002060,0.002022,0.001984,0.002060,0.001984,0.002022,0.002060,0.002022,0.002060,0.002022,0.002022,0.002022,0.002098,0.002060,0.001984,0.002022,0.002022,0.002060,0.002022,0.002060,0.002022,0.001984,0.002098,0.001984,0.002060,0.002136,0.002022,0.002060,0.002022,0.002022,0.002022,0.002022,0.002022,0.002022,0.002022,0.001907,0.001984,0.001945,0.001945,0.001945,0.001945,0.001945,0.001907,0.001984,0.001984,0.001945,0.001984,0.001945,0.001984,0.001984,0.001945,0.001984,0.001984,0.002060,0.002060,0.002060,0.002098,0.002022,0.002098,0.002022,0.002060,0.002136,0.002136,0.002098,0.002060,0.002174,0.002136,0.002098,0.002098,0.002098,0.002136,0.002136,0.002136,0.002136,0.002022,0.002060,0.002022,0.002022,0.002022,0.002098,0.002136,0.002060,0.002060,0.002098,0.002136,0.002098,0.002136,0.002136,0.002136,0.002174,0.002174,0.002136,0.002174,0.002136,0.002174,0.002136,0.002174,0.002136,0.002174,0.002098,0.002098,0.002174,0.002098,0.002174,0.002136,0.002098,0.002098,0.002060,0.002098,0.002098,0.002022,0.002022,0.002022,0.002060,0.002060,0.002060,0.002098,0.002022,0.002060,0.001984,0.002022,0.001984,0.002022,0.001984,0.002022,0.001984,0.001945,0.001984,0.002022,0.001984,0.001984,0.002022,0.002022,0.001945,0.002022,0.001984,0.001984,0.001984,0.001869,0.001984,0.001984,0.001984,0.001984,0.001945,0.001984,0.002022,0.002060,0.001984,0.001907,0.002022,0.002022,0.002022,0.001984,0.002022,0.002022,0.001984,0.001984,0.002022,0.001984,0.002022,0.002022,0.002060,0.002060,0.002022,0.002022,0.002098,0.002022,0.002022,0.002098,0.002098,0.002098,0.002060,0.002022,0.002022,0.002022,0.002060,0.002060,0.002098,0.002022,0.002022,0.002022,0.002022,0.002136,0.002022,0.002022,0.002060,0.002022,0.002060,0.002060,0.002060,0.002060,0.002060,0.002060,0.002060,0.002060,0.002098,0.002098,0.002098,0.002098,0.002136,0.002060,0.002098,0.002060,0.002060,0.002098,0.002060,0.002098,0.002022,0.002060,0.002022,0.002022,0.002022,0.002022,0.002022,0.001945,0.001945,0.001907,0.001984,0.001984,0.001945,0.001984,0.001831,0.001869,0.001793,0.001755,0.001831,0.001793,0.001831,0.001831,0.001831,0.001907,0.001831,0.001831,0.001793,0.001831,0.001831,0.001831,0.001907,0.001831,0.001907,0.001907,0.001907,0.001984,0.001945,0.002022,0.001945,0.002022,0.001984,0.002022,0.002060,0.002060,0.002098,0.002098,0.002098,0.002136,0.002098,0.002136,0.002098,0.002136,0.002136,0.002136,0.002098,0.002060,0.002098,0.002060,0.002136,0.002060,0.002060,0.002060,0.002060,0.002060,0.002098,0.002098,0.002098,0.002136,0.002098,0.002022,0.002098,0.002098,0.002060,0.002060,0.002060,0.002098,0.002022,0.002060,0.002060,0.002060,0.002060,0.002022,0.002060,0.002022,0.002022,0.002060,0.002098,0.002060,0.002060,0.002098,0.002136,0.002098,0.002174,0.002060,0.002098,0.002098,0.002136,0.002098,0.002098,0.002136,0.002136,0.002213,0.002174,0.002174,0.002174,0.002174,0.002098,0.002098,0.002136,0.002136,0.002098,0.002136,0.002098,0.002098,0.002060,0.002136,0.002136,0.002098,0.002098,0.002060,0.002060,0.002098,0.002022,0.002060,0.002060,0.002060,0.002022,0.002022,0.002060,0.002022,0.002060,0.002060,0.002060,0.002022,0.001984,0.001984,0.001984,0.002022,0.002022,0.001945,0.001945,0.001945,0.001984,0.001907,0.001984,0.001984,0.002022,0.001984,0.001984,0.001984,0.001984,0.002022,0.001984,0.001984,0.002022,0.001945,0.001945,0.001984,0.002022,0.002022,0.001984,0.002060,0.002022,0.002022,0.002022,0.002022,0.001984,0.001984,0.002022,0.001984,0.001984,0.002022,0.001984,0.002022,0.002022,0.002022,0.002060,0.002060,0.002060,0.001984,0.002060,0.002022,0.002060,0.002060,0.002022,0.002022,0.002060,0.002060,0.002022,0.002060,0.002060,0.001984,0.002060,0.002022,0.002060,0.002022,0.002060,0.002022,0.002022,0.002098,0.001945,0.002060,0.002060,0.002060,0.002022,0.002022,0.002060,0.002060,0.002060,0.002060,0.002022,0.002022,0.002022,0.002098,0.002022,0.002136,0.002098,0.002060,0.002136,0.002136,0.002136,0.002136,0.002174,0.002174,0.002213,0.002213,0.002136,0.002174,0.002251,0.002174,0.002251,0.002251,0.002251,0.002213,0.002251,0.002251,0.002289,0.002327,0.002289,0.002289,0.002289,0.002289,0.002289,0.002251,0.002251,0.002213,0.002251,0.002251,0.002251,0.002289,0.002251,0.002251,0.002136,0.002174,0.002174,0.002174,0.002174,0.002136,0.002136,0.002136,0.002136,0.002136,0.002060,0.002136,0.002022,0.002098,0.002060,0.002022,0.002060,0.002022,0.002022,0.002022,0.002022,0.002022,0.002060,0.002060,0.002022,0.002060,0.002098,0.002060,0.002098,0.002022,0.002098,0.002022,0.002098,0.002060,0.002022,0.002060,0.002060,0.002060,0.002022,0.002098,0.002098,0.002136,0.002136,0.002098,0.002098,0.002098,0.002098,0.002098,0.002098,0.002136,0.002098,0.002136,0.002174,0.002136,0.002174,0.002174,0.002136,0.002174,0.002136,0.002174,0.002251,0.002251,0.002136,0.002174,0.002174,0.002174,0.002251,0.002251,0.002289,0.002174,0.002251,0.002251,0.002213,0.002213,0.002174,0.002174,0.002136,0.002136,0.002136,0.002098,0.002098,0.002136,0.002098,0.002060,0.002022,0.002060,0.002060,0.002060,0.002060,0.001984,0.002060,0.002022,0.002022,0.001984,0.001984,0.001945,0.002022,0.001907,0.001984,0.001984,0.001984,0.001984,0.001945,0.001984,0.001984,0.001984,0.001984,0.001984,0.001984,0.001984,0.002022,0.002022,0.001945,0.001984,0.001945,0.002022,0.002060,0.002022,0.002022,0.001984,0.002060,0.002060,0.002098,0.002098,0.002060,0.002136,0.002136,0.002136,0.002174,0.002174,0.002174,0.002174,0.002174,0.002213,0.002251,0.002136,0.002174,0.002213,0.002174,0.002136,0.002136,0.002136,0.002136,0.002098,0.002098,0.002060,0.002060,0.002022,0.002060,0.001984,0.001984,0.001984,0.001984,0.002022,0.001945,0.001945,0.001945,0.001869,0.001945,0.001907,0.001907,0.001945,0.001945,0.001907,0.001907,0.001984,0.001984,0.002022,0.002060,0.001984,0.002022,0.002060,0.002060,0.002060,0.002060,0.002174,0.002136,0.002098,0.002136,0.002213,0.002213,0.002174,0.002251,0.002174,0.002251,0.002289,0.002251,0.002289,0.002251,0.002327,0.002251,0.002327,0.002251,0.002251,0.002251,0.002251,0.002251,0.002289,0.002251,0.002174,0.002251,0.002289,0.002251,0.002251,0.002213,0.002251,0.002251,0.002213,0.002213,0.002213,0.002213,0.002251,0.002213,0.002251,0.002213,0.002213,0.002251,0.002289,0.002213,0.002213,0.002251,0.002213,0.002251,0.002213,0.002213,0.002213,0.002174,0.002251,0.002213,0.002213,0.002213,0.002251,0.002289,0.002213,0.002251,0.002213,0.002251,0.002213,0.002213,0.002213,0.002251,0.002289,0.002174,0.002289,0.002213,0.002251,0.002289,0.002289,0.002289,0.002289,0.002251,0.002213,0.002251,0.002251,0.002213,0.002289,0.002213,0.002213,0.002213,0.002136,0.002213,0.002174,0.002213,0.002174,0.002174,0.002174,0.002098,0.002136,0.002174,0.002136,0.002136,0.002174,0.002136,0.002136,0.002136,0.002098,0.002098,0.002098,0.002060,0.002136,0.002098,0.002136,0.002060,0.002060,0.002060,0.002022,0.002060,0.002022,0.002022,0.001984,0.001945,0.001945,0.001907,0.001984,0.001945,0.001907,0.001869,0.001869,0.001907,0.001831,0.001831,0.001831,0.001831,0.001831,0.001869,0.001831,0.001793,0.001869,0.001831,0.001869,0.001831,0.001869,0.001831,0.001869,0.001869,0.001869,0.001907,0.001869,0.001831,0.001945,0.001945,0.002022,0.001945,0.001907,0.002060,0.002022,0.002022,0.001984,0.002022,0.002022,0.001984,0.002060,0.002060,0.002060,0.002022,0.002060,0.002060,0.002022,0.002060,0.002022,0.002060,0.002060,0.002098,0.002098,0.002022,0.002136,0.002136,0.002213,0.002136,0.002098,0.002213,0.002174,0.002213,0.002213,0.002251,0.002213,0.002174,0.002213,0.002174,0.002213,0.002213,0.002213,0.002174,0.002174,0.002213,0.002213,0.002213,0.002213,0.002174,0.002136,0.002136,0.002213,0.002136,0.002136,0.002060,0.002060,0.002098,0.001984,0.002022,0.001984,0.002022,0.001984,0.001984,0.001945,0.001945,0.002022,0.001945,0.001907,0.001984,0.001945,0.001984,0.001869,0.001945,0.001945,0.001984,0.001945,0.001907,0.001907,0.001945,0.001945,0.001907,0.001984,0.001945,0.001907,0.001945,0.001945,0.001945,0.001945,0.001907,0.001907,0.001907,0.001945,0.001907,0.001907,0.001945,0.001907,0.001984,0.001945,0.001907,0.001907,0.001907,0.001984,0.001945,0.001945,0.001984,0.002022,0.001984,0.001984,0.001984,0.002060,0.002022,0.001984,0.002060,0.002098,0.002098,0.002060,0.001984,0.002098,0.002098,0.002136,0.002098,0.002098,0.002098,0.002098,0.002060,0.002060,0.002136,0.002136,0.002098,0.002098,0.002136,0.002136,0.002098,0.002098,0.002060,0.002098,0.002136,0.002136,0.002136,0.002098,0.002060,0.002060,0.002098,0.002098,0.002060,0.002098,0.002098,0.002060,0.002098,0.002098,0.002098,0.002098,0.002098,0.002060,0.002098,0.002060,0.002098,0.002098,0.002098,0.002060,0.002060,0.002022,0.002060,0.002060,0.002060,0.002098,0.002022,0.002022,0.002060,0.002060,0.001984,0.002022,0.001984,0.001945,0.001945,0.001984,0.001945,0.001945,0.001984,0.001945,0.001907,0.001984,0.001945,0.001984,0.001945,0.001984,0.001984,0.001907,0.001907,0.001869,0.001945,0.001907,0.001984,0.001984,0.002022,0.001945,0.001945,0.002060,0.001984,0.001984,0.002022,0.002022,0.001984,0.002022,0.002060,0.002022
43,19:00:00.000,12/31/1903,0.000000,0.100000,UNKNOWN,1,0/0,0.000000,0.000000,0.000000,0.000000,0.000000,0.000000,0.000000,0.000000,0,0,0,0,0.002136,0.002098,0.002098,0.002060,0.002136,0.002098,0.002174,0.002174,0.002098,0.002098,0.002098,0.002174,0.002174,0.002098,0.002098,0.002060,0.002060,0.002098,0.002060,0.002060,0.002060,0.002060,0.002098,0.002022,0.002060,0.002060,0.002098,0.002098,0.002060,0.002060,0.002022,0.002060,0.002060,0.002022,0.002060,0.002022,0.002098,0.002098,0.002098,0.002098,0.002022,0.002060,0.002060,0.002022,0.001984,0.002022,0.002022,0.002060,0.002022,0.002022,0.002022,0.001984,0.002060,0.001984,0.002022,0.002022,0.002022,0.001984,0.002022,0.002022,0.001984,0.002022,0.001984,0.001984,0.002022,0.002022,0.001984,0.001945,0.001984,0.001984,0.001984,0.001984,0.001984,0.001984,0.001945,0.001984,0.001945,0.001984,0.001945,0.001907,0.001945,0.001907,0.001907,0.001945,0.001945,0.001945,0.001907,0.001907,0.002022,0.001945,0.001945,0.001984,0.001984,0.001945,0.001907,0.001945,0.001907,0.001945,0.001945,0.001945,0.001984,0.001984,0.001984,0.001984,0.001984,0.001984,0.001907,0.002022,0.002022,0.002022,0.001984,0.001984,0.002022,0.001945,0.001984,0.001984,0.002022,0.001945,0.001945,0.001984,0.001984,0.001984,0.002060,0.001984,0.002022,0.001945,0.001984,0.001984,0.002022,0.002022,0.001984,0.002022,0.002060,0.002060,0.002022,0.002022,0.002022,0.002060,0.001984,0.002022,0.001984,0.002098,0.002022,0.001984,0.001984,0.001984,0.002022,0.002022,0.001984,0.002022,0.001984,0.002022,0.001984,0.002022,0.002022,0.002022,0.002022,0.002098,0.002098,0.002060,0.002060,0.002136,0.002060,0.002098,0.002060,0.002022,0.002022,0.002060,0.002060,0.002022,0.002060,0.002060,0.002060,0.002060,0.002022,0.002098,0.002098,0.002060,0.002136,0.002060,0.002060,0.002060,0.002060,0.002174,0.002136,0.002098,0.002098,0.002098,0.002060,0.002022,0.002098,0.002060,0.002022,0.002060,0.002022,0.002060,0.002060,0.002060,0.002022,0.002022,0.002060,0.002060,0.002022,0.002060,0.002022,0.002022,0.002022,0.002060,0.001984,0.002060,0.002098,0.002022,0.002060,0.002060,0.002098,0.002098,0.002022,0.002060,0.002060,0.002060,0.002022,0.002060,0.002136,0.002098,0.002060,0.002060,0.002060,0.002060,0.002022,0.002098,0.002098,0.002098,0.002098,0.002098,0.002098,0.002098,0.002060,0.002098,0.002136,0.002136,0.002060,0.002136,0.002136,0.002136,0.002098,0.002098,0.002060,0.002098,0.002098,0.002060,0.002098,0.002060,0.002022,0.002022,0.002098,0.002098,0.002060,0.002060,0.002098,0.002022,0.002060,0.002022,0.002022,0.002060,0.002060,0.002060,0.002060,0.002060,0.002060,0.002098,0.002022,0.001984,0.002022,0.002060,0.002022,0.002022,0.002022,0.002022,0.002060,0.002022,0.002022,0.002060,0.002022,0.002022,0.001945,0.002022,0.001984,0.002022,0.002022,0.001984,0.001984,0.001984,0.001984,0.002022,0.001984,0.002022,0.001984,0.001984,0.001984,0.001984,0.001984,0.001945,0.001984,0.001984,0.002022,0.001984,0.001945,0.002022,0.001984,0.001945,0.001984,0.001984,0.002022,0.001984,0.002022,0.002022,0.002022,0.002060,0.001984,0.001984,0.001945,0.001945,0.002022,0.001945,0.001984,0.002022,0.001984,0.001945,0.001984,0.002022,0.001945,0.001945,0.001984,0.001945,0.001984,0.002022,0.001984,0.001984,0.001945,0.001945,0.001907,0.001984,0.001984,0.001984,0.002060,0.001984,0.002022,0.001984,0.002022,0.002022,0.002022,0.001945,0.001907,0.001984,0.002022,0.001984,0.002022,0.001984,0.002022,0.001984,0.002022,0.002022,0.002022,0.001984,0.002022,0.002022,0.002060,0.001945,0.002022,0.002022,0.001945,0.002022,0.002022,0.001945,0.002022,0.001984,0.001984,0.002022,0.002022,0.002022,0.001984,0.001984,0.002022,0.002060,0.002022,0.002060,0.002060,0.002060,0.002022,0.002022,0.002060,0.002022,0.002022,0.002060,0.002022,0.001984,0.002022,0.002060,0.002022,0.002022,0.002060,0.002098,0.001984,0.002098,0.002060,0.002060,0.002060,0.002060,0.002098,0.002060,0.002022,0.002022,0.002098,0.002098,0.002060,0.002098,0.002098,0.002174,0.002098,0.002136,0.002174,0.002098,0.002098,0.002136,0.002136,0.002098,0.002136,0.002098,0.002098,0.002136,0.002136,0.002060,0.002136,0.002060,0.002098,0.002136,0.002098,0.002136,0.002060,0.002060,0.002098,0.002060,0.002098,0.002022,0.002022,0.002060,0.002136,0.002098,0.002022,0.002022,0.002098,0.002060,0.002022,0.002022,0.002022,0.002022,0.002022,0.002060,0.001984,0.002022,0.001984,0.001984,0.002022,0.001984,0.001984,0.001984,0.001984,0.001984,0.002022,0.001984,0.001945,0.001984,0.001984,0.002022,0.001984,0.001907,0.002022,0.001945,0.001945,0.001984,0.001907,0.001907,0.001984,0.001945,0.001945,0.001907,0.001907,0.001945,0.001945,0.001907,0.001907,0.001945,0.001984,0.001984,0.001945,0.001945,0.001984,0.001945,0.001945,0.001907,0.001945,0.001984,0.001984,0.001945,0.001907,0.001945,0.001945,0.001907,0.001984,0.001907,0.001945,0.001945,0.001984,0.001984,0.001945,0.001945,0.001945,0.001945,0.001945,0.001945,0.001907,0.001945,0.001907,0.001945,0.001984,0.002022,0.002022,0.001984,0.001945,0.001945,0.001984,0.001984,0.001984,0.001984,0.001945,0.001984,0.001945,0.001984,0.002022,0.001984,0.002022,0.002022,0.002022,0.002022,0.001984,0.002022,0.002060,0.002022,0.001984,0.002022,0.002022,0.002022,0.002098,0.001984,0.002022,0.002098,0.002022,0.002022,0.002060,0.002060,0.002136,0.002136,0.002098,0.002022,0.002022,0.002098,0.002098,0.002098,0.002098,0.002098,0.002060,0.002060,0.002060,0.002060,0.002098,0.002098,0.002098,0.002098,0.002060,0.002098,0.002060,0.002098,0.002136,0.002098,0.002098,0.002022,0.002098,0.002098,0.002060,0.002060,0.002060,0.002136,0.002098,0.002098,0.002022,0.002022,0.002060,0.002022,0.002022,0.002022,0.002022,0.002060,0.001984,0.002022,0.002022,0.002060,0.002098,0.001984,0.002022,0.001984,0.001984,0.002022,0.001984,0.001945,0.001907,0.001945,0.001984,0.001945,0.001984,0.001984,0.002060,0.001984,0.001984,0.001984,0.002022,0.002022,0.001984,0.001984,0.001984,0.001945,0.001984,0.001945,0.001945,0.001945,0.001945,0.002060,0.002022,0.002022,0.002022,0.001984,0.001984,0.001984,0.001984,0.002022,0.001945,0.002060,0.002060,0.001984,0.002022,0.001984,0.001984,0.001984,0.001984,0.001945,0.001907,0.002022,0.001984,0.001984,0.001945,0.001984,0.001984,0.001945,0.001984,0.001945,0.001907,0.001945,0.001984,0.001984,0.001907,0.001984,0.001945,0.001945,0.001984,0.001984,0.001984,0.001945,0.001945,0.001945,0.001984,0.001984,0.001984,0.001984,0.002022,0.001984,0.002022,0.001945,0.001945,0.001907,0.001907,0.001945,0.001907,0.001945,0.001907,0.001869,0.001945,0.001869,0.001869,0.001869,0.001869,0.001869,0.001831,0.001831,0.001793,0.001755,0.001755,0.001755,0.001717,0.001678,0.001640,0.001640,0.001564,0.001564,0.001526,0.001564,0.001488,0.001488,0.001488,0.001450,0.001411,0.001411,0.001373,0.001411,0.001450,0.001411,0.001450,0.001526,0.001526,0.001602,0.001678,0.001831,0.001945,0.002174,0.002327,0.002556,0.002747,0.002975,0.003281,0.003548,0.003929,0.004196,0.004539,0.004921,0.005302,0.005646,0.005989,0.006371,0.006638,0.006905,0.007172,0.007324,0.007439,0.007401,0.007362,0.007248,0.006981,0.006638,0.006294,0.005798,0.005341,0.004768,0.004234,0.003624,0.003052,0.002441,0.001831,0.001259,0.000648,0.000076,-0.000534,-0.001183,-0.001755,-0.002403,-0.003014,-0.003548,-0.004082,-0.004501,-0.004883,-0.005188,-0.005341,-0.005455,-0.005341,-0.005302,-0.005074,-0.004768,-0.004387,-0.004044,-0.003471,-0.002937,-0.002441,-0.001869,-0.001411,-0.000839,-0.000420,0.000000,0.000343,0.000763,0.001068,0.001373,0.001564,0.001831,0.001984,0.002098,0.002213,0.002289,0.002403,0.002480,0.002518,0.002594,0.002670,0.002785,0.002823,0.002861,0.002975,0.002975,0.003052,0.003014,0.003204,0.003242,0.003242,0.003395,0.003395,0.003548,0.003624,0.003738,0.003967,0.004044,0.004158,0.004272,0.004425,0.004463,0.004539,0.004692,0.004692,0.004692,0.004692,0.004654,0.004616,0.004578,0.004539,0.004463,0.004387,0.004349,0.004196,0.004082,0.004005,0.003891,0.003777,0.003624,0.003471,0.003357,0.003242,0.003128,0.003014,0.002899,0.002708,0.002632,0.002632,0.002480,0.002403,0.002251,0.002174,0.002174,0.002098,0.002098,0.001945,0.001907,0.001907,0.001793,0.001793,0.001717,0.001717,0.001717,0.001678,0.001717,0.001678,0.001717,0.001755,0.001717,0.001793,0.001869,0.001907,0.001869,0.001869,0.001945,0.001984,0.002022,0.002022,0.001984,0.001945,0.001945,0.001869,0.001831,0.001869,0.001755,0.001755,0.001793,0.001717,0.001717,0.001678,0.001717,0.001717,0.001678,0.001717,0.001640,0.001678,0.001602,0.001526,0.001526,0.001488,0.001411,0.001373,0.001411,0.001335,0.001335,0.001373,0.001411,0.001411,0.001450,0.001564,0.001640,0.001678,0.001717,0.001755,0.001793,0.001831,0.001831,0.001869,0.001907,0.001793,0.001755,0.001793,0.001755,0.001793,0.001755,0.001793,0.001793,0.001831,0.001831,0.001831,0.001907,0.001907,0.001945,0.001945,0.001907,0.001945,0.001945,0.001907,0.001907,0.001869,0.001831,0.001831,0.001831,0.001793,0.001755,0.001793,0.001793,0.001793,0.001793,0.001831,0.001869,0.001869,0.001945,0.001945,0.002098,0.002098,0.002136,0.002289,0.002327,0.002403,0.002441,0.002518,0.002518,0.002556,0.002556,0.002518,0.002556,0.002518,0.002327,0.002403,0.002289,0.002251,0.002174,0.002060,0.002060,0.001907,0.001869,0.001831,0.001831,0.001831,0.001755,0.001755,0.001793,0.001831,0.001793,0.001831,0.001831,0.001869,0.001831,0.001869,0.001755,0.001793,0.001755,0.001717,0.001678,0.001602,0.001526,0.001488,0.001488,0.001488,0.001411,0.001373,0.001373,0.001373,0.001335,0.001335,0.001297,0.001335,0.001373,0.001335,0.001259,0.001335,0.001335,0.001335,0.001373,0.001411,0.001488,0.001450,0.001526,0.001526,0.001640,0.001717,0.001717,0.001831,0.001945,0.001984,0.002060,0.002136,0.002213,0.002289,0.002365,0.002480,0.002518,0.002556,0.002632,0.002632,0.002670,0.002670,0.002747,0.002670,0.002747,0.002708,0.002747,0.002747,0.002708,0.002670,0.002594,0.002632,0.002632,0.002594,0.002556,0.002594,0.002556,0.002556,0.002594,0.002556,0.002518,0.002518,0.002518,0.002518,0.002441,0.002403,0.002365,0.002365,0.002365,0.002251,0.002251,0.002174,0.002136,0.002098,0.002174,0.002174,0.002098,0.002136,0.002060,0.002098,0.002098,0.002098,0.002098,0.002136,0.002060,0.002060,0.002098,0.002060,0.002098,0.002060,0.002022,0.002098,0.002022,0.002060,0.002022,0.002060,0.002022,0.002022,0.002060,0.002060,0.002060,0.002136,0.002174,0.002174,0.002213,0.002289,0.002289,0.002365,0.002403,0.002441,0.002518,0.002480,0.002518,0.002556,0.002518,0.002556,0.002518,0.002518,0.002480,0.002518,0.002403,0.002327,0.002289,0.002213,0.002174,0.002060,0.001984,0.001945,0.001907,0.001831,0.001793,0.001717,0.001717,0.001755,0.001640,0.001640,0.001640,0.001678,0.001678,0.001678,0.001717,0.001717,0.001831,0.001831,0.001945,0.001984,0.002022,0.002060,0.002060,0.002060,0.002098,0.002098,0.002022,0.002098,0.002098,0.002060,0.002060,0.002060,0.001984,0.001945,0.001945,0.001907,0.001869,0.001831,0.001869,0.001755,0.001755,0.001755,0.001678,0.001678,0.001717,0.001678,0.001640,0.001602,0.001602,0.001564,0.001564,0.001564,0.001526,0.001526,0.001526,0.001564,0.001526,0.001488,0.001564,0.001602,0.001602,0.001640,0.001640,0.001755,0.001793,0.001793,0.001793,0.001831,0.001869,0.001869,0.001907,0.001869,0.001945,0.002060,0.002022,0.002060,0.002022,0.002098,0.002098,0.002098,0.002060,0.002098,0.002136,0.002136,0.002136,0.002136,0.002174,0.002174,0.002136,0.002136,0.002174,0.002136,0.002213,0.002098,0.002098,0.002174,0.002098,0.002136,0.002174,0.002136,0.002098,0.002060,0.002098,0.002060,0.002060,0.002098,0.002060,0.002136,0.002136,0.002098,0.002136,0.002098,0.002136,0.002136,0.002136,0.002213,0.002174,0.002098,0.002136,0.002174,0.002060,0.002098,0.002098,0.002060,0.002060,0.002060,0.002060,0.001984,0.001945,0.001907,0.001907,0.001831,0.001831,0.001831,0.001793,0.001717,0.001717,0.001755,0.001755,0.001640,0.001678,0.001640,0.001640,0.001602,0.001640,0.001602,0.001640,0.001640,0.001640,0.001602,0.001678,0.001640,0.001602,0.001678,0.001717,0.001678,0.001717,0.001755,0.001755,0.001831,0.001869,0.001984,0.002022,0.002022,0.002060,0.002136,0.002098,0.002136,0.002213,0.002251,0.002251,0.002289,0.002327,0.002327,0.002365,0.002403,0.002403,0.002365,0.002441,0.002403,0.002403,0.002441,0.002480,0.002480,0.002441,0.002480,0.002441,0.002441,0.002441,0.002480,0.002518,0.002441,0.002441,0.002441,0.002365,0.002441,0.002403,0.002365,0.002365,0.002327,0.002289,0.002251,0.002213,0.002213,0.002213,0.002213,0.002060,0.002060,0.001984,0.001984,0.002022,0.001945,0.001907,0.001869,0.001869,0.001869,0.001869,0.001945,0.001945,0.001907,0.001984,0.002022,0.002022,0.002022,0.002136,0.002098,0.002174,0.002174,0.002174,0.002251,0.002213,0.002289,0.002251,0.002251,0.002251,0.002213,0.002213,0.002289,0.002251,0.002251,0.002174,0.002136,0.002136,0.002136,0.002060,0.002060,0.002022,0.001984,0.001984,0.001984,0.001907,0.001869,0.001869,0.001869,0.001831,0.001793,0.001831,0.001755,0.001755,0.001755,0.001717,0.001678,0.001717,0.001717,0.001678,0.001678,0.001678,0.001640,0.001640,0.001717,0.001717,0.001717,0.001717,0.001755,0.001755,0.001678,0.001717,0.001717,0.001717,0.001717,0.001755,0.001755,0.001717,0.001678,0.001755,0.001717,0.001717,0.001678,0.001678,0.001717,0.001793,0.001793,0.001755,0.001869,0.001869,0.001869,0.001907,0.001907,0.001984,0.002022,0.002022,0.002022,0.002136,0.002213,0.002251,0.002174,0.002213,0.002251,0.002251,0.002251,0.002213,0.002213,0.002213,0.002174,0.002251,0.002251,0.002213,0.002251,0.002174,0.002136,0.002174,0.002098,0.002098,0.002060,0.002022,0.002060,0.002098,0.002022,0.002060,0.001984,0.002060,0.002022,0.002060,0.001984,0.002022,0.002098,0.002060,0.002060,0.002022,0.002098,0.002022,0.002022,0.002022,0.001984,0.002060,0.002022,0.002098,0.002098,0.002022,0.001984,0.002022,0.002060,0.002060,0.002098,0.002060,0.002060,0.002022,0.002060,0.002060,0.002136,0.002136,0.002098,0.002136,0.002136,0.002136,0.002098,0.002098,0.002098,0.002098,0.002174,0.002136,0.002136,0.002098,0.002098,0.002060,0.002060,0.002022,0.002022,0.001984,0.002022,0.002022,0.001945,0.001984,0.001984,0.001984,0.001907,0.001945,0.001945,0.001984,0.001984,0.001984,0.001945,0.001907,0.001984,0.001984,0.001984,0.001984,0.001945,0.001945,0.001907,0.001984,0.002060,0.002022,0.002060,0.002022,0.002060,0.002098,0.002060,0.002098,0.002060,0.002098,0.002136,0.002060,0.002060,0.002098,0.002060,0.002136,0.002098,0.002098,0.002098,0.002060,0.002022,0.002022,0.002022,0.001945,0.001945,0.001984,0.001831,0.001831,0.001907,0.001869,0.001869,0.001831,0.001831,0.001755,0.001755,0.001755,0.001831,0.001869,0.001793,0.001831,0.001831,0.001869,0.001869,0.001869,0.001907,0.001907,0.001907,0.001945,0.001945,0.002022,0.002022,0.001984,0.001984,0.002022,0.002098,0.001984,0.002022,0.002022,0.002022,0.002060,0.002022,0.001984,0.001984,0.002022,0.001945,0.001984,0.001984,0.002022,0.001984,0.001945,0.001945,0.001907,0.001945,0.001907,0.001907,0.001831,0.001907,0.001869,0.001831,0.001869,0.001831,0.001831,0.001793,0.001869,0.001831,0.001831,0.001907,0.001869,0.001831,0.001869,0.001945,0.001984,0.001984,0.001984,0.002022,0.002060,0.002022,0.002022,0.002060,0.002098,0.002098,0.002098,0.002060,0.002098,0.002098,0.002174,0.002174,0.002174,0.002213,0.002213,0.002251,0.002251,0.002213,0.002251,0.002213,0.002251,0.002251,0.002213,0.002213,0.002213,0.002174,0.002213,0.002213,0.002213,0.002213,0.002174,0.002136,0.002136,0.002136,0.002136,0.002060,0.002022,0.002098,0.002098,0.002060,0.002060,0.002060,0.002022,0.001984,0.002022,0.001984,0.001984,0.001984,0.001984,0.002022,0.001907,0.001984,0.001945,0.001984,0.001907,0.001945,0.001945,0.001945,0.001945,0.002060,0.002060,0.002098,0.002174,0.002174,0.002213,0.002251,0.002289,0.002365,0.002403,0.002441,0.002480,0.002480,0.002441,0.002556,0.002556,0.002632,0.002594,0.002594,0.002670,0.002670,0.002670,0.002556,0.002594,0.002594,0.002556,0.002518,0.002441,0.002403,0.002441,0.002365,0.002289,0.002327,0.002251,0.002213,0.002213,0.002136,0.002136,0.002098,0.002022,0.002022,0.001984,0.001907,0.001831,0.001755,0.001678,0.001602,0.001526,0.001373,0.001297,0.001221,0.001106,0.001068,0.000954,0.000877,0.000839,0.000839,0.000801,0.000839,0.000839,0.000877,0.000954,0.000992,0.001106,0.001144,0.001221,0.001259,0.001373,0.001450,0.001640,0.001717,0.001831,0.001907,0.001945,0.001984,0.002060,0.002174,0.002174,0.002251,0.002289,0.002213,0.002289,0.002289,0.002327,0.002289,0.002213,0.002289,0.002289,0.002213,0.002174,0.002174,0.002174,0.002136,0.002098,0.002060,0.002136,0.002060,0.002098,0.002136,0.002098,0.002098,0.002136,0.002174,0.002213,0.002213,0.002251,0.002365,0.002327,0.002365,0.002403,0.002441,0.002403,0.002441,0.002518,0.002441,0.002441,0.002480,0.002441,0.002403,0.002403,0.002327,0.002327,0.002327,0.002251,0.002289,0.002213,0.002174,0.002136,0.002136,0.002060,0.002060,0.002022,0.001945,0.001945,0.001907,0.001907,0.001907,0.001907,0.001907,0.001869,0.001907,0.001793,0.001831,0.001907,0.001831,0.001869,0.001831,0.001869,0.001945,0.001869,0.001945,0.001907,0.001984,0.001945,0.001907,0.001945,0.001907,0.001945,0.001907,0.001869,0.001907,0.001907,0.001945,0.001945,0.001831,0.001869,0.001869,0.001869,0.001907,0.001869,0.001945,0.001945,0.001907,0.001869,0.001945,0.001945,0.001945,0.001945,0.001984,0.001984,0.001945,0.001907,0.002022,0.001984,0.002060,0.001984,0.002022,0.001984,0.002060,0.002098,0.002098,0.002098,0.002098,0.002136,0.002174,0.002251,0.002213,0.002174,0.002251,0.002289,0.002289,0.002251,0.002289,0.002365,0.002327,0.002289,0.002251,0.002289,0.002251,0.002251,0.002289,0.002289,0.002289,0.002251,0.002213,0.002213,0.002174,0.002213,0.002136,0.002174,0.002098,0.002098,0.002098,0.002098,0.002060,0.002022,0.002060,0.001984,0.002022,0.002060,0.002022,0.002022,0.002022,0.002060,0.002060,0.002060,0.002022,0.002022,0.002060,0.002098,0.002098,0.002060,0.002060,0.002136,0.002098,0.002136,0.002136,0.002136,0.002174,0.002174,0.002213,0.002289,0.002251,0.002289,0.002289,0.002289,0.002327,0.002327,0.002327,0.002327,0.002327,0.002327,0.002327,0.002365,0.002289,0.002289,0.002251,0.002251,0.002251,0.002136,0.002136,0.002136,0.002098,0.002060,0.001984,0.001984,0.001984,0.001945,0.001907,0.001869,0.001869,0.001793,0.001831,0.001869,0.001869,0.001793,0.001793,0.001793,0.001831,0.001793,0.001755,0.001717,0.001793,0.001793,0.001755,0.001717,0.001755,0.001755,0.001717,0.001755,0.001755,0.001793,0.001793,0.001717,0.001793,0.001831,0.001793,0.001831,0.001831,0.001831,0.001831,0.001869,0.001907,0.001945,0.001907,0.001907,0.001945,0.001984,0.001984,0.001984,0.002022,0.002022,0.002022,0.002060,0.002060,0.002098,0.002136,0.002060,0.002098,0.002136,0.002136,0.002098,0.002174,0.002174,0.002174,0.002098,0.002060,0.002136,0.002136,0.002098,0.002060,0.002060,0.002060,0.002060,0.002060,0.002098,0.002022,0.002022,0.002060,0.002060,0.002098,0.002060,0.002060,0.002098,0.002098,0.002098,0.002060,0.002060,0.002098,0.002060,0.002022,0.002022,0.002098,0.002060,0.002136,0.002098,0.002060,0.002060,0.002098,0.002098,0.002022,0.002022,0.001984,0.001984,0.001984,0.001907,0.001945,0.001907,0.001869,0.001793,0.001831,0.001869,0.001869,0.001793,0.001755,0.001755,0.001755,0.001755,0.001793,0.001831,0.001831,0.001869,0.001831,0.001907,0.001869,0.001869,0.001907,0.001945,0.001945,0.001907,0.001945,0.002022,0.002060,0.001984,0.002022,0.002060,0.002060,0.002060,0.002060,0.002022,0.002060,0.002022,0.002022,0.001984,0.002060,0.002022,0.002022,0.001984,0.001984,0.002022,0.001984,0.001984,0.001984,0.001984,0.001984,0.002022,0.001984,0.001945,0.001984,0.002022,0.002022,0.002060,0.002060,0.002022,0.002060,0.002174,0.002136,0.002174,0.002136,0.002098,0.002136,0.002098,0.002213,0.002251,0.002213,0.002174,0.002213,0.002251,0.002174,0.002136,0.002174,0.002213,0.002251,0.002174,0.002213,0.002098,0.002136,0.002098,0.002098,0.002098,0.002098,0.002098,0.002060,0.002060,0.002022,0.002022,0.002060,0.002022,0.002022,0.002022,0.001984,0.002022,0.001984,0.002022,0.001984,0.002022,0.002060,0.001984,0.002022,0.002060,0.002060,0.002098,0.002060,0.002136,0.002136,0.002136,0.002136,0.002213,0.002174,0.002136,0.002174,0.002136,0.002136,0.002174,0.002174,0.002136,0.002213,0.002213,0.002213,0.002174,0.002251,0.002213,0.002174,0.002174,0.002098,0.002098,0.002136,0.002098,0.002098,0.002060,0.002098,0.002022,0.002022,0.002022,0.001984,0.001945,0.001945,0.001907,0.001869,0.001907,0.001831,0.001793,0.001755,0.001793,0.001717,0.001717,0.001640,0.001717,0.001678,0.001717,0.001717,0.001678,0.001602,0.001602,0.001640,0.001640,0.001602,0.001602,0.001640,0.001678,0.001717,0.001640,0.001564,0.001640,0.001640,0.001717,0.001678,0.001678,0.001678,0.001678,0.001678,0.001678,0.001717,0.001717,0.001678,0.001717,0.001717,0.001755,0.001755,0.001755,0.001755,0.001755,0.001831,0.001831,0.001831,0.001869,0.001869,0.001945,0.001945,0.001945,0.001984,0.002022,0.002022,0.002022,0.002060,0.002136,0.002174,0.002098,0.002136,0.002213,0.002174,0.002213,0.002213,0.002289,0.002327,0.002289,0.002289,0.002289,0.002327,0.002327,0.002251,0.002289,0.002289,0.002289,0.002327,0.002327,0.002289,0.002251,0.002289,0.002251,0.002213,0.002289,0.002213,0.002213,0.002174,0.002136,0.002136,0.002174,0.002136,0.002136,0.002098,0.002136,0.002022,0.002060,0.002022,0.001984,0.002022,0.001984,0.001945,0.001945,0.001945,0.001984,0.001907,0.002022,0.001945,0.001945,0.001945,0.001907,0.001984,0.001984,0.001945,0.001907,0.001945,0.002022,0.001907,0.001945,0.001907,0.001945,0.001907,0.001869,0.001945,0.001907,0.001907,0.001907,0.001907,0.001907,0.001831,0.001831,0.001907,0.001869,0.001831,0.001793,0.001869,0.001869,0.001869,0.001907,0.001907,0.001907,0.001869,0.001945,0.001984,0.001907,0.001945,0.001945,0.002022,0.002060,0.002022,0.002060,0.002022,0.002060,0.002060,0.002060,0.002060,0.002060,0.002098,0.002060,0.002060,0.002060,0.002098,0.002060,0.002022,0.002060,0.002022,0.002022,0.002022,0.002022,0.002022,0.002060,0.002022,0.002060,0.002022,0.002060,0.002022,0.002098,0.002060,0.002022,0.002136,0.002098,0.002060,0.002098,0.002136,0.002136,0.002174,0.002213,0.002136,0.002136,0.002174,0.002174,0.002136,0.002213,0.002136,0.002174,0.002174,0.002098,0.002136,0.002136,0.002098,0.002136,0.002136,0.002098,0.002060,0.002098,0.002060,0.002060,0.002060,0.002098,0.002060,0.002060,0.002022,0.002098,0.002060,0.002098,0.002098,0.002022,0.002022,0.002022,0.002060,0.002098,0.002136,0.002136,0.002098,0.002098,0.002060,0.002022,0.001984,0.002060,0.002022,0.001984,0.002022,0.002022,0.001945,0.001945,0.001945,0.001984,0.001984,0.001907,0.001907,0.001869,0.001907,0.001831,0.001907,0.001869,0.001907,0.001907,0.001869,0.001869,0.001907,0.001869,0.001907,0.001869,0.001869,0.001869,0.001831,0.001869,0.001793,0.001831,0.001831,0.001869,0.001907,0.001907,0.001869,0.001831,0.001907,0.001869,0.001831,0.001945,0.001945,0.001945,0.001869,0.001869,0.001945,0.001945,0.001945,0.001907,0.001984,0.002022,0.001945,0.002022,0.002022,0.002022,0.002022,0.002060,0.002060,0.002098,0.002060,0.002060,0.002060,0.002098,0.002098,0.002136,0.002136,0.002136,0.002136,0.002136,0.002136,0.002136,0.002098,0.002136,0.002098,0.002098,0.002136,0.002136,0.002098,0.002060,0.002098,0.002136,0.002060,0.002060,0.002098,0.002098,0.002060,0.002098,0.002098,0.002098,0.002098,0.002060,0.002022,0.002060,0.002098,0.002098,0.002098,0.002098,0.002060,0.002060,0.002022,0.002136,0.002213,0.002098,0.002098,0.002098,0.002098,0.002136,0.002098,0.002060,0.002060,0.002060,0.002060,0.002060,0.002098,0.002136,0.002098,0.002136,0.002136,0.002098,0.002060,0.002098,0.002136,0.002098,0.002098,0.002060,0.002136,0.002098,0.002060,0.002098,0.002060,0.002060,0.002060,0.002098,0.002060,0.002060,0.002098,0.002060,0.002060,0.002060,0.002022,0.002060,0.002022,0.001984,0.002060,0.001984,0.002022,0.002060,0.002022,0.002022,0.002098,0.002098,0.002060,0.002060,0.002060,0.002060,0.002060,0.002022,0.002022,0.002060,0.002060,0.002060,0.002060,0.002022,0.002060,0.002060,0.002060,0.002022,0.002136,0.002098,0.002098,0.002060,0.002022,0.002098,0.002098,0.002098,0.002136,0.002060,0.002060,0.002060,0.002060,0.002136,0.002098,0.002060,0.002022,0.002060,0.002060,0.001984,0.001984,0.001984,0.001984,0.001984,0.001945,0.002022,0.002022,0.001984,0.001984,0.001984,0.001984,0.001945,0.001945,0.001945,0.001945,0.001984,0.002022,0.001984,0.001984,0.002060,0.002022,0.002022,0.002060,0.002060,0.002022,0.002060,0.002060,0.002098,0.002136,0.002174,0.002213,0.002174,0.002213,0.002213,0.002289,0.002251,0.002365,0.002327,0.002327,0.002327,0.002365,0.002365,0.002403,0.002365,0.002403,0.002365,0.002365,0.002327,0.002327,0.002289,0.002174,0.002213,0.002213,0.002098,0.002098,0.002060,0.002060,0.001984,0.001945,0.001945,0.001869,0.001869,0.001793,0.001831,0.001755,0.001755,0.001793,0.001755,0.001755,0.001793,0.001678,0.001793,0.001793,0.001793,0.001793,0.001831,0.001907,0.001831,0.001869,0.001907,0.001907,0.001945,0.001984,0.002022,0.002022,0.001984,0.002098,0.002098,0.002022,0.002022,0.002060,0.002022,0.001945,0.002022,0.001945,0.001984,0.001945,0.001907,0.001907,0.001945,0.001907,0.001907,0.001945,0.001984,0.001945,0.001945,0.001984,0.002022,0.002022,0.002060,0.002060,0.002060,0.002098,0.002060,0.002060,0.002174,0.002136,0.002136,0.002136,0.002098,0.002136,0.002174,0.002213,0.002251,0.002251,0.002251,0.002213,0.002289,0.002213,0.002251,0.002289,0.002213,0.002213,0.002213,0.002213,0.002213,0.002251,0.002136,0.002136,0.002174,0.002213,0.002136,0.002136,0.002174,0.002174,0.002136,0.002174,0.002213,0.002213,0.002251,0.002289,0.002251,0.002289,0.002251,0.002251,0.002213,0.002251,0.002174,0.002213,0.002174,0.002098,0.002098,0.002136,0.002136,0.002098,0.002022,0.001945,0.001984,0.001984,0.001907,0.001907,0.001907,0.001945,0.001869,0.001831,0.001831,0.001831,0.001831,0.001793,0.001755,0.001717,0.001717,0.001755,0.001755,0.001755,0.001755,0.001717,0.001717,0.001717,0.001793,0.001755,0.001793,0.001755,0.001755,0.001831,0.001793,0.001793,0.001869,0.001907,0.001907,0.001907,0.001945,0.001907,0.001945,0.001984,0.001984,0.002060,0.002022,0.002060,0.002022,0.002022,0.002098,0.002022,0.002022,0.001984,0.002060,0.002060,0.002098,0.002060,0.002022,0.002098,0.002098,0.002098,0.002060,0.002060,0.002060,0.002060,0.002022,0.002022,0.002022,0.002022,0.002022,0.002098,0.002022,0.001984,0.002060,0.002022,0.002098,0.002098,0.002060,0.002060,0.002060,0.002098,0.002098,0.002060,0.002060,0.002136,0.002136,0.002098,0.002136,0.002174,0.002136,0.002174,0.002213,0.002174,0.002136,0.002136,0.002098,0.002136,0.002213,0.002213,0.002174,0.002174,0.002098,0.002174,0.002136,0.002136,0.002174,0.002136,0.002174,0.002136,0.002136,0.002174,0.002098,0.002098,0.002098,0.002060,0.002098,0.001984,0.001984,0.001984,0.001945,0.001945,0.001907,0.001907,0.001945,0.001945,0.001984,0.001945,0.001945,0.001984,0.001984,0.002022,0.002022,0.002022,0.001984,0.001984,0.002060,0.002060,0.002060,0.002060,0.002022,0.002022,0.002060,0.001984,0.001984,0.001984,0.002022,0.001984,0.001984,0.001907,0.001907,0.001869,0.001907,0.001907,0.001831,0.001793,0.001831,0.001793,0.001831,0.001793,0.001755,0.001755,0.001831,0.001793,0.001831,0.001869,0.001869,0.001869,0.001907,0.001945,0.001984,0.001984,0.001984,0.002060,0.002060,0.002060,0.002022,0.002060,0.002098,0.002098,0.002098,0.002022,0.002060,0.002098,0.002098,0.002022,0.002060,0.002060,0.001984,0.002060,0.002022,0.001945,0.001984,0.001945,0.001984,0.001945,0.001984,0.001945,0.001907,0.001945,0.001945,0.001945,0.001945,0.001984,0.001984,0.001907,0.001907,0.001945,0.001945,0.001984,0.001984,0.001984,0.002022,0.002022,0.002022,0.001984,0.002060,0.002022,0.002098,0.002098,0.002136,0.002136,0.002136,0.002136,0.002136,0.002174,0.002174,0.002174,0.002174,0.002213,0.002213,0.002213,0.002213,0.002289,0.002213,0.002251,0.002289,0.002174,0.002213,0.002213,0.002136,0.002136,0.002136,0.002136,0.002098,0.002098,0.002098,0.002098,0.002060,0.002060,0.002022,0.002022,0.001984,0.002022,0.001984,0.002022,0.002022,0.001984,0.001984,0.001984,0.001945,0.001984,0.001945,0.001984,0.001907,0.001945,0.001984,0.001945,0.001984,0.001984,0.002022,0.001907,0.001945,0.001945,0.001869,0.001869,0.001869,0.001831,0.001869,0.001793,0.001793,0.001755,0.001793,0.001755,0.001717,0.001793,0.001755,0.001755,0.001755,0.001717,0.001755,0.001717,0.001755,0.001793,0.001755,0.001793,0.001793,0.001793,0.001831,0.001831,0.001793,0.001793,0.001869,0.001831,0.001831,0.001869,0.001907,0.001907,0.001907,0.001831,0.001869,0.001907,0.001907,0.001869,0.001907,0.001869,0.001869,0.001869,0.001869,0.001945,0.001869,0.001869,0.001869,0.001907,0.001907,0.001907,0.001907,0.001907,0.001869,0.001907,0.001945,0.001945,0.001907,0.001945,0.001907,0.001945,0.001984,0.001984,0.001984,0.001984,0.002022,0.002098,0.002022,0.002022,0.002060,0.002060,0.002060,0.002060,0.002060,0.002136,0.002136,0.002174,0.002136,0.002136,0.002136,0.002136,0.002251,0.002213,0.002213,0.002213,0.002251,0.002251,0.002251,0.002251,0.002289,0.002289,0.002327,0.002251,0.002327,0.002327,0.002403,0.002327,0.002327,0.002327,0.002327,0.002327,0.002289,0.002251,0.002251,0.002213,0.002213,0.002174,0.002174,0.002174,0.002022,0.002060,0.001984,0.001907,0.001945,0.001907,0.001869,0.001793,0.001793,0.001793,0.001755,0.001755,0.001717,0.001678,0.001678,0.001640,0.001717,0.001717,0.001717,0.001717,0.001717,0.001678,0.001755,0.001717,0.001793,0.001755,0.001755,0.001755,0.001831,0.001755,0.001831,0.001831,0.001831,0.001869,0.001907,0.001984,0.001945,0.001945,0.001945,0.001984,0.002022,0.001984,0.002022,0.002022,0.002022,0.002098,0.002060,0.002136,0.002174,0.002098,0.002098,0.002098,0.002174,0.002174,0.002213,0.002213,0.002174,0.002174,0.002213,0.002251,0.002251,0.002251,0.002251,0.002251,0.002289,0.002289,0.002289,0.002251,0.002213,0.002251,0.002251,0.002213,0.002251,0.002213,0.002213,0.002251,0.002213,0.002289,0.002213,0.002251,0.002213,0.002213,0.002251,0.002251,0.002174,0.002174,0.002213,0.002213,0.002213,0.002289,0.002213,0.002213,0.002174,0.002174,0.002136,0.002136,0.002136,0.002098,0.002136,0.002136,0.002098,0.002136,0.002098,0.002098,0.002098,0.002022,0.002060,0.002060,0.002022,0.002060,0.002060,0.002098,0.002060,0.002060,0.002060,0.001945,0.002022,0.002022,0.002060,0.002022,0.001945,0.001945,0.001945,0.001907,0.001907,0.001869,0.001945,0.001907,0.001869,0.001831,0.001793,0.001869,0.001869,0.001793,0.001831,0.001831,0.001869,0.001907,0.001907,0.001831,0.001907,0.001907,0.001907,0.001907,0.001869,0.001907,0.002022,0.001945,0.001945,0.001907,0.001907,0.001907,0.001907,0.001945,0.001907,0.001945,0.001945,0.001945,0.001984,0.001907,0.002022,0.002022,0.001984,0.001984,0.002022,0.002136,0.002060,0.002060,0.002060,0.002060,0.002098,0.002098,0.002174,0.002098,0.002136,0.002136,0.002136,0.002174,0.002213,0.002174,0.002213,0.002251,0.002251,0.002213,0.002251,0.002251,0.002213,0.002213,0.002213,0.002251,0.002174,0.002213,0.002174,0.002136,0.002136,0.002136,0.002136,0.002136,0.002098,0.002098,0.002174,0.002174,0.002136,0.002136,0.002098,0.002098,0.002098,0.002060,0.002060,0.002060,0.002060,0.002022,0.002060,0.002022,0.002060,0.002022,0.002022,0.002060,0.002060,0.002060,0.002060,0.002060,0.002022,0.002022,0.002060,0.002022,0.002060,0.002022,0.002060,0.002060,0.001984,0.002060,0.001984,0.001984,0.001945,0.001907,0.001945,0.001945,0.001945,0.001907,0.001869,0.001907,0.001831,0.001869,0.001907,0.001831,0.001869,0.001831,0.001831,0.001755,0.001831,0.001793,0.001755,0.001755,0.001831,0.001793,0.001793,0.001755,0.001755,0.001755,0.001717,0.001793,0.001793,0.001793,0.001755,0.001793,0.001831,0.001793,0.001793,0.001793,0.001869,0.001869,0.001869,0.001907,0.001907,0.001907,0.001869,0.001869,0.001945,0.001907,0.001945,0.001984,0.001984,0.001984,0.001984,0.002060,0.002060,0.002022,0.002098,0.002136,0.002136,0.002098,0.002098,0.002174,0.002174,0.002136,0.002174,0.002213,0.002213,0.002213,0.002213,0.002174,0.002251,0.002174,0.002251,0.002251,0.002251,0.002213,0.002213,0.002174,0.002251,0.002174,0.002213,0.002174,0.002136,0.002136,0.002136,0.002174,0.002136,0.002136,0.002136,0.002098,0.002136,0.002060,0.002098,0.002098,0.002136,0.002098,0.002098,0.002098,0.002098,0.002136,0.002060,0.002060,0.002060,0.002022,0.002060,0.002098,0.002022,0.002022,0.002022,0.002060,0.002022,0.002060,0.002060,0.002022,0.002060,0.002060,0.002060,0.002060,0.002060,0.002098,0.002060,0.002060,0.002060,0.002098,0.002136,0.002060,0.002098,0.002098,0.002098,0.002060,0.002060,0.002098,0.002136,0.002136,0.002136,0.002098,0.002136,0.002098,0.002136,0.002098,0.002060,0.002136,0.002136,0.002098,0.002136,0.002060,0.002098,0.002098,0.002136,0.002136,0.002060,0.002098,0.002098,0.002060,0.002098,0.002098,0.002098,0.002060,0.002060,0.002098,0.002098,0.002060,0.002098,0.002098,0.002022,0.002136,0.002098,0.002060,0.002098,0.002098,0.002098,0.002098,0.002098,0.002136,0.002098,0.002098,0.002136,0.002174,0.002174,0.002174,0.002174,0.002136,0.002098,0.002060,0.002098,0.002136,0.002098,0.002098,0.002060,0.002060,0.002022,0.001984,0.002060,0.002060,0.001945,0.001945,0.001907,0.001945,0.001907,0.001945,0.001907,0.001831,0.001907,0.001831,0.001831,0.001831,0.001793,0.001793,0.001755,0.001793,0.001793,0.001793,0.001793,0.001678,0.001755,0.001755,0.001717,0.001755,0.001717,0.001717,0.001717,0.001755,0.001755,0.001717,0.001793,0.001831,0.001831,0.001831,0.001907,0.001945,0.001945,0.001945,0.002022,0.001984,0.002022,0.002060,0.002098,0.002098,0.002136,0.002174,0.002136,0.002174,0.002136,0.002098,0.002174,0.002174,0.002136,0.002136,0.002098,0.002136,0.002098,0.002174,0.002098,0.002098,0.002060,0.002060,0.002136,0.002060,0.002022,0.002022,0.002060,0.001984,0.002022,0.001984,0.001984,0.002022,0.001984,0.001984,0.002060,0.002060,0.002060,0.002060,0.002098,0.002136,0.002174,0.002136,0.002136,0.002136,0.002174,0.002136,0.002174,0.002098,0.002174,0.002136,0.002098,0.002098,0.002060,0.002060,0.002060,0.002022,0.002022,0.001945,0.001945,0.001907,0.001869,0.001793,0.001831,0.001793,0.001755,0.001755,0.001717,0.001717,0.001640,0.001640,0.001678,0.001678,0.001602,0.001678,0.001640,0.001640,0.001640,0.001602,0.001717,0.001717,0.001755,0.001831,0.001793,0.001869,0.001869,0.001907,0.001869,0.001907,0.001907,0.001945,0.001907,0.001907,0.001907,0.001945,0.001907,0.001945,0.001907,0.001945,0.001945,0.001945,0.001945,0.001945,0.001984,0.001869,0.001907,0.001945,0.001907,0.001984,0.001945,0.001984,0.002022,0.002022,0.002098,0.002060,0.002022,0.002060,0.002060,0.002098,0.002098,0.002136,0.002136,0.002213,0.002213,0.002174,0.002136,0.002136,0.002174,0.002136,0.002174,0.002213,0.002174,0.002174,0.002174,0.002174,0.002174,0.002174,0.002213,0.002098,0.002098,0.002136,0.002098,0.002060,0.002098,0.002022,0.002060,0.002060,0.002060,0.002060,0.002060,0.002060,0.001984,0.002098,0.002022,0.002098,0.002098,0.002060,0.002060,0.002060,0.002022,0.002060,0.002098,0.002060,0.002022,0.002060,0.002022,0.002022,0.002022,0.002060,0.002022,0.001984,0.002022,0.001984,0.001945,0.001984,0.001945,0.001984,0.001945,0.001945,0.001945,0.001907,0.001907,0.001945,0.001984,0.001945,0.001907,0.001945,0.001984,0.001907,0.001945,0.001945,0.001984,0.001945,0.001984,0.001984,0.001984,0.002022,0.001984,0.002022,0.002022,0.002060,0.002022,0.002022,0.002022,0.002022,0.002022,0.002022,0.002060,0.002022,0.002022,0.002060,0.002060,0.001984,0.002060,0.002098,0.002060,0.002060,0.002098,0.002136,0.002060,0.002022,0.002060,0.002060,0.002136,0.002098,0.002098,0.002098,0.002022,0.002060,0.002022,0.002060,0.002022,0.002022,0.002022,0.002022,0.002022,0.001984,0.001984,0.001945,0.001945,0.001945,0.001907,0.001907,0.001907,0.001869,0.001907,0.001869,0.001907,0.001869,0.001831,0.001869,0.001907,0.001907,0.001793,0.001831,0.001869,0.001907,0.001907,0.001945,0.001945,0.001907,0.001869,0.001869,0.001984,0.001945,0.001945,0.001907,0.001907,0.001869,0.001907,0.001907,0.001907,0.001869,0.001907,0.001907,0.001907,0.001869,0.002022,0.001907,0.002022,0.001945,0.001945,0.001984,0.001984,0.001984,0.002060,0.001984,0.002022,0.001984,0.002060,0.002022,0.002098,0.002060,0.002022,0.002022,0.002060,0.002022,0.002060,0.002022,0.002098,0.001984,0.001984,0.002022,0.002022,0.001984,0.001945,0.001945,0.001945,0.001945,0.001945,0.001984,0.001945,0.001907,0.001907,0.001945,0.001945,0.001907,0.001984,0.001945,0.002022,0.002022,0.001984,0.002022,0.002060,0.002022,0.002098,0.002098,0.002098,0.002174,0.002060,0.002098,0.002174,0.002136,0.002098,0.002174,0.002174,0.002098,0.002213,0.002174,0.002213,0.002136,0.002136,0.002174,0.002213,0.002098,0.002136,0.002136,0.002174,0.002098,0.002136,0.002060,0.002060,0.002136,0.002060,0.002022,0.002060,0.002060,0.002060,0.002022,0.002060,0.002022,0.002060,0.002022,0.001984,0.002060,0.001984,0.001984,0.001984,0.001984,0.001984,0.001945,0.001945,0.001945,0.001984,0.001984,0.001945,0.001945,0.001907,0.001945,0.001945,0.001945,0.001945,0.001869,0.001869,0.001907,0.001907,0.001869,0.001831,0.001907,0.001907,0.001869,0.001907,0.001869,0.001907,0.001869,0.001831,0.001869,0.001831,0.001907,0.001831,0.001869,0.001907,0.001945,0.001831,0.001831,0.001831,0.001831,0.001793,0.001907,0.001831,0.001831,0.001907,0.001869,0.002022,0.001984,0.001984,0.002022,0.001907,0.001984,0.001984,0.001984,0.001984,0.001984,0.001984,0.001984,0.002060,0.002060,0.002022,0.002060,0.002060,0.002098,0.002060,0.002136,0.002174,0.002136,0.002213,0.002136,0.002136,0.002136,0.002174,0.002174,0.002174,0.002213,0.002136,0.002213,0.002174,0.002213,0.002213,0.002251,0.002174,0.002213,0.002213,0.002289,0.002174,0.002174,0.002136,0.002174,0.002174,0.002136,0.002174,0.002174,0.002098,0.002136,0.002098,0.002136,0.002136,0.002136,0.002022,0.002098,0.002098,0.002022,0.002098,0.002022,0.002060,0.002098,0.002022,0.002098,0.002060,0.002098,0.002098,0.002098,0.002060,0.002060,0.002098,0.002060,0.002060,0.002060,0.002060,0.002098,0.002136,0.002060,0.002098,0.002098,0.002060,0.002060,0.002060,0.002098,0.002136,0.002136,0.002098,0.002060,0.002060,0.002022,0.002022,0.002022,0.001984,0.001945,0.001907,0.001907,0.001869,0.001869,0.001907,0.001907,0.001831,0.001831,0.001869,0.001793,0.001831,0.001869,0.001869,0.001907,0.001869,0.001945,0.001945,0.002022,0.001984,0.002060,0.002136,0.002174,0.002174,0.002289,0.002289,0.002327,0.002327,0.002327,0.002327,0.002365,0.002365,0.002327,0.002289,0.002251,0.002251,0.002213,0.002174,0.002098,0.002098,0.002022,0.002022,0.002022,0.001907,0.001907,0.001907,0.001907,0.001869,0.001869,0.001793,0.001869,0.001907,0.001869,0.001869,0.001869,0.001945,0.001945,0.001984,0.002022,0.002060,0.002098,0.002098,0.002060,0.002098,0.002098,0.002174,0.002098,0.002098,0.002174,0.002136,0.002174,0.002136,0.002174,0.002174,0.002213,0.002136,0.002136,0.002098,0.002098,0.002136,0.002174,0.002098,0.002136,0.002136,0.002098,0.002136,0.002098,0.002098,0.002136,0.002174,0.002136,0.002098,0.002174,0.002136,0.002136,0.002136,0.002136,0.002136,0.002136,0.002213,0.002136,0.002174,0.002136,0.002174,0.002213,0.002174,0.002174,0.002136,0.002136,0.002136,0.002174,0.002136,0.002060,0.002060,0.002098,0.002136,0.002098,0.002174,0.002098,0.002060,0.002098,0.002098,0.002022,0.002098,0.002098,0.002022,0.002098,0.002060,0.002098,0.002098,0.002060,0.002060,0.002022,0.002060,0.002060,0.002022,0.002022,0.001984,0.002022,0.002022,0.001945,0.001984,0.001984,0.001945,0.001907,0.001869,0.001945,0.001907,0.001907,0.001984,0.001945,0.001945,0.001945,0.002022,0.001945,0.001945,0.001945,0.002022,0.002022,0.002022,0.002022,0.002022,0.002060,0.002060,0.002060,0.002060,0.002060,0.002060,0.002098,0.002060,0.002136,0.002098,0.002060,0.001984,0.002022,0.002022,0.002060,0.002022,0.002022,0.002060,0.001984,0.002060,0.001984,0.002022,0.001984,0.001984,0.001984,0.002022,0.002060,0.002022,0.001984,0.002022,0.001984,0.002022,0.002060,0.002060,0.002022,0.002060,0.002060,0.002060,0.002060,0.002098,0.002060,0.002098,0.002098,0.002060,0.002060,0.002022,0.002060,0.002060,0.002060,0.002022,0.002098,0.002060,0.002060,0.002060,0.002022,0.002060,0.002060,0.002060,0.002060,0.002098,0.002098,0.002136,0.002060,0.002060,0.002022,0.002098,0.002136,0.002098,0.002098,0.002098,0.002098,0.002098,0.002060,0.002060,0.002060,0.002098,0.002060,0.002060,0.002060,0.002060,0.002060,0.002022,0.002022,0.002022,0.002022,0.002098,0.002022,0.001984,0.001984,0.001984,0.002060,0.002022,0.002022,0.001984,0.002022,0.001984,0.001945,0.001945,0.001907,0.001907,0.001907,0.001945,0.001907,0.001907,0.001945,0.001945,0.001984,0.001945,0.001945,0.001907,0.001984,0.001984,0.001945,0.002022,0.002022,0.001984,0.002022,0.001984,0.001945,0.001945,0.001945,0.001984,0.001945,0.002022,0.001984,0.002022,0.002022,0.002022,0.002022,0.001984,0.001984,0.002060,0.002060,0.002022,0.002060,0.002060,0.002098,0.002136,0.002098,0.002098,0.002174,0.002174,0.002136,0.002136,0.002136,0.002136,0.002136,0.002174,0.002060,0.002174,0.002174,0.002213,0.002174,0.002174,0.002098,0.002174,0.002098,0.002136,0.002098,0.002098,0.002098,0.002136,0.002060,0.002098,0.002060,0.002022,0.002022,0.001945,0.001984,0.001984,0.001984,0.001984,0.002022,0.002022,0.001945,0.001984,0.001984,0.001945,0.001945,0.001945,0.001984,0.001945,0.001907,0.001907,0.001945,0.001869,0.001945,0.001907,0.001831,0.001869,0.001831,0.001869,0.001869,0.001831,0.001869,0.001831,0.001907,0.001907,0.001831,0.001869,0.001831,0.001869,0.001831,0.001907,0.001907,0.001869,0.001869,0.001945,0.001945,0.001907,0.001945,0.002022,0.001984,0.001984,0.002022,0.001984,0.002022,0.002060,0.002022,0.002022,0.001984,0.002098,0.002098,0.002060,0.002136,0.002136,0.002098,0.002174,0.002136,0.002098,0.002136,0.002174,0.002136,0.002098,0.002098,0.002098,0.002060,0.002060,0.002060,0.002060,0.002060,0.001984,0.002060,0.002060,0.001984,0.001984,0.001907,0.001984,0.001907,0.001907,0.001869,0.001831,0.001793,0.001755,0.001793,0.001755,0.001755,0.001755,0.001717,0.001717,0.001717,0.001717,0.001717,0.001755,0.001717,0.001755,0.001717,0.001793,0.001793,0.001831,0.001907,0.001907,0.001984,0.001945,0.001984,0.002022,0.002098,0.002098,0.002060,0.002136,0.002136,0.002136,0.002136,0.002136,0.002098,0.002136,0.002136,0.002098,0.002098,0.002136,0.002098,0.002060,0.002098,0.002098,0.002098,0.002098,0.002136,0.002136,0.002174,0.002174,0.002174,0.002174,0.002136,0.002174,0.002136,0.002136,0.002174,0.002136,0.002174,0.002136,0.002174,0.002213,0.002174,0.002251,0.002174,0.002174,0.002174,0.002136,0.002136,0.002136,0.002136,0.002098,0.002060,0.002136,0.002136,0.002060,0.002098,0.002060,0.002060,0.002022,0.002060,0.001984,0.001945,0.001945,0.001945,0.001984,0.002022,0.001984,0.001984,0.001984,0.001984,0.001984,0.001984,0.001945,0.001984,0.001984,0.001984,0.002022,0.001945,0.001907,0.001907,0.001869,0.001869,0.001869,0.001945,0.001907,0.001907,0.001869,0.001907,0.001945,0.001984,0.001984,0.002022,0.002022,0.002060,0.002060,0.002060,0.002022,0.002060,0.002060,0.001984,0.002022,0.001984,0.001869,0.001907,0.001831,0.001831,0.001793,0.001755,0.001793,0.001717,0.001755,0.001717,0.001717,0.001678,0.001717,0.001793,0.001755,0.001755,0.001793,0.001831,0.001831,0.001793,0.001831,0.001907,0.001831,0.001831,0.001869,0.001831,0.001793,0.001831,0.001793,0.001755,0.001793,0.001755,0.001793,0.001755,0.001793,0.001755,0.001793,0.001793,0.001793,0.001831,0.001869,0.001869,0.001869,0.001869,0.001907,0.001907,0.001907,0.001907,0.001907,0.001984,0.001945,0.001907,0.001945,0.001907,0.001907,0.001945,0.001945,0.001945,0.001945,0.001984,0.001984,0.002022,0.001945,0.002022,0.002060,0.002060,0.002098,0.002098,0.002098,0.002174,0.002174,0.002213,0.002289,0.002251,0.002213,0.002289,0.002289,0.002327,0.002289,0.002289,0.002289,0.002289,0.002251,0.002251,0.002251,0.002213,0.002213,0.002174,0.002174,0.002098,0.002060,0.002060,0.002022,0.001945,0.001907,0.001945,0.001907,0.001945,0.001945,0.001907,0.001945,0.001945,0.001945,0.001907,0.001984,0.001945,0.002022,0.002060,0.002098,0.002060,0.002060,0.002098,0.002098,0.002098,0.002136,0.002136,0.002136,0.002136,0.002136,0.002174,0.002136,0.002136,0.002136,0.002136,0.002098,0.002060,0.002060,0.002136,0.002098,0.002060,0.002098,0.002098,0.002060,0.002098,0.002098,0.002022,0.002136,0.002060,0.002098,0.002060,0.002060,0.002060,0.002060,0.002098,0.002098,0.002098,0.002098,0.002022,0.002060,0.002022,0.002022,0.002060,0.002098,0.002060,0.002060,0.002060,0.002098,0.002136,0.002060,0.002060,0.002060,0.002060,0.002022,0.002060,0.002022,0.002022,0.001984,0.002022,0.002022,0.002022,0.001984,0.002022,0.002022,0.002060,0.002060,0.002060,0.002060,0.002060,0.002060,0.002060,0.002098,0.002060,0.002098,0.002098,0.002022,0.002098,0.002060,0.002060,0.002060,0.002136,0.002060,0.002060,0.002060,0.002060,0.002060,0.002060,0.002022,0.002022,0.001945,0.001984,0.001984,0.002022,0.002022,0.001945,0.001984,0.002060,0.002022,0.002098,0.002022,0.002098,0.002060,0.002022,0.002060,0.002022,0.002060,0.002060,0.002098,0.002060,0.002060,0.002060,0.002022,0.002022,0.002022,0.002060,0.002022,0.002060,0.002060,0.002060,0.002060,0.002060,0.002098,0.002098,0.002060,0.002098,0.002060,0.002098,0.002060,0.002060,0.002060,0.002022,0.002060,0.002098,0.002060,0.002060,0.002060,0.002022,0.002060,0.002060,0.001984,0.002060,0.002060,0.002060,0.002022,0.002022,0.001984,0.002022,0.002060,0.002022,0.001984,0.002022,0.001984,0.002022,0.001945,0.001945,0.001907,0.001945,0.001945,0.001907,0.001869,0.001869,0.001907,0.001907,0.001869,0.001869,0.001831,0.001869,0.001869,0.001869,0.001869,0.001869,0.001869,0.001945,0.001945,0.001945,0.001945,0.001984,0.001984,0.002060,0.002060,0.002022,0.002022,0.002098,0.002060,0.002060,0.002098,0.002136,0.002136,0.002136,0.002136,0.002174,0.002174,0.002174,0.002136,0.002213,0.002213,0.002136,0.002136,0.002213,0.002213,0.002213,0.002251,0.002213,0.002213,0.002174,0.002136,0.002213,0.002136,0.002213,0.002136,0.002136,0.002136,0.002060,0.002136,0.002022,0.002022,0.002098,0.002060,0.002022,0.002022,0.002098,0.002060,0.002022,0.002022,0.002098,0.002098,0.002060,0.002060,0.002136,0.002098,0.002060,0.002136,0.002136,0.002136,0.002098,0.002136,0.002136,0.002136,0.002174,0.002136,0.002174,0.002136,0.002174,0.002174,0.002136,0.002213,0.002174,0.002174,0.002251,0.002213,0.002174,0.002136,0.002174,0.002251,0.002174,0.002136,0.002136,0.002174,0.002136,0.002136,0.002098,0.002060,0.002022,0.002022,0.002022,0.002022,0.001984,0.002022,0.001984,0.001907,0.001945,0.001907,0.001869,0.001869,0.001793,0.001831,0.001831,0.001869,0.001869,0.001755,0.001793,0.001793,0.001793,0.001793,0.001793,0.001793,0.001793,0.001793,0.001831,0.001907,0.001869,0.001869,0.001907,0.001945,0.001945,0.002022,0.002060,0.002136,0.002136,0.002136,0.002213,0.002136,0.002174,0.002174,0.002213,0.002213,0.002251,0.002251,0.002213,0.002251,0.002289,0.002251,0.002213,0.002213,0.002213,0.002251,0.002174,0.002174,0.002213,0.002136,0.002136,0.002060,0.002098,0.002174,0.002136,0.002098,0.002060,0.002060,0.002060,0.002060,0.002098,0.002060,0.002022,0.002060,0.002060,0.002060,0.002060,0.002060,0.002060,0.002098,0.002136,0.002098,0.002136,0.002174,0.002174,0.002174,0.002174,0.002136,0.002174,0.002213,0.002213,0.002251,0.002174,0.002213,0.002213,0.002098,0.002213,0.002213,0.002213,0.002213,0.002174,0.002174,0.002136,0.002136,0.002174,0.002213,0.002174,0.002136,0.002136,0.002060,0.002060,0.002136,0.002098,0.002098,0.002060,0.002098,0.002098,0.002136,0.002136,0.002136,0.002174,0.002136,0.002136,0.002098,0.002098,0.002213,0.002098,0.002136,0.002136,0.002136,0.002174,0.002098,0.002136,0.002136,0.002098,0.002098,0.002022,0.002060,0.002060,0.002022,0.002060,0.002022,0.002022,0.001984,0.001984,0.002022,0.001984,0.001907,0.001869,0.001945,0.001984,0.001945,0.001945,0.001907,0.001907,0.001945,0.001869,0.001907,0.001945,0.001945,0.001907,0.001907,0.001907,0.001945,0.001984,0.001945,0.001907,0.001945,0.001984,0.001945,0.001945,0.001945,0.001945,0.001984,0.001984,0.001984,0.002022,0.002022,0.001984,0.002022,0.002022,0.001984,0.001945,0.002022,0.001984,0.001907,0.001945,0.001984,0.001945,0.001907,0.001945,0.001907,0.001831,0.001869,0.001907,0.001907,0.001907,0.001907,0.001945,0.001907,0.001907,0.001869,0.001945,0.001945,0.001945,0.002022,0.001984,0.001984,0.001945,0.001984,0.002022,0.001945,0.002022,0.002022,0.002022,0.002022,0.002060,0.002060,0.002022,0.002060,0.002060,0.002022,0.002060,0.002022,0.001984,0.001984,0.002060,0.002098,0.002022,0.002060,0.002022,0.001984,0.002022,0.002060,0.002022,0.001945,0.002022,0.001984,0.001945,0.002022,0.001907,0.001945,0.001907,0.001945,0.001984,0.001984,0.001945,0.001907,0.001945,0.001984,0.001945,0.001945,0.001869,0.001984,0.001907,0.001907,0.001907,0.001869,0.001907,0.001945,0.001945,0.001907,0.001945,0.001945,0.001907,0.001945,0.001907,0.001945,0.001907,0.001945,0.001945,0.001984,0.002060,0.001945,0.001984,0.002022,0.001984,0.002060,0.002060,0.002022,0.002022,0.002022,0.002022,0.002022,0.002060,0.002022,0.002060,0.002022,0.002060,0.002060,0.002022,0.002060,0.002022,0.002022,0.002022,0.001984,0.002022,0.002022,0.001945,0.002022,0.002022,0.002060,0.002022,0.001984,0.002098,0.002060,0.001945,0.002022,0.002060,0.002060,0.002022,0.001984,0.002022,0.002060,0.002098,0.002098,0.002060,0.002060,0.002136,0.002098,0.002060,0.002060,0.002060,0.002098,0.002060,0.002060,0.002060,0.002098,0.002098,0.002098,0.002060,0.002098,0.002098,0.002060,0.002136,0.002174,0.002098,0.002213,0.002174,0.002174,0.002213,0.002213,0.002174,0.002174,0.002174,0.002174,0.002136,0.002174,0.002174,0.002174,0.002213,0.002213,0.002213,0.002174,0.002213,0.002174,0.002174,0.002174,0.002136,0.002136,0.002098,0.002098,0.002136,0.002060,0.002136,0.001984,0.002060,0.002022,0.002022,0.001984,0.002022,0.001984,0.001984,0.001945,0.001984,0.001984,0.001945,0.001945,0.001984,0.001945,0.001945,0.001907,0.001869,0.001907,0.001869,0.001907,0.001907,0.001907,0.001907,0.001869,0.001831,0.001869,0.001869,0.001869,0.001907,0.001869,0.001907,0.001869,0.001945,0.001907,0.001907,0.001831,0.001907,0.001945,0.001869,0.001907,0.001869,0.001945,0.001907,0.001907,0.001945,0.001945,0.001945,0.001869,0.001945,0.001984,0.001907,0.001945,0.001945,0.002022,0.001907,0.001945,0.001945,0.001945,0.001984,0.002022,0.001984,0.001984,0.001984,0.001984,0.001984,0.002060,0.001945,0.001984,0.001945,0.001984,0.002022,0.001984,0.001984,0.002060,0.002060,0.002022,0.002060,0.002060,0.002136,0.002060,0.002060,0.002098,0.002060,0.002098,0.002098,0.002136,0.002136,0.002098,0.002098,0.002136,0.002174,0.002136,0.002174,0.002098,0.002098,0.002060,0.002136,0.002060,0.002060,0.002060,0.002022,0.001984,0.001945,0.001984,0.001907,0.001831,0.001869,0.001793,0.001869,0.001831,0.001717,0.001755,0.001755,0.001755,0.001755,0.001717,0.001717,0.001678,0.001793,0.001755,0.001717,0.001755,0.001831,0.001831,0.001831,0.001831,0.001793,0.001869,0.001831,0.001831,0.001945,0.001869,0.001831,0.001869,0.001869,0.001945,0.001907,0.001869,0.001831,0.001793,0.001831,0.001831,0.001793,0.001831,0.001793,0.001793,0.001831,0.001755,0.001755,0.001755,0.001755,0.001755,0.001755,0.001755,0.001831,0.001793,0.001755,0.001793,0.001793,0.001831,0.001831,0.001793,0.001831,0.001831,0.001907,0.001907,0.001984,0.001907,0.001907,0.002022,0.001984,0.001984,0.001984,0.002060,0.002098,0.002098,0.002136,0.002060,0.002136,0.002174,0.002136,0.002174,0.002213,0.002213,0.002289,0.002251,0.002327,0.002289,0.002327,0.002289,0.002327,0.002365,0.002403,0.002403,0.002365,0.002480,0.002441,0.002403,0.002403,0.002441,0.002441,0.002441,0.002480,0.002480,0.002480,0.002480,0.002441,0.002441,0.002403,0.002403,0.002441,0.002403,0.002480,0.002441,0.002365,0.002403,0.002403,0.002365,0.002403,0.002403,0.002327,0.002327,0.002289,0.002251,0.002251,0.002213,0.002213,0.002251,0.002174,0.002174,0.002213,0.002136,0.002098,0.002136,0.002060,0.002060,0.002136,0.002022,0.002060,0.002098,0.002060,0.002060,0.002022,0.002060,0.002022,0.002060,0.002022,0.001984,0.002060,0.002060,0.002022,0.001984,0.002060,0.001984,0.001945,0.001945,0.001984,0.002022,0.001945,0.001907,0.002022,0.002022,0.001984,0.001984,0.001945,0.001945,0.001945,0.001945,0.001907,0.001869,0.001831,0.001869,0.001831,0.001831,0.001869,0.001869,0.001793,0.001793,0.001793,0.001831,0.001793,0.001793,0.001793,0.001831,0.001831,0.001793,0.001831,0.001869,0.001793,0.001793,0.001831,0.001831,0.001869,0.001869,0.001907,0.001907,0.001907,0.001869,0.001907,0.001907,0.001945,0.001945,0.001907,0.001984,0.001945,0.001984,0.001984,0.001984,0.001984,0.001945,0.001984,0.001945,0.001984,0.001984,0.001945,0.001984,0.001945,0.001984,0.001945,0.001907,0.001984,0.001945,0.001945,0.001945,0.001945,0.001984,0.001984,0.001945,0.001945,0.001984,0.002022,0.001984,0.001984,0.001984,0.002022,0.002060,0.002060,0.002098,0.002060,0.002060,0.002022,0.002022,0.002060,0.002060,0.002098,0.002060,0.002098,0.002136,0.002136,0.002098,0.002098,0.002136,0.002136,0.002098,0.002098,0.002060,0.002060,0.002022,0.002060,0.002022,0.002098,0.002060,0.002060,0.002098,0.002136,0.002136,0.002098,0.002098,0.002136,0.002060,0.002098,0.002098,0.002098,0.002136,0.002098,0.002098,0.002098,0.002136,0.002098,0.002174,0.002174,0.002174,0.002174,0.002213,0.002174,0.002213,0.002136,0.002213,0.002213,0.002136,0.002098,0.002174,0.002174,0.002098,0.002060,0.002060,0.002098,0.002098,0.002098,0.002098,0.002098,0.002098,0.002060,0.002022,0.002136,0.002060,0.002098,0.002060,0.002060,0.002060,0.001984,0.002060,0.002136,0.002136,0.002098,0.002098,0.002098,0.002098,0.002060,0.002098,0.002098,0.002136,0.002098,0.002136,0.002136,0.002060,0.002136,0.002098,0.002098,0.002136,0.002098,0.002098,0.002098,0.002098,0.002098,0.002098,0.002098,0.002136,0.002098,0.002174,0.002174,0.002098,0.002136,0.002098,0.002098,0.002060,0.002060,0.002098,0.002098,0.002060,0.002060,0.002098,0.002022,0.002060,0.002136,0.002098,0.002022,0.002098,0.002098,0.002060,0.002098,0.002060,0.002060,0.002022,0.002060,0.002060,0.002060,0.002022,0.001984,0.002022,0.002022,0.002060,0.002022,0.002022,0.001984,0.002022,0.001945,0.002022,0.002022,0.001945,0.002060,0.001984,0.001945,0.002022,0.001984,0.001984,0.001945,0.001984,0.001984,0.001984,0.001945,0.001984,0.002022,0.002022,0.001984,0.002022,0.002022,0.002022,0.002022,0.002060,0.002060,0.002022,0.002098,0.002136,0.002098,0.002060,0.002098,0.002098,0.002136,0.002136,0.002098,0.002098,0.002098,0.002136,0.002213,0.002136,0.002136,0.002136,0.002174,0.002136,0.002174,0.002213,0.002098,0.002098,0.002174,0.002213,0.002136,0.002136,0.002136,0.002174,0.002098,0.002136,0.002060,0.002098,0.002098,0.002174,0.002098,0.002174,0.002136,0.002098,0.002060,0.002022,0.002022,0.002022,0.002022,0.002022,0.002060,0.002060,0.002022,0.001945,0.001984,0.001984,0.001907,0.001945,0.001907,0.001907,0.001907,0.001907,0.001907,0.001869,0.001869,0.001831,0.001869,0.001869,0.001869,0.001869,0.001907,0.001907,0.001831,0.001869,0.001869,0.001869,0.001831,0.001869,0.001907,0.001869,0.001907,0.001945,0.001945,0.001945,0.001907,0.002022,0.002022,0.002022,0.002022,0.002022,0.002060,0.002060,0.002022,0.002022,0.002098,0.002060,0.002060,0.002060,0.002098,0.002098,0.002060,0.002022,0.002098,0.002022,0.002060,0.002098,0.002060,0.002022,0.002022,0.002136,0.002022,0.002060,0.001984,0.001984,0.001984,0.001984,0.002060,0.001984,0.001984,0.002022,0.001945,0.001945,0.002022,0.002022,0.001984,0.001984,0.002022,0.001984,0.002022,0.001984,0.001984,0.002022,0.002022,0.001984,0.001984,0.001984,0.002060,0.002022,0.001984,0.001984,0.001984,0.001945,0.002022,0.001984,0.002022,0.002022,0.001984,0.002022,0.002022,0.001984,0.001945,0.001907,0.001984,0.001945,0.001984,0.001907,0.001869,0.001945,0.001907,0.001907,0.001907,0.001945,0.001945,0.001945,0.001945,0.001907,0.001984,0.001984,0.001984,0.001984,0.002022,0.002022,0.002022,0.002060,0.002060,0.002060,0.002136,0.002060,0.002136,0.002136,0.002136,0.002136,0.002098,0.002136,0.002098,0.002098,0.002136,0.002098,0.002060,0.002098,0.002098,0.002022,0.002098,0.002060,0.002022,0.002060,0.002022,0.002060,0.002098,0.002060,0.002098,0.002022,0.002098,0.002098,0.002136,0.002098,0.002098,0.002098,0.002098,0.002136,0.002098,0.002136,0.002136,0.002060,0.002060,0.002060,0.002098,0.002136,0.002098,0.002136,0.002060,0.002060,0.002022,0.002022,0.002060,0.002060,0.002060,0.002022,0.002022,0.002022,0.002022,0.001984,0.001984,0.002022,0.001984,0.001945,0.001984,0.002022,0.002022,0.001945,0.001945,0.001984,0.001945,0.001945,0.001907,0.001984,0.001907,0.001869,0.001945,0.001907,0.001945,0.001907,0.001945,0.001907,0.001984,0.001984,0.001945,0.001907,0.001907,0.001945,0.001945,0.001945,0.001984,0.001907,0.001945,0.002022,0.001984,0.001945,0.001945,0.001907,0.001945,0.001984,0.001984,0.001984,0.002022,0.001984,0.001984,0.001945,0.001984,0.002060,0.002022,0.002060,0.002022,0.002022,0.002022,0.002060,0.002022,0.002060,0.002022,0.001984,0.002022,0.002022,0.001984,0.001984,0.002060,0.002022,0.002022,0.002060,0.002060,0.001984,0.002098,0.002022,0.002022,0.002022,0.002022,0.002022,0.001984,0.002022,0.001984,0.002022,0.002060,0.002098,0.002060,0.002022,0.002060,0.002060,0.002098,0.002060,0.002022,0.002060,0.002022,0.002022,0.001945,0.001984,0.002022,0.001945,0.002022,0.001945,0.001907,0.001945,0.001945,0.001907,0.001869,0.001869,0.001869,0.001831,0.001831,0.001793,0.001831,0.001793,0.001793,0.001831,0.001869,0.001831,0.001755,0.001793,0.001831,0.001793,0.001831,0.001793,0.001831,0.001755,0.001869,0.001831,0.001869,0.001907,0.001907,0.001907,0.001907,0.001945,0.001984,0.001984,0.002022,0.001984,0.002060,0.002060,0.002022,0.002022,0.001984,0.002022,0.002060,0.002060,0.002060,0.002098,0.002098,0.002098,0.002060,0.002060,0.002060,0.002060,0.001984,0.002022,0.002022,0.002060,0.002060,0.002060,0.002022,0.002022,0.002060,0.002060,0.002022,0.001984,0.002022,0.002060,0.001984,0.001984,0.001984,0.001984,0.002022,0.002022,0.002022,0.001984,0.002060,0.002060,0.002060,0.002022,0.002060,0.002060,0.002022,0.002060,0.002098,0.002060,0.002060,0.002022,0.002098,0.002136,0.002136,0.002136,0.002136,0.002136,0.002060,0.002136,0.002174,0.002098,0.002136,0.002174,0.002136,0.002098,0.002098,0.002174,0.002136,0.002136,0.002098,0.002060,0.002098,0.002098,0.002098,0.002022,0.002060,0.002022,0.002022,0.002022,0.002022,0.002060,0.002022,0.002022,0.002060,0.002060,0.002060,0.001984,0.002022,0.002022,0.001945,0.001984,0.001984,0.001984,0.001945,0.001945,0.001984,0.001907,0.001907,0.001945,0.001907,0.001945,0.001907,0.001907,0.001907,0.001945,0.001907,0.001945,0.001984,0.001945,0.001945,0.001945,0.001945,0.001907,0.001984,0.001945,0.001945,0.002022,0.001984,0.001984,0.001945,0.001945,0.001945,0.001907,0.001907,0.001945,0.001984,0.002022,0.001984,0.001945,0.001907,0.001984,0.001945,0.001984,0.001945,0.001945,0.002022,0.001945,0.001945,0.001984,0.001984,0.001945,0.001984,0.002022,0.001984,0.001984,0.001984,0.002022,0.002022,0.001984,0.001984,0.001984,0.001984,0.002022,0.002022,0.001984,0.001984,0.002022,0.002022,0.001984,0.002022,0.001984,0.001984,0.002022,0.002060,0.001984,0.002022,0.001984,0.001984,0.002060,0.002060,0.002022,0.002060,0.002022,0.001984,0.001945,0.002060,0.002060,0.002060,0.002060,0.002098,0.002098,0.002136,0.002174,0.002136,0.002136,0.002174,0.002136,0.002174,0.002174,0.002174,0.002174,0.002174,0.002251,0.002251,0.002251,0.002213,0.002251,0.002213,0.002213,0.002213,0.002213,0.002289,0.002251,0.002213,0.002251,0.002213,0.002251,0.002251,0.002213,0.002213,0.002174,0.002174,0.002098,0.002136,0.002174,0.002098,0.002098,0.002098,0.002060,0.002060,0.002098,0.002022,0.001984,0.001945,0.002022,0.001984,0.002022,0.001945,0.002022,0.001984,0.001984,0.001984,0.002022,0.001984,0.001984,0.001984,0.001984,0.002022,0.002022,0.002022,0.001984,0.002022,0.001945,0.002022,0.002060,0.001984,0.002060,0.002022,0.001984,0.002022,0.001945,0.001984,0.001984,0.002022,0.002022,0.001984,0.002022,0.002060,0.002060,0.002060,0.002136,0.002098,0.002098,0.002136,0.002136,0.002136,0.002136,0.002098,0.002098,0.002098,0.002213,0.002174,0.002136,0.002136,0.002136,0.002136,0.002136,0.002174,0.002213,0.002174,0.002098,0.002174,0.002213,0.002174,0.002174,0.002174,0.002174,0.002136,0.002136,0.002136,0.002098,0.002098,0.002060,0.002098,0.002022,0.002022,0.002022,0.001984,0.002060,0.001984,0.002022,0.001945,0.001945,0.001945,0.001907,0.001984,0.001907,0.001945,0.001907,0.001907,0.001907,0.001907,0.001907,0.001907,0.001869,0.001869,0.001907,0.001945,0.001907,0.001907,0.001945,0.001945,0.001945,0.001907,0.001945,0.001984,0.001907,0.001945,0.001945,0.002022,0.002022,0.001984,0.001984,0.002022,0.002022,0.002022,0.001984,0.002060,0.002060,0.002098,0.002098,0.002136,0.002136,0.002098,0.002136,0.002136,0.002174,0.002098,0.002098,0.002098,0.002136,0.002098,0.002060,0.002060,0.002060,0.002022,0.002022,0.002022,0.001984,0.001945,0.001984,0.001945,0.001945,0.001907,0.001907,0.001869,0.001831,0.001831,0.001869,0.001907,0.001869,0.001907,0.001831,0.001831,0.001907,0.001907,0.001907,0.001984,0.001907,0.001907,0.001945,0.001984,0.001945,0.002022,0.002060,0.002060,0.002098,0.002098,0.002098,0.002098,0.002098,0.002136,0.002136,0.002174,0.002174,0.002174,0.002213,0.002174,0.002251,0.002174,0.002174,0.002251,0.002174,0.002213,0.002213,0.002251,0.002174,0.002213,0.002174,0.002174,0.002174,0.002136,0.002174,0.002174,0.002136,0.002174,0.002174,0.002213,0.002174,0.002251,0.002136,0.002174,0.002136,0.002136,0.002213,0.002136,0.002174,0.002213,0.002213,0.002174,0.002174,0.002174,0.002213,0.002251,0.002174,0.002213,0.002174,0.002174,0.002136,0.002174,0.002136,0.002213,0.002136,0.002136,0.002213,0.002174,0.002174,0.002213,0.002174,0.002174,0.002174,0.002174,0.002213,0.002174,0.002136,0.002174,0.002174,0.002213,0.002213,0.002174,0.002213,0.002174,0.002174,0.002136,0.002174,0.002136,0.002174,0.002213,0.002098,0.002174,0.002174,0.002174,0.002136,0.002136,0.002174,0.002098,0.002136,0.002060,0.002060,0.002098,0.002022,0.002060,0.002098,0.002098,0.002022,0.002060,0.002060,0.002022,0.002060,0.002022,0.002060,0.002060,0.001984,0.001984,0.002022,0.002060,0.002060,0.001984,0.001984,0.001945,0.001945,0.001907,0.001945,0.001907,0.001945,0.001907,0.001907,0.001907,0.001869,0.001869,0.001793,0.001831,0.001793,0.001793,0.001793,0.001755,0.001717,0.001793,0.001793,0.001793,0.001755,0.001793,0.001755,0.001793,0.001831,0.001869,0.001869,0.001831,0.001907,0.001869,0.001869,0.001907,0.001945,0.001984,0.001945,0.001945,0.001945,0.001945,0.001984,0.001945,0.001945,0.001945,0.002022,0.001984,0.001984,0.002022,0.001945,0.002022,0.001984,0.002060,0.002022,0.001984,0.002060,0.002022,0.002098,0.002060,0.002060,0.002060,0.002098,0.002136,0.002098,0.002136,0.002136,0.002098,0.002136,0.002136,0.002174,0.002174,0.002213,0.002174,0.002174,0.002213,0.002136,0.002213,0.002136,0.002136,0.002136,0.002136,0.002136,0.002098,0.002174,0.002136,0.002098,0.002060,0.002022,0.002098,0.002022,0.002060,0.001984,0.001984,0.002022,0.001984,0.001945,0.001945,0.001945,0.001945,0.001984,0.001945,0.001869,0.001907,0.001907,0.001945,0.001907,0.001945,0.001907,0.001869,0.001869,0.001869,0.001831,0.001907,0.001907,0.001907,0.001831,0.001869,0.001907,0.001945,0.001945,0.001907,0.001907,0.001907,0.001869,0.001869,0.001869,0.001869,0.001831,0.001869,0.001831,0.001907,0.001869,0.001869,0.001907,0.001869,0.001869,0.001869,0.001945,0.001945,0.001907,0.001907,0.001945,0.002022,0.002022,0.001984,0.001984,0.002022,0.001984,0.002022,0.002060,0.002060,0.002022,0.002098,0.002098,0.002060,0.002022,0.002022,0.002060,0.002098,0.002060,0.002022,0.002060,0.002098,0.002098,0.002098,0.002060,0.002060,0.002022,0.002098,0.002060,0.002098,0.002060,0.002060,0.002060,0.002060,0.002060,0.002022,0.002060,0.002060,0.002098,0.002098,0.002022,0.002060,0.002060,0.002060,0.002098,0.002022,0.002098,0.002060,0.002022,0.002060,0.002060,0.002022,0.002060,0.002060,0.002022,0.002098,0.002022,0.002022,0.001984,0.001945,0.001984,0.001984,0.001945,0.001984,0.001907,0.001907,0.001907,0.001984,0.001907,0.001907,0.001907,0.001945,0.001945,0.001907,0.001869,0.001869,0.001945,0.001945,0.001907,0.001869,0.001869,0.001984,0.001907,0.001945,0.001984,0.001907,0.001984,0.001945,0.001907,0.001907,0.001907,0.001907,0.001945,0.001984,0.001945,0.001945,0.001984,0.001984,0.001984
44,19:00:00.000,12/31/1903,0.000000,0.100000,UNKNOWN,1,0/0,0.000000,0.000000,0.000000,0.000000,0.000000,0.000000,0.000000,0.000000,0,0,0,0,0.002098,0.002174,0.002174,0.002136,0.002174,0.002136,0.002136,0.002098,0.002098,0.002098,0.002136,0.002136,0.002136,0.002136,0.002136,0.002060,0.002136,0.002174,0.002136,0.002060,0.002060,0.002098,0.002098,0.002098,0.002060,0.002098,0.002098,0.002098,0.002098,0.002136,0.002060,0.002098,0.002136,0.002098,0.002060,0.002098,0.002136,0.002098,0.002022,0.002098,0.002022,0.002060,0.002060,0.002060,0.002022,0.002022,0.002060,0.002060,0.002098,0.002098,0.002098,0.002098,0.002022,0.001984,0.001984,0.002060,0.002060,0.002022,0.002060,0.002060,0.002022,0.001984,0.001984,0.002022,0.002060,0.002022,0.002022,0.001984,0.001984,0.001984,0.001984,0.001984,0.002022,0.002060,0.002022,0.002022,0.001984,0.002022,0.001984,0.002022,0.001945,0.001907,0.001945,0.002022,0.001945,0.001945,0.001984,0.001984,0.002022,0.001984,0.001984,0.001984,0.001984,0.001984,0.001984,0.001945,0.001984,0.001984,0.001984,0.001984,0.001984,0.001984,0.001984,0.002022,0.001984,0.002022,0.001984,0.001984,0.002022,0.002022,0.002060,0.002060,0.001984,0.001984,0.001945,0.001984,0.002022,0.002060,0.002022,0.002022,0.002098,0.002098,0.002060,0.002022,0.002022,0.002022,0.002022,0.002060,0.001984,0.002022,0.001984,0.002060,0.002060,0.002060,0.002060,0.002060,0.001984,0.002022,0.002060,0.001984,0.002022,0.002060,0.002098,0.002060,0.002022,0.002022,0.002022,0.001984,0.002022,0.002060,0.002060,0.002136,0.002060,0.002022,0.002060,0.002060,0.002060,0.002060,0.002060,0.002060,0.002098,0.002098,0.002098,0.002098,0.002060,0.002098,0.002060,0.002060,0.002060,0.002060,0.002098,0.002136,0.002098,0.002098,0.002136,0.002098,0.002098,0.002136,0.002136,0.002098,0.002098,0.002098,0.002136,0.002136,0.002060,0.002136,0.002098,0.002060,0.002136,0.002060,0.002060,0.002098,0.002060,0.002060,0.002060,0.002098,0.002060,0.002060,0.002136,0.002022,0.002098,0.002098,0.002098,0.002136,0.002136,0.002060,0.002098,0.002136,0.002060,0.002060,0.002098,0.002060,0.002022,0.002136,0.002098,0.002136,0.002098,0.002136,0.002098,0.002136,0.002060,0.002136,0.002136,0.002060,0.002098,0.002098,0.002136,0.002136,0.002098,0.002174,0.002060,0.002098,0.002098,0.002098,0.002174,0.002136,0.002098,0.002098,0.002098,0.002174,0.002136,0.002136,0.002136,0.002174,0.002136,0.002136,0.002098,0.002136,0.002174,0.002136,0.002060,0.002098,0.002136,0.002174,0.002098,0.002098,0.002098,0.002098,0.002136,0.002136,0.002136,0.002136,0.002098,0.002136,0.002022,0.002022,0.002098,0.002098,0.002060,0.002098,0.002060,0.002060,0.002098,0.002060,0.002098,0.002098,0.002060,0.002022,0.002022,0.002060,0.002060,0.002060,0.002060,0.001984,0.001984,0.002060,0.002060,0.002060,0.002022,0.002060,0.002060,0.002022,0.002022,0.002098,0.002060,0.002022,0.002022,0.002060,0.002060,0.002022,0.002022,0.001984,0.002022,0.001984,0.002022,0.001984,0.001984,0.001984,0.002060,0.002060,0.001945,0.001984,0.002022,0.001984,0.001984,0.002022,0.002060,0.002022,0.001945,0.001984,0.001984,0.002022,0.001984,0.002022,0.002060,0.002060,0.002022,0.001984,0.001984,0.002022,0.002060,0.002022,0.001984,0.001984,0.002022,0.002022,0.002022,0.002060,0.002060,0.002022,0.002022,0.002022,0.002022,0.001984,0.001984,0.002022,0.002022,0.002022,0.002022,0.002098,0.002022,0.002060,0.002022,0.002060,0.001984,0.002022,0.002022,0.002022,0.002022,0.002060,0.002022,0.002022,0.002022,0.002060,0.002022,0.002098,0.002060,0.002022,0.002022,0.002022,0.002022,0.002022,0.002022,0.002060,0.002022,0.001984,0.002022,0.002022,0.002022,0.002022,0.001984,0.002060,0.002022,0.002022,0.002060,0.002022,0.002022,0.002022,0.002022,0.002060,0.002136,0.002022,0.002098,0.002098,0.002060,0.002022,0.002060,0.002136,0.002098,0.002060,0.002060,0.002060,0.002098,0.002098,0.002022,0.002098,0.002098,0.002098,0.002060,0.002060,0.002098,0.002060,0.002098,0.002136,0.002136,0.002098,0.002098,0.002174,0.002174,0.002136,0.002136,0.002174,0.002174,0.002060,0.002136,0.002174,0.002136,0.002136,0.002098,0.002136,0.002174,0.002136,0.002098,0.002060,0.002098,0.002098,0.002136,0.002060,0.002136,0.002136,0.002136,0.002213,0.002098,0.002098,0.002060,0.002098,0.002098,0.002098,0.002060,0.002060,0.002060,0.002060,0.002022,0.002098,0.002098,0.002060,0.002060,0.002060,0.002060,0.002060,0.002022,0.002098,0.002136,0.002022,0.002022,0.001945,0.002022,0.002022,0.002060,0.002022,0.001984,0.002060,0.002060,0.002022,0.002060,0.001984,0.001984,0.001984,0.002022,0.001945,0.002022,0.002022,0.001945,0.002022,0.002022,0.001945,0.001945,0.001907,0.001945,0.001945,0.001907,0.001907,0.001945,0.002022,0.001984,0.002022,0.001984,0.001945,0.001945,0.001945,0.001945,0.001984,0.001907,0.001907,0.001945,0.001984,0.001984,0.001984,0.001984,0.001945,0.001984,0.001945,0.001945,0.001907,0.001984,0.001984,0.001984,0.001984,0.001945,0.001945,0.002022,0.002022,0.002022,0.001984,0.002022,0.001945,0.001945,0.001984,0.001945,0.001984,0.001984,0.001945,0.001945,0.001945,0.001984,0.001984,0.001984,0.001984,0.002022,0.001984,0.001984,0.001984,0.002022,0.002022,0.002060,0.001984,0.002022,0.002098,0.002060,0.002098,0.002060,0.002060,0.001984,0.002098,0.002060,0.002060,0.002022,0.002022,0.002060,0.002136,0.002098,0.002060,0.002060,0.002098,0.002060,0.002022,0.002098,0.002136,0.002060,0.002060,0.002098,0.002136,0.002136,0.002060,0.002098,0.002060,0.002098,0.002060,0.002060,0.002060,0.002060,0.002098,0.002098,0.002136,0.002022,0.002098,0.002136,0.002060,0.002098,0.002098,0.002060,0.002098,0.002098,0.002060,0.001984,0.001984,0.002060,0.002022,0.002060,0.002022,0.002022,0.002060,0.002022,0.002098,0.002022,0.002022,0.001984,0.001984,0.001945,0.001984,0.002060,0.002022,0.002022,0.002022,0.001907,0.002022,0.001984,0.001984,0.001984,0.002022,0.002022,0.001945,0.002060,0.002022,0.001945,0.002022,0.002098,0.002022,0.002022,0.002022,0.002060,0.002022,0.002022,0.002022,0.001984,0.002022,0.002022,0.002022,0.002022,0.001984,0.002022,0.002022,0.002022,0.002022,0.002060,0.002060,0.001984,0.002022,0.001984,0.002022,0.002022,0.001984,0.001984,0.001984,0.001945,0.001984,0.002060,0.002060,0.001984,0.002022,0.002022,0.002022,0.002022,0.001945,0.001984,0.001984,0.002060,0.002022,0.001984,0.002022,0.002022,0.001984,0.002022,0.002022,0.002060,0.002022,0.002022,0.001945,0.001984,0.002022,0.001984,0.002022,0.001984,0.001984,0.001945,0.001945,0.001945,0.001945,0.001945,0.001945,0.001945,0.001945,0.001869,0.001907,0.001907,0.001907,0.001907,0.001869,0.001907,0.001869,0.001831,0.001831,0.001869,0.001831,0.001793,0.001755,0.001717,0.001755,0.001717,0.001678,0.001640,0.001602,0.001564,0.001564,0.001564,0.001564,0.001488,0.001450,0.001450,0.001411,0.001526,0.001526,0.001450,0.001488,0.001488,0.001526,0.001602,0.001602,0.001755,0.001869,0.002060,0.002174,0.002327,0.002518,0.002747,0.003014,0.003357,0.003624,0.003891,0.004196,0.004539,0.004883,0.005302,0.005684,0.006027,0.006371,0.006638,0.006943,0.007172,0.007324,0.007477,0.007515,0.007477,0.007286,0.007019,0.006676,0.006332,0.005836,0.005341,0.004768,0.004234,0.003624,0.003090,0.002480,0.001907,0.001297,0.000725,0.000114,-0.000496,-0.001106,-0.001717,-0.002365,-0.002899,-0.003471,-0.003967,-0.004463,-0.004845,-0.005188,-0.005341,-0.005379,-0.005379,-0.005188,-0.004997,-0.004692,-0.004272,-0.003929,-0.003395,-0.002899,-0.002403,-0.001831,-0.001373,-0.000877,-0.000381,0.000000,0.000305,0.000687,0.001068,0.001335,0.001602,0.001793,0.001907,0.002098,0.002213,0.002327,0.002403,0.002480,0.002556,0.002632,0.002708,0.002785,0.002823,0.002937,0.002937,0.003052,0.003090,0.003128,0.003204,0.003242,0.003357,0.003433,0.003471,0.003586,0.003738,0.003815,0.003891,0.004044,0.004196,0.004311,0.004425,0.004501,0.004578,0.004616,0.004654,0.004692,0.004692,0.004730,0.004654,0.004616,0.004539,0.004463,0.004463,0.004311,0.004196,0.004120,0.004044,0.003967,0.003815,0.003662,0.003510,0.003357,0.003281,0.003128,0.003052,0.002899,0.002823,0.002708,0.002594,0.002518,0.002441,0.002327,0.002251,0.002213,0.002136,0.002098,0.001984,0.001945,0.001869,0.001869,0.001869,0.001869,0.001793,0.001755,0.001831,0.001755,0.001793,0.001793,0.001717,0.001755,0.001831,0.001907,0.001945,0.001945,0.001984,0.001984,0.002060,0.002022,0.001984,0.002060,0.001984,0.001984,0.001907,0.001831,0.001869,0.001831,0.001793,0.001793,0.001755,0.001793,0.001755,0.001717,0.001717,0.001717,0.001717,0.001678,0.001717,0.001640,0.001602,0.001526,0.001450,0.001526,0.001373,0.001450,0.001411,0.001411,0.001411,0.001373,0.001450,0.001488,0.001526,0.001602,0.001678,0.001755,0.001755,0.001793,0.001869,0.001869,0.001907,0.001869,0.001831,0.001869,0.001831,0.001793,0.001793,0.001831,0.001869,0.001793,0.001831,0.001793,0.001831,0.001869,0.001869,0.001945,0.001945,0.001984,0.002022,0.001984,0.001907,0.001869,0.001907,0.001831,0.001869,0.001831,0.001793,0.001831,0.001793,0.001831,0.001831,0.001831,0.001907,0.001869,0.001984,0.001945,0.002060,0.002098,0.002136,0.002213,0.002289,0.002327,0.002403,0.002441,0.002518,0.002556,0.002556,0.002518,0.002594,0.002556,0.002518,0.002441,0.002403,0.002289,0.002251,0.002136,0.002136,0.001984,0.001945,0.001984,0.001907,0.001869,0.001831,0.001793,0.001869,0.001831,0.001831,0.001869,0.001831,0.001869,0.001869,0.001907,0.001831,0.001831,0.001755,0.001717,0.001755,0.001678,0.001678,0.001564,0.001602,0.001564,0.001411,0.001450,0.001373,0.001373,0.001411,0.001411,0.001373,0.001373,0.001373,0.001411,0.001373,0.001411,0.001335,0.001411,0.001335,0.001411,0.001488,0.001488,0.001526,0.001564,0.001564,0.001640,0.001678,0.001831,0.001869,0.001907,0.001984,0.002136,0.002174,0.002174,0.002289,0.002365,0.002403,0.002518,0.002556,0.002594,0.002632,0.002708,0.002785,0.002747,0.002747,0.002747,0.002785,0.002823,0.002747,0.002670,0.002708,0.002632,0.002632,0.002594,0.002594,0.002632,0.002594,0.002594,0.002556,0.002594,0.002594,0.002594,0.002518,0.002480,0.002518,0.002480,0.002441,0.002403,0.002365,0.002327,0.002289,0.002289,0.002213,0.002213,0.002174,0.002098,0.002174,0.002136,0.002098,0.002060,0.002060,0.002098,0.002098,0.002136,0.002098,0.002098,0.002098,0.002098,0.002098,0.002060,0.002022,0.002098,0.002060,0.002022,0.002098,0.002060,0.002060,0.002022,0.002022,0.002060,0.002098,0.002098,0.002060,0.002213,0.002251,0.002213,0.002327,0.002327,0.002365,0.002441,0.002480,0.002556,0.002556,0.002594,0.002556,0.002594,0.002594,0.002480,0.002480,0.002556,0.002556,0.002441,0.002365,0.002327,0.002251,0.002213,0.002136,0.002022,0.001945,0.001907,0.001907,0.001831,0.001755,0.001755,0.001717,0.001717,0.001640,0.001640,0.001678,0.001678,0.001755,0.001717,0.001793,0.001831,0.001869,0.001984,0.001945,0.002022,0.002022,0.002060,0.002136,0.002098,0.002136,0.002098,0.002060,0.002098,0.002098,0.002060,0.002060,0.002060,0.001984,0.001945,0.002022,0.001907,0.001831,0.001869,0.001831,0.001869,0.001717,0.001793,0.001717,0.001640,0.001678,0.001602,0.001640,0.001602,0.001564,0.001564,0.001526,0.001564,0.001526,0.001488,0.001526,0.001488,0.001564,0.001602,0.001602,0.001602,0.001564,0.001717,0.001755,0.001755,0.001831,0.001831,0.001869,0.001869,0.001945,0.001984,0.001945,0.001984,0.001984,0.002022,0.002060,0.002022,0.002136,0.002098,0.002136,0.002098,0.002098,0.002136,0.002098,0.002174,0.002136,0.002098,0.002174,0.002136,0.002213,0.002174,0.002213,0.002174,0.002136,0.002213,0.002136,0.002174,0.002213,0.002098,0.002136,0.002098,0.002136,0.002174,0.002098,0.002098,0.002098,0.002098,0.002174,0.002098,0.002174,0.002174,0.002174,0.002174,0.002174,0.002174,0.002136,0.002174,0.002213,0.002174,0.002174,0.002098,0.002136,0.002136,0.002098,0.002136,0.002098,0.002060,0.002060,0.002060,0.002022,0.001945,0.001869,0.001869,0.001869,0.001793,0.001755,0.001793,0.001755,0.001755,0.001717,0.001678,0.001717,0.001640,0.001678,0.001640,0.001640,0.001640,0.001678,0.001678,0.001602,0.001640,0.001640,0.001640,0.001678,0.001678,0.001717,0.001793,0.001793,0.001831,0.001831,0.001907,0.001945,0.001984,0.002022,0.002098,0.002060,0.002136,0.002174,0.002213,0.002251,0.002327,0.002327,0.002327,0.002365,0.002365,0.002441,0.002441,0.002403,0.002480,0.002441,0.002441,0.002518,0.002480,0.002403,0.002441,0.002441,0.002441,0.002480,0.002480,0.002441,0.002518,0.002518,0.002480,0.002441,0.002480,0.002441,0.002403,0.002480,0.002441,0.002365,0.002289,0.002327,0.002327,0.002213,0.002213,0.002136,0.002136,0.002174,0.002060,0.002060,0.001984,0.001869,0.001907,0.001907,0.001945,0.001907,0.001907,0.001945,0.001945,0.002098,0.002060,0.002022,0.002022,0.002060,0.002098,0.002098,0.002136,0.002136,0.002136,0.002251,0.002251,0.002289,0.002327,0.002289,0.002251,0.002213,0.002365,0.002289,0.002251,0.002213,0.002174,0.002136,0.002136,0.002136,0.002136,0.002022,0.002022,0.001984,0.001945,0.001945,0.001907,0.001945,0.001831,0.001831,0.001793,0.001793,0.001793,0.001793,0.001755,0.001755,0.001717,0.001717,0.001717,0.001717,0.001755,0.001755,0.001755,0.001717,0.001717,0.001678,0.001717,0.001717,0.001678,0.001755,0.001793,0.001793,0.001793,0.001678,0.001793,0.001678,0.001755,0.001717,0.001755,0.001755,0.001755,0.001755,0.001793,0.001717,0.001755,0.001717,0.001793,0.001793,0.001793,0.001869,0.001869,0.001869,0.001907,0.001984,0.002022,0.002022,0.002098,0.002136,0.002174,0.002213,0.002174,0.002251,0.002251,0.002251,0.002251,0.002251,0.002289,0.002289,0.002289,0.002289,0.002213,0.002213,0.002174,0.002251,0.002174,0.002136,0.002174,0.002136,0.002213,0.002136,0.002098,0.002098,0.002022,0.002060,0.002098,0.002022,0.002060,0.002022,0.002060,0.002022,0.002060,0.002022,0.002022,0.002022,0.002022,0.002060,0.002098,0.002060,0.002022,0.002060,0.002098,0.002022,0.002022,0.002060,0.002060,0.002098,0.002060,0.002060,0.002060,0.002022,0.002060,0.002060,0.002098,0.002098,0.002098,0.002098,0.002060,0.002098,0.002136,0.002098,0.002136,0.002136,0.002136,0.002098,0.002136,0.002136,0.002136,0.002174,0.002098,0.002060,0.002060,0.002060,0.002098,0.002060,0.002022,0.002022,0.001984,0.001984,0.001984,0.001945,0.002022,0.001945,0.001984,0.001945,0.002060,0.001984,0.001984,0.002060,0.001984,0.001984,0.001945,0.002022,0.001945,0.002022,0.002060,0.001984,0.002022,0.002022,0.002060,0.002098,0.002060,0.002098,0.002060,0.002060,0.002136,0.002136,0.002136,0.002136,0.002174,0.002174,0.002136,0.002174,0.002136,0.002136,0.002136,0.002098,0.002098,0.002060,0.002022,0.002060,0.001984,0.001945,0.001945,0.001907,0.001945,0.001945,0.001945,0.001869,0.001831,0.001907,0.001869,0.001869,0.001831,0.001869,0.001831,0.001869,0.001869,0.001831,0.001907,0.001907,0.001945,0.001984,0.002022,0.001984,0.001984,0.001945,0.002060,0.001984,0.002022,0.002022,0.002060,0.002098,0.002060,0.002022,0.002022,0.002060,0.002060,0.002022,0.002022,0.002022,0.002060,0.001984,0.002022,0.002022,0.001945,0.002022,0.002022,0.001945,0.002022,0.001945,0.001907,0.001945,0.001945,0.001945,0.001869,0.001945,0.001869,0.001831,0.001831,0.001869,0.001907,0.001869,0.001869,0.001907,0.001831,0.001869,0.001945,0.001984,0.001984,0.001984,0.002022,0.002022,0.002098,0.002022,0.002060,0.002174,0.002098,0.002136,0.002174,0.002136,0.002213,0.002213,0.002213,0.002213,0.002136,0.002213,0.002251,0.002213,0.002213,0.002251,0.002289,0.002251,0.002251,0.002251,0.002289,0.002213,0.002213,0.002289,0.002251,0.002174,0.002213,0.002251,0.002174,0.002098,0.002174,0.002136,0.002136,0.002098,0.002022,0.002060,0.002098,0.002060,0.002098,0.002098,0.002136,0.002098,0.002022,0.002060,0.001984,0.001984,0.001945,0.001945,0.002022,0.002022,0.001984,0.001984,0.001945,0.001945,0.001984,0.002022,0.001984,0.002098,0.002098,0.002098,0.002136,0.002213,0.002174,0.002251,0.002251,0.002403,0.002365,0.002403,0.002403,0.002518,0.002480,0.002556,0.002632,0.002632,0.002670,0.002670,0.002670,0.002670,0.002632,0.002632,0.002594,0.002594,0.002556,0.002518,0.002518,0.002441,0.002441,0.002441,0.002403,0.002327,0.002251,0.002251,0.002251,0.002174,0.002174,0.002136,0.002060,0.002022,0.001945,0.001945,0.001831,0.001793,0.001678,0.001564,0.001488,0.001373,0.001335,0.001221,0.001144,0.001068,0.000992,0.000916,0.000877,0.000877,0.000839,0.000839,0.000877,0.000839,0.000954,0.001068,0.001030,0.001183,0.001221,0.001373,0.001488,0.001526,0.001640,0.001793,0.001831,0.001907,0.001984,0.002060,0.002060,0.002174,0.002174,0.002251,0.002289,0.002289,0.002327,0.002289,0.002289,0.002289,0.002327,0.002327,0.002251,0.002251,0.002213,0.002213,0.002213,0.002174,0.002174,0.002136,0.002098,0.002098,0.002098,0.002174,0.002174,0.002136,0.002174,0.002213,0.002213,0.002289,0.002289,0.002327,0.002365,0.002327,0.002365,0.002441,0.002480,0.002403,0.002441,0.002480,0.002480,0.002518,0.002441,0.002480,0.002441,0.002365,0.002327,0.002289,0.002289,0.002174,0.002213,0.002136,0.002098,0.002136,0.002098,0.002098,0.002022,0.001984,0.001945,0.001907,0.001907,0.001945,0.001945,0.001907,0.001831,0.001945,0.001869,0.001907,0.001907,0.001907,0.001907,0.001907,0.001907,0.001945,0.001907,0.001945,0.001907,0.001945,0.001945,0.001945,0.002022,0.001945,0.001907,0.001869,0.001945,0.001945,0.001907,0.001907,0.001945,0.001907,0.001869,0.001907,0.002022,0.001907,0.001945,0.001945,0.001907,0.001945,0.001945,0.001984,0.001945,0.001907,0.001945,0.001907,0.001984,0.001945,0.001984,0.002022,0.002022,0.002022,0.002022,0.002060,0.002098,0.002098,0.002060,0.002060,0.002136,0.002174,0.002213,0.002213,0.002251,0.002251,0.002251,0.002251,0.002289,0.002289,0.002289,0.002289,0.002365,0.002365,0.002289,0.002365,0.002289,0.002327,0.002327,0.002289,0.002327,0.002289,0.002213,0.002251,0.002213,0.002251,0.002174,0.002174,0.002174,0.002098,0.002136,0.002174,0.002136,0.002098,0.002098,0.002136,0.002022,0.002022,0.002022,0.001984,0.002022,0.002060,0.002060,0.002060,0.002098,0.002098,0.002060,0.002060,0.002022,0.002098,0.002136,0.002136,0.002136,0.002136,0.002174,0.002213,0.002174,0.002213,0.002213,0.002327,0.002251,0.002289,0.002327,0.002251,0.002289,0.002327,0.002327,0.002365,0.002327,0.002403,0.002327,0.002365,0.002327,0.002365,0.002327,0.002327,0.002213,0.002251,0.002136,0.002174,0.002098,0.002060,0.002022,0.001984,0.002022,0.001945,0.001907,0.001907,0.001869,0.001907,0.001869,0.001907,0.001869,0.001869,0.001831,0.001755,0.001831,0.001755,0.001793,0.001755,0.001793,0.001755,0.001755,0.001755,0.001717,0.001717,0.001755,0.001717,0.001755,0.001717,0.001755,0.001831,0.001717,0.001793,0.001755,0.001831,0.001831,0.001831,0.001869,0.001831,0.001869,0.001907,0.001907,0.001945,0.001945,0.001945,0.001984,0.001984,0.002022,0.001984,0.002022,0.002022,0.002022,0.002098,0.002098,0.002136,0.002136,0.002136,0.002098,0.002174,0.002174,0.002136,0.002136,0.002136,0.002136,0.002136,0.002136,0.002136,0.002136,0.002098,0.002136,0.002060,0.002022,0.002060,0.002098,0.002060,0.002060,0.002022,0.002060,0.002060,0.002060,0.002060,0.002098,0.002098,0.002098,0.002098,0.002136,0.002098,0.002098,0.002060,0.002098,0.002060,0.002098,0.002060,0.002098,0.002098,0.002098,0.002098,0.002022,0.002022,0.002060,0.001984,0.001984,0.001945,0.001945,0.001907,0.001869,0.001831,0.001869,0.001831,0.001793,0.001869,0.001831,0.001869,0.001831,0.001793,0.001831,0.001907,0.001869,0.001831,0.001831,0.001869,0.001869,0.001869,0.001945,0.001984,0.001945,0.001945,0.001984,0.002022,0.002022,0.002060,0.002022,0.002022,0.002060,0.002060,0.002098,0.002022,0.002022,0.002060,0.002022,0.001984,0.001984,0.001984,0.002022,0.002022,0.002060,0.002022,0.002022,0.001984,0.001984,0.002060,0.001984,0.001984,0.001984,0.001984,0.002060,0.002060,0.002060,0.002060,0.002060,0.002098,0.002098,0.002174,0.002174,0.002174,0.002213,0.002174,0.002136,0.002174,0.002213,0.002213,0.002174,0.002213,0.002213,0.002251,0.002289,0.002289,0.002251,0.002251,0.002251,0.002213,0.002174,0.002213,0.002251,0.002213,0.002174,0.002136,0.002136,0.002136,0.002098,0.002098,0.002060,0.002060,0.002060,0.002060,0.002022,0.002060,0.002098,0.002060,0.002060,0.002022,0.001984,0.002022,0.002022,0.002098,0.002060,0.002098,0.002098,0.002022,0.002060,0.002098,0.002174,0.002060,0.002136,0.002174,0.002174,0.002213,0.002213,0.002174,0.002251,0.002251,0.002251,0.002251,0.002213,0.002213,0.002213,0.002213,0.002213,0.002251,0.002213,0.002213,0.002213,0.002213,0.002174,0.002136,0.002136,0.002098,0.002022,0.002098,0.002060,0.002060,0.002060,0.002022,0.002022,0.001945,0.001984,0.001945,0.001907,0.001907,0.001831,0.001793,0.001831,0.001755,0.001717,0.001793,0.001755,0.001678,0.001602,0.001678,0.001717,0.001717,0.001678,0.001602,0.001640,0.001640,0.001678,0.001640,0.001564,0.001678,0.001640,0.001678,0.001678,0.001678,0.001678,0.001717,0.001717,0.001678,0.001640,0.001717,0.001678,0.001755,0.001755,0.001717,0.001678,0.001717,0.001793,0.001793,0.001793,0.001793,0.001755,0.001793,0.001793,0.001869,0.001869,0.001869,0.001945,0.001984,0.001984,0.002022,0.002060,0.002060,0.002022,0.002136,0.002174,0.002213,0.002213,0.002213,0.002213,0.002213,0.002251,0.002251,0.002289,0.002365,0.002327,0.002327,0.002289,0.002289,0.002327,0.002327,0.002289,0.002327,0.002289,0.002365,0.002327,0.002327,0.002289,0.002327,0.002289,0.002213,0.002251,0.002251,0.002213,0.002213,0.002136,0.002174,0.002136,0.002213,0.002174,0.002098,0.002098,0.002060,0.002060,0.002060,0.001984,0.002098,0.002060,0.002022,0.002022,0.001984,0.001984,0.001945,0.002022,0.001984,0.001945,0.001984,0.002022,0.001984,0.002022,0.001945,0.001984,0.001984,0.002022,0.001984,0.001945,0.001945,0.001907,0.001984,0.001984,0.001907,0.001945,0.001869,0.001907,0.001945,0.001869,0.001869,0.001869,0.001831,0.001831,0.001907,0.001907,0.001945,0.001907,0.001869,0.001945,0.001945,0.001984,0.001945,0.001945,0.001945,0.001984,0.001945,0.001945,0.002022,0.002022,0.002060,0.002022,0.002060,0.002060,0.002098,0.002060,0.002060,0.002022,0.002022,0.002060,0.002098,0.002098,0.002060,0.002060,0.002098,0.002022,0.002060,0.002022,0.002022,0.002022,0.001984,0.002022,0.002060,0.002136,0.002098,0.002060,0.002060,0.002098,0.002098,0.002098,0.002098,0.002098,0.002136,0.002136,0.002136,0.002060,0.002098,0.002098,0.002174,0.002213,0.002213,0.002136,0.002136,0.002174,0.002136,0.002213,0.002174,0.002174,0.002174,0.002098,0.002098,0.002098,0.002174,0.002136,0.002136,0.002174,0.002136,0.002136,0.002136,0.002098,0.002060,0.002060,0.002060,0.002098,0.002098,0.002098,0.002098,0.002098,0.002060,0.002060,0.002098,0.002060,0.002060,0.002098,0.002060,0.002060,0.002060,0.002136,0.002060,0.002060,0.002060,0.002060,0.002098,0.002022,0.001945,0.001984,0.002022,0.001984,0.001945,0.001984,0.001945,0.001945,0.001984,0.001945,0.001907,0.001945,0.001907,0.001945,0.001945,0.001907,0.001907,0.001869,0.001907,0.001945,0.001869,0.001869,0.001831,0.001869,0.001907,0.001907,0.001869,0.001945,0.001907,0.001869,0.001907,0.001907,0.001907,0.001945,0.001869,0.001907,0.001984,0.001945,0.001945,0.001984,0.001984,0.001945,0.001984,0.001945,0.001984,0.001984,0.002022,0.002060,0.002060,0.002022,0.002060,0.002060,0.002060,0.002098,0.002098,0.002098,0.002098,0.002098,0.002136,0.002136,0.002174,0.002136,0.002136,0.002174,0.002136,0.002174,0.002136,0.002174,0.002174,0.002174,0.002136,0.002136,0.002136,0.002098,0.002098,0.002136,0.002098,0.002098,0.002098,0.002098,0.002060,0.002098,0.002098,0.002098,0.002174,0.002136,0.002098,0.002098,0.002060,0.002136,0.002060,0.002098,0.002098,0.002060,0.002136,0.002136,0.002098,0.002174,0.002174,0.002098,0.002098,0.002098,0.002136,0.002136,0.002060,0.002098,0.002136,0.002098,0.002136,0.002098,0.002098,0.002098,0.002060,0.002136,0.002098,0.002098,0.002098,0.002060,0.002098,0.002136,0.002098,0.002098,0.002098,0.002136,0.002136,0.002098,0.002060,0.002098,0.002098,0.002060,0.002060,0.002060,0.002060,0.002060,0.002060,0.002060,0.002136,0.002060,0.002060,0.002098,0.002136,0.002098,0.002060,0.002022,0.002022,0.002098,0.002098,0.002060,0.002060,0.002060,0.002098,0.002098,0.002060,0.002098,0.002098,0.002060,0.002022,0.002060,0.002098,0.002060,0.002098,0.002098,0.002136,0.002136,0.002136,0.002174,0.002174,0.002098,0.002136,0.002098,0.002136,0.002098,0.002136,0.002098,0.002098,0.002060,0.002060,0.002098,0.002060,0.002060,0.002060,0.001984,0.002022,0.001984,0.002022,0.001984,0.001984,0.001984,0.001984,0.001984,0.001984,0.002022,0.001945,0.001984,0.002060,0.002022,0.002022,0.001984,0.001984,0.001984,0.002022,0.002022,0.002060,0.002060,0.002060,0.002098,0.002136,0.002098,0.002136,0.002098,0.002098,0.002174,0.002251,0.002174,0.002213,0.002289,0.002289,0.002251,0.002327,0.002327,0.002327,0.002327,0.002441,0.002403,0.002403,0.002327,0.002365,0.002365,0.002365,0.002365,0.002289,0.002289,0.002251,0.002251,0.002251,0.002136,0.002098,0.002060,0.002098,0.001984,0.001907,0.001945,0.001907,0.001831,0.001831,0.001831,0.001869,0.001793,0.001755,0.001755,0.001755,0.001755,0.001755,0.001755,0.001793,0.001793,0.001831,0.001831,0.001869,0.001869,0.001869,0.001907,0.001945,0.001984,0.001984,0.001984,0.002022,0.002022,0.002022,0.002060,0.002060,0.002022,0.002060,0.002022,0.001984,0.001907,0.001984,0.001984,0.001984,0.001984,0.001984,0.001984,0.001945,0.001945,0.001907,0.001945,0.001945,0.001945,0.001945,0.002022,0.002022,0.002022,0.002022,0.002022,0.002060,0.002098,0.002060,0.002136,0.002136,0.002136,0.002174,0.002136,0.002136,0.002213,0.002213,0.002251,0.002251,0.002213,0.002213,0.002251,0.002289,0.002251,0.002289,0.002251,0.002289,0.002251,0.002251,0.002213,0.002174,0.002174,0.002213,0.002251,0.002251,0.002213,0.002251,0.002213,0.002213,0.002213,0.002174,0.002174,0.002213,0.002251,0.002251,0.002213,0.002289,0.002289,0.002289,0.002251,0.002213,0.002213,0.002213,0.002251,0.002174,0.002174,0.002174,0.002136,0.002098,0.001984,0.002060,0.002022,0.001945,0.001984,0.001907,0.001907,0.001907,0.001831,0.001793,0.001793,0.001793,0.001793,0.001793,0.001717,0.001717,0.001755,0.001793,0.001755,0.001755,0.001717,0.001717,0.001755,0.001755,0.001755,0.001755,0.001755,0.001793,0.001793,0.001831,0.001869,0.001869,0.001831,0.001869,0.001869,0.001907,0.001869,0.001907,0.001984,0.001945,0.001907,0.001984,0.002022,0.002022,0.002060,0.002022,0.002060,0.002022,0.002060,0.002060,0.002022,0.002060,0.002098,0.002098,0.002060,0.002022,0.002060,0.002098,0.002060,0.002022,0.002022,0.002022,0.002060,0.002022,0.002060,0.002060,0.002060,0.002060,0.002060,0.002022,0.002098,0.002060,0.002136,0.002060,0.002022,0.002098,0.002136,0.002098,0.002060,0.002098,0.002174,0.002136,0.002136,0.002174,0.002136,0.002136,0.002136,0.002174,0.002136,0.002136,0.002136,0.002136,0.002136,0.002174,0.002136,0.002174,0.002136,0.002174,0.002174,0.002213,0.002174,0.002174,0.002213,0.002174,0.002174,0.002136,0.002098,0.002098,0.002098,0.001984,0.002022,0.002098,0.002098,0.002022,0.002022,0.002022,0.001984,0.001984,0.001945,0.001945,0.001945,0.001945,0.001984,0.001907,0.001984,0.002022,0.002098,0.002022,0.002022,0.002060,0.002060,0.002098,0.002060,0.002098,0.002098,0.002060,0.002098,0.002098,0.002060,0.002022,0.002022,0.002060,0.002022,0.002022,0.001984,0.001945,0.001945,0.001907,0.001869,0.001869,0.001831,0.001869,0.001831,0.001831,0.001831,0.001831,0.001831,0.001793,0.001831,0.001831,0.001793,0.001869,0.001907,0.001907,0.001907,0.001945,0.001984,0.001984,0.002060,0.002060,0.002060,0.002060,0.002060,0.002136,0.002136,0.002098,0.002098,0.002098,0.002098,0.002022,0.002060,0.002022,0.002060,0.002060,0.002022,0.002098,0.002060,0.002060,0.001984,0.001984,0.001984,0.001945,0.001907,0.001945,0.001907,0.001945,0.001945,0.001945,0.001984,0.001907,0.001945,0.001984,0.001984,0.001984,0.001984,0.001984,0.001984,0.002022,0.002022,0.002022,0.002022,0.002022,0.002022,0.002060,0.002098,0.002136,0.002174,0.002213,0.002174,0.002213,0.002174,0.002213,0.002289,0.002213,0.002251,0.002251,0.002213,0.002289,0.002289,0.002289,0.002213,0.002251,0.002289,0.002251,0.002213,0.002213,0.002251,0.002213,0.002174,0.002174,0.002136,0.002136,0.002136,0.002060,0.002098,0.002060,0.002060,0.002098,0.002060,0.002060,0.002022,0.002060,0.002060,0.002060,0.002060,0.002022,0.002022,0.002022,0.002022,0.002022,0.001984,0.002022,0.001945,0.002022,0.002022,0.001945,0.002022,0.001945,0.001945,0.001945,0.001945,0.001907,0.001945,0.001869,0.001869,0.001831,0.001831,0.001831,0.001831,0.001831,0.001831,0.001869,0.001755,0.001717,0.001755,0.001755,0.001755,0.001717,0.001755,0.001755,0.001793,0.001717,0.001793,0.001869,0.001869,0.001831,0.001831,0.001831,0.001869,0.001831,0.001907,0.001945,0.001945,0.001907,0.001907,0.001869,0.001945,0.001945,0.001945,0.001945,0.001984,0.001945,0.001907,0.001869,0.001945,0.001907,0.001907,0.001945,0.001869,0.001907,0.001945,0.001907,0.001907,0.001945,0.001869,0.001907,0.001945,0.001945,0.001984,0.001945,0.001984,0.002022,0.002060,0.002022,0.002022,0.002022,0.002022,0.002060,0.002022,0.002060,0.002022,0.002060,0.002098,0.002098,0.002136,0.002136,0.002098,0.002213,0.002174,0.002251,0.002174,0.002213,0.002213,0.002213,0.002251,0.002289,0.002251,0.002327,0.002289,0.002327,0.002327,0.002327,0.002289,0.002365,0.002365,0.002289,0.002365,0.002403,0.002327,0.002403,0.002365,0.002365,0.002289,0.002289,0.002365,0.002289,0.002289,0.002251,0.002251,0.002174,0.002098,0.002136,0.002060,0.002022,0.001984,0.001984,0.001907,0.001869,0.001907,0.001869,0.001793,0.001755,0.001755,0.001755,0.001717,0.001717,0.001717,0.001678,0.001793,0.001717,0.001717,0.001755,0.001793,0.001717,0.001755,0.001793,0.001869,0.001831,0.001869,0.001869,0.001869,0.001907,0.001869,0.001945,0.001907,0.001907,0.001945,0.002022,0.002022,0.002022,0.001984,0.002098,0.002060,0.002060,0.002060,0.002060,0.002022,0.002060,0.002098,0.002098,0.002213,0.002136,0.002174,0.002174,0.002213,0.002251,0.002213,0.002213,0.002251,0.002289,0.002251,0.002213,0.002251,0.002327,0.002327,0.002251,0.002251,0.002365,0.002327,0.002327,0.002289,0.002289,0.002289,0.002251,0.002251,0.002251,0.002251,0.002251,0.002289,0.002251,0.002251,0.002213,0.002251,0.002251,0.002251,0.002251,0.002251,0.002213,0.002213,0.002213,0.002213,0.002174,0.002213,0.002136,0.002174,0.002213,0.002174,0.002136,0.002136,0.002136,0.002098,0.002136,0.002136,0.002136,0.002136,0.002060,0.002136,0.002098,0.002060,0.002098,0.002098,0.002060,0.002022,0.002022,0.002060,0.002022,0.002060,0.002060,0.001984,0.002022,0.001984,0.001984,0.001945,0.001945,0.002022,0.001945,0.001907,0.001907,0.001907,0.001869,0.001869,0.001869,0.001907,0.001869,0.001869,0.001831,0.001907,0.001831,0.001869,0.001869,0.001907,0.001945,0.001945,0.001945,0.001907,0.001945,0.001945,0.001945,0.001984,0.001907,0.001907,0.001984,0.001945,0.001945,0.001907,0.001984,0.002022,0.001945,0.001984,0.001945,0.002022,0.001984,0.001984,0.001984,0.001984,0.002060,0.002060,0.002060,0.002098,0.002098,0.002060,0.002136,0.002174,0.002098,0.002098,0.002174,0.002174,0.002174,0.002213,0.002174,0.002251,0.002251,0.002251,0.002289,0.002174,0.002251,0.002251,0.002213,0.002213,0.002174,0.002174,0.002213,0.002213,0.002174,0.002174,0.002136,0.002174,0.002174,0.002174,0.002136,0.002136,0.002136,0.002174,0.002136,0.002174,0.002136,0.002060,0.002060,0.002060,0.002098,0.002098,0.002098,0.002060,0.002022,0.002098,0.002060,0.002022,0.002060,0.002022,0.002060,0.002098,0.002060,0.002098,0.002060,0.002098,0.002060,0.002060,0.002060,0.002098,0.002098,0.002022,0.001984,0.001984,0.002022,0.001945,0.001984,0.001984,0.001984,0.001945,0.001945,0.001907,0.001907,0.001907,0.001907,0.001831,0.001831,0.001907,0.001831,0.001831,0.001831,0.001831,0.001831,0.001831,0.001793,0.001793,0.001793,0.001831,0.001755,0.001755,0.001717,0.001755,0.001755,0.001831,0.001793,0.001793,0.001755,0.001793,0.001831,0.001869,0.001831,0.001907,0.001907,0.001907,0.001945,0.001945,0.001945,0.001945,0.001945,0.001945,0.001984,0.002022,0.001984,0.002022,0.002060,0.002098,0.002060,0.002060,0.002098,0.002098,0.002098,0.002098,0.002098,0.002136,0.002174,0.002136,0.002174,0.002213,0.002213,0.002251,0.002251,0.002251,0.002213,0.002289,0.002213,0.002213,0.002251,0.002251,0.002213,0.002251,0.002213,0.002174,0.002174,0.002136,0.002174,0.002174,0.002213,0.002174,0.002136,0.002136,0.002174,0.002098,0.002174,0.002136,0.002098,0.002136,0.002136,0.002060,0.002098,0.002098,0.002098,0.002060,0.002136,0.002136,0.002136,0.002098,0.002060,0.002174,0.002060,0.002098,0.002098,0.002174,0.002098,0.002060,0.002060,0.002060,0.002060,0.002098,0.002060,0.002098,0.002098,0.002136,0.002136,0.002098,0.002136,0.002098,0.002136,0.002098,0.002136,0.002136,0.002174,0.002174,0.002098,0.002136,0.002136,0.002098,0.002098,0.002174,0.002174,0.002174,0.002136,0.002136,0.002098,0.002098,0.002174,0.002060,0.002098,0.002098,0.002060,0.002098,0.002174,0.002136,0.002098,0.002098,0.002136,0.002136,0.002136,0.002098,0.002136,0.002136,0.002136,0.002174,0.002098,0.002098,0.002098,0.002098,0.002136,0.002060,0.002098,0.002098,0.002098,0.002136,0.002174,0.002174,0.002098,0.002136,0.002136,0.002136,0.002174,0.002136,0.002136,0.002174,0.002174,0.002174,0.002174,0.002174,0.002174,0.002136,0.002174,0.002098,0.002136,0.002098,0.002098,0.002098,0.002022,0.002022,0.002022,0.001984,0.002022,0.001984,0.001945,0.001907,0.001945,0.001907,0.001907,0.001869,0.001869,0.001869,0.001869,0.001869,0.001869,0.001831,0.001793,0.001793,0.001755,0.001755,0.001755,0.001831,0.001755,0.001793,0.001793,0.001793,0.001793,0.001793,0.001869,0.001793,0.001869,0.001869,0.001869,0.001907,0.001907,0.001945,0.001984,0.001984,0.001984,0.001984,0.002022,0.002022,0.002022,0.002098,0.002136,0.002136,0.002174,0.002213,0.002174,0.002213,0.002289,0.002251,0.002174,0.002174,0.002174,0.002251,0.002098,0.002098,0.002174,0.002174,0.002136,0.002098,0.002098,0.002098,0.002060,0.002098,0.002022,0.002098,0.002022,0.002022,0.002060,0.002060,0.002022,0.002098,0.002098,0.002098,0.002098,0.002098,0.002136,0.002136,0.002174,0.002213,0.002174,0.002174,0.002174,0.002136,0.002174,0.002136,0.002136,0.002136,0.002213,0.002174,0.002174,0.002174,0.002174,0.002060,0.002060,0.002060,0.002022,0.001945,0.001984,0.001945,0.001907,0.001793,0.001793,0.001793,0.001755,0.001678,0.001678,0.001717,0.001678,0.001717,0.001678,0.001678,0.001678,0.001678,0.001717,0.001793,0.001717,0.001755,0.001869,0.001831,0.001831,0.001945,0.001907,0.001869,0.001945,0.001945,0.001984,0.002022,0.002022,0.001984,0.001984,0.001945,0.001945,0.001984,0.001945,0.001945,0.001945,0.001984,0.001984,0.001945,0.001907,0.001984,0.001907,0.001945,0.001984,0.001945,0.001945,0.001984,0.002022,0.001984,0.002060,0.002060,0.002060,0.002098,0.002060,0.002098,0.002136,0.002136,0.002174,0.002251,0.002174,0.002174,0.002251,0.002213,0.002213,0.002213,0.002251,0.002251,0.002251,0.002174,0.002174,0.002213,0.002174,0.002213,0.002174,0.002136,0.002136,0.002136,0.002174,0.002136,0.002136,0.002136,0.002136,0.002136,0.002136,0.002098,0.002136,0.002098,0.002098,0.002060,0.002060,0.002022,0.002098,0.002060,0.002098,0.002098,0.002136,0.002098,0.002060,0.002022,0.002060,0.002060,0.002022,0.002022,0.002060,0.002060,0.002022,0.002060,0.002022,0.001984,0.001945,0.001945,0.001945,0.001945,0.001984,0.001984,0.001945,0.001984,0.001984,0.001984,0.001945,0.001945,0.001945,0.002022,0.002022,0.001945,0.001945,0.001945,0.001984,0.001984,0.001984,0.002022,0.002022,0.002022,0.002060,0.002022,0.001984,0.002022,0.002022,0.001984,0.002060,0.002060,0.002022,0.002022,0.002022,0.002060,0.002022,0.002060,0.002098,0.002060,0.002060,0.002098,0.002098,0.002022,0.002098,0.002098,0.002098,0.002098,0.002136,0.002060,0.002098,0.002098,0.002022,0.002098,0.002098,0.002060,0.002060,0.002136,0.002060,0.002098,0.002060,0.002060,0.001984,0.002022,0.001945,0.001945,0.001945,0.001945,0.001907,0.001907,0.001907,0.001907,0.001907,0.001869,0.001907,0.001907,0.001869,0.001869,0.001907,0.001907,0.001907,0.001945,0.001907,0.001869,0.001984,0.001907,0.001945,0.001907,0.001984,0.001984,0.001907,0.001907,0.001945,0.001907,0.001907,0.001945,0.001907,0.001945,0.001907,0.001945,0.001945,0.001945,0.001945,0.001984,0.001945,0.001945,0.001945,0.001984,0.001984,0.001984,0.002060,0.002022,0.002022,0.002060,0.002098,0.002022,0.002022,0.002060,0.002060,0.002060,0.002022,0.002060,0.002022,0.002022,0.002022,0.002060,0.002060,0.002022,0.002022,0.002022,0.001984,0.002022,0.001984,0.002022,0.001984,0.001984,0.001984,0.001984,0.001945,0.001984,0.001945,0.001945,0.001984,0.001945,0.001945,0.001984,0.001945,0.001945,0.002060,0.002022,0.001984,0.002060,0.002060,0.002136,0.002060,0.002098,0.002136,0.002136,0.002213,0.002136,0.002213,0.002213,0.002213,0.002174,0.002136,0.002174,0.002174,0.002136,0.002136,0.002213,0.002174,0.002136,0.002136,0.002136,0.002098,0.002098,0.002136,0.002098,0.002098,0.002098,0.002060,0.002060,0.002098,0.002060,0.002060,0.002098,0.002060,0.002060,0.002060,0.002022,0.002060,0.001984,0.002022,0.002060,0.002060,0.002022,0.001984,0.002022,0.001945,0.001984,0.001984,0.001984,0.001984,0.001984,0.001984,0.001984,0.002022,0.001907,0.001907,0.001984,0.001945,0.001945,0.001907,0.001907,0.001945,0.001869,0.001907,0.001907,0.001869,0.001945,0.001869,0.001907,0.001907,0.001869,0.001869,0.001907,0.001945,0.001907,0.001869,0.001907,0.001907,0.001869,0.001869,0.001907,0.001907,0.001907,0.001945,0.001945,0.001869,0.001907,0.001984,0.001907,0.001945,0.002060,0.001945,0.002022,0.002022,0.001984,0.002022,0.002022,0.002022,0.002022,0.002022,0.002060,0.002022,0.002060,0.002022,0.002060,0.002098,0.002213,0.002136,0.002174,0.002174,0.002174,0.002174,0.002174,0.002251,0.002213,0.002251,0.002213,0.002213,0.002213,0.002213,0.002251,0.002251,0.002213,0.002251,0.002251,0.002251,0.002251,0.002213,0.002213,0.002251,0.002213,0.002213,0.002251,0.002174,0.002213,0.002174,0.002136,0.002136,0.002098,0.002098,0.002098,0.002136,0.002060,0.002098,0.002136,0.002174,0.002060,0.002060,0.002022,0.002098,0.002060,0.002098,0.002060,0.002136,0.002136,0.002098,0.002060,0.002022,0.002136,0.002060,0.002060,0.002136,0.002136,0.002098,0.002136,0.002060,0.002098,0.002060,0.002136,0.002022,0.002022,0.002060,0.002060,0.002022,0.002060,0.002098,0.002060,0.002060,0.002022,0.002060,0.002022,0.001984,0.001984,0.001945,0.001907,0.001984,0.001907,0.001869,0.001907,0.001869,0.001831,0.001831,0.001831,0.001869,0.001869,0.001907,0.001907,0.001984,0.001984,0.001984,0.002022,0.002098,0.002213,0.002213,0.002251,0.002327,0.002289,0.002289,0.002289,0.002327,0.002327,0.002327,0.002365,0.002289,0.002289,0.002289,0.002213,0.002213,0.002213,0.002060,0.002060,0.002098,0.002022,0.002022,0.001984,0.001907,0.001945,0.001793,0.001831,0.001831,0.001831,0.001831,0.001793,0.001869,0.001907,0.001945,0.001984,0.001984,0.002022,0.002022,0.002022,0.002060,0.002098,0.002098,0.002098,0.002136,0.002136,0.002174,0.002174,0.002136,0.002136,0.002098,0.002136,0.002136,0.002136,0.002098,0.002098,0.002136,0.002174,0.002136,0.002098,0.002098,0.002174,0.002098,0.002136,0.002174,0.002174,0.002174,0.002136,0.002136,0.002136,0.002174,0.002098,0.002136,0.002174,0.002174,0.002136,0.002136,0.002174,0.002174,0.002174,0.002213,0.002174,0.002213,0.002251,0.002213,0.002174,0.002213,0.002174,0.002136,0.002174,0.002136,0.002174,0.002174,0.002098,0.002136,0.002136,0.002136,0.002098,0.002098,0.002098,0.002098,0.002098,0.002098,0.002136,0.002136,0.002136,0.002136,0.002098,0.002098,0.002022,0.002060,0.002060,0.002060,0.002098,0.002098,0.002060,0.002060,0.002022,0.002060,0.002022,0.001984,0.002022,0.001984,0.001984,0.001945,0.001984,0.001984,0.001984,0.001945,0.001907,0.001945,0.001984,0.001984,0.001945,0.001984,0.002022,0.002022,0.002022,0.002098,0.002022,0.002060,0.002060,0.002022,0.002136,0.002136,0.002098,0.002098,0.002136,0.002098,0.002098,0.002098,0.002098,0.002022,0.002098,0.002060,0.002060,0.002060,0.002060,0.001984,0.002022,0.002022,0.002060,0.002022,0.002022,0.002060,0.002060,0.002022,0.001984,0.002060,0.002022,0.002060,0.002060,0.002098,0.002060,0.002022,0.002022,0.002060,0.002060,0.002098,0.002060,0.002060,0.002136,0.002098,0.002136,0.002060,0.002060,0.002098,0.002060,0.002060,0.002098,0.002060,0.002098,0.002136,0.002136,0.002022,0.002022,0.002098,0.002060,0.002098,0.002098,0.002060,0.002098,0.002060,0.002098,0.002098,0.002098,0.002136,0.002136,0.002136,0.002136,0.002136,0.002098,0.002098,0.002098,0.002060,0.002136,0.002098,0.002060,0.002098,0.002136,0.002098,0.002060,0.002060,0.002022,0.002098,0.002098,0.002022,0.002060,0.002022,0.001984,0.002022,0.002060,0.002022,0.002022,0.001984,0.001945,0.001984,0.001945,0.001984,0.001945,0.001984,0.001945,0.001984,0.001984,0.001907,0.001945,0.001945,0.001907,0.001945,0.001945,0.001984,0.001945,0.002022,0.001984,0.002022,0.001984,0.001984,0.002022,0.002022,0.002022,0.002022,0.002022,0.002022,0.002022,0.002060,0.002022,0.002022,0.002022,0.002022,0.002060,0.002060,0.002060,0.002098,0.002060,0.002098,0.002098,0.002060,0.002060,0.002174,0.002136,0.002136,0.002136,0.002098,0.002098,0.002136,0.002174,0.002174,0.002174,0.002174,0.002136,0.002136,0.002174,0.002174,0.002174,0.002174,0.002213,0.002213,0.002136,0.002136,0.002136,0.002136,0.002136,0.002174,0.002098,0.002098,0.002022,0.002060,0.002022,0.002022,0.002022,0.002022,0.002022,0.002060,0.002022,0.001984,0.001984,0.001984,0.002022,0.001984,0.001945,0.001945,0.001945,0.001984,0.001984,0.001945,0.001907,0.001945,0.001907,0.001907,0.001869,0.001869,0.001907,0.001869,0.001869,0.001907,0.001831,0.001869,0.001869,0.001869,0.001907,0.001869,0.001831,0.001907,0.001869,0.001907,0.001945,0.001907,0.001869,0.001869,0.001907,0.001945,0.001945,0.001984,0.002060,0.001984,0.002060,0.002022,0.001984,0.002022,0.002022,0.002060,0.002136,0.002174,0.002098,0.002136,0.002174,0.002098,0.002098,0.002136,0.002136,0.002174,0.002213,0.002136,0.002136,0.002136,0.002213,0.002213,0.002136,0.002098,0.002136,0.002136,0.002098,0.002136,0.002060,0.001984,0.002060,0.002022,0.002022,0.001984,0.001869,0.001907,0.001869,0.001869,0.001907,0.001831,0.001793,0.001793,0.001793,0.001755,0.001793,0.001717,0.001717,0.001717,0.001755,0.001717,0.001717,0.001755,0.001793,0.001793,0.001831,0.001831,0.001831,0.001831,0.001907,0.001945,0.001984,0.002022,0.002022,0.002022,0.002060,0.002136,0.002098,0.002136,0.002174,0.002136,0.002136,0.002136,0.002136,0.002136,0.002136,0.002136,0.002136,0.002098,0.002098,0.002174,0.002174,0.002174,0.002136,0.002136,0.002136,0.002098,0.002174,0.002213,0.002136,0.002174,0.002213,0.002213,0.002174,0.002213,0.002213,0.002136,0.002174,0.002174,0.002174,0.002174,0.002174,0.002289,0.002251,0.002174,0.002136,0.002136,0.002213,0.002174,0.002174,0.002174,0.002098,0.002098,0.002136,0.002098,0.002060,0.002098,0.002098,0.002060,0.002060,0.001984,0.001945,0.001984,0.002022,0.002060,0.002060,0.002022,0.001945,0.002060,0.002022,0.002022,0.002060,0.002060,0.001984,0.001945,0.001945,0.001984,0.001945,0.001907,0.001907,0.001945,0.001869,0.001907,0.001945,0.001907,0.001907,0.001984,0.001945,0.001984,0.002060,0.002060,0.001984,0.002060,0.002060,0.002060,0.002060,0.002060,0.002060,0.002022,0.002060,0.001984,0.001907,0.001907,0.001831,0.001831,0.001831,0.001793,0.001755,0.001793,0.001717,0.001793,0.001755,0.001717,0.001793,0.001793,0.001831,0.001831,0.001793,0.001831,0.001831,0.001869,0.001907,0.001869,0.001869,0.001869,0.001907,0.001831,0.001831,0.001869,0.001831,0.001793,0.001831,0.001831,0.001831,0.001793,0.001793,0.001831,0.001755,0.001831,0.001793,0.001831,0.001831,0.001907,0.001907,0.001869,0.001984,0.001984,0.001945,0.001907,0.001945,0.001984,0.001945,0.001945,0.001945,0.001945,0.001907,0.001907,0.001984,0.001945,0.001945,0.002022,0.002022,0.002022,0.002060,0.002136,0.002060,0.002060,0.002098,0.002098,0.002174,0.002136,0.002213,0.002251,0.002289,0.002327,0.002289,0.002289,0.002327,0.002365,0.002327,0.002289,0.002327,0.002327,0.002251,0.002213,0.002251,0.002251,0.002213,0.002213,0.002174,0.002136,0.002060,0.002060,0.002022,0.002022,0.001945,0.001945,0.001945,0.001907,0.001945,0.001984,0.001945,0.001907,0.001945,0.001907,0.002022,0.002022,0.001984,0.002022,0.002060,0.002060,0.002098,0.002098,0.002098,0.002136,0.002136,0.002174,0.002174,0.002136,0.002136,0.002136,0.002174,0.002174,0.002136,0.002136,0.002136,0.002174,0.002136,0.002136,0.002098,0.002136,0.002098,0.002098,0.002098,0.002136,0.002060,0.002060,0.002098,0.002098,0.002060,0.002098,0.002098,0.002060,0.002098,0.002098,0.002136,0.002136,0.002136,0.002136,0.002174,0.002098,0.002136,0.002174,0.002136,0.002060,0.002098,0.002136,0.002098,0.002060,0.002098,0.002098,0.002060,0.002060,0.002060,0.002022,0.002022,0.001984,0.002022,0.002060,0.002060,0.002022,0.002060,0.002060,0.002022,0.002060,0.002098,0.002060,0.002060,0.002098,0.002022,0.002022,0.002098,0.002098,0.002098,0.002098,0.002136,0.002060,0.002098,0.002098,0.002136,0.002098,0.002060,0.002098,0.002022,0.002022,0.001984,0.002022,0.002098,0.002060,0.001984,0.002098,0.002098,0.002022,0.002060,0.002022,0.002060,0.002060,0.002060,0.002098,0.002098,0.002098,0.002098,0.002098,0.002098,0.002022,0.002098,0.002136,0.002098,0.002060,0.002136,0.002136,0.002136,0.002060,0.002098,0.002136,0.002098,0.002060,0.002060,0.002098,0.002098,0.002060,0.002098,0.002098,0.002098,0.002136,0.002098,0.002060,0.002098,0.002022,0.002098,0.002060,0.002098,0.002098,0.002060,0.002098,0.002060,0.002060,0.002098,0.002022,0.002060,0.002022,0.002136,0.002022,0.002098,0.001984,0.002022,0.002022,0.002098,0.002022,0.002022,0.002060,0.002022,0.002022,0.001984,0.001984,0.001907,0.001945,0.002022,0.001984,0.001945,0.001945,0.001945,0.001907,0.001945,0.001945,0.001945,0.001945,0.001907,0.001907,0.001907,0.001907,0.001907,0.001907,0.001945,0.001945,0.001984,0.002022,0.002022,0.002022,0.002022,0.002060,0.002060,0.002060,0.002060,0.002098,0.002098,0.002098,0.002136,0.002136,0.002174,0.002136,0.002174,0.002174,0.002213,0.002213,0.002213,0.002213,0.002213,0.002289,0.002251,0.002251,0.002251,0.002213,0.002213,0.002213,0.002213,0.002213,0.002213,0.002174,0.002136,0.002213,0.002174,0.002136,0.002136,0.002098,0.002098,0.002098,0.002098,0.002060,0.002060,0.002022,0.002060,0.002098,0.002098,0.002060,0.002060,0.002098,0.002136,0.002136,0.002136,0.002136,0.002136,0.002136,0.002136,0.002136,0.002213,0.002174,0.002174,0.002136,0.002174,0.002174,0.002251,0.002213,0.002213,0.002174,0.002136,0.002213,0.002251,0.002251,0.002251,0.002251,0.002251,0.002213,0.002174,0.002174,0.002174,0.002136,0.002098,0.002098,0.002136,0.002136,0.002060,0.002060,0.002060,0.002060,0.002022,0.002022,0.001945,0.001945,0.001907,0.001907,0.001907,0.001869,0.001869,0.001831,0.001793,0.001831,0.001831,0.001831,0.001793,0.001793,0.001793,0.001793,0.001793,0.001755,0.001793,0.001793,0.001755,0.001831,0.001869,0.001907,0.001945,0.001984,0.001984,0.002022,0.001984,0.002022,0.002098,0.002136,0.002174,0.002174,0.002136,0.002136,0.002251,0.002251,0.002327,0.002251,0.002289,0.002251,0.002251,0.002251,0.002289,0.002251,0.002251,0.002251,0.002251,0.002213,0.002213,0.002136,0.002098,0.002098,0.002098,0.002098,0.002060,0.002098,0.002098,0.002098,0.002022,0.002098,0.002060,0.002060,0.002060,0.002060,0.002060,0.002060,0.002060,0.002060,0.002098,0.002060,0.002098,0.002136,0.002174,0.002174,0.002174,0.002174,0.002174,0.002213,0.002136,0.002213,0.002174,0.002251,0.002251,0.002213,0.002174,0.002213,0.002213,0.002213,0.002213,0.002213,0.002251,0.002213,0.002213,0.002213,0.002213,0.002213,0.002213,0.002213,0.002136,0.002136,0.002098,0.002136,0.002098,0.002098,0.002136,0.002136,0.002136,0.002098,0.002060,0.002098,0.002174,0.002098,0.002136,0.002136,0.002136,0.002174,0.002098,0.002213,0.002136,0.002136,0.002136,0.002136,0.002174,0.002136,0.002136,0.002213,0.002098,0.002098,0.002060,0.001984,0.002022,0.002060,0.002022,0.001984,0.001984,0.001984,0.001945,0.001984,0.002022,0.002022,0.001984,0.001945,0.001907,0.001907,0.001945,0.001945,0.001907,0.001907,0.001869,0.001945,0.001945,0.001984,0.001984,0.001945,0.001945,0.001984,0.001945,0.001945,0.001945,0.001945,0.001945,0.001984,0.002022,0.002022,0.001984,0.001984,0.001984,0.001984,0.002022,0.002022,0.002022,0.001984,0.001984,0.001984,0.002022,0.001984,0.001984,0.001984,0.001945,0.001945,0.001945,0.001907,0.001907,0.001907,0.001945,0.001869,0.001907,0.001945,0.001907,0.001907,0.001907,0.001945,0.001945,0.001945,0.002022,0.001945,0.001984,0.001984,0.002060,0.002022,0.001984,0.002022,0.002022,0.002060,0.002022,0.002022,0.002022,0.002022,0.001984,0.001984,0.002060,0.002060,0.002022,0.002060,0.002060,0.002098,0.002060,0.002060,0.002060,0.002060,0.002022,0.002022,0.002060,0.002060,0.002022,0.002022,0.001984,0.001984,0.001984,0.001984,0.002022,0.001984,0.001984,0.002022,0.001984,0.001945,0.001984,0.001984,0.001984,0.001945,0.001945,0.001945,0.001945,0.001907,0.001945,0.001945,0.001907,0.001984,0.001945,0.001907,0.001984,0.001945,0.001945,0.001945,0.001984,0.001984,0.001945,0.002022,0.001907,0.001984,0.001984,0.001907,0.002022,0.002022,0.001984,0.002022,0.001984,0.002022,0.002060,0.002022,0.002060,0.002060,0.002060,0.002060,0.002022,0.002060,0.002022,0.002022,0.002060,0.002060,0.001984,0.002022,0.002060,0.002022,0.002022,0.002022,0.002060,0.002098,0.001984,0.002022,0.001984,0.002060,0.002060,0.002060,0.002022,0.002060,0.002060,0.002060,0.002098,0.002098,0.002098,0.002098,0.002022,0.002060,0.002060,0.002136,0.002060,0.002060,0.002060,0.002060,0.002060,0.002098,0.002098,0.002060,0.002060,0.002098,0.002098,0.002060,0.002098,0.002098,0.002022,0.002060,0.002098,0.002098,0.002098,0.002136,0.002136,0.002174,0.002174,0.002136,0.002174,0.002174,0.002213,0.002174,0.002174,0.002213,0.002174,0.002174,0.002213,0.002213,0.002213,0.002251,0.002251,0.002251,0.002213,0.002213,0.002213,0.002213,0.002213,0.002174,0.002098,0.002136,0.002136,0.002098,0.002098,0.002022,0.002022,0.001984,0.001984,0.001984,0.002022,0.001984,0.001984,0.002022,0.001984,0.001907,0.001984,0.001945,0.001907,0.001907,0.001907,0.001907,0.001945,0.001907,0.001869,0.001907,0.001869,0.001945,0.001984,0.001907,0.001869,0.001907,0.001907,0.001869,0.001869,0.001831,0.001907,0.001945,0.001945,0.001907,0.001945,0.001869,0.001907,0.001907,0.001907,0.001907,0.001907,0.001907,0.001945,0.001907,0.001945,0.001984,0.001907,0.001945,0.001945,0.001945,0.001945,0.001984,0.001984,0.001907,0.001984,0.001984,0.001984,0.002022,0.002022,0.001984,0.001984,0.001984,0.002022,0.002060,0.002022,0.002022,0.002060,0.001984,0.002022,0.002022,0.002022,0.002022,0.001984,0.001984,0.002022,0.002060,0.002022,0.002060,0.002060,0.002136,0.002098,0.002060,0.002098,0.002098,0.002098,0.002098,0.002136,0.002174,0.002098,0.002098,0.002136,0.002174,0.002174,0.002174,0.002136,0.002098,0.002136,0.002098,0.002098,0.002022,0.002060,0.002060,0.001984,0.001945,0.001945,0.001907,0.001907,0.001831,0.001793,0.001831,0.001831,0.001755,0.001717,0.001717,0.001755,0.001793,0.001755,0.001755,0.001717,0.001717,0.001793,0.001755,0.001755,0.001869,0.001793,0.001793,0.001793,0.001831,0.001869,0.001907,0.001907,0.001907,0.001945,0.001945,0.001869,0.001907,0.001907,0.001831,0.001869,0.001831,0.001831,0.001869,0.001831,0.001831,0.001831,0.001831,0.001793,0.001793,0.001793,0.001831,0.001831,0.001869,0.001793,0.001793,0.001793,0.001793,0.001793,0.001755,0.001755,0.001831,0.001831,0.001831,0.001831,0.001869,0.001869,0.001945,0.001945,0.001907,0.001945,0.001984,0.001984,0.002060,0.002060,0.002136,0.002136,0.002174,0.002136,0.002174,0.002174,0.002174,0.002213,0.002213,0.002213,0.002213,0.002213,0.002213,0.002289,0.002289,0.002327,0.002289,0.002327,0.002289,0.002365,0.002403,0.002441,0.002441,0.002441,0.002365,0.002441,0.002441,0.002441,0.002403,0.002403,0.002480,0.002441,0.002480,0.002403,0.002480,0.002441,0.002480,0.002441,0.002480,0.002441,0.002403,0.002403,0.002403,0.002403,0.002441,0.002365,0.002365,0.002365,0.002327,0.002327,0.002289,0.002289,0.002213,0.002213,0.002251,0.002213,0.002174,0.002136,0.002136,0.002136,0.002098,0.002098,0.002098,0.002060,0.002060,0.002060,0.002060,0.002060,0.002098,0.002022,0.002022,0.002022,0.002022,0.002022,0.002022,0.002022,0.002098,0.002060,0.002060,0.002060,0.001984,0.001984,0.001984,0.002022,0.002022,0.001984,0.001945,0.001945,0.001945,0.001984,0.001984,0.001984,0.001907,0.001907,0.001945,0.001869,0.001869,0.001869,0.001793,0.001869,0.001831,0.001755,0.001793,0.001831,0.001831,0.001755,0.001831,0.001793,0.001831,0.001793,0.001831,0.001755,0.001869,0.001831,0.001793,0.001831,0.001831,0.001831,0.001831,0.001831,0.001869,0.001869,0.001793,0.001869,0.001907,0.001945,0.001907,0.001907,0.001984,0.001984,0.001984,0.001945,0.001945,0.001984,0.001984,0.001984,0.001984,0.001984,0.001984,0.001984,0.002022,0.001945,0.001984,0.001945,0.001945,0.001945,0.001984,0.001945,0.001945,0.001945,0.001945,0.001907,0.001984,0.002022,0.002022,0.001945,0.001984,0.002060,0.002060,0.001984,0.002060,0.002060,0.002022,0.002060,0.002060,0.002022,0.002060,0.002060,0.002022,0.002098,0.002136,0.002098,0.002098,0.002060,0.002060,0.002098,0.002136,0.002136,0.002136,0.002136,0.002098,0.002060,0.002098,0.002060,0.002060,0.002098,0.002136,0.002136,0.002098,0.002098,0.002098,0.002098,0.002098,0.002098,0.002098,0.002098,0.002136,0.002136,0.002098,0.002098,0.002174,0.002136,0.002136,0.002060,0.002136,0.002098,0.002098,0.002136,0.002213,0.002174,0.002174,0.002251,0.002251,0.002213,0.002213,0.002213,0.002213,0.002098,0.002174,0.002174,0.002136,0.002136,0.002136,0.002098,0.002098,0.002098,0.002022,0.002136,0.002098,0.002136,0.002136,0.002136,0.002098,0.002136,0.002098,0.002098,0.002136,0.002098,0.002136,0.002136,0.002136,0.002098,0.002098,0.002136,0.002098,0.002098,0.002136,0.002136,0.002136,0.002098,0.002098,0.002174,0.002136,0.002136,0.002174,0.002213,0.002136,0.002098,0.002136,0.002098,0.002098,0.002136,0.002098,0.002136,0.002098,0.002060,0.002098,0.002136,0.002136,0.002098,0.002060,0.002060,0.002098,0.002136,0.002136,0.002060,0.002174,0.002098,0.002136,0.002098,0.002098,0.002098,0.002098,0.002098,0.002060,0.002136,0.002098,0.002060,0.002022,0.002060,0.002022,0.002060,0.002060,0.002136,0.002060,0.002060,0.002022,0.002022,0.002022,0.002060,0.002060,0.002060,0.002060,0.002098,0.002060,0.002022,0.002022,0.001984,0.002022,0.002060,0.001984,0.001984,0.002022,0.002022,0.002022,0.001984,0.002022,0.001984,0.001945,0.002022,0.002022,0.002022,0.001984,0.002060,0.002022,0.002060,0.002060,0.002098,0.002060,0.002060,0.002098,0.002098,0.002098,0.002136,0.002174,0.002174,0.002174,0.002174,0.002136,0.002098,0.002174,0.002174,0.002174,0.002174,0.002136,0.002174,0.002174,0.002136,0.002174,0.002213,0.002251,0.002213,0.002213,0.002213,0.002213,0.002136,0.002136,0.002174,0.002174,0.002174,0.002136,0.002174,0.002136,0.002098,0.002174,0.002174,0.002098,0.002098,0.002098,0.002060,0.002174,0.002098,0.002060,0.002060,0.002022,0.002022,0.002022,0.002022,0.002060,0.001984,0.001984,0.001984,0.001984,0.001984,0.001907,0.001831,0.001907,0.001869,0.001907,0.001831,0.001831,0.001869,0.001869,0.001869,0.001869,0.001831,0.001831,0.001869,0.001869,0.001831,0.001831,0.001869,0.001907,0.001907,0.001907,0.001907,0.001984,0.002022,0.001984,0.001984,0.001984,0.001984,0.002060,0.001984,0.002060,0.002022,0.002060,0.002098,0.002060,0.002098,0.002098,0.002136,0.002098,0.002098,0.002098,0.002098,0.002098,0.002098,0.002098,0.002060,0.002098,0.002136,0.002098,0.002060,0.002060,0.002098,0.002098,0.002098,0.002060,0.002060,0.002060,0.002060,0.002022,0.001984,0.001984,0.001984,0.001984,0.002022,0.002022,0.002022,0.002022,0.002060,0.002022,0.001984,0.001984,0.001984,0.001984,0.001984,0.002022,0.002060,0.002022,0.001984,0.002022,0.002022,0.002022,0.002022,0.002022,0.002060,0.002022,0.002022,0.001984,0.001984,0.002022,0.002022,0.001984,0.001984,0.001984,0.001907,0.001945,0.001945,0.001945,0.001945,0.001907,0.001945,0.001945,0.001945,0.002022,0.001984,0.001945,0.001945,0.001984,0.002022,0.002022,0.002060,0.002022,0.002022,0.002022,0.002098,0.002060,0.002060,0.002060,0.002060,0.002098,0.002098,0.002060,0.002098,0.002060,0.002060,0.002136,0.002098,0.002098,0.002098,0.002098,0.002098,0.002060,0.002060,0.002022,0.002098,0.002060,0.002098,0.002060,0.002098,0.002098,0.002136,0.002136,0.002098,0.002060,0.002098,0.002098,0.002136,0.002098,0.002098,0.002098,0.002136,0.002136,0.002098,0.002174,0.002136,0.002098,0.002060,0.002098,0.002136,0.002098,0.002098,0.002098,0.002098,0.002136,0.002098,0.002098,0.002098,0.001984,0.002022,0.002060,0.002060,0.002060,0.002022,0.002022,0.002022,0.001984,0.001984,0.002022,0.001984,0.001984,0.001907,0.001907,0.001984,0.001984,0.001984,0.002022,0.001945,0.001945,0.001907,0.001945,0.001945,0.001945,0.001945,0.001945,0.001984,0.001945,0.001984,0.001945,0.001984,0.001984,0.001945,0.001984,0.001984,0.001984,0.001945,0.001984,0.002022,0.002022,0.002022,0.001945,0.001945,0.001945,0.001907,0.001945,0.001945,0.001984,0.001984,0.001984,0.002022,0.002022,0.001984,0.002060,0.002060,0.001984,0.002022,0.002022,0.002022,0.002022,0.001984,0.001984,0.002022,0.002022,0.002060,0.002060,0.002136,0.002098,0.001984,0.002022,0.002060,0.002060,0.002022,0.001984,0.002060,0.002022,0.002060,0.002060,0.002098,0.002022,0.002060,0.002060,0.002022,0.002060,0.002060,0.002060,0.002098,0.002098,0.002060,0.002060,0.002136,0.002098,0.002098,0.002022,0.002060,0.002098,0.002022,0.002022,0.001984,0.001984,0.001945,0.001907,0.001907,0.001869,0.001869,0.001907,0.001907,0.001793,0.001793,0.001869,0.001831,0.001793,0.001793,0.001793,0.001831,0.001793,0.001831,0.001831,0.001831,0.001831,0.001831,0.001831,0.001793,0.001831,0.001831,0.001831,0.001831,0.001831,0.001869,0.001907,0.001907,0.001907,0.001907,0.001907,0.001945,0.002022,0.001984,0.001984,0.002060,0.002060,0.002060,0.002060,0.002060,0.002060,0.002098,0.002022,0.002060,0.002098,0.002136,0.002136,0.002060,0.002098,0.002098,0.002022,0.001984,0.002022,0.002060,0.002060,0.001984,0.002060,0.002060,0.002022,0.002022,0.002060,0.002060,0.001984,0.002060,0.002022,0.002022,0.002098,0.002060,0.002060,0.002022,0.002098,0.002022,0.002022,0.001984,0.002060,0.002060,0.002022,0.002060,0.002060,0.002060,0.002060,0.002060,0.002098,0.002060,0.002098,0.002060,0.002022,0.002136,0.002098,0.002098,0.002136,0.002060,0.002060,0.002098,0.002174,0.002136,0.002136,0.002136,0.002098,0.002136,0.002098,0.002136,0.002098,0.002098,0.002136,0.002098,0.002098,0.002136,0.002098,0.002060,0.002060,0.002060,0.002060,0.002060,0.002060,0.002022,0.002022,0.002022,0.002022,0.002022,0.001984,0.002022,0.001984,0.001984,0.002060,0.001984,0.001945,0.001945,0.001945,0.001984,0.001907,0.001869,0.001945,0.001984,0.001945,0.001907,0.001945,0.001945,0.001945,0.001907,0.001907,0.001984,0.001945,0.001945,0.001945,0.001945,0.002022,0.001984,0.001984,0.001984,0.001984,0.001984,0.001984,0.002022,0.001945,0.001984,0.001984,0.001945,0.001984,0.001945,0.001984,0.001984,0.001945,0.001945,0.001945,0.002022,0.002022,0.001984,0.001945,0.002022,0.001984,0.002022,0.001984,0.001984,0.002022,0.002022,0.001945,0.001984,0.002022,0.002022,0.002060,0.001945,0.002022,0.002022,0.002022,0.001984,0.002022,0.002022,0.001984,0.001984,0.002022,0.002022,0.001984,0.002022,0.001984,0.002022,0.002060,0.002022,0.002022,0.002060,0.002022,0.002022,0.002022,0.002022,0.002022,0.002060,0.002060,0.002022,0.002098,0.002098,0.002060,0.002098,0.002136,0.002136,0.002136,0.002174,0.002136,0.002213,0.002174,0.002136,0.002213,0.002213,0.002174,0.002213,0.002251,0.002251,0.002213,0.002213,0.002289,0.002251,0.002251,0.002174,0.002251,0.002213,0.002251,0.002251,0.002213,0.002213,0.002251,0.002251,0.002213,0.002213,0.002174,0.002174,0.002213,0.002136,0.002174,0.002136,0.002174,0.002136,0.002136,0.002060,0.002060,0.002060,0.002060,0.002022,0.002022,0.001984,0.001984,0.001984,0.001984,0.001945,0.001907,0.001945,0.002022,0.001984,0.001945,0.001984,0.001984,0.001984,0.001984,0.001984,0.002060,0.001984,0.001984,0.002022,0.002022,0.002060,0.002022,0.002022,0.002060,0.002022,0.002022,0.002022,0.002098,0.002060,0.002022,0.002060,0.002022,0.002060,0.002022,0.002060,0.002136,0.002098,0.002022,0.002098,0.002136,0.002098,0.002174,0.002136,0.002174,0.002174,0.002213,0.002213,0.002213,0.002174,0.002174,0.002174,0.002174,0.002174,0.002251,0.002213,0.002213,0.002174,0.002174,0.002213,0.002174,0.002213,0.002213,0.002213,0.002213,0.002136,0.002136,0.002136,0.002136,0.002098,0.002098,0.002098,0.002022,0.002022,0.002022,0.002022,0.001984,0.001945,0.002022,0.002022,0.001945,0.001907,0.001907,0.001945,0.001984,0.001945,0.001945,0.002022,0.001945,0.001945,0.001945,0.001945,0.001945,0.001907,0.001984,0.001984,0.001945,0.001984,0.001945,0.001907,0.001984,0.001945,0.001945,0.001907,0.001945,0.001945,0.001984,0.002022,0.001984,0.002098,0.002060,0.002098,0.002060,0.002098,0.002098,0.002022,0.002098,0.002098,0.002136,0.002136,0.002136,0.002098,0.002136,0.002174,0.002136,0.002098,0.002136,0.002136,0.002136,0.002060,0.002098,0.002022,0.002098,0.002098,0.001984,0.001984,0.001907,0.001945,0.001945,0.001945,0.001984,0.001945,0.001945,0.001945,0.001945,0.001945,0.001869,0.001945,0.001907,0.001907,0.001907,0.001945,0.001945,0.001907,0.001869,0.001907,0.001984,0.001984,0.001945,0.002022,0.002022,0.002060,0.002022,0.002060,0.002098,0.002136,0.002174,0.002174,0.002098,0.002136,0.002174,0.002213,0.002251,0.002289,0.002213,0.002251,0.002251,0.002213,0.002251,0.002213,0.002251,0.002289,0.002251,0.002213,0.002213,0.002174,0.002174,0.002251,0.002213,0.002213,0.002174,0.002174,0.002213,0.002213,0.002213,0.002174,0.002251,0.002213,0.002213,0.002251,0.002174,0.002213,0.002174,0.002174,0.002174,0.002174,0.002213,0.002213,0.002213,0.002213,0.002213,0.002174,0.002213,0.002213,0.002174,0.002174,0.002174,0.002136,0.002213,0.002213,0.002251,0.002213,0.002251,0.002213,0.002213,0.002251,0.002251,0.002174,0.002174,0.002213,0.002251,0.002251,0.002251,0.002213,0.002213,0.002174,0.002213,0.002251,0.002213,0.002213,0.002213,0.002213,0.002213,0.002251,0.002213,0.002174,0.002251,0.002136,0.002136,0.002174,0.002174,0.002174,0.002098,0.002174,0.002098,0.002136,0.002136,0.002098,0.002136,0.002136,0.002098,0.002060,0.002098,0.002098,0.002060,0.002022,0.002098,0.002098,0.002060,0.002022,0.002022,0.001984,0.002098,0.001984,0.001984,0.002022,0.001984,0.001907,0.001907,0.001869,0.001984,0.001984,0.001907,0.001869,0.001907,0.001869,0.001869,0.001831,0.001831,0.001831,0.001793,0.001831,0.001831,0.001831,0.001831,0.001793,0.001755,0.001793,0.001831,0.001793,0.001831,0.001869,0.001831,0.001907,0.001869,0.001907,0.001869,0.001869,0.001907,0.001907,0.001907,0.001945,0.001945,0.001984,0.001984,0.001984,0.002060,0.002022,0.001984,0.001984,0.002022,0.002022,0.002022,0.001945,0.001984,0.001984,0.001984,0.001984,0.001984,0.002098,0.002060,0.002136,0.002022,0.002060,0.002098,0.002136,0.002136,0.002060,0.002136,0.002136,0.002136,0.002213,0.002174,0.002174,0.002136,0.002136,0.002213,0.002251,0.002213,0.002174,0.002213,0.002098,0.002213,0.002174,0.002213,0.002174,0.002136,0.002174,0.002098,0.002098,0.002174,0.002060,0.002098,0.002098,0.002060,0.002022,0.001984,0.002060,0.001945,0.001907,0.001984,0.001945,0.001907,0.001945,0.001945,0.001907,0.001984,0.001907,0.001984,0.001907,0.001907,0.001945,0.001907,0.001907,0.001869,0.001869,0.001945,0.001945,0.001945,0.001945,0.001945,0.001907,0.001869,0.001907,0.001907,0.001945,0.001869,0.001907,0.001945,0.001907,0.001907,0.001869,0.001869,0.001907,0.001945,0.001907,0.001907,0.001907,0.001907,0.001869,0.001945,0.001945,0.001907,0.001907,0.001945,0.001907,0.001984,0.002022,0.002022,0.001984,0.001984,0.002022,0.002022,0.002060,0.002060,0.002022,0.001984,0.002098,0.002022,0.002136,0.002098,0.002098,0.002098,0.002098,0.002060,0.002098,0.002098,0.002098,0.002098,0.002060,0.002098,0.002060,0.002060,0.002022,0.002060,0.002060,0.002060,0.002022,0.002060,0.002098,0.002098,0.002060,0.002098,0.002060,0.002060,0.002060,0.002098,0.002098,0.002098,0.002060,0.002098,0.002136,0.002060,0.002060,0.002098,0.002098,0.002060,0.002098,0.002060,0.002098,0.002060,0.002060,0.002060,0.002060,0.002022,0.002022,0.001984,0.001945,0.001984,0.001984,0.001984,0.001945,0.001869,0.001907,0.001907,0.001907,0.001907,0.001945,0.001907,0.001907,0.001907,0.001945,0.001907,0.001869,0.001869,0.001907,0.001907,0.001984,0.001984,0.001907,0.001945,0.001945,0.001945,0.001945,0.001945,0.001907,0.001945,0.001984,0.001907,0.001984,0.001984,0.001945,0.001907,0.001984
45,19:00:00.000,12/31/1903,0.000000,0.100000,UNKNOWN,1,0/0,0.000000,0.000000,0.000000,0.000000,0.000000,0.000000,0.000000,0.000000,0,0,0,0,0.002136,0.002136,0.002136,0.002136,0.002098,0.002060,0.002060,0.002136,0.002136,0.002098,0.002136,0.002136,0.002098,0.002060,0.002098,0.002022,0.002060,0.002098,0.002098,0.002060,0.002098,0.002060,0.002060,0.002136,0.002022,0.002060,0.002060,0.002060,0.002098,0.002022,0.002098,0.002060,0.002060,0.002060,0.002060,0.002098,0.002060,0.002022,0.002060,0.002098,0.002098,0.002098,0.002060,0.002060,0.002060,0.002060,0.002022,0.001984,0.002060,0.001984,0.002022,0.002022,0.001984,0.002022,0.002022,0.002022,0.001984,0.001984,0.001984,0.001984,0.002022,0.001984,0.001945,0.001984,0.002022,0.001984,0.001907,0.001984,0.001984,0.001984,0.001984,0.001984,0.001984,0.001984,0.001945,0.001907,0.001907,0.001945,0.001907,0.001907,0.001907,0.002022,0.001907,0.001907,0.001945,0.001945,0.001945,0.001945,0.001945,0.001945,0.001945,0.001869,0.001945,0.001945,0.002022,0.001984,0.001945,0.001984,0.001945,0.001984,0.001945,0.001984,0.001945,0.001945,0.001907,0.001984,0.001945,0.001907,0.001945,0.001984,0.001984,0.001945,0.001945,0.002022,0.002022,0.001984,0.001945,0.001945,0.001984,0.001984,0.001984,0.002022,0.001984,0.001945,0.002022,0.002022,0.002022,0.002060,0.001984,0.001984,0.002022,0.001945,0.002022,0.002022,0.001984,0.001984,0.001984,0.001984,0.002022,0.001945,0.002022,0.001945,0.001945,0.001984,0.002022,0.002022,0.001984,0.002022,0.002022,0.001984,0.002060,0.001984,0.002022,0.002022,0.001945,0.001984,0.002022,0.002022,0.002060,0.002022,0.002022,0.002022,0.002022,0.001984,0.002022,0.002060,0.001984,0.002022,0.002060,0.002060,0.002022,0.002022,0.002022,0.002060,0.002098,0.002060,0.002060,0.002022,0.002022,0.002136,0.002060,0.002098,0.002098,0.002060,0.002060,0.002060,0.002022,0.002060,0.002098,0.002098,0.002060,0.002060,0.002060,0.002060,0.002060,0.002060,0.002060,0.002060,0.002022,0.002022,0.002022,0.002022,0.002022,0.002022,0.002022,0.001984,0.002022,0.002060,0.002060,0.002060,0.002022,0.002060,0.002022,0.002022,0.002060,0.002022,0.002022,0.002060,0.002060,0.002060,0.002022,0.002022,0.002098,0.002136,0.002060,0.002098,0.002136,0.002060,0.002098,0.002136,0.002098,0.002098,0.002098,0.002098,0.002098,0.002098,0.002022,0.002060,0.002136,0.002098,0.002098,0.002098,0.002098,0.002098,0.002098,0.002136,0.002098,0.002098,0.002098,0.002060,0.002060,0.002098,0.002060,0.002060,0.002022,0.002098,0.002098,0.002136,0.002098,0.002098,0.002022,0.002022,0.002022,0.002060,0.002022,0.002060,0.002022,0.002060,0.002060,0.002060,0.002060,0.002060,0.002060,0.002060,0.002022,0.002022,0.002022,0.002060,0.001984,0.002022,0.001984,0.001984,0.002022,0.002022,0.002060,0.002060,0.002022,0.002022,0.001945,0.001984,0.002022,0.002060,0.001945,0.001945,0.001907,0.001945,0.001945,0.001945,0.001984,0.001945,0.001984,0.001984,0.002022,0.001984,0.002060,0.001984,0.001945,0.001984,0.001984,0.001984,0.001945,0.001945,0.001984,0.002022,0.001945,0.001945,0.002022,0.002022,0.002060,0.001984,0.001984,0.001984,0.001984,0.001984,0.001984,0.001984,0.002022,0.001945,0.001984,0.001984,0.001984,0.001907,0.001945,0.001984,0.002022,0.001945,0.001945,0.001984,0.001984,0.001984,0.002022,0.001984,0.001984,0.002022,0.002022,0.002022,0.001945,0.001984,0.001984,0.001945,0.001984,0.002022,0.002060,0.001984,0.002022,0.002060,0.002022,0.002022,0.001945,0.001945,0.002022,0.001984,0.002022,0.002022,0.001984,0.002022,0.001984,0.001984,0.002022,0.001984,0.002022,0.002022,0.001984,0.001945,0.001907,0.002022,0.002022,0.002060,0.001984,0.002022,0.002022,0.001984,0.001984,0.001945,0.001984,0.001945,0.001984,0.001984,0.001984,0.002022,0.002060,0.001984,0.002060,0.001984,0.001984,0.002022,0.002098,0.002060,0.002022,0.002060,0.002060,0.002060,0.001984,0.002022,0.002060,0.002060,0.002060,0.002060,0.002098,0.002060,0.002098,0.002098,0.002060,0.002060,0.002060,0.002098,0.002060,0.002098,0.002136,0.002098,0.002098,0.002098,0.002098,0.002098,0.002098,0.002136,0.002174,0.002136,0.002098,0.002098,0.002098,0.002098,0.002098,0.002136,0.002098,0.002098,0.002136,0.002060,0.002098,0.002136,0.002098,0.002136,0.002098,0.002098,0.002022,0.002098,0.002022,0.002022,0.002060,0.002022,0.002098,0.002060,0.002022,0.002060,0.002022,0.002060,0.002060,0.002022,0.002022,0.002022,0.002022,0.001984,0.002022,0.002060,0.002022,0.002022,0.002022,0.001984,0.001984,0.001907,0.001945,0.001984,0.001984,0.001945,0.001945,0.001945,0.001945,0.001945,0.001869,0.001907,0.001907,0.001907,0.001945,0.001907,0.001869,0.001945,0.001907,0.001984,0.001907,0.001945,0.001907,0.001907,0.001945,0.001945,0.001945,0.001945,0.001907,0.001945,0.001945,0.001907,0.001945,0.001907,0.001907,0.001907,0.001984,0.001984,0.001945,0.001945,0.001945,0.001945,0.001984,0.001945,0.001984,0.001984,0.001945,0.001907,0.001945,0.001945,0.001869,0.001907,0.001945,0.001984,0.002022,0.002022,0.001984,0.001945,0.002022,0.001945,0.001984,0.002022,0.001907,0.001984,0.001984,0.002022,0.001984,0.001945,0.001945,0.001984,0.002022,0.002022,0.001945,0.001984,0.002022,0.002060,0.001984,0.002022,0.002022,0.001984,0.002022,0.001984,0.002022,0.002022,0.002060,0.002060,0.002098,0.002098,0.002060,0.002060,0.002098,0.002060,0.002022,0.002098,0.002022,0.002060,0.002060,0.002098,0.002022,0.002022,0.002098,0.002060,0.002136,0.002060,0.002060,0.002022,0.002060,0.002098,0.002098,0.002098,0.002098,0.002060,0.002098,0.002060,0.002060,0.002060,0.002060,0.002022,0.002060,0.002060,0.002022,0.002022,0.002022,0.002022,0.002022,0.002060,0.002098,0.002098,0.001984,0.001945,0.002022,0.001984,0.001945,0.002022,0.002022,0.002022,0.002022,0.002022,0.001984,0.002060,0.001984,0.001984,0.001984,0.001945,0.002022,0.002022,0.001984,0.001984,0.001945,0.001945,0.001984,0.001984,0.001945,0.001984,0.001984,0.001984,0.002098,0.001984,0.001984,0.001945,0.002022,0.002022,0.002060,0.002022,0.001984,0.002060,0.002022,0.002022,0.002060,0.002022,0.002022,0.001984,0.001945,0.002022,0.001984,0.002022,0.002022,0.001945,0.001945,0.001984,0.001945,0.001907,0.001945,0.001984,0.001945,0.002022,0.002022,0.001984,0.001984,0.001945,0.001984,0.001984,0.001945,0.001984,0.001945,0.001984,0.001945,0.001984,0.001945,0.001907,0.002022,0.001945,0.001945,0.002022,0.001984,0.002022,0.001984,0.001984,0.001945,0.001945,0.001984,0.001907,0.001984,0.001984,0.001945,0.001984,0.001984,0.001984,0.001984,0.001945,0.001945,0.001984,0.001984,0.001907,0.001945,0.001945,0.001907,0.001831,0.001869,0.001907,0.001869,0.001793,0.001793,0.001831,0.001793,0.001755,0.001717,0.001717,0.001678,0.001678,0.001717,0.001678,0.001640,0.001602,0.001564,0.001526,0.001488,0.001526,0.001488,0.001450,0.001373,0.001411,0.001450,0.001411,0.001411,0.001450,0.001411,0.001488,0.001564,0.001678,0.001678,0.001831,0.001984,0.002136,0.002403,0.002518,0.002785,0.003014,0.003319,0.003586,0.003891,0.004234,0.004578,0.004883,0.005302,0.005608,0.005989,0.006371,0.006676,0.006943,0.007133,0.007401,0.007477,0.007477,0.007324,0.007172,0.006981,0.006638,0.006256,0.005798,0.005302,0.004768,0.004234,0.003624,0.003052,0.002480,0.001831,0.001221,0.000610,0.000000,-0.000496,-0.001106,-0.001793,-0.002403,-0.003014,-0.003586,-0.004082,-0.004539,-0.004921,-0.005226,-0.005379,-0.005417,-0.005379,-0.005226,-0.005035,-0.004654,-0.004349,-0.003891,-0.003471,-0.002937,-0.002403,-0.001907,-0.001373,-0.000877,-0.000496,0.000000,0.000343,0.000725,0.001068,0.001297,0.001602,0.001755,0.001945,0.002060,0.002174,0.002289,0.002327,0.002518,0.002518,0.002556,0.002670,0.002670,0.002823,0.002861,0.002975,0.002975,0.003014,0.003090,0.003128,0.003204,0.003281,0.003357,0.003433,0.003510,0.003662,0.003777,0.003853,0.004082,0.004158,0.004272,0.004387,0.004539,0.004616,0.004578,0.004654,0.004654,0.004692,0.004654,0.004616,0.004616,0.004539,0.004463,0.004425,0.004272,0.004234,0.004082,0.004005,0.003853,0.003700,0.003624,0.003433,0.003319,0.003242,0.003090,0.003014,0.002861,0.002747,0.002556,0.002518,0.002480,0.002365,0.002327,0.002213,0.002174,0.002136,0.002022,0.001984,0.001831,0.001907,0.001869,0.001717,0.001678,0.001678,0.001717,0.001717,0.001717,0.001717,0.001678,0.001755,0.001755,0.001793,0.001869,0.001869,0.001945,0.001907,0.001984,0.001984,0.001984,0.002022,0.001945,0.001945,0.001907,0.001869,0.001907,0.001831,0.001831,0.001755,0.001678,0.001755,0.001678,0.001678,0.001678,0.001678,0.001678,0.001678,0.001678,0.001602,0.001564,0.001526,0.001488,0.001488,0.001411,0.001335,0.001335,0.001335,0.001373,0.001335,0.001411,0.001488,0.001488,0.001526,0.001640,0.001717,0.001717,0.001717,0.001793,0.001793,0.001831,0.001831,0.001831,0.001831,0.001831,0.001831,0.001793,0.001793,0.001869,0.001755,0.001755,0.001793,0.001869,0.001869,0.001831,0.001869,0.001907,0.001907,0.001907,0.001945,0.001907,0.001907,0.001945,0.001945,0.001869,0.001907,0.001793,0.001793,0.001755,0.001755,0.001793,0.001755,0.001793,0.001793,0.001907,0.001907,0.001945,0.001984,0.002098,0.002060,0.002251,0.002251,0.002365,0.002365,0.002441,0.002518,0.002480,0.002594,0.002518,0.002556,0.002556,0.002518,0.002480,0.002327,0.002327,0.002251,0.002136,0.002022,0.001984,0.001945,0.001869,0.001831,0.001831,0.001831,0.001831,0.001831,0.001831,0.001831,0.001755,0.001755,0.001869,0.001831,0.001831,0.001869,0.001869,0.001831,0.001717,0.001717,0.001640,0.001640,0.001526,0.001526,0.001488,0.001450,0.001450,0.001411,0.001373,0.001297,0.001335,0.001335,0.001297,0.001259,0.001335,0.001335,0.001335,0.001335,0.001373,0.001373,0.001411,0.001450,0.001488,0.001526,0.001526,0.001602,0.001602,0.001717,0.001831,0.001831,0.001907,0.001945,0.002022,0.002174,0.002213,0.002289,0.002327,0.002441,0.002518,0.002518,0.002594,0.002594,0.002670,0.002708,0.002708,0.002747,0.002708,0.002747,0.002747,0.002670,0.002708,0.002670,0.002632,0.002632,0.002632,0.002556,0.002556,0.002594,0.002556,0.002556,0.002556,0.002480,0.002594,0.002518,0.002441,0.002441,0.002403,0.002403,0.002365,0.002403,0.002365,0.002289,0.002251,0.002174,0.002213,0.002098,0.002098,0.002136,0.002098,0.002060,0.002060,0.002098,0.002098,0.002098,0.002098,0.002060,0.002098,0.002060,0.002060,0.002098,0.002022,0.002060,0.002098,0.002022,0.001984,0.001984,0.002060,0.002022,0.002022,0.002098,0.002022,0.002098,0.002022,0.002098,0.002136,0.002098,0.002174,0.002213,0.002289,0.002327,0.002365,0.002480,0.002518,0.002518,0.002556,0.002556,0.002556,0.002594,0.002594,0.002480,0.002480,0.002441,0.002327,0.002327,0.002251,0.002174,0.002136,0.002060,0.002060,0.001945,0.001945,0.001869,0.001755,0.001755,0.001678,0.001640,0.001678,0.001640,0.001678,0.001640,0.001640,0.001755,0.001678,0.001717,0.001793,0.001907,0.001907,0.001945,0.002022,0.002060,0.002098,0.002098,0.002098,0.002136,0.002098,0.002098,0.002098,0.002098,0.002060,0.002022,0.002022,0.001984,0.001984,0.001907,0.001869,0.001869,0.001831,0.001755,0.001755,0.001678,0.001678,0.001678,0.001640,0.001640,0.001602,0.001564,0.001526,0.001640,0.001526,0.001488,0.001526,0.001564,0.001526,0.001526,0.001564,0.001564,0.001564,0.001564,0.001640,0.001755,0.001755,0.001755,0.001793,0.001755,0.001793,0.001907,0.001907,0.001945,0.001945,0.001984,0.001907,0.001984,0.001984,0.001984,0.002098,0.002060,0.002022,0.002136,0.002098,0.002174,0.002136,0.002174,0.002136,0.002098,0.002136,0.002136,0.002136,0.002136,0.002136,0.002174,0.002174,0.002213,0.002136,0.002174,0.002174,0.002098,0.002060,0.002098,0.002136,0.002098,0.002060,0.002098,0.002060,0.002060,0.002098,0.002060,0.002136,0.002060,0.002098,0.002136,0.002174,0.002136,0.002098,0.002174,0.002174,0.002136,0.002174,0.002098,0.002174,0.002098,0.002060,0.002060,0.002022,0.002060,0.002022,0.001984,0.001945,0.001869,0.001907,0.001869,0.001831,0.001831,0.001755,0.001755,0.001717,0.001717,0.001717,0.001678,0.001678,0.001640,0.001640,0.001602,0.001602,0.001602,0.001640,0.001678,0.001640,0.001602,0.001602,0.001602,0.001564,0.001602,0.001640,0.001678,0.001717,0.001717,0.001755,0.001831,0.001869,0.001869,0.001984,0.001984,0.002060,0.002060,0.002136,0.002174,0.002213,0.002251,0.002289,0.002251,0.002327,0.002365,0.002403,0.002327,0.002365,0.002403,0.002365,0.002365,0.002365,0.002441,0.002441,0.002403,0.002441,0.002403,0.002403,0.002441,0.002403,0.002441,0.002403,0.002441,0.002403,0.002403,0.002403,0.002365,0.002403,0.002365,0.002365,0.002327,0.002289,0.002289,0.002213,0.002213,0.002213,0.002060,0.002060,0.002098,0.002060,0.001984,0.001945,0.001945,0.001907,0.001907,0.001907,0.001869,0.001907,0.001869,0.001945,0.001945,0.001945,0.002022,0.001945,0.002098,0.002022,0.002098,0.002098,0.002174,0.002213,0.002174,0.002251,0.002251,0.002174,0.002213,0.002251,0.002289,0.002289,0.002289,0.002289,0.002174,0.002213,0.002098,0.002136,0.002098,0.002022,0.002022,0.001984,0.002022,0.001984,0.001907,0.001907,0.001831,0.001831,0.001831,0.001717,0.001793,0.001755,0.001755,0.001793,0.001717,0.001717,0.001717,0.001717,0.001640,0.001640,0.001678,0.001717,0.001640,0.001640,0.001640,0.001640,0.001602,0.001717,0.001717,0.001717,0.001755,0.001678,0.001717,0.001678,0.001717,0.001717,0.001678,0.001717,0.001640,0.001717,0.001678,0.001717,0.001755,0.001717,0.001755,0.001755,0.001717,0.001755,0.001793,0.001831,0.001907,0.001945,0.001907,0.001984,0.002022,0.002022,0.002022,0.002022,0.002060,0.002174,0.002174,0.002213,0.002213,0.002174,0.002251,0.002213,0.002251,0.002174,0.002136,0.002213,0.002174,0.002174,0.002136,0.002136,0.002136,0.002060,0.002098,0.002022,0.002022,0.002060,0.002060,0.002060,0.002022,0.001984,0.002060,0.001984,0.001984,0.001984,0.001984,0.002022,0.001984,0.001984,0.001984,0.001984,0.002022,0.002022,0.002022,0.002022,0.002060,0.002022,0.002060,0.002060,0.001984,0.002022,0.002022,0.002022,0.002098,0.002060,0.002022,0.002022,0.001984,0.002022,0.002098,0.002022,0.002022,0.002098,0.002098,0.002060,0.002136,0.002098,0.002136,0.002098,0.002060,0.002174,0.002136,0.002098,0.002060,0.002136,0.002098,0.002022,0.002136,0.002060,0.002022,0.001984,0.001945,0.001945,0.001945,0.001907,0.001945,0.001907,0.001984,0.001945,0.002022,0.002060,0.001984,0.001984,0.001907,0.001945,0.001984,0.001945,0.002022,0.001945,0.001945,0.001945,0.002022,0.002022,0.001945,0.002060,0.001984,0.002060,0.002098,0.001984,0.002060,0.002098,0.002136,0.002098,0.002060,0.002174,0.002098,0.002098,0.002136,0.002136,0.002174,0.002136,0.002060,0.002022,0.002022,0.002022,0.001945,0.001984,0.001945,0.001907,0.001869,0.001869,0.001831,0.001831,0.001831,0.001831,0.001793,0.001831,0.001793,0.001793,0.001717,0.001793,0.001869,0.001869,0.001869,0.001869,0.001869,0.001907,0.001907,0.001945,0.001945,0.001984,0.001945,0.002022,0.002022,0.002022,0.001984,0.001984,0.001984,0.001984,0.001945,0.002022,0.002022,0.001984,0.002022,0.001945,0.001984,0.001984,0.002060,0.002060,0.001984,0.001984,0.001945,0.001907,0.001945,0.001869,0.001984,0.001907,0.001907,0.001945,0.001907,0.001907,0.001869,0.001907,0.001907,0.001793,0.001831,0.001831,0.001831,0.001869,0.001831,0.001869,0.001907,0.001945,0.001945,0.001945,0.001984,0.001945,0.002022,0.001945,0.001984,0.002060,0.002060,0.002098,0.002098,0.002136,0.002174,0.002136,0.002136,0.002174,0.002213,0.002213,0.002174,0.002174,0.002213,0.002213,0.002289,0.002251,0.002251,0.002213,0.002251,0.002289,0.002251,0.002251,0.002251,0.002213,0.002174,0.002213,0.002213,0.002098,0.002136,0.002136,0.002174,0.002174,0.002136,0.002136,0.002022,0.002060,0.002022,0.002022,0.002060,0.002060,0.002060,0.001984,0.002022,0.001984,0.001945,0.001945,0.001907,0.001945,0.001984,0.001945,0.001984,0.001984,0.001984,0.002022,0.001984,0.002022,0.002022,0.002022,0.002098,0.002174,0.002174,0.002174,0.002251,0.002327,0.002213,0.002365,0.002403,0.002480,0.002480,0.002518,0.002556,0.002518,0.002594,0.002632,0.002556,0.002594,0.002594,0.002632,0.002594,0.002594,0.002594,0.002518,0.002518,0.002480,0.002480,0.002441,0.002403,0.002403,0.002289,0.002251,0.002213,0.002213,0.002251,0.002174,0.002098,0.002060,0.002022,0.001984,0.001869,0.001831,0.001755,0.001678,0.001602,0.001488,0.001450,0.001335,0.001183,0.001144,0.001030,0.000992,0.000839,0.000877,0.000801,0.000725,0.000877,0.000839,0.000877,0.000877,0.000954,0.000992,0.001106,0.001259,0.001373,0.001450,0.001564,0.001564,0.001640,0.001793,0.001869,0.001945,0.002022,0.002136,0.002098,0.002213,0.002289,0.002251,0.002289,0.002289,0.002327,0.002289,0.002289,0.002289,0.002213,0.002251,0.002213,0.002213,0.002174,0.002174,0.002136,0.002098,0.002136,0.002136,0.002098,0.002098,0.002060,0.002098,0.002098,0.002136,0.002174,0.002213,0.002213,0.002251,0.002327,0.002327,0.002289,0.002441,0.002441,0.002441,0.002441,0.002365,0.002480,0.002518,0.002441,0.002441,0.002365,0.002365,0.002289,0.002327,0.002289,0.002251,0.002213,0.002174,0.002174,0.002136,0.002022,0.002060,0.001984,0.001984,0.001945,0.001907,0.001945,0.001907,0.001907,0.001869,0.001907,0.001945,0.001869,0.001907,0.001945,0.001869,0.001907,0.001869,0.001907,0.001907,0.001907,0.001945,0.001945,0.001945,0.001907,0.001907,0.001907,0.001907,0.001907,0.001831,0.001869,0.001907,0.001907,0.001907,0.001869,0.001907,0.001907,0.001907,0.001907,0.001869,0.001945,0.001945,0.001907,0.001907,0.001907,0.001907,0.001945,0.001907,0.001907,0.001907,0.001984,0.002022,0.001945,0.001945,0.001984,0.002060,0.002022,0.002022,0.002060,0.002022,0.002060,0.002060,0.002098,0.002060,0.002136,0.002174,0.002136,0.002174,0.002213,0.002251,0.002289,0.002174,0.002289,0.002289,0.002289,0.002327,0.002327,0.002289,0.002251,0.002251,0.002289,0.002289,0.002213,0.002213,0.002289,0.002213,0.002213,0.002174,0.002060,0.002174,0.002174,0.002174,0.002174,0.002136,0.002060,0.002098,0.002060,0.002098,0.002060,0.002022,0.001984,0.002022,0.001984,0.002022,0.001984,0.002022,0.002022,0.002060,0.001945,0.002022,0.001984,0.002022,0.002060,0.002098,0.002098,0.002098,0.002174,0.002136,0.002136,0.002174,0.002174,0.002251,0.002213,0.002213,0.002251,0.002251,0.002213,0.002289,0.002289,0.002289,0.002289,0.002289,0.002327,0.002327,0.002289,0.002251,0.002251,0.002289,0.002289,0.002213,0.002098,0.002098,0.002174,0.002136,0.002060,0.002022,0.001984,0.001907,0.001945,0.001907,0.001907,0.001869,0.001831,0.001907,0.001831,0.001831,0.001793,0.001755,0.001793,0.001793,0.001793,0.001755,0.001793,0.001755,0.001678,0.001717,0.001755,0.001717,0.001717,0.001678,0.001793,0.001755,0.001717,0.001793,0.001755,0.001755,0.001755,0.001793,0.001793,0.001793,0.001793,0.001831,0.001831,0.001907,0.001831,0.001869,0.001869,0.001869,0.001907,0.001945,0.001945,0.001984,0.002022,0.001984,0.001984,0.001984,0.001984,0.002060,0.002098,0.002098,0.002136,0.002136,0.002098,0.002060,0.002098,0.002098,0.002174,0.002174,0.002098,0.002098,0.002098,0.002022,0.002098,0.002060,0.002098,0.002098,0.002022,0.002022,0.001984,0.002022,0.001984,0.002022,0.002060,0.002098,0.002022,0.002060,0.002060,0.002060,0.002022,0.002022,0.002022,0.002022,0.002098,0.002060,0.002098,0.002098,0.002098,0.002022,0.002060,0.001984,0.002022,0.002060,0.002022,0.001984,0.001945,0.001907,0.001907,0.001869,0.001869,0.001907,0.001831,0.001831,0.001793,0.001831,0.001869,0.001755,0.001831,0.001793,0.001793,0.001793,0.001755,0.001793,0.001717,0.001793,0.001869,0.001831,0.001869,0.001831,0.001869,0.001907,0.001907,0.001907,0.001945,0.001945,0.002022,0.001907,0.001984,0.001984,0.001984,0.001984,0.002022,0.002060,0.002060,0.002022,0.002060,0.002022,0.001984,0.002060,0.002060,0.001984,0.001984,0.001984,0.001945,0.002022,0.002022,0.001984,0.001984,0.001984,0.002022,0.001984,0.001984,0.002022,0.001984,0.002060,0.002060,0.002098,0.002098,0.002136,0.002174,0.002174,0.002174,0.002213,0.002213,0.002213,0.002251,0.002136,0.002136,0.002174,0.002213,0.002174,0.002213,0.002174,0.002174,0.002213,0.002174,0.002213,0.002174,0.002174,0.002098,0.002060,0.002098,0.002136,0.002136,0.002098,0.002022,0.002022,0.002060,0.002022,0.001984,0.002060,0.002060,0.002022,0.002022,0.001984,0.001984,0.001984,0.001945,0.001984,0.002022,0.001984,0.002022,0.002060,0.002136,0.002060,0.002060,0.002060,0.002136,0.002098,0.002136,0.002136,0.002136,0.002174,0.002213,0.002174,0.002213,0.002174,0.002213,0.002213,0.002174,0.002213,0.002213,0.002251,0.002213,0.002213,0.002174,0.002136,0.002136,0.002098,0.002060,0.002098,0.002098,0.002022,0.002060,0.002022,0.001984,0.002022,0.001945,0.001907,0.001945,0.001907,0.001831,0.001869,0.001831,0.001755,0.001793,0.001793,0.001755,0.001717,0.001717,0.001602,0.001640,0.001640,0.001678,0.001678,0.001602,0.001602,0.001602,0.001602,0.001640,0.001640,0.001678,0.001602,0.001564,0.001602,0.001678,0.001640,0.001640,0.001640,0.001640,0.001602,0.001640,0.001678,0.001640,0.001640,0.001640,0.001717,0.001717,0.001678,0.001717,0.001717,0.001717,0.001755,0.001755,0.001793,0.001793,0.001831,0.001793,0.001831,0.001907,0.001793,0.001907,0.001945,0.002022,0.001984,0.002022,0.002022,0.002060,0.002136,0.002098,0.002098,0.002098,0.002136,0.002213,0.002251,0.002213,0.002213,0.002213,0.002289,0.002289,0.002289,0.002289,0.002289,0.002327,0.002289,0.002251,0.002251,0.002289,0.002289,0.002289,0.002251,0.002251,0.002213,0.002213,0.002213,0.002213,0.002174,0.002174,0.002136,0.002060,0.002098,0.002174,0.002174,0.002098,0.002060,0.002022,0.001984,0.002060,0.002022,0.001945,0.002022,0.001945,0.001984,0.001984,0.001984,0.001984,0.001945,0.001907,0.001945,0.001907,0.001945,0.001907,0.001907,0.001907,0.001945,0.001984,0.001984,0.001945,0.001984,0.001945,0.001869,0.001869,0.001907,0.001907,0.001831,0.001907,0.001831,0.001907,0.001907,0.001869,0.001869,0.001869,0.001907,0.001869,0.001869,0.001831,0.001869,0.001907,0.001831,0.001907,0.001945,0.001907,0.001945,0.001945,0.001945,0.001945,0.001984,0.001984,0.001984,0.002098,0.002060,0.001984,0.002060,0.002060,0.002060,0.002022,0.002022,0.002022,0.002060,0.002060,0.002060,0.002060,0.001984,0.002022,0.002060,0.002022,0.001984,0.002022,0.002022,0.002022,0.001984,0.002022,0.002022,0.002022,0.002060,0.002060,0.002098,0.002022,0.002022,0.002098,0.002098,0.002174,0.002098,0.002136,0.002098,0.002098,0.002174,0.002136,0.002136,0.002060,0.002136,0.002174,0.002174,0.002136,0.002136,0.002136,0.002174,0.002174,0.002136,0.002022,0.002060,0.002098,0.002098,0.002060,0.002022,0.002098,0.002098,0.002060,0.002060,0.002022,0.002060,0.002098,0.002060,0.002060,0.002022,0.002098,0.002060,0.002060,0.002060,0.002022,0.002098,0.002060,0.002022,0.002022,0.002022,0.001984,0.002022,0.002022,0.002022,0.002060,0.002060,0.001984,0.002022,0.001984,0.001945,0.001984,0.001945,0.001869,0.001869,0.001907,0.001869,0.001869,0.001869,0.001831,0.001869,0.001869,0.001869,0.001907,0.001831,0.001869,0.001907,0.001869,0.001907,0.001831,0.001869,0.001831,0.001869,0.001869,0.001869,0.001907,0.001831,0.001793,0.001831,0.001831,0.001831,0.001907,0.001907,0.001869,0.001831,0.001869,0.001869,0.001945,0.001869,0.001831,0.001907,0.001907,0.001945,0.001907,0.001984,0.001984,0.002022,0.002022,0.002060,0.002022,0.002060,0.002060,0.002022,0.002022,0.002060,0.002060,0.002060,0.002098,0.002098,0.002136,0.002098,0.002098,0.002098,0.002060,0.002136,0.002174,0.002136,0.002174,0.002098,0.002098,0.002098,0.002174,0.002098,0.002022,0.002098,0.002098,0.002060,0.002060,0.002060,0.002060,0.002060,0.002136,0.002098,0.002098,0.002060,0.002022,0.002060,0.002022,0.002022,0.002098,0.002098,0.002060,0.002098,0.002060,0.002060,0.002060,0.002098,0.002098,0.002060,0.002098,0.002098,0.002136,0.002098,0.002136,0.002136,0.002060,0.002060,0.002098,0.002098,0.002060,0.002098,0.002136,0.002098,0.002060,0.002060,0.002060,0.002060,0.002060,0.002098,0.002098,0.002098,0.002060,0.002060,0.002136,0.002060,0.002060,0.002022,0.002060,0.002098,0.002060,0.002060,0.002022,0.002022,0.002098,0.002022,0.002022,0.002022,0.002060,0.002098,0.002060,0.002060,0.002098,0.002060,0.002098,0.002022,0.002098,0.002098,0.002060,0.002098,0.002060,0.002060,0.002022,0.002022,0.002060,0.002098,0.002060,0.002060,0.002060,0.002098,0.002060,0.002098,0.002098,0.002022,0.002098,0.002098,0.002060,0.002098,0.002098,0.002136,0.002098,0.002098,0.002060,0.002098,0.002060,0.002060,0.002022,0.002060,0.002060,0.002022,0.002060,0.002060,0.002022,0.002060,0.001984,0.001945,0.001984,0.001945,0.001907,0.001869,0.001945,0.001984,0.001945,0.001945,0.001984,0.001945,0.001907,0.001907,0.001945,0.001984,0.002022,0.001984,0.001984,0.001984,0.001984,0.002022,0.002022,0.002060,0.002098,0.002098,0.002174,0.002136,0.002213,0.002213,0.002174,0.002251,0.002213,0.002213,0.002251,0.002289,0.002327,0.002327,0.002289,0.002403,0.002365,0.002327,0.002327,0.002327,0.002365,0.002365,0.002289,0.002251,0.002213,0.002213,0.002174,0.002136,0.002060,0.002022,0.001984,0.001907,0.001907,0.001907,0.001907,0.001793,0.001793,0.001755,0.001755,0.001793,0.001755,0.001755,0.001755,0.001793,0.001793,0.001755,0.001831,0.001793,0.001793,0.001831,0.001831,0.001869,0.001793,0.001907,0.001945,0.001907,0.001945,0.001984,0.002022,0.002022,0.002022,0.002022,0.001984,0.001945,0.001984,0.002022,0.001945,0.001945,0.001907,0.001945,0.001945,0.001945,0.001945,0.001907,0.001869,0.001869,0.001869,0.001869,0.001945,0.001984,0.001907,0.001945,0.002022,0.002022,0.001984,0.002022,0.002060,0.002022,0.002098,0.002098,0.002098,0.002098,0.002136,0.002174,0.002174,0.002174,0.002098,0.002174,0.002174,0.002251,0.002251,0.002213,0.002213,0.002251,0.002251,0.002213,0.002213,0.002251,0.002136,0.002174,0.002174,0.002213,0.002213,0.002174,0.002174,0.002213,0.002213,0.002213,0.002174,0.002136,0.002213,0.002251,0.002289,0.002289,0.002251,0.002213,0.002251,0.002289,0.002251,0.002213,0.002251,0.002213,0.002174,0.002136,0.002136,0.002136,0.002136,0.002098,0.002098,0.002098,0.002022,0.001945,0.001945,0.001945,0.001907,0.001945,0.001869,0.001869,0.001793,0.001793,0.001717,0.001793,0.001793,0.001755,0.001755,0.001717,0.001755,0.001755,0.001755,0.001755,0.001717,0.001717,0.001755,0.001678,0.001755,0.001755,0.001755,0.001678,0.001831,0.001831,0.001831,0.001945,0.001869,0.001869,0.001907,0.001907,0.001907,0.001984,0.001907,0.001945,0.001945,0.002022,0.001984,0.002022,0.002060,0.002022,0.001984,0.002022,0.002060,0.002060,0.002060,0.002060,0.002022,0.002060,0.002060,0.002022,0.002022,0.002022,0.002022,0.002060,0.002060,0.002022,0.002022,0.001984,0.002060,0.002060,0.002060,0.002022,0.002022,0.002060,0.002022,0.001984,0.002022,0.002060,0.002022,0.002060,0.002060,0.002060,0.002098,0.002060,0.002060,0.002098,0.002136,0.002174,0.002098,0.002098,0.002174,0.002213,0.002098,0.002098,0.002098,0.002136,0.002136,0.002136,0.002098,0.002136,0.002174,0.002136,0.002136,0.002136,0.002174,0.002174,0.002174,0.002098,0.002098,0.002136,0.002098,0.002060,0.002060,0.002060,0.002022,0.002022,0.002022,0.001984,0.001984,0.001907,0.001945,0.001984,0.001945,0.001945,0.001945,0.002022,0.001945,0.001945,0.001945,0.001945,0.002022,0.001984,0.001984,0.002022,0.002060,0.002022,0.002060,0.002022,0.002060,0.002060,0.002022,0.002060,0.002022,0.001984,0.001945,0.001945,0.001945,0.001907,0.001945,0.001945,0.001869,0.001907,0.001831,0.001793,0.001831,0.001793,0.001831,0.001831,0.001831,0.001793,0.001717,0.001793,0.001869,0.001831,0.001831,0.001869,0.001945,0.001907,0.001984,0.002022,0.001984,0.002022,0.002060,0.002060,0.002098,0.002098,0.002060,0.002098,0.002098,0.002098,0.002136,0.002098,0.002098,0.002022,0.002060,0.002060,0.002022,0.002022,0.001984,0.001984,0.001984,0.001984,0.001907,0.001984,0.001945,0.001907,0.001984,0.001945,0.001907,0.001945,0.001984,0.001907,0.001907,0.001945,0.001907,0.001907,0.001984,0.001945,0.001984,0.001984,0.001984,0.001984,0.001984,0.002022,0.002060,0.002022,0.002060,0.002060,0.002136,0.002136,0.002136,0.002174,0.002136,0.002174,0.002213,0.002213,0.002213,0.002174,0.002251,0.002289,0.002289,0.002251,0.002213,0.002289,0.002213,0.002251,0.002213,0.002174,0.002213,0.002136,0.002136,0.002136,0.002098,0.002098,0.002136,0.002098,0.002098,0.002060,0.002060,0.002022,0.001984,0.002022,0.002022,0.001984,0.001945,0.001945,0.001984,0.002022,0.001984,0.002022,0.001945,0.001945,0.001945,0.001945,0.001945,0.001945,0.001984,0.001984,0.001907,0.001907,0.001907,0.001945,0.001907,0.001907,0.001907,0.001907,0.001793,0.001869,0.001831,0.001831,0.001793,0.001831,0.001793,0.001755,0.001793,0.001678,0.001640,0.001717,0.001755,0.001793,0.001755,0.001717,0.001755,0.001755,0.001793,0.001793,0.001793,0.001793,0.001793,0.001793,0.001831,0.001831,0.001831,0.001831,0.001831,0.001869,0.001869,0.001869,0.001907,0.001945,0.001907,0.001907,0.001907,0.001907,0.001831,0.001907,0.001869,0.001869,0.001907,0.001831,0.001869,0.001945,0.001907,0.001869,0.001793,0.001831,0.001869,0.001907,0.001907,0.001907,0.001907,0.001907,0.001907,0.001907,0.001945,0.001984,0.001945,0.002022,0.002022,0.002022,0.002022,0.002060,0.002060,0.002098,0.002060,0.002060,0.002060,0.002060,0.002174,0.002136,0.002136,0.002174,0.002174,0.002213,0.002174,0.002174,0.002213,0.002289,0.002289,0.002251,0.002213,0.002251,0.002289,0.002327,0.002365,0.002403,0.002365,0.002327,0.002365,0.002327,0.002327,0.002327,0.002327,0.002289,0.002327,0.002327,0.002327,0.002289,0.002213,0.002213,0.002213,0.002136,0.002174,0.002060,0.002060,0.001984,0.001984,0.002022,0.001984,0.001869,0.001869,0.001869,0.001831,0.001793,0.001755,0.001717,0.001678,0.001717,0.001678,0.001717,0.001717,0.001717,0.001717,0.001717,0.001755,0.001717,0.001755,0.001717,0.001793,0.001831,0.001831,0.001831,0.001831,0.001831,0.001869,0.001831,0.001831,0.001907,0.001907,0.001907,0.001907,0.001907,0.001945,0.001984,0.001984,0.001984,0.002022,0.002022,0.002022,0.002060,0.002060,0.002098,0.002098,0.002136,0.002098,0.002174,0.002174,0.002174,0.002213,0.002174,0.002213,0.002213,0.002251,0.002289,0.002289,0.002213,0.002251,0.002251,0.002251,0.002251,0.002251,0.002251,0.002251,0.002213,0.002213,0.002213,0.002213,0.002213,0.002251,0.002289,0.002213,0.002251,0.002213,0.002251,0.002289,0.002289,0.002213,0.002174,0.002213,0.002213,0.002251,0.002213,0.002213,0.002213,0.002174,0.002174,0.002136,0.002174,0.002098,0.002136,0.002136,0.002136,0.002098,0.002098,0.002060,0.002098,0.002098,0.002098,0.002060,0.002060,0.002136,0.002098,0.002098,0.002098,0.002022,0.002022,0.002060,0.002022,0.002060,0.002022,0.001984,0.002022,0.001984,0.002022,0.001945,0.001907,0.001907,0.001907,0.001907,0.001869,0.001907,0.001907,0.001907,0.001907,0.001907,0.001831,0.001831,0.001869,0.001869,0.001831,0.001831,0.001869,0.001831,0.001907,0.001907,0.001907,0.001907,0.001945,0.001869,0.001907,0.001945,0.001945,0.001945,0.001907,0.001945,0.001984,0.001945,0.001945,0.001907,0.001945,0.001945,0.002022,0.001984,0.001984,0.002022,0.001984,0.001984,0.002022,0.002022,0.002022,0.002060,0.002022,0.002060,0.002098,0.002136,0.002098,0.002136,0.002136,0.002136,0.002136,0.002136,0.002136,0.002213,0.002213,0.002289,0.002213,0.002213,0.002213,0.002213,0.002213,0.002213,0.002213,0.002174,0.002289,0.002251,0.002251,0.002213,0.002174,0.002174,0.002136,0.002174,0.002136,0.002136,0.002136,0.002136,0.002174,0.002136,0.002098,0.002136,0.002060,0.002060,0.002060,0.002022,0.002060,0.002022,0.002060,0.002060,0.002060,0.002060,0.002022,0.002022,0.002060,0.002098,0.002060,0.002060,0.002098,0.002098,0.002060,0.002060,0.002022,0.002060,0.002098,0.002022,0.001984,0.001945,0.002022,0.002022,0.002022,0.001984,0.001907,0.001945,0.001945,0.001984,0.001907,0.001907,0.001869,0.001869,0.001869,0.001907,0.001831,0.001869,0.001755,0.001793,0.001793,0.001831,0.001831,0.001793,0.001755,0.001793,0.001793,0.001755,0.001793,0.001793,0.001717,0.001717,0.001755,0.001793,0.001793,0.001793,0.001793,0.001831,0.001793,0.001831,0.001831,0.001869,0.001907,0.001945,0.001984,0.001945,0.001945,0.001945,0.001984,0.001984,0.001945,0.002022,0.001945,0.001984,0.002060,0.002022,0.002060,0.002060,0.002060,0.002098,0.002136,0.002098,0.002098,0.002098,0.002174,0.002136,0.002174,0.002174,0.002213,0.002213,0.002213,0.002174,0.002251,0.002251,0.002251,0.002251,0.002213,0.002213,0.002174,0.002174,0.002174,0.002174,0.002136,0.002136,0.002098,0.002136,0.002136,0.002136,0.002098,0.002098,0.002136,0.002098,0.002098,0.002098,0.002136,0.002060,0.002060,0.002136,0.002098,0.002098,0.002060,0.002060,0.002060,0.002098,0.002060,0.002060,0.002060,0.002136,0.002060,0.002060,0.002022,0.002022,0.002060,0.002060,0.002098,0.002060,0.002022,0.001984,0.002060,0.002060,0.002098,0.002136,0.002098,0.002022,0.002098,0.002060,0.002136,0.002098,0.002098,0.002136,0.002136,0.002136,0.002098,0.002136,0.002174,0.002098,0.002098,0.002098,0.002098,0.002060,0.002136,0.002098,0.002098,0.002098,0.002136,0.002098,0.002098,0.002136,0.002098,0.002060,0.002022,0.002060,0.002060,0.002060,0.002060,0.002098,0.002136,0.002060,0.002098,0.002060,0.002060,0.002060,0.002060,0.002098,0.002136,0.002098,0.002098,0.002060,0.002060,0.002136,0.002098,0.002098,0.002098,0.002098,0.002136,0.002136,0.002174,0.002174,0.002136,0.002136,0.002174,0.002136,0.002098,0.002098,0.002174,0.002136,0.002098,0.002098,0.002136,0.002060,0.002060,0.002022,0.002060,0.002098,0.001984,0.001945,0.001945,0.002022,0.001984,0.001984,0.001907,0.001907,0.001907,0.001831,0.001869,0.001793,0.001831,0.001793,0.001869,0.001793,0.001793,0.001793,0.001793,0.001755,0.001717,0.001755,0.001678,0.001755,0.001755,0.001793,0.001793,0.001717,0.001755,0.001755,0.001678,0.001755,0.001869,0.001793,0.001869,0.001907,0.001869,0.001831,0.001907,0.001907,0.001945,0.001945,0.001984,0.001984,0.002060,0.002136,0.002136,0.002136,0.002136,0.002136,0.002136,0.002174,0.002174,0.002136,0.002174,0.002136,0.002174,0.002174,0.002098,0.002098,0.002098,0.002060,0.002060,0.002098,0.002098,0.002060,0.002060,0.002060,0.002060,0.002098,0.002060,0.002060,0.002022,0.002022,0.001984,0.002060,0.002022,0.002060,0.002060,0.002060,0.002136,0.002174,0.002136,0.002174,0.002098,0.002174,0.002174,0.002174,0.002174,0.002136,0.002136,0.002174,0.002174,0.002174,0.002136,0.002060,0.002098,0.002098,0.001945,0.001984,0.001907,0.001945,0.001869,0.001869,0.001793,0.001755,0.001717,0.001678,0.001717,0.001678,0.001640,0.001678,0.001678,0.001678,0.001678,0.001678,0.001640,0.001678,0.001717,0.001678,0.001755,0.001755,0.001793,0.001793,0.001793,0.001907,0.001907,0.001907,0.001869,0.001907,0.001945,0.001984,0.001945,0.001945,0.001945,0.001945,0.001907,0.001907,0.001945,0.001945,0.001945,0.001907,0.001984,0.001984,0.001984,0.001945,0.001945,0.001984,0.001945,0.001984,0.001984,0.001907,0.001907,0.001984,0.002022,0.002060,0.002098,0.002098,0.002098,0.002136,0.002098,0.002136,0.002174,0.002136,0.002174,0.002213,0.002213,0.002251,0.002213,0.002174,0.002213,0.002213,0.002213,0.002213,0.002213,0.002136,0.002174,0.002136,0.002174,0.002136,0.002060,0.002098,0.002098,0.002060,0.002098,0.002060,0.002098,0.002060,0.002098,0.002098,0.002098,0.002060,0.002022,0.002060,0.002098,0.002098,0.002060,0.002060,0.002098,0.002060,0.002022,0.002098,0.002060,0.002022,0.002022,0.002022,0.002060,0.001984,0.001984,0.002022,0.001984,0.001984,0.001984,0.001984,0.001984,0.001984,0.001945,0.001945,0.001984,0.001945,0.001945,0.001907,0.001945,0.001945,0.001984,0.001907,0.001945,0.001984,0.001945,0.001945,0.001945,0.001907,0.001907,0.001945,0.001945,0.002022,0.001945,0.001984,0.001984,0.002022,0.002060,0.002060,0.001984,0.002022,0.002022,0.001945,0.001984,0.001984,0.002022,0.002022,0.001984,0.002022,0.001984,0.002022,0.002060,0.002022,0.002060,0.002060,0.002022,0.002060,0.002022,0.002098,0.002098,0.002098,0.002060,0.002098,0.002098,0.002060,0.002060,0.002022,0.002060,0.002060,0.002022,0.001984,0.002022,0.001984,0.002022,0.001984,0.001984,0.001984,0.001945,0.001907,0.001907,0.001869,0.001869,0.001793,0.001869,0.001907,0.001907,0.001869,0.001869,0.001869,0.001907,0.001869,0.001869,0.001907,0.001907,0.001869,0.001945,0.001869,0.001907,0.001907,0.001831,0.001869,0.001869,0.001945,0.001869,0.001907,0.001907,0.001945,0.001945,0.001945,0.001907,0.001869,0.001907,0.001945,0.001907,0.001907,0.001945,0.001945,0.001945,0.001945,0.001984,0.001984,0.001945,0.001984,0.002022,0.002022,0.002022,0.002022,0.002022,0.001984,0.001984,0.002022,0.001984,0.001984,0.002022,0.002098,0.002060,0.001984,0.002022,0.001984,0.001945,0.001945,0.002022,0.002022,0.001984,0.001907,0.001945,0.001984,0.001945,0.001907,0.001945,0.001945,0.001984,0.001984,0.001984,0.001945,0.001984,0.001945,0.001984,0.001984,0.002022,0.002022,0.002060,0.002022,0.002022,0.002060,0.002060,0.002098,0.002098,0.002136,0.002098,0.002136,0.002213,0.002136,0.002136,0.002136,0.002136,0.002174,0.002174,0.002136,0.002136,0.002098,0.002174,0.002098,0.002098,0.002098,0.002098,0.002136,0.002136,0.002136,0.002136,0.002098,0.002022,0.002022,0.002060,0.002060,0.002022,0.002022,0.002060,0.002060,0.002022,0.002022,0.001984,0.002022,0.002022,0.001984,0.001984,0.001945,0.001984,0.001984,0.001984,0.001945,0.001984,0.001945,0.001945,0.001984,0.001945,0.001945,0.001984,0.001907,0.001869,0.001907,0.001907,0.001869,0.001869,0.001831,0.001869,0.001869,0.001831,0.001907,0.001907,0.001869,0.001831,0.001869,0.001831,0.001869,0.001831,0.001831,0.001869,0.001869,0.001869,0.001907,0.001907,0.001869,0.001907,0.001907,0.001869,0.001869,0.001869,0.001945,0.001945,0.001869,0.001907,0.001907,0.001945,0.002060,0.002022,0.002022,0.001945,0.001945,0.002022,0.002022,0.001984,0.002022,0.001984,0.002022,0.002060,0.002060,0.002060,0.002060,0.002098,0.002098,0.002136,0.002136,0.002136,0.002174,0.002174,0.002136,0.002136,0.002174,0.002174,0.002213,0.002136,0.002174,0.002213,0.002213,0.002174,0.002213,0.002213,0.002213,0.002251,0.002174,0.002174,0.002174,0.002136,0.002174,0.002213,0.002136,0.002136,0.002136,0.002136,0.002098,0.002098,0.002060,0.002098,0.002060,0.002060,0.002098,0.002098,0.002022,0.002022,0.002060,0.002060,0.002060,0.002022,0.002022,0.002060,0.002060,0.002098,0.002136,0.002098,0.002022,0.002136,0.002098,0.002022,0.002098,0.002060,0.002060,0.002098,0.002136,0.002060,0.002060,0.002022,0.002060,0.002060,0.002098,0.002022,0.002060,0.002098,0.002098,0.002060,0.002022,0.002022,0.001984,0.001984,0.001984,0.001907,0.001907,0.001869,0.001869,0.001831,0.001831,0.001793,0.001831,0.001831,0.001755,0.001869,0.001869,0.001869,0.001869,0.001869,0.001907,0.001945,0.001984,0.002060,0.002098,0.002098,0.002136,0.002174,0.002251,0.002289,0.002327,0.002289,0.002327,0.002251,0.002327,0.002327,0.002327,0.002289,0.002251,0.002251,0.002174,0.002098,0.002098,0.002098,0.002022,0.001984,0.001945,0.001984,0.001907,0.001869,0.001869,0.001831,0.001869,0.001831,0.001831,0.001831,0.001831,0.001869,0.001869,0.001907,0.001945,0.001984,0.001984,0.001945,0.002022,0.002060,0.002060,0.002136,0.002136,0.002098,0.002098,0.002174,0.002136,0.002136,0.002174,0.002174,0.002098,0.002136,0.002098,0.002098,0.002136,0.002136,0.002136,0.002136,0.002098,0.002060,0.002098,0.002098,0.002098,0.002098,0.002060,0.002098,0.002136,0.002060,0.002098,0.002060,0.002136,0.002060,0.002136,0.002136,0.002136,0.002136,0.002098,0.002098,0.002136,0.002174,0.002174,0.002136,0.002098,0.002098,0.002174,0.002174,0.002174,0.002174,0.002098,0.002098,0.002136,0.002098,0.002060,0.002060,0.002098,0.002022,0.002098,0.002098,0.002022,0.002022,0.002022,0.002022,0.002060,0.002022,0.002060,0.002060,0.002060,0.002022,0.002060,0.002060,0.002060,0.002060,0.002022,0.001984,0.002022,0.002022,0.001984,0.002022,0.002022,0.001945,0.001984,0.001984,0.001945,0.001945,0.001984,0.001945,0.001945,0.001831,0.001945,0.001907,0.001869,0.001907,0.001945,0.001984,0.001984,0.001984,0.002098,0.002060,0.002060,0.002022,0.002022,0.002060,0.002060,0.002060,0.002098,0.002060,0.002098,0.002060,0.002098,0.002098,0.002098,0.002060,0.002022,0.002022,0.001984,0.002060,0.001945,0.002022,0.002022,0.002022,0.002022,0.001984,0.002022,0.002022,0.001984,0.001984,0.002022,0.002022,0.002060,0.002022,0.001984,0.001984,0.002022,0.002022,0.002060,0.002060,0.001984,0.002060,0.002022,0.002060,0.002060,0.001984,0.001984,0.001984,0.002098,0.002098,0.001984,0.002060,0.002060,0.002060,0.002060,0.002098,0.002060,0.002022,0.002022,0.002060,0.002022,0.002136,0.002060,0.002060,0.002060,0.002060,0.002060,0.002060,0.002060,0.002098,0.002060,0.002060,0.002060,0.002060,0.002060,0.002098,0.002060,0.002098,0.002060,0.002136,0.002060,0.002022,0.002060,0.002060,0.002060,0.002060,0.001984,0.002022,0.002022,0.002022,0.002022,0.001984,0.001945,0.001945,0.001984,0.001945,0.001945,0.001945,0.001945,0.001984,0.001945,0.001907,0.001907,0.001869,0.001945,0.001907,0.001869,0.001907,0.001907,0.001907,0.001907,0.001945,0.001907,0.001869,0.001945,0.001907,0.001907,0.001945,0.001984,0.001984,0.001945,0.001945,0.001984,0.002022,0.001984,0.001984,0.002060,0.001945,0.001945,0.001907,0.001984,0.001984,0.001945,0.002060,0.002022,0.002022,0.001984,0.002060,0.002022,0.002060,0.002060,0.002098,0.002060,0.002060,0.002098,0.002136,0.002136,0.002174,0.002174,0.002098,0.002136,0.002174,0.002174,0.002174,0.002136,0.002136,0.002098,0.002136,0.002136,0.002136,0.002060,0.002098,0.002060,0.002060,0.002060,0.002098,0.002022,0.002098,0.002098,0.001984,0.001984,0.001984,0.002060,0.002022,0.001945,0.001984,0.001945,0.001984,0.001984,0.001984,0.001984,0.001984,0.001945,0.001945,0.001907,0.001984,0.001945,0.001907,0.001869,0.001869,0.001869,0.001945,0.001907,0.001831,0.001831,0.001831,0.001831,0.001869,0.001831,0.001831,0.001831,0.001831,0.001869,0.001793,0.001831,0.001869,0.001869,0.001831,0.001831,0.001831,0.001831,0.001945,0.001907,0.001945,0.001945,0.001984,0.001945,0.001984,0.002022,0.002022,0.002022,0.002022,0.002022,0.002060,0.002060,0.002098,0.002136,0.002098,0.002136,0.002136,0.002213,0.002174,0.002098,0.002136,0.002136,0.002136,0.002098,0.002136,0.002136,0.002136,0.002098,0.002060,0.002060,0.002022,0.002022,0.002022,0.001984,0.002022,0.002022,0.001984,0.001945,0.001907,0.001869,0.001869,0.001869,0.001793,0.001755,0.001793,0.001755,0.001755,0.001793,0.001755,0.001755,0.001678,0.001755,0.001717,0.001717,0.001717,0.001717,0.001755,0.001793,0.001831,0.001793,0.001793,0.001869,0.001907,0.001945,0.001984,0.001984,0.002022,0.002060,0.002022,0.002060,0.002060,0.002136,0.002060,0.002060,0.002174,0.002136,0.002174,0.002136,0.002136,0.002136,0.002136,0.002098,0.002136,0.002174,0.002060,0.002098,0.002136,0.002060,0.002174,0.002136,0.002060,0.002136,0.002174,0.002136,0.002136,0.002174,0.002136,0.002136,0.002174,0.002136,0.002174,0.002136,0.002174,0.002174,0.002174,0.002213,0.002174,0.002136,0.002174,0.002136,0.002136,0.002060,0.002098,0.002174,0.002174,0.002174,0.002060,0.002022,0.002060,0.002022,0.001984,0.001984,0.001984,0.001984,0.001984,0.001984,0.001984,0.002022,0.001945,0.001984,0.001984,0.001984,0.001984,0.001945,0.001945,0.001984,0.001984,0.001984,0.001945,0.001945,0.001907,0.001907,0.001945,0.001907,0.001945,0.001869,0.001945,0.001907,0.001907,0.001945,0.001945,0.001945,0.002022,0.001984,0.002022,0.001984,0.002022,0.001984,0.002060,0.002060,0.002022,0.001984,0.001984,0.001945,0.001907,0.001907,0.001869,0.001831,0.001831,0.001717,0.001755,0.001717,0.001717,0.001755,0.001717,0.001717,0.001717,0.001717,0.001755,0.001831,0.001793,0.001831,0.001831,0.001869,0.001869,0.001831,0.001869,0.001869,0.001831,0.001793,0.001869,0.001793,0.001831,0.001755,0.001793,0.001755,0.001793,0.001831,0.001793,0.001793,0.001831,0.001869,0.001869,0.001831,0.001869,0.001831,0.001869,0.001869,0.001907,0.001945,0.001945,0.001945,0.001945,0.001869,0.001907,0.001945,0.001945,0.001869,0.001907,0.001907,0.001869,0.001907,0.001945,0.001945,0.001945,0.001984,0.002060,0.002022,0.002060,0.002060,0.002098,0.002136,0.002136,0.002174,0.002174,0.002174,0.002213,0.002213,0.002251,0.002289,0.002289,0.002289,0.002289,0.002289,0.002327,0.002289,0.002251,0.002251,0.002251,0.002213,0.002174,0.002174,0.002098,0.002098,0.002060,0.002022,0.001984,0.001984,0.001984,0.001907,0.001945,0.001945,0.001907,0.001945,0.001945,0.001945,0.001907,0.001945,0.001945,0.001984,0.001984,0.002060,0.002098,0.002060,0.002060,0.002136,0.002060,0.002098,0.002060,0.002098,0.002098,0.002136,0.002136,0.002136,0.002174,0.002174,0.002136,0.002098,0.002060,0.002098,0.002098,0.002136,0.002098,0.002098,0.002098,0.002060,0.002060,0.002060,0.002022,0.002060,0.002060,0.002098,0.002060,0.002060,0.002060,0.001984,0.002060,0.002060,0.002060,0.002060,0.002060,0.002098,0.002098,0.002098,0.002060,0.002098,0.002098,0.002060,0.002060,0.002060,0.002060,0.002060,0.002060,0.002098,0.002060,0.002060,0.002022,0.001984,0.001984,0.002022,0.002022,0.002060,0.002060,0.001984,0.002022,0.002060,0.001984,0.002022,0.002022,0.001984,0.002022,0.002022,0.002060,0.002060,0.002098,0.002136,0.002060,0.002060,0.002022,0.002098,0.002098,0.002098,0.002136,0.002098,0.002098,0.002022,0.001984,0.002098,0.002022,0.002022,0.002060,0.001945,0.001984,0.001984,0.002022,0.002022,0.001984,0.001984,0.002022,0.002022,0.002022,0.002022,0.002060,0.002022,0.002098,0.002060,0.002060,0.002022,0.002060,0.002098,0.002098,0.002098,0.002060,0.002060,0.002060,0.002060,0.002022,0.002060,0.002060,0.002022,0.002060,0.002060,0.002098,0.002060,0.002060,0.002060,0.002098,0.002060,0.002060,0.002022,0.002022,0.002060,0.002060,0.002022,0.002060,0.002060,0.002060,0.002022,0.002022,0.002022,0.002060,0.001984,0.001984,0.002022,0.002022,0.001984,0.002060,0.002060,0.002060,0.002060,0.002022,0.001945,0.001984,0.002022,0.001984,0.002022,0.001984,0.001984,0.001907,0.001907,0.001984,0.001945,0.001907,0.001907,0.001945,0.001945,0.001869,0.001869,0.001869,0.001907,0.001869,0.001907,0.001907,0.001907,0.001945,0.001945,0.001869,0.001907,0.001907,0.001984,0.002022,0.001984,0.001984,0.002022,0.002060,0.002060,0.002098,0.002098,0.002098,0.002136,0.002174,0.002174,0.002136,0.002174,0.002174,0.002136,0.002136,0.002174,0.002213,0.002251,0.002213,0.002213,0.002213,0.002213,0.002213,0.002213,0.002251,0.002213,0.002251,0.002136,0.002213,0.002213,0.002174,0.002174,0.002136,0.002174,0.002174,0.002136,0.002060,0.002098,0.002098,0.002060,0.001984,0.002022,0.002098,0.002098,0.002060,0.002060,0.002060,0.002060,0.002060,0.002098,0.002098,0.002060,0.002098,0.002060,0.002098,0.002098,0.002136,0.002098,0.002136,0.002136,0.002136,0.002098,0.002098,0.002174,0.002136,0.002213,0.002213,0.002213,0.002213,0.002174,0.002174,0.002251,0.002136,0.002251,0.002213,0.002174,0.002174,0.002136,0.002136,0.002060,0.002136,0.002022,0.002098,0.002022,0.002022,0.002022,0.002022,0.001945,0.001984,0.001984,0.001984,0.001907,0.001869,0.001907,0.001831,0.001793,0.001793,0.001755,0.001831,0.001831,0.001755,0.001793,0.001793,0.001793,0.001793,0.001831,0.001831,0.001869,0.001869,0.001869,0.001907,0.001793,0.001869,0.001945,0.001945,0.002022,0.002022,0.002022,0.002098,0.002098,0.002174,0.002174,0.002213,0.002174,0.002174,0.002213,0.002213,0.002289,0.002213,0.002213,0.002213,0.002213,0.002251,0.002136,0.002174,0.002213,0.002174,0.002174,0.002136,0.002136,0.002136,0.002213,0.002136,0.002174,0.002098,0.002060,0.002022,0.002022,0.002060,0.002060,0.002022,0.002022,0.002022,0.002022,0.002022,0.002060,0.002098,0.002060,0.002136,0.002060,0.002136,0.002136,0.002098,0.002136,0.002098,0.002136,0.002136,0.002136,0.002174,0.002174,0.002174,0.002213,0.002174,0.002174,0.002136,0.002174,0.002251,0.002213,0.002174,0.002251,0.002174,0.002174,0.002136,0.002174,0.002213,0.002251,0.002174,0.002174,0.002098,0.002136,0.002136,0.002136,0.002098,0.002098,0.002060,0.002098,0.002136,0.002098,0.002060,0.002060,0.002136,0.002174,0.002136,0.002136,0.002136,0.002136,0.002174,0.002136,0.002136,0.002098,0.002136,0.002098,0.002136,0.002098,0.002060,0.002060,0.002060,0.002060,0.002098,0.002022,0.002022,0.001945,0.001984,0.001984,0.001945,0.001945,0.001907,0.001907,0.001907,0.001907,0.001945,0.001907,0.001907,0.001945,0.001945,0.001907,0.001945,0.001945,0.001945,0.001869,0.001907,0.001945,0.001945,0.001945,0.001907,0.001945,0.001945,0.001984,0.001984,0.001869,0.001984,0.001907,0.001907,0.001984,0.001945,0.002022,0.001984,0.001984,0.001945,0.001984,0.002022,0.001984,0.001945,0.001907,0.001945,0.001984,0.001945,0.001945,0.001945,0.001907,0.001907,0.001945,0.001984,0.001945,0.001907,0.001831,0.001907,0.001907,0.001907,0.001984,0.001984,0.001945,0.001869,0.001945,0.001945,0.001984,0.002022,0.001984,0.001984,0.001984,0.001984,0.001984,0.001945,0.001984,0.001984,0.001984,0.001945,0.002022,0.002060,0.002022,0.002022,0.002022,0.002022,0.002060,0.002060,0.002060,0.002060,0.002060,0.002060,0.001984,0.002060,0.002022,0.002060,0.001984,0.001984,0.002022,0.002060,0.002022,0.002022,0.002022,0.001984,0.001984,0.001945,0.001945,0.001945,0.001984,0.001945,0.002022,0.001907,0.001907,0.001907,0.001907,0.001945,0.001831,0.001907,0.001945,0.001907,0.001945,0.001907,0.001869,0.001831,0.001907,0.001907,0.001869,0.001907,0.001945,0.001907,0.001907,0.001945,0.001945,0.001984,0.001984,0.001984,0.001984,0.002022,0.002060,0.002060,0.002022,0.001984,0.002022,0.002022,0.002060,0.002060,0.001984,0.001945,0.002022,0.002022,0.002022,0.002022,0.002022,0.002060,0.002098,0.002060,0.002022,0.001984,0.002022,0.001984,0.001984,0.002060,0.002022,0.002060,0.001984,0.002022,0.002022,0.002022,0.002060,0.002022,0.002060,0.001984,0.002022,0.002098,0.002060,0.002022,0.002022,0.002022,0.002022,0.002022,0.002022,0.002022,0.002022,0.002022,0.002060,0.002060,0.002022,0.002022,0.002022,0.002098,0.002060,0.002098,0.002060,0.002022,0.002060,0.002098,0.002098,0.002174,0.002174,0.002136,0.002098,0.002136,0.002136,0.002098,0.002136,0.002136,0.002136,0.002174,0.002136,0.002174,0.002174,0.002174,0.002174,0.002213,0.002174,0.002251,0.002174,0.002136,0.002174,0.002098,0.002174,0.002098,0.002060,0.002098,0.002060,0.002136,0.002060,0.002060,0.002060,0.002060,0.002022,0.001945,0.001945,0.002022,0.001984,0.002022,0.001984,0.001984,0.001984,0.001945,0.001907,0.001869,0.001984,0.001945,0.001945,0.001869,0.001945,0.001869,0.001831,0.001945,0.001945,0.001869,0.001869,0.001945,0.001907,0.001831,0.001869,0.001831,0.001907,0.001945,0.001869,0.001907,0.001869,0.001831,0.001869,0.001945,0.001907,0.001869,0.001945,0.001907,0.001945,0.001945,0.001945,0.001869,0.001907,0.001907,0.001945,0.001907,0.001945,0.001945,0.001984,0.001907,0.001984,0.001984,0.001945,0.001984,0.001945,0.001984,0.001907,0.002022,0.001984,0.001984,0.002022,0.001984,0.001984,0.001984,0.001984,0.002022,0.002022,0.002022,0.002022,0.001984,0.002022,0.002022,0.002022,0.002060,0.002022,0.002022,0.002022,0.002060,0.002098,0.002098,0.002060,0.002098,0.002136,0.002098,0.002136,0.002136,0.002098,0.002098,0.002136,0.002136,0.002098,0.002098,0.002136,0.002136,0.002098,0.002022,0.002022,0.002022,0.001984,0.002022,0.001984,0.001945,0.001869,0.001907,0.001869,0.001831,0.001831,0.001793,0.001793,0.001755,0.001717,0.001717,0.001755,0.001717,0.001717,0.001755,0.001717,0.001717,0.001755,0.001793,0.001793,0.001831,0.001831,0.001869,0.001869,0.001869,0.001869,0.001869,0.001869,0.001869,0.001869,0.001907,0.001831,0.001945,0.001907,0.001869,0.001869,0.001869,0.001831,0.001793,0.001831,0.001793,0.001831,0.001755,0.001755,0.001755,0.001793,0.001755,0.001793,0.001793,0.001717,0.001755,0.001793,0.001717,0.001793,0.001793,0.001755,0.001793,0.001793,0.001869,0.001869,0.001831,0.001831,0.001869,0.001945,0.001984,0.001907,0.001945,0.002022,0.002060,0.002022,0.002098,0.002098,0.002136,0.002098,0.002136,0.002174,0.002136,0.002174,0.002174,0.002213,0.002289,0.002251,0.002251,0.002327,0.002289,0.002289,0.002289,0.002327,0.002327,0.002365,0.002403,0.002480,0.002441,0.002403,0.002403,0.002480,0.002441,0.002480,0.002441,0.002480,0.002480,0.002403,0.002441,0.002441,0.002403,0.002441,0.002441,0.002441,0.002403,0.002403,0.002403,0.002365,0.002365,0.002403,0.002365,0.002403,0.002365,0.002251,0.002289,0.002289,0.002213,0.002213,0.002213,0.002213,0.002174,0.002213,0.002174,0.002174,0.002136,0.002060,0.002098,0.002060,0.002060,0.002060,0.002098,0.002098,0.002022,0.002022,0.002060,0.002022,0.002022,0.002022,0.002022,0.002022,0.002060,0.002022,0.001984,0.002022,0.002022,0.002022,0.001984,0.002022,0.001984,0.001945,0.002060,0.001984,0.002022,0.001945,0.001984,0.001945,0.001869,0.001907,0.001945,0.001907,0.001907,0.001793,0.001831,0.001793,0.001793,0.001755,0.001831,0.001831,0.001755,0.001755,0.001755,0.001755,0.001793,0.001793,0.001755,0.001755,0.001869,0.001793,0.001755,0.001755,0.001793,0.001831,0.001793,0.001793,0.001831,0.001831,0.001869,0.001793,0.001831,0.001869,0.001831,0.001907,0.001869,0.001907,0.001984,0.001945,0.001984,0.001984,0.001945,0.001945,0.001945,0.001984,0.001984,0.001945,0.001907,0.001945,0.001984,0.001984,0.001984,0.001945,0.001945,0.001945,0.001907,0.001869,0.001945,0.001907,0.001945,0.001984,0.001984,0.001984,0.001945,0.001984,0.001984,0.002022,0.002022,0.001984,0.001984,0.001984,0.001984,0.001984,0.002022,0.002022,0.002022,0.002060,0.002022,0.002022,0.002060,0.002098,0.002098,0.002098,0.002098,0.002060,0.002098,0.002060,0.002060,0.002022,0.002060,0.002060,0.002098,0.002098,0.002098,0.002060,0.002022,0.002098,0.002098,0.002060,0.002098,0.002098,0.002098,0.002060,0.002098,0.002022,0.002060,0.002060,0.002060,0.002136,0.002136,0.002098,0.002098,0.002174,0.002136,0.002136,0.002174,0.002136,0.002136,0.002136,0.002136,0.002098,0.002098,0.002098,0.002213,0.002098,0.002098,0.002136,0.002098,0.002136,0.002136,0.002098,0.002098,0.002136,0.002022,0.002060,0.002060,0.002060,0.002060,0.002098,0.002098,0.002022,0.002098,0.002098,0.002098,0.002060,0.002022,0.002136,0.002098,0.002060,0.002136,0.002098,0.002098,0.002098,0.002060,0.002098,0.002136,0.002098,0.002060,0.002060,0.002098,0.002098,0.002022,0.002060,0.002136,0.002136,0.002098,0.002136,0.002060,0.002060,0.002136,0.002136,0.002060,0.002098,0.002098,0.002098,0.002060,0.002098,0.002136,0.002060,0.002060,0.002060,0.002022,0.002022,0.002098,0.002060,0.002022,0.002098,0.002060,0.002060,0.002060,0.002060,0.002060,0.002098,0.002098,0.002060,0.002060,0.002060,0.002060,0.002022,0.002022,0.002060,0.002022,0.001984,0.002022,0.002060,0.002022,0.002022,0.002060,0.001984,0.002022,0.002060,0.002060,0.002022,0.002060,0.002022,0.001984,0.001984,0.001945,0.002022,0.002022,0.001984,0.002022,0.001984,0.001945,0.001907,0.001945,0.001945,0.001945,0.001984,0.001907,0.001945,0.001984,0.002060,0.002060,0.002022,0.001984,0.002060,0.001984,0.002060,0.002060,0.002060,0.002060,0.002098,0.002098,0.002098,0.002060,0.002136,0.002136,0.002098,0.002098,0.002136,0.002136,0.002136,0.002136,0.002136,0.002174,0.002174,0.002098,0.002136,0.002174,0.002174,0.002136,0.002213,0.002174,0.002174,0.002174,0.002136,0.002136,0.002136,0.002174,0.002136,0.002136,0.002136,0.002098,0.002060,0.002098,0.002060,0.002098,0.002060,0.002098,0.002098,0.002022,0.002022,0.002022,0.002022,0.002022,0.001984,0.001984,0.001945,0.001907,0.001907,0.001907,0.001907,0.001907,0.001869,0.001869,0.001831,0.001869,0.001869,0.001869,0.001831,0.001869,0.001793,0.001831,0.001907,0.001945,0.001869,0.001907,0.001869,0.001869,0.001869,0.001869,0.001907,0.001945,0.001907,0.001945,0.001984,0.001984,0.002022,0.002060,0.002060,0.002022,0.002022,0.002022,0.002060,0.002060,0.002098,0.002098,0.002060,0.002098,0.002098,0.002060,0.002136,0.002136,0.002098,0.002098,0.002060,0.002098,0.002060,0.002098,0.002060,0.002022,0.002060,0.002060,0.001984,0.002022,0.001984,0.001984,0.002022,0.002022,0.002060,0.001984,0.001984,0.001945,0.001984,0.001984,0.002022,0.002060,0.002022,0.001984,0.002022,0.002060,0.002022,0.002022,0.001945,0.002022,0.001984,0.001984,0.001907,0.001984,0.001984,0.001984,0.002022,0.001984,0.002022,0.001984,0.001945,0.001945,0.001945,0.001945,0.001984,0.001945,0.001945,0.001945,0.001907,0.001907,0.001907,0.001945,0.001945,0.001945,0.001907,0.001869,0.001945,0.001945,0.001869,0.001869,0.001945,0.001984,0.001907,0.001945,0.002022,0.002022,0.001945,0.001984,0.002022,0.002060,0.002060,0.002060,0.002098,0.002098,0.002060,0.002060,0.002060,0.002060,0.002060,0.002098,0.002060,0.002098,0.002098,0.002022,0.002060,0.002022,0.002060,0.002098,0.002060,0.002022,0.002060,0.002060,0.002060,0.002060,0.002022,0.002060,0.002022,0.002098,0.002060,0.002022,0.002060,0.002060,0.002098,0.002098,0.002098,0.002098,0.002136,0.002098,0.002060,0.002060,0.002060,0.002098,0.002060,0.002060,0.002022,0.002060,0.002022,0.002022,0.002060,0.002060,0.002060,0.002022,0.001984,0.001984,0.002022,0.001984,0.001945,0.001945,0.002022,0.001945,0.001907,0.001945,0.001984,0.001984,0.001907,0.001984,0.001945,0.001945,0.001907,0.001984,0.001945,0.001907,0.001907,0.001869,0.001907,0.001945,0.001907,0.001907,0.001945,0.001907,0.001945,0.001907,0.001984,0.001907,0.001869,0.001907,0.001907,0.001945,0.001945,0.001945,0.001945,0.001907,0.001907,0.001907,0.001945,0.002022,0.001945,0.001907,0.001945,0.001984,0.001984,0.001945,0.001907,0.001907,0.001945,0.001945,0.002022,0.001907,0.001945,0.001945,0.001984,0.001984,0.002022,0.001984,0.002022,0.002022,0.001984,0.001945,0.002022,0.002022,0.001984,0.001984,0.001984,0.001984,0.001984,0.001984,0.001984,0.002022,0.001984,0.001984,0.002022,0.001984,0.002022,0.002060,0.002060,0.002022,0.002022,0.002022,0.001945,0.002022,0.002022,0.002022,0.001984,0.001984,0.001984,0.001984,0.001984,0.001945,0.001984,0.001984,0.001945,0.001984,0.001945,0.001984,0.001907,0.001869,0.001869,0.001831,0.001869,0.001869,0.001831,0.001831,0.001717,0.001831,0.001755,0.001793,0.001793,0.001831,0.001793,0.001793,0.001793,0.001755,0.001831,0.001793,0.001793,0.001793,0.001793,0.001755,0.001793,0.001831,0.001793,0.001793,0.001869,0.001869,0.001907,0.001869,0.001907,0.001945,0.001945,0.001945,0.001984,0.001984,0.002022,0.002060,0.002022,0.002022,0.002060,0.002060,0.002060,0.001984,0.002022,0.002098,0.002022,0.002060,0.002098,0.002060,0.002098,0.002022,0.002060,0.002022,0.001984,0.001984,0.001984,0.001984,0.001984,0.001984,0.001984,0.001984,0.001945,0.001984,0.002022,0.002022,0.002022,0.001984,0.001945,0.002022,0.002022,0.001984,0.001945,0.001984,0.002060,0.002022,0.002022,0.001984,0.002022,0.002060,0.002022,0.002022,0.002060,0.002060,0.002022,0.002022,0.002022,0.002060,0.002098,0.002098,0.002060,0.002060,0.002060,0.002136,0.002060,0.002136,0.002060,0.002098,0.002060,0.002060,0.002098,0.002060,0.002022,0.002022,0.002060,0.002098,0.002022,0.002022,0.002022,0.002022,0.002060,0.001984,0.001984,0.002022,0.002022,0.002022,0.001984,0.002022,0.001984,0.001984,0.001945,0.002022,0.001945,0.001945,0.001945,0.001984,0.001907,0.001984,0.001984,0.001907,0.001945,0.001984,0.001907,0.001907,0.001869,0.001831,0.001945,0.001907,0.001869,0.001869,0.001869,0.001907,0.001907,0.001945,0.001907,0.001945,0.001869,0.001907,0.001907,0.001945,0.001945,0.001907,0.001984,0.001907,0.001907,0.001907,0.001984,0.002022,0.001907,0.001984,0.001945,0.001907,0.001984,0.001945,0.001945,0.001907,0.001945,0.001945,0.001945,0.002022,0.001907,0.002022,0.001907,0.001945,0.001945,0.001945,0.001984,0.001984,0.001984,0.002022,0.002022,0.001984,0.001907,0.002022,0.001945,0.001945,0.001984,0.001945,0.001945,0.002022,0.001984,0.001984,0.001945,0.001945,0.001984,0.002060,0.001984,0.002022,0.001984,0.001984,0.001984,0.001984,0.002022,0.001945,0.001945,0.001984,0.002022,0.001984,0.002022,0.001984,0.002022,0.002060,0.002060,0.002060,0.002136,0.002098,0.002098,0.002060,0.002060,0.002136,0.002174,0.002174,0.002136,0.002213,0.002174,0.002174,0.002213,0.002174,0.002213,0.002174,0.002136,0.002213,0.002251,0.002289,0.002174,0.002213,0.002213,0.002213,0.002213,0.002136,0.002174,0.002213,0.002174,0.002136,0.002060,0.002174,0.002174,0.002136,0.002060,0.002060,0.002136,0.002098,0.002098,0.002060,0.002098,0.001984,0.001984,0.002022,0.001945,0.001984,0.001984,0.001984,0.001984,0.001984,0.002022,0.001945,0.001945,0.001984,0.001945,0.002022,0.001945,0.002022,0.001945,0.001945,0.001984,0.001945,0.001945,0.001984,0.002022,0.001984,0.002022,0.002022,0.001945,0.002022,0.002022,0.001984,0.001984,0.002060,0.002060,0.001984,0.002060,0.002060,0.002136,0.002060,0.002022,0.002136,0.002022,0.002098,0.002098,0.002098,0.002136,0.002060,0.002098,0.002060,0.002098,0.002136,0.002060,0.002136,0.002136,0.002174,0.002136,0.002174,0.002174,0.002136,0.002136,0.002174,0.002136,0.002136,0.002098,0.002136,0.002098,0.002098,0.002060,0.002136,0.002060,0.002060,0.002060,0.002022,0.001984,0.001945,0.001984,0.001984,0.001984,0.001984,0.001945,0.001984,0.001984,0.001945,0.001869,0.001907,0.001945,0.001831,0.001907,0.001945,0.001945,0.001945,0.001869,0.001945,0.001945,0.001907,0.001907,0.001945,0.001984,0.001907,0.001907,0.001907,0.001907,0.001945,0.001907,0.001907,0.001945,0.001945,0.001907,0.001945,0.001945,0.001984,0.002022,0.002022,0.002022,0.002060,0.002060,0.002098,0.002098,0.002098,0.002098,0.002174,0.002136,0.002136,0.002136,0.002022,0.002060,0.002098,0.002098,0.002098,0.002060,0.002022,0.001984,0.002022,0.001945,0.001945,0.002022,0.001984,0.001945,0.001907,0.001945,0.001907,0.001831,0.001907,0.001869,0.001869,0.001869,0.001869,0.001907,0.001869,0.001869,0.001831,0.001869,0.001907,0.001831,0.001907,0.001869,0.001945,0.001945,0.001984,0.001984,0.002022,0.002022,0.002022,0.002060,0.001984,0.002098,0.002098,0.002098,0.002136,0.002136,0.002136,0.002136,0.002174,0.002174,0.002213,0.002289,0.002174,0.002213,0.002174,0.002289,0.002289,0.002174,0.002213,0.002174,0.002213,0.002213,0.002251,0.002174,0.002174,0.002213,0.002174,0.002213,0.002174,0.002136,0.002136,0.002174,0.002174,0.002136,0.002174,0.002174,0.002174,0.002174,0.002174,0.002174,0.002174,0.002174,0.002174,0.002174,0.002136,0.002174,0.002174,0.002213,0.002174,0.002174,0.002174,0.002174,0.002136,0.002136,0.002213,0.002136,0.002136,0.002174,0.002213,0.002174,0.002174,0.002213,0.002098,0.002174,0.002174,0.002174,0.002136,0.002174,0.002174,0.002174,0.002213,0.002213,0.002251,0.002174,0.002174,0.002174,0.002174,0.002213,0.002174,0.002136,0.002174,0.002174,0.002174,0.002136,0.002174,0.002213,0.002136,0.002136,0.002098,0.002136,0.002136,0.002136,0.002098,0.002136,0.002098,0.002060,0.002098,0.002060,0.002098,0.002060,0.002060,0.002098,0.002022,0.002022,0.002060,0.002060,0.001984,0.001945,0.001984,0.001984,0.002022,0.001945,0.001945,0.001984,0.001945,0.001984,0.001945,0.001945,0.001907,0.001869,0.001907,0.001869,0.001831,0.001831,0.001831,0.001831,0.001793,0.001755,0.001793,0.001793,0.001755,0.001793,0.001755,0.001717,0.001793,0.001755,0.001831,0.001755,0.001755,0.001831,0.001793,0.001907,0.001869,0.001869,0.001869,0.001907,0.001907,0.001869,0.001907,0.001869,0.001907,0.001907,0.001869,0.001907,0.001907,0.001984,0.001945,0.002022,0.001984,0.001945,0.001984,0.001984,0.001984,0.001984,0.002022,0.001984,0.001984,0.002022,0.002022,0.002022,0.002060,0.002060,0.002098,0.002060,0.002136,0.002098,0.002136,0.002174,0.002136,0.002174,0.002098,0.002174,0.002136,0.002174,0.002136,0.002136,0.002136,0.002060,0.002174,0.002174,0.002136,0.002136,0.002098,0.002098,0.002060,0.002060,0.002060,0.002060,0.002022,0.002060,0.002060,0.001984,0.001984,0.001984,0.001907,0.001984,0.001945,0.001945,0.001945,0.001907,0.001831,0.001831,0.001907,0.001831,0.001907,0.001945,0.001869,0.001869,0.001869,0.001869,0.001869,0.001907,0.001831,0.001869,0.001907,0.001869,0.001907,0.001831,0.001869,0.001869,0.001831,0.001869,0.001869,0.001945,0.001869,0.001907,0.001869,0.001831,0.001869,0.001869,0.001831,0.001831,0.001869,0.001869,0.001869,0.001869,0.001869,0.001907,0.001907,0.001869,0.001945,0.001907,0.001984,0.001945,0.001984,0.001945,0.001945,0.002022,0.002022,0.002022,0.001984,0.002060,0.002022,0.002022,0.002098,0.002060,0.002060,0.001984,0.002060,0.002022,0.002022,0.002022,0.002022,0.002022,0.001984,0.002022,0.001984,0.001984,0.002022,0.002022,0.002060,0.002060,0.002022,0.002022,0.002022,0.002098,0.002022,0.002022,0.002022,0.002060,0.002060,0.002022,0.002060,0.002022,0.002060,0.002060,0.002060,0.002060,0.002022,0.002098,0.002022,0.002060,0.001984,0.002060,0.002136,0.002060,0.002060,0.002022,0.002022,0.002060,0.001945,0.001984,0.001945,0.001984,0.001984,0.001945,0.001907,0.001907,0.001984,0.001945,0.001869,0.001869,0.001831,0.001907,0.001831,0.001907,0.001869,0.001907,0.001907,0.001831,0.001831,0.001831,0.001869,0.001907,0.001869,0.001907,0.001907,0.001907,0.001907,0.001907,0.001907,0.001945,0.001907,0.001907,0.002022,0.001907,0.001984,0.001907,0.001945,0.001984,0.001945
46,19:00:00.000,12/31/1903,0.000000,0.100000,UNKNOWN,1,0/0,0.000000,0.000000,0.000000,0.000000,0.000000,0.000000,0.000000,0.000000,0,0,0,0,0.002174,0.002174,0.002174,0.002136,0.002174,0.002136,0.002174,0.002136,0.002136,0.002174,0.002174,0.002136,0.002136,0.002098,0.002098,0.002136,0.002136,0.002136,0.002098,0.002098,0.002098,0.002098,0.002136,0.002136,0.002136,0.002060,0.002098,0.002098,0.002136,0.002060,0.002098,0.002060,0.002098,0.002022,0.002060,0.002098,0.002136,0.002136,0.002098,0.002136,0.002098,0.002060,0.002022,0.002060,0.002060,0.002060,0.002060,0.002060,0.002060,0.002098,0.002022,0.002098,0.002022,0.001984,0.002060,0.002022,0.002060,0.002060,0.002060,0.002022,0.002022,0.002022,0.002022,0.002022,0.002022,0.002060,0.002060,0.001984,0.001984,0.001945,0.002022,0.002060,0.002022,0.001984,0.002022,0.001984,0.001907,0.001945,0.001984,0.002022,0.002060,0.002022,0.001984,0.001984,0.001984,0.002022,0.001984,0.001984,0.002022,0.002022,0.001984,0.001945,0.001984,0.001984,0.001945,0.002022,0.001984,0.002022,0.001984,0.002060,0.001984,0.002022,0.002022,0.001984,0.002022,0.002022,0.001984,0.002022,0.002060,0.002060,0.001984,0.001984,0.002022,0.002022,0.002022,0.001984,0.002060,0.002060,0.002060,0.001984,0.002060,0.002022,0.002060,0.002060,0.002136,0.002022,0.002022,0.002098,0.002060,0.002022,0.002022,0.002022,0.002060,0.002022,0.002022,0.002022,0.002022,0.002022,0.001984,0.002098,0.002060,0.002098,0.002060,0.002022,0.002022,0.002022,0.002022,0.002060,0.002060,0.002022,0.002098,0.002060,0.002022,0.002098,0.002098,0.002060,0.002060,0.002060,0.002060,0.002098,0.002098,0.002060,0.002060,0.002098,0.002098,0.002098,0.002060,0.002060,0.002098,0.002060,0.002136,0.002136,0.002098,0.002098,0.002098,0.002098,0.002098,0.002098,0.002136,0.002098,0.002136,0.002098,0.002098,0.002098,0.002174,0.002174,0.002098,0.002060,0.002136,0.002060,0.002060,0.002136,0.002098,0.002060,0.002136,0.002136,0.002098,0.002136,0.002098,0.002098,0.002136,0.002098,0.002060,0.002060,0.002022,0.002060,0.002060,0.002136,0.002098,0.002098,0.002136,0.002098,0.002098,0.002098,0.002098,0.002098,0.002098,0.002174,0.002136,0.002098,0.002098,0.002174,0.002136,0.002060,0.002136,0.002060,0.002136,0.002136,0.002174,0.002136,0.002174,0.002174,0.002098,0.002174,0.002136,0.002174,0.002136,0.002136,0.002213,0.002174,0.002136,0.002174,0.002174,0.002136,0.002174,0.002060,0.002098,0.002098,0.002136,0.002174,0.002174,0.002174,0.002098,0.002136,0.002136,0.002098,0.002174,0.002136,0.002136,0.002136,0.002098,0.002098,0.002098,0.002136,0.002098,0.002098,0.002098,0.002136,0.002098,0.002098,0.002098,0.002060,0.002098,0.002098,0.002098,0.002022,0.002098,0.002060,0.002136,0.002022,0.002060,0.002098,0.002060,0.002060,0.002060,0.002060,0.002060,0.001984,0.002060,0.002022,0.002060,0.002022,0.002022,0.002060,0.001984,0.002060,0.002060,0.002022,0.001984,0.002022,0.002098,0.002022,0.002060,0.002022,0.002060,0.002060,0.002022,0.002060,0.002098,0.002022,0.002060,0.002022,0.001984,0.002022,0.001984,0.001984,0.002022,0.002060,0.002060,0.002098,0.002060,0.002060,0.002022,0.001984,0.002022,0.002022,0.002022,0.001984,0.001984,0.002060,0.002060,0.002022,0.002060,0.002022,0.001984,0.001984,0.002022,0.002022,0.002022,0.002022,0.002022,0.002022,0.002022,0.002060,0.002060,0.002022,0.002098,0.002060,0.001984,0.002098,0.002098,0.001984,0.002022,0.002060,0.002022,0.002022,0.002060,0.002022,0.001984,0.002022,0.002060,0.002060,0.002060,0.002098,0.002098,0.002060,0.002060,0.002060,0.002022,0.002060,0.002060,0.002060,0.002060,0.002022,0.002060,0.002060,0.002060,0.002022,0.002060,0.002060,0.002022,0.002022,0.002060,0.002060,0.001984,0.002022,0.002098,0.002136,0.002098,0.002022,0.002060,0.002060,0.002060,0.002060,0.002098,0.002136,0.002098,0.002098,0.002136,0.002136,0.002136,0.002098,0.002098,0.002174,0.002136,0.002098,0.002136,0.002098,0.002136,0.002136,0.002098,0.002136,0.002174,0.002098,0.002136,0.002136,0.002098,0.002136,0.002174,0.002174,0.002174,0.002174,0.002174,0.002174,0.002174,0.002174,0.002174,0.002213,0.002174,0.002136,0.002174,0.002213,0.002174,0.002136,0.002174,0.002174,0.002213,0.002213,0.002136,0.002174,0.002136,0.002174,0.002174,0.002136,0.002174,0.002060,0.002060,0.002174,0.002136,0.002136,0.002098,0.002098,0.002060,0.002098,0.002098,0.002060,0.002060,0.002060,0.002022,0.002098,0.002060,0.002060,0.002022,0.002060,0.002060,0.002060,0.002022,0.001984,0.002022,0.002022,0.001984,0.002022,0.001984,0.002022,0.002022,0.002022,0.001945,0.001984,0.002022,0.002022,0.002022,0.002022,0.001984,0.001945,0.001984,0.002022,0.001984,0.001984,0.001984,0.001984,0.002022,0.002022,0.001984,0.001984,0.002022,0.002022,0.002022,0.001984,0.001984,0.001984,0.002022,0.001945,0.001907,0.001945,0.001945,0.001945,0.001984,0.001945,0.001984,0.001984,0.001984,0.001984,0.001945,0.001984,0.001945,0.001984,0.002022,0.001984,0.001945,0.001945,0.001984,0.002022,0.002022,0.002022,0.001984,0.002060,0.002022,0.001984,0.002022,0.001984,0.002022,0.002022,0.001984,0.001984,0.001984,0.002022,0.002060,0.002060,0.001984,0.001984,0.002060,0.002022,0.002060,0.002060,0.002022,0.002022,0.002022,0.002060,0.002060,0.002060,0.002098,0.002098,0.002136,0.002098,0.002136,0.002098,0.002060,0.002136,0.002098,0.002136,0.002136,0.002098,0.002136,0.002060,0.002136,0.002136,0.002136,0.002174,0.002098,0.002136,0.002136,0.002136,0.002136,0.002136,0.002136,0.002136,0.002136,0.002136,0.002136,0.002136,0.002213,0.002098,0.002098,0.002136,0.002098,0.002098,0.002136,0.002060,0.002060,0.002098,0.002060,0.002060,0.002098,0.002136,0.002098,0.002098,0.002022,0.002098,0.002098,0.002060,0.002060,0.002060,0.002022,0.001984,0.002022,0.002060,0.002060,0.002060,0.002060,0.002022,0.002022,0.002022,0.001984,0.001984,0.002060,0.002060,0.002060,0.002060,0.002060,0.001984,0.002022,0.002022,0.002022,0.002022,0.002022,0.002060,0.002060,0.002060,0.002060,0.002022,0.002022,0.002022,0.002060,0.002060,0.002022,0.002060,0.002022,0.002060,0.002022,0.002060,0.002060,0.002060,0.002022,0.002060,0.002022,0.002022,0.002060,0.002022,0.002060,0.002060,0.002060,0.002060,0.002060,0.001984,0.002022,0.002022,0.002022,0.002060,0.002022,0.002060,0.002022,0.002098,0.002060,0.002022,0.002060,0.002060,0.002098,0.002098,0.002060,0.001984,0.002022,0.002022,0.002060,0.002060,0.002060,0.002022,0.002060,0.002060,0.002060,0.002060,0.002060,0.002022,0.002022,0.002060,0.002022,0.001945,0.001945,0.001984,0.001984,0.001945,0.001907,0.001907,0.001945,0.001945,0.001907,0.001907,0.001945,0.001907,0.001907,0.001907,0.001869,0.001869,0.001869,0.001831,0.001755,0.001793,0.001793,0.001717,0.001755,0.001755,0.001678,0.001602,0.001564,0.001564,0.001640,0.001602,0.001488,0.001488,0.001488,0.001526,0.001488,0.001488,0.001488,0.001488,0.001488,0.001564,0.001640,0.001678,0.001793,0.001869,0.002060,0.002174,0.002403,0.002556,0.002785,0.003090,0.003319,0.003662,0.003891,0.004272,0.004654,0.004959,0.005379,0.005684,0.006027,0.006371,0.006638,0.007019,0.007248,0.007401,0.007515,0.007515,0.007477,0.007324,0.007133,0.006752,0.006409,0.005913,0.005379,0.004883,0.004272,0.003738,0.003166,0.002556,0.001945,0.001373,0.000763,0.000153,-0.000420,-0.000992,-0.001640,-0.002213,-0.002861,-0.003471,-0.004005,-0.004463,-0.004807,-0.005112,-0.005341,-0.005379,-0.005341,-0.005226,-0.004959,-0.004692,-0.004349,-0.003929,-0.003433,-0.002899,-0.002441,-0.001869,-0.001373,-0.000801,-0.000381,0.000038,0.000381,0.000725,0.001068,0.001335,0.001602,0.001869,0.001984,0.002136,0.002251,0.002365,0.002441,0.002441,0.002518,0.002556,0.002708,0.002785,0.002899,0.002937,0.002975,0.003052,0.003090,0.003166,0.003204,0.003281,0.003319,0.003433,0.003548,0.003662,0.003700,0.003853,0.003967,0.004044,0.004196,0.004272,0.004425,0.004501,0.004616,0.004692,0.004730,0.004845,0.004768,0.004692,0.004616,0.004654,0.004578,0.004463,0.004425,0.004311,0.004234,0.004120,0.004044,0.003891,0.003815,0.003662,0.003510,0.003395,0.003319,0.003242,0.003052,0.002937,0.002861,0.002747,0.002594,0.002518,0.002441,0.002327,0.002251,0.002213,0.002174,0.002060,0.002060,0.001945,0.001907,0.001907,0.001869,0.001831,0.001869,0.001831,0.001793,0.001755,0.001755,0.001793,0.001755,0.001831,0.001869,0.001869,0.001945,0.001984,0.002022,0.001984,0.002022,0.002098,0.002060,0.002022,0.001984,0.001984,0.001945,0.001907,0.001869,0.001831,0.001793,0.001831,0.001793,0.001793,0.001755,0.001793,0.001755,0.001755,0.001717,0.001678,0.001678,0.001564,0.001602,0.001602,0.001488,0.001488,0.001411,0.001488,0.001373,0.001411,0.001411,0.001450,0.001564,0.001526,0.001640,0.001755,0.001755,0.001755,0.001755,0.001831,0.001869,0.001869,0.001907,0.001945,0.001945,0.001907,0.001869,0.001869,0.001831,0.001831,0.001831,0.001869,0.001869,0.001869,0.001869,0.001907,0.001984,0.001907,0.001984,0.001984,0.001945,0.001984,0.001984,0.001984,0.001945,0.001907,0.001907,0.001869,0.001793,0.001831,0.001793,0.001869,0.001831,0.001831,0.001869,0.001907,0.001984,0.002060,0.002060,0.002098,0.002136,0.002213,0.002327,0.002365,0.002480,0.002518,0.002518,0.002556,0.002594,0.002594,0.002632,0.002594,0.002556,0.002480,0.002441,0.002365,0.002289,0.002174,0.002060,0.002060,0.002022,0.001907,0.001869,0.001831,0.001793,0.001831,0.001831,0.001831,0.001793,0.001831,0.001869,0.001831,0.001907,0.001907,0.001907,0.001869,0.001831,0.001831,0.001793,0.001678,0.001640,0.001564,0.001602,0.001564,0.001526,0.001526,0.001450,0.001411,0.001411,0.001450,0.001373,0.001335,0.001373,0.001373,0.001335,0.001373,0.001373,0.001373,0.001450,0.001411,0.001411,0.001526,0.001564,0.001602,0.001640,0.001717,0.001755,0.001831,0.001831,0.001945,0.002022,0.002060,0.002251,0.002327,0.002327,0.002403,0.002403,0.002518,0.002594,0.002632,0.002632,0.002785,0.002785,0.002785,0.002785,0.002823,0.002861,0.002785,0.002747,0.002785,0.002708,0.002708,0.002708,0.002670,0.002670,0.002632,0.002632,0.002632,0.002556,0.002594,0.002632,0.002594,0.002556,0.002594,0.002556,0.002556,0.002480,0.002480,0.002403,0.002403,0.002327,0.002365,0.002251,0.002251,0.002213,0.002136,0.002213,0.002174,0.002174,0.002136,0.002174,0.002136,0.002174,0.002213,0.002136,0.002098,0.002136,0.002136,0.002098,0.002060,0.002136,0.002174,0.002098,0.002060,0.002060,0.002060,0.002098,0.002098,0.002136,0.002136,0.002174,0.002174,0.002136,0.002174,0.002251,0.002327,0.002289,0.002327,0.002403,0.002480,0.002480,0.002518,0.002556,0.002632,0.002632,0.002632,0.002632,0.002594,0.002594,0.002556,0.002556,0.002480,0.002403,0.002403,0.002289,0.002251,0.002060,0.002060,0.002022,0.001907,0.001869,0.001793,0.001755,0.001793,0.001755,0.001678,0.001678,0.001755,0.001793,0.001755,0.001793,0.001755,0.001869,0.001869,0.001945,0.001984,0.001984,0.002060,0.002098,0.002098,0.002098,0.002098,0.002213,0.002136,0.002174,0.002136,0.002136,0.002136,0.002098,0.002060,0.002060,0.001984,0.001984,0.001945,0.001945,0.001945,0.001869,0.001869,0.001793,0.001831,0.001717,0.001678,0.001717,0.001602,0.001640,0.001640,0.001602,0.001564,0.001526,0.001526,0.001564,0.001564,0.001564,0.001602,0.001602,0.001602,0.001678,0.001640,0.001717,0.001831,0.001755,0.001831,0.001831,0.001831,0.001831,0.001945,0.001945,0.001984,0.001984,0.001984,0.002022,0.002022,0.002098,0.002098,0.002136,0.002136,0.002136,0.002136,0.002136,0.002174,0.002213,0.002174,0.002213,0.002213,0.002251,0.002213,0.002251,0.002251,0.002251,0.002174,0.002213,0.002213,0.002213,0.002213,0.002174,0.002174,0.002213,0.002174,0.002174,0.002136,0.002174,0.002174,0.002174,0.002174,0.002174,0.002174,0.002136,0.002136,0.002174,0.002213,0.002213,0.002251,0.002213,0.002251,0.002213,0.002174,0.002174,0.002174,0.002174,0.002213,0.002213,0.002098,0.002098,0.002060,0.002098,0.002060,0.002022,0.001984,0.001907,0.001869,0.001869,0.001831,0.001831,0.001831,0.001755,0.001831,0.001793,0.001755,0.001678,0.001678,0.001678,0.001678,0.001678,0.001640,0.001678,0.001717,0.001717,0.001678,0.001678,0.001717,0.001717,0.001717,0.001755,0.001755,0.001793,0.001869,0.001907,0.001907,0.001984,0.001984,0.002022,0.002098,0.002174,0.002136,0.002251,0.002251,0.002327,0.002365,0.002327,0.002365,0.002403,0.002403,0.002441,0.002441,0.002403,0.002403,0.002441,0.002441,0.002480,0.002480,0.002480,0.002518,0.002518,0.002518,0.002518,0.002518,0.002518,0.002518,0.002480,0.002518,0.002403,0.002480,0.002441,0.002441,0.002441,0.002441,0.002441,0.002403,0.002289,0.002327,0.002327,0.002289,0.002213,0.002136,0.002136,0.002098,0.002022,0.001984,0.002022,0.002022,0.001945,0.001945,0.001907,0.001945,0.001907,0.001945,0.001945,0.001984,0.002022,0.001984,0.002098,0.002136,0.002136,0.002213,0.002251,0.002251,0.002289,0.002327,0.002327,0.002289,0.002251,0.002365,0.002327,0.002289,0.002251,0.002289,0.002289,0.002174,0.002251,0.002174,0.002213,0.002136,0.002060,0.002136,0.002022,0.002060,0.001945,0.001945,0.001984,0.001869,0.001869,0.001869,0.001831,0.001831,0.001793,0.001793,0.001755,0.001755,0.001755,0.001755,0.001755,0.001755,0.001755,0.001717,0.001793,0.001793,0.001717,0.001717,0.001717,0.001755,0.001678,0.001678,0.001755,0.001717,0.001755,0.001717,0.001678,0.001755,0.001755,0.001793,0.001755,0.001717,0.001717,0.001717,0.001793,0.001755,0.001717,0.001755,0.001793,0.001831,0.001793,0.001907,0.001907,0.001869,0.001984,0.002022,0.002098,0.002098,0.002174,0.002174,0.002136,0.002213,0.002251,0.002251,0.002251,0.002251,0.002289,0.002251,0.002251,0.002289,0.002289,0.002251,0.002213,0.002213,0.002174,0.002213,0.002213,0.002174,0.002136,0.002136,0.002098,0.002136,0.002136,0.002098,0.002098,0.002022,0.002136,0.002060,0.002060,0.002022,0.002022,0.002060,0.002060,0.002060,0.002098,0.002098,0.002098,0.002022,0.002022,0.002136,0.002136,0.002098,0.002098,0.002174,0.002060,0.002136,0.002136,0.002136,0.002136,0.002098,0.002136,0.002022,0.002098,0.002098,0.002098,0.002136,0.002136,0.002174,0.002136,0.002098,0.002136,0.002174,0.002174,0.002174,0.002174,0.002136,0.002098,0.002174,0.002098,0.002174,0.002174,0.002098,0.002060,0.002136,0.002060,0.002060,0.002022,0.002022,0.002022,0.002022,0.002022,0.001907,0.002022,0.001984,0.002022,0.001984,0.002022,0.002060,0.002022,0.002022,0.002022,0.001984,0.002022,0.002022,0.002022,0.002022,0.002060,0.002098,0.002022,0.002098,0.002060,0.002098,0.002136,0.002098,0.002098,0.002136,0.002174,0.002136,0.002136,0.002174,0.002213,0.002251,0.002251,0.002213,0.002098,0.002136,0.002136,0.002098,0.002098,0.002060,0.002060,0.001984,0.001984,0.001907,0.001945,0.001984,0.001869,0.001907,0.001869,0.001907,0.001869,0.001869,0.001907,0.001869,0.001869,0.001831,0.001869,0.001869,0.001907,0.001945,0.001945,0.001945,0.001984,0.001984,0.002022,0.002022,0.002060,0.002060,0.002022,0.002022,0.002022,0.002060,0.002098,0.002136,0.002098,0.002060,0.002098,0.002060,0.002060,0.002098,0.002060,0.002022,0.002060,0.002022,0.002060,0.002098,0.001984,0.001907,0.001984,0.001984,0.002022,0.001984,0.001984,0.001984,0.001945,0.001869,0.001945,0.001945,0.001831,0.001907,0.001907,0.001907,0.001869,0.001869,0.001907,0.001907,0.001945,0.001984,0.002022,0.001984,0.002022,0.002060,0.002098,0.002136,0.002098,0.002098,0.002098,0.002174,0.002213,0.002174,0.002174,0.002174,0.002213,0.002251,0.002213,0.002251,0.002251,0.002327,0.002327,0.002251,0.002251,0.002251,0.002365,0.002365,0.002365,0.002289,0.002251,0.002289,0.002289,0.002251,0.002327,0.002251,0.002251,0.002213,0.002289,0.002251,0.002251,0.002251,0.002213,0.002136,0.002098,0.002136,0.002136,0.002098,0.002098,0.002098,0.002174,0.002136,0.002060,0.002098,0.002022,0.002060,0.002022,0.001984,0.002022,0.002022,0.001984,0.002022,0.001984,0.002022,0.002098,0.002060,0.002060,0.002136,0.002251,0.002213,0.002174,0.002289,0.002365,0.002327,0.002365,0.002441,0.002441,0.002518,0.002556,0.002594,0.002670,0.002670,0.002708,0.002747,0.002670,0.002670,0.002670,0.002670,0.002708,0.002670,0.002632,0.002594,0.002594,0.002556,0.002480,0.002518,0.002480,0.002403,0.002327,0.002365,0.002289,0.002289,0.002251,0.002213,0.002136,0.002060,0.002098,0.002022,0.001945,0.001869,0.001831,0.001717,0.001640,0.001564,0.001488,0.001411,0.001259,0.001183,0.001068,0.001030,0.000954,0.000954,0.000877,0.000839,0.000877,0.000916,0.000916,0.000954,0.001068,0.001183,0.001221,0.001221,0.001335,0.001450,0.001602,0.001678,0.001755,0.001793,0.001907,0.001984,0.002060,0.002136,0.002174,0.002251,0.002327,0.002327,0.002327,0.002403,0.002403,0.002403,0.002327,0.002403,0.002327,0.002289,0.002251,0.002251,0.002251,0.002251,0.002136,0.002136,0.002136,0.002136,0.002136,0.002174,0.002136,0.002213,0.002136,0.002174,0.002251,0.002251,0.002327,0.002327,0.002365,0.002403,0.002403,0.002518,0.002518,0.002518,0.002518,0.002480,0.002518,0.002518,0.002518,0.002518,0.002518,0.002441,0.002441,0.002403,0.002403,0.002365,0.002251,0.002174,0.002174,0.002136,0.002136,0.002136,0.002060,0.001984,0.002022,0.001945,0.001945,0.001907,0.001945,0.001945,0.001945,0.001945,0.001907,0.001984,0.001907,0.001945,0.001945,0.001945,0.001984,0.001984,0.001945,0.001945,0.001945,0.002022,0.001984,0.001984,0.001984,0.001984,0.002022,0.001984,0.001984,0.001945,0.001945,0.001945,0.001945,0.001984,0.001984,0.001907,0.001945,0.001945,0.002022,0.001984,0.001984,0.002022,0.001945,0.002022,0.001945,0.002022,0.002060,0.002022,0.002098,0.002060,0.002022,0.001984,0.002060,0.002060,0.002098,0.002136,0.002098,0.002136,0.002060,0.002098,0.002136,0.002174,0.002213,0.002251,0.002251,0.002251,0.002251,0.002289,0.002327,0.002327,0.002365,0.002403,0.002403,0.002365,0.002365,0.002327,0.002327,0.002365,0.002403,0.002327,0.002365,0.002365,0.002327,0.002289,0.002251,0.002289,0.002251,0.002251,0.002213,0.002174,0.002174,0.002136,0.002174,0.002136,0.002136,0.002136,0.001984,0.002098,0.002098,0.002098,0.002022,0.002022,0.002060,0.002060,0.002060,0.002060,0.002098,0.002136,0.002136,0.002174,0.002136,0.002136,0.002213,0.002174,0.002174,0.002213,0.002174,0.002251,0.002213,0.002251,0.002251,0.002251,0.002327,0.002327,0.002327,0.002365,0.002365,0.002365,0.002327,0.002441,0.002403,0.002403,0.002403,0.002365,0.002327,0.002365,0.002365,0.002289,0.002213,0.002251,0.002174,0.002174,0.002136,0.002060,0.002022,0.001984,0.002060,0.001984,0.001907,0.001945,0.001945,0.001945,0.001869,0.001869,0.001869,0.001831,0.001831,0.001755,0.001793,0.001831,0.001831,0.001793,0.001793,0.001793,0.001793,0.001755,0.001793,0.001793,0.001793,0.001793,0.001793,0.001831,0.001755,0.001793,0.001869,0.001831,0.001793,0.001831,0.001869,0.001907,0.001907,0.001984,0.001907,0.001945,0.001907,0.001984,0.001945,0.001945,0.001984,0.001984,0.002022,0.002060,0.002022,0.002060,0.002098,0.002174,0.002098,0.002136,0.002174,0.002136,0.002213,0.002174,0.002174,0.002174,0.002174,0.002098,0.002098,0.002136,0.002174,0.002174,0.002136,0.002136,0.002136,0.002098,0.002098,0.002136,0.002060,0.002098,0.002098,0.002136,0.002098,0.002022,0.002098,0.002060,0.002136,0.002136,0.002060,0.002136,0.002174,0.002174,0.002098,0.002136,0.002136,0.002136,0.002098,0.002174,0.002098,0.002098,0.002136,0.002136,0.002060,0.002098,0.002060,0.001945,0.001984,0.001945,0.001907,0.001945,0.001831,0.001869,0.001869,0.001869,0.001869,0.001831,0.001869,0.001907,0.001869,0.001831,0.001869,0.001907,0.001869,0.001907,0.001907,0.001945,0.001984,0.001984,0.001945,0.001945,0.001945,0.001984,0.002022,0.002022,0.002022,0.002022,0.002098,0.002060,0.002136,0.002060,0.002060,0.002098,0.002098,0.002098,0.002098,0.002060,0.002060,0.002022,0.002022,0.002060,0.002098,0.002060,0.002060,0.002022,0.002060,0.002060,0.002060,0.002098,0.002060,0.002022,0.002022,0.002060,0.002098,0.002098,0.002098,0.002098,0.002098,0.002174,0.002136,0.002174,0.002251,0.002174,0.002289,0.002327,0.002289,0.002289,0.002251,0.002327,0.002289,0.002289,0.002251,0.002251,0.002251,0.002251,0.002251,0.002251,0.002251,0.002213,0.002174,0.002174,0.002213,0.002174,0.002098,0.002098,0.002098,0.002098,0.002060,0.002060,0.002060,0.002060,0.002022,0.002022,0.002098,0.002022,0.002022,0.002022,0.002022,0.002098,0.002022,0.002136,0.002060,0.002098,0.002174,0.002060,0.002174,0.002136,0.002136,0.002136,0.002174,0.002213,0.002213,0.002251,0.002289,0.002251,0.002251,0.002251,0.002251,0.002251,0.002289,0.002251,0.002289,0.002289,0.002251,0.002251,0.002251,0.002213,0.002251,0.002213,0.002174,0.002174,0.002060,0.002174,0.002136,0.002098,0.002060,0.002022,0.001984,0.002022,0.001984,0.001945,0.001907,0.001984,0.001907,0.001907,0.001831,0.001755,0.001831,0.001793,0.001717,0.001793,0.001755,0.001678,0.001717,0.001717,0.001678,0.001640,0.001640,0.001678,0.001717,0.001678,0.001640,0.001678,0.001717,0.001717,0.001717,0.001717,0.001678,0.001717,0.001717,0.001717,0.001717,0.001755,0.001717,0.001755,0.001717,0.001755,0.001755,0.001717,0.001793,0.001755,0.001831,0.001869,0.001869,0.001869,0.001869,0.001869,0.001869,0.001945,0.001984,0.001984,0.002060,0.001984,0.002060,0.002098,0.002098,0.002098,0.002098,0.002213,0.002174,0.002174,0.002251,0.002251,0.002251,0.002251,0.002289,0.002289,0.002365,0.002365,0.002327,0.002327,0.002327,0.002365,0.002365,0.002403,0.002403,0.002403,0.002365,0.002365,0.002289,0.002365,0.002289,0.002289,0.002327,0.002174,0.002213,0.002251,0.002289,0.002251,0.002251,0.002174,0.002136,0.002136,0.002136,0.002098,0.002136,0.002060,0.002022,0.002136,0.002060,0.002098,0.002022,0.002060,0.002022,0.001984,0.002022,0.001984,0.002022,0.001945,0.001945,0.001984,0.001984,0.001984,0.001945,0.001945,0.002022,0.001945,0.002022,0.002022,0.001984,0.001984,0.001984,0.001984,0.001945,0.001907,0.001907,0.001945,0.001945,0.001907,0.001907,0.001945,0.001831,0.001945,0.001869,0.001907,0.001907,0.001984,0.001945,0.001907,0.001984,0.001945,0.001984,0.001945,0.001907,0.001984,0.001984,0.001945,0.002022,0.001984,0.002060,0.002022,0.002060,0.002060,0.002060,0.002060,0.002060,0.002098,0.002136,0.002136,0.002136,0.002136,0.002136,0.002098,0.002060,0.002060,0.002060,0.002098,0.002060,0.002060,0.002060,0.002060,0.002060,0.002060,0.002136,0.002098,0.002098,0.002136,0.002098,0.002136,0.002136,0.002136,0.002174,0.002098,0.002136,0.002213,0.002174,0.002174,0.002136,0.002174,0.002213,0.002213,0.002251,0.002213,0.002174,0.002136,0.002213,0.002174,0.002136,0.002174,0.002174,0.002174,0.002174,0.002098,0.002136,0.002136,0.002174,0.002174,0.002136,0.002174,0.002098,0.002136,0.002098,0.002136,0.002174,0.002136,0.002174,0.002098,0.002136,0.002174,0.002098,0.002174,0.002098,0.002098,0.002098,0.002060,0.002060,0.002098,0.002136,0.002060,0.002060,0.002060,0.002060,0.002098,0.002022,0.001984,0.002022,0.001945,0.001984,0.001945,0.001984,0.002022,0.001945,0.001945,0.001907,0.001945,0.001945,0.001869,0.001945,0.001907,0.001945,0.001907,0.001907,0.001907,0.001945,0.001984,0.001945,0.001907,0.001907,0.001869,0.001869,0.001831,0.001945,0.001945,0.001831,0.001907,0.001945,0.001907,0.001945,0.001907,0.001945,0.001907,0.001945,0.001945,0.001945,0.002022,0.001984,0.002022,0.002022,0.001984,0.002060,0.002060,0.002098,0.002098,0.002098,0.002136,0.002098,0.002136,0.002098,0.002136,0.002136,0.002098,0.002174,0.002136,0.002174,0.002213,0.002213,0.002213,0.002174,0.002174,0.002213,0.002174,0.002174,0.002174,0.002174,0.002174,0.002136,0.002174,0.002136,0.002136,0.002098,0.002098,0.002098,0.002060,0.002174,0.002136,0.002136,0.002136,0.002136,0.002136,0.002098,0.002136,0.002060,0.002098,0.002136,0.002098,0.002174,0.002136,0.002174,0.002136,0.002098,0.002213,0.002136,0.002174,0.002174,0.002136,0.002174,0.002174,0.002213,0.002213,0.002213,0.002174,0.002213,0.002174,0.002251,0.002136,0.002174,0.002136,0.002136,0.002174,0.002136,0.002174,0.002136,0.002136,0.002174,0.002098,0.002136,0.002098,0.002136,0.002136,0.002136,0.002174,0.002136,0.002136,0.002060,0.002060,0.002136,0.002060,0.002174,0.002098,0.002098,0.002136,0.002098,0.002098,0.002060,0.002136,0.002098,0.002060,0.002098,0.002060,0.002136,0.002136,0.002060,0.002098,0.002060,0.002098,0.002098,0.002060,0.002098,0.002060,0.002098,0.002098,0.002136,0.002136,0.002098,0.002174,0.002098,0.002136,0.002136,0.002136,0.002136,0.002098,0.002174,0.002174,0.002136,0.002174,0.002136,0.002174,0.002136,0.002060,0.002136,0.002098,0.002174,0.002060,0.002060,0.002098,0.002022,0.002022,0.001984,0.002022,0.002022,0.002022,0.002060,0.001984,0.002022,0.001984,0.001984,0.002022,0.002022,0.002022,0.002022,0.001984,0.002022,0.001984,0.002060,0.002060,0.002098,0.002060,0.002060,0.002098,0.002098,0.002098,0.002098,0.002174,0.002213,0.002174,0.002213,0.002251,0.002289,0.002327,0.002327,0.002365,0.002365,0.002327,0.002365,0.002289,0.002480,0.002441,0.002365,0.002441,0.002403,0.002441,0.002403,0.002403,0.002365,0.002289,0.002327,0.002289,0.002251,0.002213,0.002136,0.002136,0.002060,0.002060,0.002022,0.001984,0.001945,0.001907,0.001907,0.001907,0.001831,0.001831,0.001755,0.001831,0.001869,0.001831,0.001831,0.001793,0.001831,0.001831,0.001869,0.001945,0.001869,0.001945,0.001945,0.001984,0.002022,0.001945,0.002060,0.001984,0.002098,0.002060,0.002022,0.002060,0.002060,0.002136,0.002060,0.002060,0.002098,0.002060,0.002022,0.001984,0.002022,0.002022,0.001907,0.001945,0.001984,0.001984,0.001984,0.001907,0.001984,0.001984,0.002060,0.002060,0.002060,0.002098,0.002060,0.002136,0.002136,0.002136,0.002136,0.002098,0.002174,0.002174,0.002213,0.002251,0.002174,0.002251,0.002213,0.002251,0.002251,0.002251,0.002327,0.002251,0.002251,0.002289,0.002251,0.002327,0.002251,0.002251,0.002289,0.002213,0.002251,0.002289,0.002251,0.002213,0.002174,0.002213,0.002136,0.002251,0.002289,0.002251,0.002251,0.002289,0.002327,0.002251,0.002289,0.002327,0.002289,0.002327,0.002289,0.002289,0.002289,0.002251,0.002289,0.002251,0.002251,0.002213,0.002136,0.002136,0.002060,0.002098,0.002060,0.002060,0.002022,0.001945,0.002022,0.001984,0.001907,0.001907,0.001793,0.001831,0.001755,0.001831,0.001831,0.001793,0.001793,0.001793,0.001793,0.001755,0.001793,0.001793,0.001717,0.001755,0.001755,0.001755,0.001793,0.001793,0.001831,0.001755,0.001831,0.001869,0.001907,0.001984,0.001907,0.001869,0.001945,0.001945,0.002022,0.001945,0.002060,0.002022,0.002022,0.002022,0.001945,0.002022,0.002098,0.002060,0.002136,0.002098,0.002136,0.002060,0.002060,0.002098,0.002136,0.002098,0.002060,0.002060,0.002098,0.002060,0.002098,0.002098,0.002136,0.002136,0.002022,0.002060,0.002060,0.002098,0.002098,0.002098,0.002098,0.002098,0.002174,0.002060,0.002022,0.002136,0.002098,0.002136,0.002098,0.002098,0.002098,0.002136,0.002213,0.002136,0.002174,0.002174,0.002174,0.002174,0.002213,0.002213,0.002174,0.002136,0.002213,0.002174,0.002213,0.002251,0.002213,0.002213,0.002174,0.002213,0.002251,0.002213,0.002251,0.002213,0.002251,0.002213,0.002174,0.002251,0.002136,0.002213,0.002174,0.002098,0.002060,0.002060,0.002060,0.002060,0.002060,0.002060,0.001984,0.001945,0.001984,0.001984,0.001984,0.002022,0.002060,0.001984,0.002060,0.002060,0.002060,0.002098,0.002060,0.002060,0.002060,0.002136,0.002098,0.002060,0.002136,0.002098,0.002136,0.002098,0.002022,0.002060,0.002022,0.002060,0.001984,0.001984,0.001984,0.001907,0.001907,0.001869,0.001945,0.001945,0.001869,0.001869,0.001831,0.001831,0.001793,0.001831,0.001869,0.001869,0.001869,0.001907,0.001907,0.001984,0.001945,0.001945,0.001984,0.001984,0.002022,0.002098,0.002174,0.002060,0.002098,0.002098,0.002098,0.002174,0.002136,0.002136,0.002136,0.002136,0.002174,0.002098,0.002060,0.002060,0.002098,0.002136,0.001984,0.002098,0.002022,0.001945,0.002060,0.001984,0.001984,0.002022,0.001984,0.002022,0.001945,0.002022,0.001984,0.001984,0.002022,0.001984,0.002022,0.001984,0.001984,0.001984,0.002022,0.002022,0.002060,0.002060,0.002022,0.002060,0.002098,0.002060,0.002136,0.002136,0.002136,0.002174,0.002098,0.002251,0.002136,0.002213,0.002251,0.002213,0.002289,0.002213,0.002174,0.002251,0.002327,0.002327,0.002289,0.002289,0.002289,0.002213,0.002289,0.002251,0.002289,0.002289,0.002251,0.002251,0.002136,0.002174,0.002174,0.002136,0.002174,0.002098,0.002098,0.002060,0.002098,0.002060,0.001984,0.002098,0.002022,0.002022,0.002060,0.002060,0.002022,0.001984,0.002022,0.002022,0.002022,0.002022,0.002022,0.002022,0.001984,0.001984,0.002060,0.002022,0.001984,0.001984,0.001984,0.002022,0.001984,0.001945,0.001945,0.001907,0.001869,0.001831,0.001869,0.001793,0.001793,0.001793,0.001793,0.001755,0.001755,0.001831,0.001793,0.001831,0.001755,0.001717,0.001793,0.001793,0.001831,0.001831,0.001793,0.001831,0.001831,0.001869,0.001869,0.001869,0.001907,0.001907,0.001869,0.001945,0.001907,0.001984,0.001907,0.002022,0.001945,0.001984,0.001984,0.001945,0.001945,0.001907,0.001945,0.001984,0.001945,0.001907,0.001869,0.001945,0.001945,0.001907,0.001984,0.001945,0.001945,0.001984,0.001945,0.001945,0.001984,0.001984,0.002022,0.002022,0.002060,0.002022,0.002060,0.002060,0.002098,0.002136,0.002060,0.002098,0.002022,0.002098,0.002060,0.002098,0.002174,0.002174,0.002174,0.002213,0.002174,0.002251,0.002213,0.002251,0.002213,0.002174,0.002251,0.002251,0.002289,0.002251,0.002327,0.002327,0.002289,0.002327,0.002327,0.002365,0.002403,0.002365,0.002365,0.002403,0.002403,0.002403,0.002403,0.002403,0.002327,0.002365,0.002365,0.002327,0.002289,0.002289,0.002289,0.002213,0.002213,0.002136,0.002098,0.002136,0.002060,0.002022,0.001945,0.001907,0.001945,0.001869,0.001831,0.001793,0.001831,0.001831,0.001755,0.001793,0.001717,0.001678,0.001793,0.001755,0.001793,0.001755,0.001755,0.001793,0.001793,0.001793,0.001793,0.001831,0.001831,0.001907,0.001945,0.001907,0.001907,0.001869,0.001869,0.001945,0.001907,0.001945,0.001945,0.001984,0.002060,0.002060,0.002060,0.002060,0.002060,0.002136,0.002098,0.002098,0.002098,0.002136,0.002174,0.002174,0.002136,0.002174,0.002251,0.002251,0.002213,0.002213,0.002251,0.002251,0.002289,0.002251,0.002289,0.002289,0.002327,0.002251,0.002251,0.002251,0.002289,0.002251,0.002289,0.002327,0.002327,0.002289,0.002289,0.002289,0.002289,0.002289,0.002289,0.002289,0.002213,0.002251,0.002251,0.002213,0.002251,0.002289,0.002289,0.002289,0.002213,0.002251,0.002289,0.002251,0.002213,0.002213,0.002289,0.002174,0.002136,0.002213,0.002213,0.002174,0.002174,0.002213,0.002136,0.002136,0.002136,0.002136,0.002136,0.002098,0.002136,0.002136,0.002098,0.002174,0.002136,0.002136,0.002060,0.002098,0.002136,0.001984,0.002060,0.002136,0.002060,0.002060,0.001984,0.002022,0.002022,0.002022,0.001945,0.001984,0.001984,0.001869,0.001907,0.001907,0.001945,0.001945,0.001869,0.001907,0.001945,0.001907,0.001945,0.001907,0.001945,0.001907,0.001907,0.001945,0.001945,0.002022,0.001984,0.001945,0.001945,0.002022,0.001984,0.001984,0.002022,0.002022,0.001984,0.002022,0.002022,0.001984,0.001984,0.001984,0.002060,0.002098,0.002060,0.002022,0.002022,0.002022,0.002060,0.002098,0.002098,0.002098,0.002136,0.002098,0.002213,0.002174,0.002213,0.002136,0.002213,0.002213,0.002213,0.002213,0.002174,0.002213,0.002213,0.002251,0.002251,0.002213,0.002213,0.002213,0.002213,0.002251,0.002289,0.002251,0.002251,0.002251,0.002213,0.002213,0.002213,0.002251,0.002213,0.002213,0.002174,0.002136,0.002136,0.002213,0.002213,0.002098,0.002174,0.002174,0.002174,0.002136,0.002060,0.002098,0.002060,0.002060,0.002098,0.002098,0.002060,0.002060,0.002060,0.002098,0.002098,0.002098,0.002136,0.002098,0.002060,0.002022,0.002060,0.002060,0.002060,0.002060,0.002098,0.002060,0.002060,0.002098,0.002060,0.002022,0.002098,0.002060,0.002022,0.001945,0.002022,0.001945,0.001907,0.001907,0.001831,0.001907,0.001869,0.001945,0.001869,0.001831,0.001907,0.001869,0.001831,0.001831,0.001755,0.001831,0.001793,0.001793,0.001831,0.001831,0.001793,0.001831,0.001869,0.001831,0.001869,0.001907,0.001831,0.001907,0.001869,0.001907,0.001907,0.001907,0.001945,0.001907,0.001984,0.002022,0.001945,0.001984,0.001984,0.002060,0.002022,0.001984,0.002060,0.002022,0.002060,0.002060,0.002060,0.002136,0.002098,0.002136,0.002136,0.002136,0.002136,0.002174,0.002213,0.002213,0.002213,0.002251,0.002251,0.002289,0.002213,0.002251,0.002289,0.002251,0.002289,0.002251,0.002289,0.002289,0.002213,0.002251,0.002289,0.002289,0.002251,0.002213,0.002213,0.002174,0.002174,0.002213,0.002213,0.002136,0.002136,0.002174,0.002136,0.002213,0.002098,0.002136,0.002174,0.002136,0.002174,0.002174,0.002136,0.002136,0.002098,0.002136,0.002136,0.002136,0.002136,0.002098,0.002136,0.002098,0.002136,0.002136,0.002136,0.002136,0.002136,0.002136,0.002098,0.002136,0.002136,0.002098,0.002136,0.002060,0.002136,0.002174,0.002174,0.002174,0.002174,0.002174,0.002213,0.002174,0.002136,0.002174,0.002174,0.002136,0.002136,0.002213,0.002174,0.002174,0.002136,0.002174,0.002213,0.002174,0.002251,0.002174,0.002136,0.002136,0.002174,0.002136,0.002174,0.002174,0.002136,0.002174,0.002213,0.002098,0.002136,0.002136,0.002136,0.002213,0.002136,0.002098,0.002136,0.002136,0.002136,0.002136,0.002174,0.002136,0.002098,0.002174,0.002136,0.002136,0.002136,0.002136,0.002136,0.002136,0.002174,0.002213,0.002213,0.002213,0.002174,0.002213,0.002213,0.002251,0.002174,0.002213,0.002213,0.002174,0.002213,0.002136,0.002136,0.002136,0.002136,0.002136,0.002136,0.002098,0.002098,0.002098,0.002060,0.002060,0.002060,0.001984,0.002022,0.001984,0.001984,0.001907,0.001869,0.001869,0.001869,0.001869,0.001869,0.001831,0.001869,0.001869,0.001869,0.001869,0.001831,0.001793,0.001793,0.001793,0.001755,0.001755,0.001831,0.001831,0.001831,0.001831,0.001831,0.001869,0.001831,0.001831,0.001907,0.001869,0.001907,0.001945,0.001945,0.002022,0.001984,0.001984,0.002060,0.002098,0.002136,0.002136,0.002174,0.002174,0.002174,0.002174,0.002251,0.002213,0.002213,0.002213,0.002251,0.002213,0.002251,0.002213,0.002289,0.002174,0.002136,0.002136,0.002174,0.002136,0.002098,0.002136,0.002098,0.002060,0.002136,0.002174,0.002060,0.002098,0.002098,0.002136,0.002060,0.002098,0.002098,0.002136,0.002098,0.002174,0.002174,0.002136,0.002136,0.002251,0.002251,0.002251,0.002213,0.002213,0.002174,0.002213,0.002174,0.002213,0.002174,0.002174,0.002213,0.002213,0.002213,0.002136,0.002098,0.002098,0.002022,0.002022,0.001984,0.001984,0.001945,0.001907,0.001831,0.001831,0.001793,0.001717,0.001755,0.001755,0.001755,0.001678,0.001717,0.001678,0.001678,0.001717,0.001717,0.001793,0.001793,0.001755,0.001831,0.001869,0.001869,0.001869,0.001907,0.001907,0.001984,0.001984,0.001984,0.002022,0.001945,0.001984,0.002022,0.002022,0.001984,0.001984,0.001984,0.002022,0.002022,0.002022,0.001945,0.001984,0.001984,0.002022,0.001945,0.001984,0.002022,0.002098,0.002022,0.002022,0.002022,0.002060,0.002060,0.002098,0.002136,0.002098,0.002136,0.002174,0.002136,0.002174,0.002174,0.002174,0.002213,0.002251,0.002289,0.002251,0.002213,0.002251,0.002251,0.002289,0.002251,0.002251,0.002213,0.002289,0.002213,0.002213,0.002213,0.002174,0.002174,0.002174,0.002174,0.002174,0.002174,0.002174,0.002174,0.002174,0.002136,0.002174,0.002098,0.002098,0.002136,0.002060,0.002060,0.002060,0.002136,0.002136,0.002136,0.002098,0.002136,0.002174,0.002174,0.002098,0.002136,0.002098,0.002136,0.002136,0.002098,0.002136,0.002060,0.002060,0.002060,0.002022,0.002022,0.002022,0.002060,0.002060,0.002060,0.002022,0.001984,0.001984,0.001984,0.001945,0.002022,0.001984,0.001984,0.001984,0.002022,0.002022,0.001945,0.002060,0.002060,0.002022,0.001984,0.002060,0.002060,0.002022,0.002022,0.002060,0.001984,0.002098,0.002022,0.002060,0.002060,0.002060,0.002060,0.002060,0.002022,0.002060,0.002098,0.002098,0.002098,0.002098,0.002098,0.002098,0.002136,0.002098,0.002098,0.002098,0.002174,0.002136,0.002174,0.002098,0.002136,0.002174,0.002136,0.002098,0.002136,0.002060,0.002060,0.002060,0.002022,0.002060,0.002022,0.002060,0.002098,0.002022,0.002060,0.002022,0.002022,0.002022,0.001984,0.001945,0.001984,0.001945,0.001945,0.002022,0.001945,0.001945,0.001945,0.001869,0.001945,0.001945,0.001945,0.001945,0.001945,0.001945,0.001907,0.001907,0.001984,0.001945,0.001907,0.001907,0.001907,0.001984,0.001907,0.001984,0.001984,0.001945,0.001984,0.001945,0.001907,0.001945,0.001945,0.001984,0.001945,0.001945,0.001984,0.002060,0.002022,0.002022,0.002022,0.002022,0.002060,0.002060,0.002060,0.002098,0.002022,0.002098,0.002136,0.002136,0.002098,0.002098,0.002136,0.002174,0.002136,0.002060,0.002098,0.002098,0.002060,0.002022,0.002022,0.002136,0.002098,0.002060,0.002022,0.002060,0.001984,0.002022,0.002022,0.002022,0.002060,0.002060,0.001984,0.002060,0.001984,0.002022,0.002022,0.001984,0.002022,0.002060,0.002060,0.002060,0.002060,0.002098,0.002098,0.002136,0.002136,0.002174,0.002213,0.002213,0.002174,0.002251,0.002251,0.002251,0.002251,0.002251,0.002213,0.002251,0.002289,0.002251,0.002213,0.002213,0.002251,0.002251,0.002174,0.002174,0.002213,0.002174,0.002213,0.002136,0.002174,0.002174,0.002174,0.002136,0.002098,0.002174,0.002174,0.002136,0.002098,0.002098,0.002098,0.002098,0.002098,0.002098,0.002060,0.002060,0.002060,0.002098,0.002022,0.002022,0.002022,0.002022,0.002022,0.001945,0.001984,0.001984,0.001984,0.002022,0.002022,0.002022,0.002022,0.002022,0.001945,0.001945,0.001984,0.001984,0.001907,0.002022,0.001984,0.001945,0.001907,0.001945,0.001907,0.001869,0.001945,0.001907,0.001907,0.001945,0.001907,0.001907,0.001907,0.001945,0.001945,0.001945,0.001945,0.001869,0.001907,0.001907,0.001984,0.001984,0.001907,0.001945,0.001945,0.001984,0.001984,0.002022,0.001984,0.002060,0.002060,0.002022,0.002022,0.002060,0.002060,0.002098,0.002060,0.002060,0.002098,0.002098,0.002098,0.002136,0.002136,0.002136,0.002136,0.002213,0.002251,0.002289,0.002251,0.002213,0.002289,0.002251,0.002213,0.002213,0.002289,0.002327,0.002251,0.002251,0.002289,0.002289,0.002251,0.002251,0.002251,0.002251,0.002251,0.002251,0.002251,0.002251,0.002213,0.002213,0.002213,0.002174,0.002174,0.002174,0.002174,0.002174,0.002213,0.002136,0.002174,0.002098,0.002136,0.002174,0.002136,0.002098,0.002098,0.002098,0.002174,0.002136,0.002098,0.002098,0.002060,0.002136,0.002136,0.002098,0.002098,0.002136,0.002136,0.002098,0.002136,0.002060,0.002136,0.002098,0.002098,0.002136,0.002098,0.002098,0.002098,0.002174,0.002174,0.002098,0.002213,0.002213,0.002098,0.002098,0.002060,0.002174,0.002098,0.002060,0.002060,0.002060,0.001984,0.001984,0.001984,0.001984,0.001907,0.001869,0.001869,0.001869,0.001907,0.001945,0.001907,0.001945,0.001945,0.001945,0.001945,0.001984,0.002060,0.002136,0.002098,0.002136,0.002174,0.002251,0.002289,0.002289,0.002327,0.002327,0.002403,0.002441,0.002365,0.002365,0.002365,0.002365,0.002365,0.002289,0.002251,0.002251,0.002174,0.002136,0.002136,0.002022,0.002022,0.002022,0.001984,0.001945,0.001945,0.001907,0.001831,0.001907,0.001945,0.001907,0.001907,0.001945,0.001984,0.002022,0.001984,0.002060,0.002060,0.002098,0.002098,0.002136,0.002136,0.002174,0.002098,0.002136,0.002213,0.002213,0.002213,0.002213,0.002213,0.002136,0.002136,0.002174,0.002174,0.002174,0.002174,0.002136,0.002174,0.002174,0.002174,0.002213,0.002174,0.002213,0.002213,0.002213,0.002213,0.002174,0.002174,0.002174,0.002174,0.002174,0.002213,0.002213,0.002213,0.002213,0.002174,0.002174,0.002251,0.002251,0.002213,0.002213,0.002174,0.002174,0.002174,0.002213,0.002213,0.002136,0.002174,0.002213,0.002174,0.002136,0.002136,0.002136,0.002174,0.002174,0.002136,0.002136,0.002098,0.002098,0.002136,0.002098,0.002136,0.002136,0.002136,0.002136,0.002174,0.002098,0.002098,0.002174,0.002136,0.002136,0.002136,0.002136,0.002098,0.002022,0.002060,0.002098,0.002022,0.002136,0.002060,0.002060,0.002022,0.002022,0.001984,0.001984,0.002022,0.001984,0.001945,0.002022,0.002022,0.002022,0.001984,0.002022,0.002022,0.002022,0.002060,0.002060,0.002098,0.002060,0.002136,0.002098,0.002098,0.002098,0.002098,0.002136,0.002136,0.002174,0.002174,0.002174,0.002174,0.002136,0.002136,0.002174,0.002174,0.002136,0.002060,0.002098,0.002060,0.002060,0.002098,0.002060,0.002022,0.002098,0.002022,0.002098,0.002098,0.002060,0.002060,0.002098,0.002060,0.002060,0.002060,0.002060,0.002060,0.002136,0.002060,0.002098,0.002098,0.002098,0.002060,0.002098,0.002136,0.002098,0.002098,0.002136,0.002098,0.002136,0.002098,0.002098,0.002136,0.002136,0.002174,0.002098,0.002098,0.002060,0.002174,0.002136,0.002060,0.002098,0.002136,0.002136,0.002098,0.002213,0.002136,0.002136,0.002098,0.002174,0.002213,0.002174,0.002213,0.002174,0.002098,0.002136,0.002098,0.002136,0.002213,0.002136,0.002098,0.002136,0.002136,0.002136,0.002174,0.002136,0.002060,0.002098,0.002136,0.002060,0.002022,0.002060,0.002060,0.002060,0.002022,0.002022,0.001984,0.002022,0.002022,0.001984,0.001984,0.001984,0.001984,0.002060,0.001984,0.001945,0.001984,0.001984,0.001984,0.002022,0.001984,0.001984,0.002060,0.001984,0.001984,0.002022,0.001984,0.001984,0.002022,0.002022,0.001984,0.002060,0.002098,0.002098,0.002060,0.001984,0.002022,0.002098,0.002060,0.002136,0.002098,0.002098,0.002098,0.002022,0.002022,0.002136,0.002060,0.002098,0.002136,0.002174,0.002136,0.002174,0.002213,0.002136,0.002174,0.002136,0.002213,0.002136,0.002098,0.002136,0.002174,0.002213,0.002174,0.002251,0.002251,0.002251,0.002251,0.002251,0.002251,0.002174,0.002174,0.002213,0.002174,0.002213,0.002174,0.002060,0.002060,0.002060,0.002060,0.002060,0.002060,0.002098,0.002060,0.002060,0.002022,0.002060,0.002060,0.002060,0.002022,0.002022,0.002022,0.002022,0.002022,0.002022,0.001945,0.001945,0.001945,0.001984,0.001984,0.001984,0.001945,0.001984,0.001945,0.001907,0.001869,0.001869,0.001869,0.001907,0.001869,0.001869,0.001869,0.001907,0.001907,0.001869,0.001869,0.001869,0.001945,0.001907,0.001869,0.001984,0.001984,0.001945,0.001945,0.001984,0.001945,0.002022,0.002022,0.002022,0.002022,0.002022,0.002060,0.002098,0.002098,0.002136,0.002136,0.002136,0.002136,0.002174,0.002174,0.002174,0.002174,0.002174,0.002174,0.002174,0.002174,0.002174,0.002213,0.002136,0.002213,0.002213,0.002174,0.002136,0.002136,0.002136,0.002136,0.002136,0.002060,0.002022,0.002022,0.002060,0.002022,0.002022,0.001945,0.001945,0.001907,0.001907,0.001869,0.001869,0.001869,0.001831,0.001793,0.001793,0.001793,0.001793,0.001793,0.001831,0.001793,0.001755,0.001717,0.001793,0.001831,0.001831,0.001869,0.001869,0.001945,0.001984,0.002022,0.002022,0.002060,0.002098,0.002098,0.002136,0.002136,0.002174,0.002136,0.002213,0.002174,0.002213,0.002174,0.002251,0.002136,0.002174,0.002251,0.002174,0.002174,0.002174,0.002174,0.002213,0.002098,0.002174,0.002136,0.002136,0.002174,0.002251,0.002251,0.002174,0.002251,0.002251,0.002213,0.002174,0.002251,0.002289,0.002213,0.002251,0.002213,0.002213,0.002174,0.002213,0.002213,0.002289,0.002213,0.002213,0.002174,0.002289,0.002213,0.002213,0.002213,0.002136,0.002098,0.002136,0.002098,0.002098,0.002098,0.002098,0.002060,0.002022,0.002022,0.002022,0.002022,0.002060,0.001984,0.002022,0.002060,0.002060,0.002022,0.001984,0.002022,0.001984,0.002060,0.002060,0.002060,0.001984,0.001984,0.001984,0.001945,0.001984,0.001945,0.001907,0.001984,0.001945,0.001984,0.001984,0.002022,0.001945,0.001984,0.002060,0.002022,0.002060,0.002060,0.002098,0.002098,0.002098,0.002098,0.002098,0.002060,0.001984,0.001984,0.001945,0.001945,0.001945,0.001831,0.001831,0.001869,0.001831,0.001869,0.001755,0.001755,0.001793,0.001793,0.001831,0.001831,0.001831,0.001793,0.001831,0.001907,0.001907,0.001945,0.001945,0.001869,0.001869,0.001869,0.001945,0.001869,0.001907,0.001831,0.001869,0.001869,0.001831,0.001869,0.001793,0.001831,0.001793,0.001793,0.001831,0.001869,0.001869,0.001907,0.001907,0.001945,0.001945,0.001907,0.001907,0.001945,0.001984,0.002022,0.001984,0.001945,0.002022,0.001945,0.001907,0.002022,0.001984,0.002022,0.002022,0.001945,0.002022,0.001984,0.002060,0.001984,0.002022,0.002060,0.002098,0.002136,0.002136,0.002174,0.002174,0.002251,0.002251,0.002213,0.002251,0.002327,0.002289,0.002289,0.002365,0.002365,0.002327,0.002327,0.002327,0.002365,0.002327,0.002251,0.002251,0.002213,0.002251,0.002213,0.002174,0.002136,0.002136,0.002098,0.002022,0.002022,0.002022,0.001984,0.001984,0.001945,0.001984,0.002022,0.001984,0.001984,0.001945,0.001984,0.001984,0.001984,0.002022,0.002060,0.002060,0.002060,0.002098,0.002136,0.002098,0.002174,0.002136,0.002174,0.002213,0.002174,0.002213,0.002213,0.002174,0.002136,0.002174,0.002174,0.002136,0.002213,0.002174,0.002136,0.002136,0.002098,0.002098,0.002098,0.002098,0.002136,0.002136,0.002136,0.002098,0.002098,0.002098,0.002136,0.002098,0.002098,0.002136,0.002098,0.002060,0.002060,0.002098,0.002098,0.002098,0.002136,0.002136,0.002098,0.002060,0.002060,0.002098,0.002098,0.002098,0.002174,0.002098,0.002098,0.002136,0.002098,0.002136,0.002098,0.002060,0.002060,0.002098,0.002060,0.002098,0.002098,0.001984,0.002060,0.002098,0.002060,0.002098,0.002098,0.002098,0.002022,0.002060,0.002098,0.002098,0.002136,0.002098,0.002098,0.002136,0.002136,0.002136,0.002098,0.002174,0.002098,0.002136,0.002136,0.002136,0.002136,0.002060,0.002098,0.002022,0.002060,0.002022,0.002022,0.002060,0.002136,0.002098,0.002022,0.002098,0.002022,0.002060,0.002060,0.002136,0.002060,0.002098,0.002060,0.002060,0.002136,0.002060,0.002060,0.002060,0.002098,0.002098,0.002136,0.002136,0.002060,0.002098,0.002060,0.002022,0.002174,0.002098,0.002098,0.002098,0.002136,0.002136,0.002098,0.002136,0.002060,0.002098,0.002098,0.002060,0.002060,0.002098,0.002136,0.002098,0.002136,0.002098,0.002136,0.002136,0.002060,0.002060,0.002098,0.002060,0.002060,0.002060,0.002060,0.002060,0.002060,0.002060,0.002060,0.002098,0.002060,0.002060,0.002022,0.002060,0.002022,0.001984,0.001984,0.002022,0.002022,0.002022,0.001984,0.002022,0.001945,0.001984,0.001984,0.001945,0.001945,0.001945,0.001945,0.001945,0.001945,0.001984,0.001945,0.001984,0.001984,0.001945,0.002060,0.002022,0.002022,0.002022,0.002060,0.002136,0.002098,0.002098,0.002098,0.002098,0.002136,0.002136,0.002213,0.002174,0.002136,0.002136,0.002213,0.002251,0.002251,0.002251,0.002213,0.002251,0.002289,0.002251,0.002251,0.002213,0.002251,0.002213,0.002251,0.002251,0.002251,0.002251,0.002289,0.002213,0.002251,0.002213,0.002213,0.002213,0.002174,0.002174,0.002136,0.002136,0.002136,0.002098,0.002098,0.002098,0.002098,0.002098,0.002098,0.002098,0.002060,0.002174,0.002136,0.002098,0.002098,0.002098,0.002136,0.002174,0.002174,0.002174,0.002174,0.002174,0.002213,0.002174,0.002213,0.002213,0.002213,0.002213,0.002213,0.002213,0.002213,0.002136,0.002251,0.002213,0.002213,0.002213,0.002251,0.002289,0.002213,0.002213,0.002251,0.002251,0.002251,0.002136,0.002136,0.002213,0.002174,0.002174,0.002098,0.002098,0.002098,0.002060,0.002060,0.002060,0.002060,0.001945,0.001945,0.001945,0.001945,0.001869,0.001907,0.001907,0.001831,0.001831,0.001869,0.001831,0.001869,0.001869,0.001831,0.001831,0.001793,0.001869,0.001831,0.001907,0.001907,0.001869,0.001907,0.001945,0.001945,0.001984,0.002022,0.002022,0.002098,0.002098,0.002136,0.002174,0.002174,0.002251,0.002213,0.002213,0.002289,0.002289,0.002289,0.002289,0.002289,0.002289,0.002289,0.002289,0.002289,0.002213,0.002251,0.002251,0.002251,0.002174,0.002213,0.002213,0.002136,0.002174,0.002136,0.002098,0.002174,0.002136,0.002136,0.002060,0.002022,0.002098,0.002136,0.002060,0.002098,0.002060,0.002174,0.002136,0.002136,0.002098,0.002136,0.002174,0.002136,0.002174,0.002213,0.002251,0.002174,0.002174,0.002213,0.002251,0.002251,0.002251,0.002251,0.002251,0.002289,0.002289,0.002251,0.002251,0.002213,0.002213,0.002213,0.002213,0.002174,0.002213,0.002213,0.002213,0.002136,0.002174,0.002174,0.002213,0.002136,0.002098,0.002098,0.002136,0.002174,0.002136,0.002174,0.002174,0.002174,0.002174,0.002136,0.002174,0.002174,0.002174,0.002174,0.002136,0.002174,0.002136,0.002136,0.002174,0.002136,0.002098,0.002098,0.002136,0.002174,0.002174,0.002136,0.002136,0.002136,0.002098,0.002098,0.002098,0.002060,0.002060,0.002022,0.001984,0.001984,0.002022,0.001984,0.001945,0.001907,0.001945,0.001984,0.001984,0.001907,0.001945,0.001907,0.001945,0.001945,0.001907,0.001907,0.001984,0.001945,0.001984,0.001984,0.001945,0.001945,0.001945,0.001945,0.002022,0.001984,0.001984,0.002022,0.002022,0.001984,0.002060,0.001984,0.002060,0.002022,0.002022,0.002022,0.002022,0.001984,0.001984,0.002022,0.001945,0.001984,0.001984,0.001945,0.001984,0.001984,0.001945,0.001945,0.001984,0.001984,0.001945,0.001907,0.001869,0.001945,0.001984,0.001945,0.002022,0.001945,0.001907,0.001945,0.001984,0.002022,0.002022,0.001984,0.001984,0.002022,0.002022,0.002022,0.002098,0.002098,0.002060,0.002098,0.002060,0.002022,0.002098,0.002098,0.002060,0.002098,0.002136,0.002060,0.002098,0.002098,0.002060,0.002060,0.002060,0.002060,0.002060,0.002060,0.002060,0.002136,0.002060,0.002098,0.002060,0.001984,0.002060,0.002022,0.002060,0.002022,0.002022,0.001984,0.001984,0.001984,0.001984,0.001984,0.002022,0.001945,0.001907,0.001984,0.001945,0.001945,0.001945,0.001945,0.001907,0.001907,0.001984,0.001945,0.001945,0.001984,0.001984,0.001907,0.001984,0.002022,0.001984,0.001984,0.001945,0.002022,0.001984,0.002022,0.001984,0.001984,0.002022,0.002060,0.002022,0.002060,0.002022,0.002022,0.002022,0.002098,0.002098,0.002060,0.002098,0.002060,0.002060,0.002060,0.002022,0.002022,0.001984,0.002022,0.002022,0.002060,0.002136,0.002098,0.002136,0.002098,0.002060,0.002098,0.002060,0.002060,0.002022,0.001984,0.002060,0.002060,0.002098,0.002022,0.002022,0.002098,0.002098,0.002060,0.002060,0.002098,0.002022,0.002098,0.002098,0.002098,0.002098,0.002098,0.002060,0.002098,0.002098,0.002098,0.002136,0.002098,0.002136,0.002060,0.002098,0.002060,0.002174,0.002098,0.002098,0.002136,0.002136,0.002136,0.002136,0.002213,0.002213,0.002174,0.002213,0.002213,0.002174,0.002213,0.002251,0.002213,0.002251,0.002174,0.002213,0.002213,0.002213,0.002251,0.002251,0.002213,0.002213,0.002213,0.002213,0.002251,0.002251,0.002213,0.002136,0.002174,0.002098,0.002098,0.002136,0.002136,0.002098,0.002060,0.002060,0.002098,0.002098,0.002022,0.002022,0.002022,0.002060,0.001984,0.001984,0.001945,0.001945,0.001984,0.002022,0.001945,0.001945,0.001984,0.001984,0.001945,0.001945,0.001984,0.001945,0.001945,0.001907,0.001869,0.001907,0.001907,0.001945,0.001869,0.001945,0.001984,0.001984,0.001907,0.001984,0.001945,0.001907,0.001984,0.001907,0.001945,0.001945,0.001945,0.001984,0.001945,0.001984,0.001984,0.002022,0.002060,0.001984,0.001984,0.001984,0.002022,0.001984,0.001984,0.001984,0.001984,0.001984,0.002022,0.002022,0.002060,0.002060,0.002022,0.002022,0.002060,0.002022,0.002022,0.002022,0.001984,0.002060,0.002136,0.002098,0.002060,0.001984,0.002022,0.002060,0.002098,0.002098,0.002098,0.002098,0.002136,0.002136,0.002174,0.002174,0.002136,0.002213,0.002174,0.002174,0.002174,0.002174,0.002174,0.002136,0.002136,0.002174,0.002174,0.002098,0.002174,0.002136,0.002098,0.002136,0.002098,0.002098,0.002022,0.001984,0.001984,0.002022,0.001945,0.001907,0.001869,0.001907,0.001831,0.001793,0.001869,0.001869,0.001793,0.001793,0.001717,0.001793,0.001831,0.001793,0.001755,0.001793,0.001831,0.001831,0.001831,0.001793,0.001869,0.001869,0.001869,0.001907,0.001945,0.001945,0.001984,0.001945,0.001984,0.001945,0.001984,0.001945,0.001907,0.001907,0.001907,0.001907,0.001907,0.001869,0.001869,0.001869,0.001907,0.001831,0.001831,0.001793,0.001793,0.001831,0.001793,0.001869,0.001831,0.001793,0.001831,0.001793,0.001793,0.001831,0.001831,0.001831,0.001793,0.001869,0.001907,0.001907,0.001907,0.001945,0.001984,0.001984,0.001984,0.001945,0.001984,0.002022,0.002060,0.002136,0.002136,0.002174,0.002136,0.002136,0.002213,0.002213,0.002213,0.002251,0.002251,0.002251,0.002289,0.002289,0.002327,0.002327,0.002327,0.002327,0.002403,0.002365,0.002403,0.002403,0.002403,0.002365,0.002441,0.002518,0.002480,0.002480,0.002480,0.002518,0.002518,0.002518,0.002556,0.002518,0.002518,0.002441,0.002480,0.002441,0.002518,0.002480,0.002480,0.002441,0.002480,0.002441,0.002480,0.002441,0.002365,0.002403,0.002327,0.002327,0.002327,0.002251,0.002289,0.002251,0.002251,0.002289,0.002289,0.002251,0.002174,0.002174,0.002174,0.002136,0.002098,0.002136,0.002136,0.002098,0.002136,0.002098,0.002136,0.002136,0.002060,0.002136,0.002098,0.002098,0.002098,0.002098,0.002098,0.002060,0.002060,0.002022,0.002098,0.002136,0.002060,0.002098,0.002060,0.002060,0.002022,0.002022,0.002022,0.002060,0.001984,0.001945,0.001945,0.001984,0.001945,0.001945,0.001907,0.001869,0.001907,0.001869,0.001869,0.001907,0.001907,0.001869,0.001831,0.001869,0.001831,0.001831,0.001831,0.001907,0.001869,0.001831,0.001907,0.001907,0.001907,0.001869,0.001869,0.001869,0.001907,0.001869,0.001869,0.001907,0.001907,0.001907,0.001945,0.001869,0.001907,0.001984,0.001984,0.002022,0.002060,0.002022,0.002022,0.002022,0.002022,0.002022,0.001984,0.002022,0.002022,0.002022,0.002022,0.001984,0.002022,0.002022,0.002022,0.002060,0.002060,0.002022,0.002022,0.002022,0.002022,0.002060,0.001984,0.001945,0.002022,0.002060,0.002060,0.002060,0.002060,0.002060,0.002060,0.002060,0.002098,0.002098,0.002098,0.002136,0.002060,0.002022,0.002022,0.002098,0.002136,0.002098,0.002136,0.002136,0.002174,0.002174,0.002136,0.002136,0.002136,0.002136,0.002098,0.002174,0.002136,0.002174,0.002136,0.002136,0.002136,0.002098,0.002136,0.002136,0.002060,0.002098,0.002098,0.002136,0.002136,0.002136,0.002098,0.002174,0.002174,0.002136,0.002136,0.002136,0.002136,0.002213,0.002174,0.002213,0.002213,0.002174,0.002213,0.002213,0.002174,0.002174,0.002251,0.002213,0.002289,0.002251,0.002213,0.002213,0.002174,0.002213,0.002213,0.002174,0.002174,0.002136,0.002136,0.002136,0.002136,0.002136,0.002136,0.002136,0.002136,0.002098,0.002174,0.002213,0.002136,0.002136,0.002098,0.002136,0.002174,0.002174,0.002098,0.002136,0.002136,0.002174,0.002213,0.002174,0.002174,0.002136,0.002174,0.002174,0.002174,0.002136,0.002174,0.002213,0.002174,0.002174,0.002174,0.002174,0.002136,0.002098,0.002136,0.002174,0.002098,0.002098,0.002174,0.002136,0.002098,0.002136,0.002174,0.002136,0.002136,0.002136,0.002174,0.002136,0.002098,0.002174,0.002098,0.002174,0.002136,0.002174,0.002136,0.002136,0.002174,0.002136,0.002174,0.002174,0.002136,0.002136,0.002136,0.002136,0.002136,0.002098,0.002098,0.002136,0.002098,0.002060,0.002098,0.002136,0.002060,0.002098,0.002098,0.002060,0.002060,0.002060,0.002098,0.002098,0.002098,0.002022,0.002060,0.002060,0.002060,0.002060,0.002022,0.002022,0.001984,0.002060,0.002098,0.002022,0.001984,0.001984,0.002022,0.002022,0.002098,0.002098,0.002060,0.002098,0.002098,0.002098,0.002136,0.002098,0.002174,0.002136,0.002136,0.002136,0.002174,0.002174,0.002174,0.002174,0.002174,0.002213,0.002251,0.002213,0.002174,0.002251,0.002213,0.002213,0.002213,0.002251,0.002251,0.002251,0.002174,0.002213,0.002213,0.002213,0.002213,0.002213,0.002174,0.002213,0.002213,0.002136,0.002174,0.002136,0.002174,0.002174,0.002174,0.002174,0.002136,0.002174,0.002136,0.002098,0.002136,0.002098,0.002098,0.002098,0.002098,0.002098,0.002060,0.002060,0.002098,0.001984,0.002022,0.001945,0.002022,0.002022,0.001984,0.002022,0.001907,0.001984,0.001907,0.001907,0.001945,0.001907,0.001869,0.001869,0.001907,0.001907,0.001869,0.001945,0.001907,0.001945,0.001907,0.001945,0.001984,0.001984,0.001945,0.001984,0.002022,0.001984,0.002022,0.002022,0.002022,0.002022,0.002060,0.002098,0.002098,0.002098,0.002098,0.002098,0.002098,0.002098,0.002136,0.002136,0.002098,0.002136,0.002136,0.002174,0.002174,0.002174,0.002213,0.002098,0.002098,0.002136,0.002174,0.002136,0.002098,0.002060,0.002098,0.002060,0.002098,0.002098,0.002060,0.002022,0.002060,0.002060,0.002098,0.002022,0.001984,0.002060,0.002022,0.002098,0.002060,0.002022,0.002060,0.001984,0.002098,0.002022,0.001984,0.002022,0.002060,0.002060,0.001984,0.002060,0.002060,0.002060,0.002022,0.002060,0.002022,0.002060,0.002060,0.002060,0.002060,0.002022,0.002022,0.002060,0.001984,0.002022,0.001984,0.001945,0.001945,0.001945,0.001984,0.001945,0.001907,0.001907,0.001907,0.001945,0.001945,0.002022,0.002060,0.001945,0.002060,0.002060,0.002060,0.002060,0.002060,0.002060,0.002060,0.002136,0.002136,0.002174,0.002136,0.002098,0.002136,0.002098,0.002136,0.002174,0.002174,0.002136,0.002098,0.002136,0.002060,0.002060,0.002136,0.002136,0.002136,0.002098,0.002098,0.002060,0.002098,0.002060,0.002098,0.002060,0.002098,0.002136,0.002174,0.002136,0.002136,0.002136,0.002136,0.002136,0.002174,0.002174,0.002174,0.002213,0.002098,0.002136,0.002174,0.002136,0.002174,0.002174,0.002174,0.002098,0.002136,0.002136,0.002098,0.002136,0.002098,0.002098,0.002060,0.002060,0.002060,0.001984,0.002022,0.002022,0.002060,0.002098,0.002060,0.002060,0.002022,0.002060,0.001984,0.002060,0.002060,0.001984,0.002060,0.001984,0.002022,0.001945,0.002022,0.001984,0.001984,0.001984,0.001984,0.001984,0.002022,0.001984,0.001945,0.001984,0.001984,0.002022,0.001984,0.002022,0.001984,0.002022,0.002022,0.001984,0.001984,0.001984,0.001945,0.001984,0.001984,0.001984,0.002022,0.002022,0.001984,0.001984,0.001984,0.002022,0.002060,0.002060,0.002060,0.002022,0.002098,0.002022,0.002060,0.002060,0.002022,0.002060,0.002022,0.002060,0.001984,0.002060,0.002060,0.002098,0.002098,0.002060,0.002060,0.002098,0.002022,0.002060,0.002022,0.002060,0.002022,0.002098,0.002098,0.002098,0.002060,0.002022,0.002098,0.002098,0.002098,0.002136,0.002098,0.002136,0.002098,0.002136,0.002098,0.002060,0.002174,0.002136,0.002098,0.002060,0.002060,0.002022,0.002060,0.002060,0.002060,0.002022,0.002060,0.001984,0.002022,0.002022,0.002022,0.001945,0.001945,0.001984,0.001945,0.001907,0.001869,0.001907,0.001907,0.001869,0.001907,0.001945,0.001831,0.001793,0.001831,0.001831,0.001869,0.001831,0.001793,0.001831,0.001831,0.001869,0.001907,0.001869,0.001907,0.001869,0.001945,0.001945,0.001945,0.001945,0.001984,0.001945,0.002022,0.001984,0.002022,0.002022,0.002060,0.002098,0.002098,0.002060,0.002136,0.002136,0.002098,0.002060,0.002060,0.002136,0.002174,0.002136,0.002136,0.002136,0.002136,0.002136,0.002098,0.002136,0.002098,0.002098,0.002022,0.002098,0.002136,0.002060,0.002098,0.002098,0.002136,0.002098,0.002060,0.002098,0.002022,0.002022,0.002060,0.002060,0.002022,0.002098,0.002136,0.002022,0.002098,0.002060,0.002060,0.002098,0.002098,0.002098,0.002060,0.002098,0.002060,0.002136,0.002136,0.002136,0.002174,0.002174,0.002136,0.002136,0.002136,0.002136,0.002174,0.002174,0.002174,0.002213,0.002213,0.002213,0.002213,0.002174,0.002213,0.002174,0.002174,0.002213,0.002174,0.002136,0.002136,0.002174,0.002136,0.002174,0.002136,0.002098,0.002060,0.002060,0.002098,0.002098,0.002136,0.002098,0.002098,0.002060,0.002098,0.002060,0.002060,0.002060,0.002098,0.002060,0.002022,0.002060,0.002022,0.002022,0.002022,0.001945,0.001945,0.001984,0.001945,0.002022,0.002022,0.001984,0.001984,0.001945,0.001984,0.002022,0.001984,0.001984,0.001984,0.002022,0.002022,0.002022,0.002022,0.001984,0.002022,0.001984,0.002022,0.002060,0.002060,0.002060,0.002022,0.002022,0.002022,0.002022,0.002022,0.002022,0.002098,0.002022,0.001984,0.002022,0.002022,0.002060,0.002022,0.002060,0.002060,0.002098,0.002060,0.002060,0.002098,0.002022,0.002098,0.002098,0.002060,0.002098,0.002060,0.002060,0.002098,0.002060,0.002060,0.002060,0.002022,0.002060,0.002060,0.002022,0.002060,0.002060,0.002060,0.002098,0.002022,0.002022,0.002060,0.002098,0.002060,0.002022,0.002022,0.002060,0.002060,0.002060,0.002098,0.002098,0.002098,0.002060,0.002136,0.002136,0.002098,0.002098,0.002098,0.002136,0.002213,0.002213,0.002213,0.002213,0.002174,0.002213,0.002213,0.002251,0.002213,0.002251,0.002289,0.002213,0.002251,0.002251,0.002327,0.002365,0.002251,0.002289,0.002289,0.002289,0.002289,0.002289,0.002327,0.002213,0.002251,0.002174,0.002289,0.002289,0.002251,0.002213,0.002251,0.002251,0.002213,0.002174,0.002213,0.002174,0.002213,0.002174,0.002136,0.002213,0.002136,0.002136,0.002060,0.002098,0.002060,0.002060,0.002098,0.002022,0.002022,0.001945,0.001984,0.002022,0.002060,0.002098,0.002022,0.002060,0.002022,0.002098,0.002136,0.002098,0.002098,0.002022,0.002022,0.002060,0.002098,0.002022,0.002060,0.002098,0.002060,0.002098,0.002060,0.002060,0.002098,0.002060,0.002098,0.002022,0.002022,0.002060,0.002098,0.002098,0.002098,0.002136,0.002136,0.002174,0.002136,0.002098,0.002174,0.002213,0.002213,0.002213,0.002174,0.002213,0.002213,0.002251,0.002174,0.002213,0.002251,0.002174,0.002213,0.002213,0.002251,0.002251,0.002213,0.002289,0.002289,0.002251,0.002213,0.002213,0.002213,0.002136,0.002174,0.002136,0.002174,0.002098,0.002136,0.002098,0.002098,0.002098,0.002060,0.002022,0.002022,0.002022,0.002022,0.002022,0.002022,0.002022,0.002022,0.001984,0.002022,0.001984,0.001945,0.001945,0.001984,0.001984,0.001984,0.001984,0.002022,0.001984,0.001984,0.001945,0.001945,0.002022,0.001945,0.002022,0.002022,0.002060,0.001984,0.001984,0.001984,0.002022,0.002022,0.002060,0.002060,0.002060,0.002098,0.002098,0.002060,0.002136,0.002098,0.002174,0.002098,0.002174,0.002251,0.002174,0.002213,0.002213,0.002213,0.002174,0.002174,0.002213,0.002174,0.002174,0.002174,0.002060,0.002136,0.002098,0.002136,0.002060,0.002060,0.002060,0.002060,0.002060,0.001984,0.001984,0.002060,0.001945,0.001945,0.001945,0.001984,0.001907,0.001945,0.001945,0.001907,0.001907,0.001945,0.001945,0.001869,0.001907,0.001945,0.001984,0.001984,0.001945,0.002022,0.002022,0.002060,0.002098,0.002136,0.002136,0.002136,0.002136,0.002136,0.002174,0.002251,0.002251,0.002289,0.002174,0.002251,0.002213,0.002213,0.002251,0.002251,0.002289,0.002251,0.002251,0.002289,0.002289,0.002251,0.002213,0.002289,0.002251,0.002251,0.002213,0.002213,0.002251,0.002213,0.002251,0.002251,0.002213,0.002174,0.002213,0.002213,0.002289,0.002251,0.002213,0.002213,0.002251,0.002251,0.002213,0.002174,0.002213,0.002289,0.002213,0.002289,0.002251,0.002251,0.002251,0.002251,0.002174,0.002213,0.002289,0.002174,0.002251,0.002213,0.002251,0.002251,0.002213,0.002213,0.002174,0.002174,0.002251,0.002213,0.002251,0.002213,0.002251,0.002213,0.002289,0.002251,0.002251,0.002289,0.002213,0.002251,0.002251,0.002251,0.002251,0.002251,0.002213,0.002174,0.002251,0.002251,0.002251,0.002251,0.002251,0.002213,0.002174,0.002174,0.002136,0.002174,0.002136,0.002136,0.002213,0.002174,0.002174,0.002174,0.002098,0.002174,0.002098,0.002098,0.002136,0.002098,0.002174,0.002060,0.002060,0.002136,0.002136,0.002060,0.002060,0.002098,0.002022,0.002022,0.002060,0.001984,0.002022,0.002022,0.002022,0.001945,0.001984,0.001945,0.001907,0.001907,0.001869,0.001907,0.001869,0.001907,0.001869,0.001793,0.001869,0.001869,0.001869,0.001907,0.001907,0.001869,0.001869,0.001945,0.001869,0.001907,0.001869,0.001907,0.001907,0.001907,0.001945,0.001945,0.001945,0.001945,0.001945,0.001984,0.001984,0.002022,0.001945,0.001984,0.002022,0.002022,0.002022,0.002022,0.002022,0.002060,0.002022,0.002022,0.002098,0.002098,0.002022,0.002060,0.002060,0.002060,0.002060,0.002060,0.002136,0.002098,0.002060,0.002136,0.002136,0.002098,0.002136,0.002174,0.002174,0.002213,0.002174,0.002174,0.002213,0.002174,0.002213,0.002174,0.002251,0.002213,0.002174,0.002213,0.002174,0.002136,0.002213,0.002174,0.002213,0.002174,0.002136,0.002136,0.002136,0.002098,0.002098,0.002098,0.002060,0.002136,0.002022,0.002060,0.002060,0.002022,0.002022,0.001945,0.002022,0.001907,0.001945,0.001984,0.001945,0.001907,0.001984,0.001907,0.001945,0.001945,0.001945,0.001907,0.001945,0.001945,0.001984,0.001984,0.001984,0.001945,0.001945,0.002022,0.001945,0.001945,0.001945,0.001984,0.001945,0.001907,0.001945,0.001945,0.001945,0.001945,0.001907,0.001907,0.001945,0.001984,0.001945,0.001984,0.001945,0.001945,0.001945,0.001984,0.002022,0.001945,0.001984,0.001984,0.002060,0.002022,0.001984,0.002060,0.002022,0.002098,0.002060,0.002022,0.002060,0.002022,0.002060,0.002098,0.002098,0.002136,0.002136,0.002136,0.002060,0.002136,0.002098,0.002098,0.002136,0.002060,0.002136,0.002060,0.002098,0.002060,0.002098,0.002136,0.002098,0.002098,0.002098,0.002060,0.002136,0.002174,0.002098,0.002098,0.002098,0.002060,0.002136,0.002174,0.002098,0.002136,0.002098,0.002098,0.002136,0.002098,0.002098,0.002060,0.002136,0.002098,0.002136,0.002098,0.002098,0.002098,0.002060,0.002136,0.002098,0.002098,0.002060,0.002060,0.002098,0.002022,0.002060,0.002022,0.002022,0.002022,0.001945,0.002022,0.001907,0.001945,0.001869,0.001907,0.001945,0.001945,0.001945,0.001945,0.001945,0.001945,0.002022,0.001984,0.001945,0.002022,0.001945,0.001984,0.001945,0.001907,0.001984,0.001945,0.001984,0.001945,0.001945,0.001984,0.002022,0.001984,0.001945,0.002022,0.002022,0.002022,0.001984
47,19:00:00.000,12/31/1903,0.000000,0.100000,UNKNOWN,1,0/0,0.000000,0.000000,0.000000,0.000000,0.000000,0.000000,0.000000,0.000000,0,0,0,0,0.002136,0.002136,0.002098,0.002136,0.002174,0.002136,0.002174,0.002174,0.002174,0.002136,0.002098,0.002098,0.002136,0.002098,0.002098,0.002098,0.002174,0.002174,0.002174,0.002098,0.002098,0.002136,0.002060,0.002098,0.002098,0.002060,0.002060,0.002174,0.002136,0.002098,0.002136,0.002098,0.002136,0.002136,0.002098,0.002098,0.002136,0.002098,0.002098,0.002098,0.002060,0.002060,0.002098,0.002060,0.002060,0.002098,0.002022,0.002060,0.002098,0.002060,0.002060,0.002060,0.002060,0.002098,0.002022,0.002022,0.002098,0.002060,0.002022,0.002022,0.002022,0.001984,0.002022,0.002022,0.002022,0.002022,0.002022,0.002060,0.002022,0.001984,0.001984,0.002098,0.001984,0.001945,0.001945,0.001945,0.001984,0.002022,0.002022,0.002022,0.002022,0.001984,0.001945,0.001945,0.001945,0.001984,0.002022,0.001984,0.002022,0.001984,0.001945,0.001984,0.001945,0.001984,0.002060,0.001945,0.002022,0.001984,0.001945,0.001945,0.001907,0.002022,0.002022,0.002022,0.001984,0.001984,0.002022,0.002060,0.002060,0.001984,0.002022,0.002022,0.002022,0.002022,0.002022,0.001984,0.001984,0.001945,0.001984,0.001984,0.002060,0.002022,0.001984,0.002022,0.002098,0.002060,0.002060,0.002022,0.002022,0.002022,0.001945,0.002022,0.002022,0.002060,0.002022,0.002022,0.002060,0.002060,0.002022,0.001984,0.002022,0.002060,0.002060,0.002098,0.002022,0.002098,0.002060,0.002098,0.002098,0.002098,0.002060,0.002022,0.002098,0.002098,0.002060,0.002060,0.002060,0.002060,0.002022,0.002098,0.002060,0.002098,0.002060,0.002060,0.002136,0.002136,0.002098,0.002060,0.002098,0.002136,0.002098,0.002098,0.002136,0.002136,0.002136,0.002136,0.002098,0.002136,0.002136,0.002136,0.002136,0.002213,0.002098,0.002060,0.002136,0.002174,0.002098,0.002098,0.002098,0.002174,0.002098,0.002098,0.002098,0.002136,0.002098,0.002098,0.002098,0.002136,0.002098,0.002098,0.002060,0.002098,0.002060,0.002022,0.002060,0.002022,0.002136,0.002060,0.002098,0.002060,0.002060,0.002060,0.002136,0.002098,0.002136,0.002098,0.002060,0.002060,0.002136,0.002098,0.002098,0.002136,0.002136,0.002136,0.002136,0.002174,0.002136,0.002098,0.002136,0.002098,0.002098,0.002136,0.002098,0.002098,0.002098,0.002098,0.002136,0.002136,0.002136,0.002136,0.002136,0.002174,0.002174,0.002098,0.002136,0.002213,0.002098,0.002098,0.002136,0.002136,0.002136,0.002174,0.002174,0.002098,0.002136,0.002098,0.002098,0.002174,0.002098,0.002098,0.002136,0.002174,0.002098,0.002060,0.002098,0.002098,0.002060,0.002098,0.002136,0.002136,0.002060,0.002136,0.002136,0.002060,0.002060,0.002022,0.002060,0.002060,0.002098,0.002060,0.002098,0.002060,0.002060,0.002098,0.002060,0.002060,0.002060,0.002060,0.002060,0.002022,0.001945,0.002060,0.002022,0.001984,0.002022,0.002060,0.002060,0.001984,0.001984,0.002022,0.001984,0.001984,0.002022,0.001984,0.002022,0.002022,0.001984,0.001945,0.001984,0.002060,0.002022,0.002060,0.002060,0.002022,0.002060,0.002022,0.001984,0.002060,0.002060,0.001984,0.002060,0.002022,0.002022,0.002022,0.002022,0.002022,0.001984,0.002022,0.002022,0.002022,0.002060,0.002098,0.001984,0.001945,0.002060,0.002022,0.002022,0.002022,0.001984,0.002022,0.002022,0.002060,0.002022,0.002022,0.001984,0.001984,0.001984,0.002022,0.002060,0.002022,0.001984,0.002060,0.002060,0.002060,0.002098,0.002060,0.002022,0.002060,0.002098,0.002060,0.002060,0.002060,0.002060,0.002098,0.002060,0.002022,0.002060,0.002098,0.002022,0.002060,0.002098,0.002136,0.002060,0.002060,0.002060,0.002136,0.002098,0.002098,0.002098,0.002060,0.002022,0.002022,0.002098,0.002022,0.002098,0.002060,0.002098,0.002060,0.002022,0.002098,0.002136,0.002022,0.002060,0.002098,0.002022,0.002060,0.002060,0.002098,0.002060,0.002060,0.002098,0.002060,0.002098,0.002098,0.002136,0.002136,0.002136,0.002174,0.002136,0.002174,0.002136,0.002098,0.002136,0.002136,0.002136,0.002136,0.002136,0.002174,0.002136,0.002136,0.002174,0.002213,0.002174,0.002174,0.002136,0.002174,0.002136,0.002174,0.002174,0.002174,0.002136,0.002136,0.002136,0.002098,0.002098,0.002174,0.002174,0.002136,0.002136,0.002098,0.002136,0.002174,0.002098,0.002174,0.002174,0.002136,0.002136,0.002136,0.002098,0.002136,0.002174,0.002136,0.002060,0.002098,0.002136,0.002022,0.002060,0.002022,0.002098,0.002060,0.002060,0.002174,0.002098,0.002060,0.002098,0.002022,0.002022,0.002022,0.002060,0.002060,0.002060,0.002022,0.002022,0.002022,0.002022,0.001984,0.002022,0.002022,0.002022,0.001984,0.001984,0.001984,0.001945,0.001984,0.001984,0.001945,0.002022,0.002022,0.002022,0.001984,0.001945,0.002022,0.002022,0.001984,0.002022,0.002022,0.002060,0.002022,0.002022,0.001984,0.001984,0.002022,0.002022,0.001984,0.002022,0.002022,0.001984,0.001945,0.001984,0.002022,0.001984,0.002022,0.001984,0.002022,0.001945,0.001984,0.001984,0.002060,0.001984,0.001984,0.001984,0.002060,0.002060,0.002022,0.002060,0.002022,0.002022,0.002022,0.001984,0.002022,0.002022,0.001984,0.002060,0.001984,0.002060,0.002022,0.002022,0.002022,0.002022,0.002060,0.002098,0.002060,0.002060,0.001984,0.002022,0.002060,0.002098,0.002060,0.002060,0.002060,0.002098,0.002136,0.002098,0.002136,0.002098,0.002136,0.002136,0.002136,0.002136,0.002136,0.002060,0.002060,0.002098,0.002136,0.002136,0.002060,0.002060,0.002136,0.002136,0.002098,0.002098,0.002098,0.002060,0.002136,0.002136,0.002098,0.002098,0.002098,0.002136,0.002098,0.002098,0.002136,0.002174,0.002136,0.002136,0.002098,0.002136,0.002136,0.002098,0.002060,0.002060,0.002136,0.002098,0.002098,0.002060,0.002060,0.002060,0.002060,0.002060,0.002022,0.002060,0.002060,0.002022,0.002022,0.002022,0.002022,0.002022,0.002098,0.002060,0.002022,0.001945,0.002022,0.002060,0.001984,0.001984,0.002060,0.002060,0.002060,0.002022,0.002060,0.002060,0.002022,0.001984,0.002060,0.002098,0.002022,0.001984,0.002060,0.001945,0.002060,0.002060,0.002022,0.002098,0.002060,0.002022,0.002098,0.002060,0.001984,0.001984,0.002022,0.002022,0.002022,0.002022,0.001984,0.002022,0.002060,0.002022,0.002060,0.002022,0.001984,0.002022,0.002060,0.002022,0.002022,0.002022,0.002022,0.002060,0.001984,0.002022,0.002022,0.002022,0.001984,0.002022,0.001984,0.001984,0.002098,0.002022,0.002022,0.001984,0.001984,0.002022,0.002060,0.002098,0.002060,0.001984,0.001984,0.002060,0.002022,0.002022,0.002022,0.002022,0.001984,0.002098,0.002022,0.002022,0.002060,0.002060,0.002022,0.002022,0.001984,0.001984,0.001984,0.001907,0.001907,0.001945,0.001907,0.001945,0.001945,0.001945,0.001945,0.001869,0.001831,0.001831,0.001831,0.001755,0.001755,0.001793,0.001717,0.001717,0.001640,0.001678,0.001640,0.001602,0.001602,0.001526,0.001488,0.001526,0.001488,0.001450,0.001488,0.001488,0.001450,0.001411,0.001488,0.001450,0.001564,0.001564,0.001717,0.001831,0.001907,0.002022,0.002174,0.002327,0.002594,0.002823,0.003128,0.003319,0.003624,0.004005,0.004234,0.004692,0.004997,0.005379,0.005684,0.005989,0.006371,0.006676,0.006981,0.007286,0.007439,0.007477,0.007515,0.007439,0.007286,0.007019,0.006714,0.006332,0.005836,0.005341,0.004807,0.004272,0.003700,0.003090,0.002518,0.001907,0.001297,0.000648,0.000076,-0.000458,-0.001144,-0.001717,-0.002327,-0.002937,-0.003433,-0.004044,-0.004463,-0.004845,-0.005188,-0.005341,-0.005379,-0.005417,-0.005264,-0.004997,-0.004730,-0.004349,-0.003853,-0.003357,-0.002861,-0.002365,-0.001831,-0.001373,-0.000839,-0.000343,0.000000,0.000458,0.000801,0.001144,0.001373,0.001640,0.001831,0.001984,0.002136,0.002251,0.002327,0.002441,0.002441,0.002594,0.002670,0.002708,0.002785,0.002823,0.002975,0.003014,0.003090,0.003128,0.003166,0.003204,0.003242,0.003319,0.003471,0.003510,0.003586,0.003738,0.003815,0.003929,0.004120,0.004158,0.004349,0.004463,0.004578,0.004616,0.004654,0.004654,0.004768,0.004768,0.004730,0.004730,0.004692,0.004616,0.004501,0.004425,0.004311,0.004272,0.004158,0.003967,0.003891,0.003777,0.003662,0.003510,0.003395,0.003281,0.003166,0.003052,0.002937,0.002823,0.002747,0.002594,0.002480,0.002403,0.002289,0.002289,0.002174,0.002098,0.002060,0.002098,0.001984,0.001945,0.001945,0.001869,0.001831,0.001793,0.001793,0.001793,0.001793,0.001793,0.001793,0.001755,0.001869,0.001869,0.001907,0.001945,0.001945,0.001984,0.002022,0.002022,0.002098,0.002098,0.002022,0.001945,0.001945,0.001945,0.001869,0.001869,0.001831,0.001831,0.001793,0.001793,0.001755,0.001793,0.001755,0.001755,0.001717,0.001755,0.001717,0.001717,0.001640,0.001640,0.001564,0.001488,0.001488,0.001450,0.001450,0.001450,0.001411,0.001411,0.001450,0.001488,0.001564,0.001602,0.001640,0.001678,0.001717,0.001793,0.001831,0.001869,0.001831,0.001907,0.001907,0.001869,0.001869,0.001831,0.001831,0.001831,0.001831,0.001869,0.001907,0.001869,0.001869,0.001869,0.001945,0.001984,0.001945,0.001984,0.001984,0.001945,0.002022,0.001984,0.001869,0.001907,0.001907,0.001869,0.001869,0.001793,0.001869,0.001831,0.001831,0.001869,0.001869,0.001907,0.001945,0.001984,0.002060,0.002022,0.002098,0.002174,0.002251,0.002327,0.002403,0.002441,0.002441,0.002556,0.002556,0.002594,0.002594,0.002518,0.002594,0.002556,0.002480,0.002480,0.002365,0.002251,0.002213,0.002136,0.002060,0.001984,0.001945,0.001907,0.001869,0.001869,0.001831,0.001907,0.001831,0.001869,0.001869,0.001945,0.001869,0.001907,0.001869,0.001869,0.001907,0.001831,0.001793,0.001793,0.001678,0.001640,0.001602,0.001564,0.001602,0.001488,0.001488,0.001564,0.001450,0.001373,0.001411,0.001373,0.001373,0.001373,0.001297,0.001373,0.001411,0.001373,0.001373,0.001450,0.001488,0.001488,0.001488,0.001526,0.001602,0.001602,0.001755,0.001717,0.001793,0.001907,0.001984,0.002022,0.002060,0.002174,0.002251,0.002365,0.002403,0.002480,0.002556,0.002556,0.002670,0.002708,0.002708,0.002747,0.002747,0.002823,0.002785,0.002823,0.002785,0.002708,0.002670,0.002747,0.002708,0.002670,0.002670,0.002670,0.002670,0.002632,0.002632,0.002594,0.002632,0.002632,0.002556,0.002594,0.002594,0.002518,0.002480,0.002480,0.002403,0.002365,0.002365,0.002365,0.002327,0.002251,0.002174,0.002174,0.002136,0.002174,0.002174,0.002174,0.002174,0.002098,0.002060,0.002136,0.002136,0.002174,0.002213,0.002098,0.002136,0.002098,0.002136,0.002098,0.002098,0.002136,0.002098,0.002136,0.002098,0.002060,0.002060,0.002060,0.002098,0.002136,0.002174,0.002174,0.002213,0.002251,0.002327,0.002327,0.002365,0.002441,0.002441,0.002480,0.002594,0.002594,0.002594,0.002594,0.002632,0.002594,0.002594,0.002556,0.002556,0.002518,0.002441,0.002403,0.002365,0.002251,0.002174,0.002136,0.002098,0.002022,0.001945,0.001907,0.001831,0.001717,0.001717,0.001678,0.001717,0.001678,0.001678,0.001678,0.001717,0.001717,0.001717,0.001755,0.001869,0.001907,0.001945,0.002060,0.002022,0.002136,0.002136,0.002136,0.002213,0.002174,0.002174,0.002174,0.002098,0.002098,0.002213,0.002136,0.002022,0.002022,0.001984,0.001945,0.001907,0.001907,0.001907,0.001869,0.001793,0.001755,0.001755,0.001717,0.001678,0.001640,0.001678,0.001640,0.001564,0.001526,0.001526,0.001564,0.001526,0.001526,0.001602,0.001564,0.001564,0.001602,0.001640,0.001678,0.001755,0.001717,0.001755,0.001755,0.001793,0.001831,0.001869,0.001869,0.001945,0.001945,0.001984,0.001984,0.002022,0.002060,0.001984,0.002060,0.002060,0.002098,0.002098,0.002136,0.002174,0.002136,0.002174,0.002174,0.002251,0.002213,0.002174,0.002174,0.002174,0.002213,0.002213,0.002174,0.002174,0.002136,0.002174,0.002098,0.002136,0.002136,0.002136,0.002174,0.002136,0.002098,0.002098,0.002098,0.002174,0.002098,0.002098,0.002098,0.002098,0.002136,0.002136,0.002174,0.002174,0.002136,0.002213,0.002136,0.002213,0.002174,0.002174,0.002213,0.002174,0.002213,0.002174,0.002098,0.002098,0.002022,0.002098,0.001984,0.002060,0.002022,0.001945,0.001907,0.001831,0.001755,0.001793,0.001793,0.001755,0.001755,0.001755,0.001717,0.001678,0.001678,0.001678,0.001678,0.001678,0.001678,0.001678,0.001717,0.001678,0.001640,0.001678,0.001678,0.001640,0.001717,0.001755,0.001793,0.001755,0.001793,0.001793,0.001831,0.001907,0.001984,0.002022,0.002022,0.002098,0.002098,0.002174,0.002213,0.002289,0.002251,0.002365,0.002403,0.002365,0.002365,0.002403,0.002480,0.002480,0.002480,0.002441,0.002441,0.002518,0.002480,0.002518,0.002480,0.002441,0.002480,0.002556,0.002556,0.002556,0.002556,0.002556,0.002518,0.002518,0.002518,0.002480,0.002441,0.002403,0.002441,0.002403,0.002327,0.002365,0.002289,0.002251,0.002289,0.002213,0.002174,0.002098,0.002098,0.002060,0.002060,0.002022,0.001945,0.001984,0.001945,0.001984,0.001945,0.001945,0.001945,0.001945,0.001984,0.001984,0.002022,0.002060,0.002098,0.002098,0.002136,0.002213,0.002251,0.002213,0.002251,0.002289,0.002327,0.002327,0.002327,0.002289,0.002251,0.002289,0.002289,0.002251,0.002251,0.002213,0.002174,0.002213,0.002136,0.002174,0.002060,0.002060,0.002022,0.001984,0.001984,0.001945,0.001945,0.001869,0.001869,0.001793,0.001793,0.001793,0.001831,0.001831,0.001793,0.001755,0.001755,0.001755,0.001678,0.001678,0.001717,0.001717,0.001717,0.001755,0.001717,0.001717,0.001717,0.001717,0.001793,0.001793,0.001717,0.001793,0.001755,0.001755,0.001793,0.001793,0.001831,0.001755,0.001755,0.001717,0.001678,0.001793,0.001755,0.001793,0.001793,0.001831,0.001831,0.001869,0.001907,0.001907,0.001945,0.001984,0.001984,0.001984,0.002022,0.002098,0.002136,0.002174,0.002174,0.002289,0.002213,0.002251,0.002251,0.002289,0.002251,0.002251,0.002251,0.002289,0.002289,0.002213,0.002289,0.002251,0.002289,0.002213,0.002213,0.002136,0.002136,0.002098,0.002136,0.002098,0.002098,0.002060,0.002098,0.002136,0.002136,0.002060,0.002060,0.002022,0.002098,0.002060,0.002098,0.001984,0.002060,0.002060,0.002022,0.002060,0.002060,0.002022,0.002098,0.002098,0.002136,0.002098,0.002098,0.002060,0.002098,0.002098,0.002098,0.002060,0.002060,0.002022,0.002060,0.002136,0.002098,0.002098,0.002098,0.002098,0.002136,0.002174,0.002098,0.002098,0.002136,0.002174,0.002213,0.002213,0.002174,0.002174,0.002136,0.002174,0.002136,0.002174,0.002136,0.002060,0.002022,0.002022,0.002022,0.001984,0.002022,0.002060,0.002060,0.001984,0.001984,0.002022,0.002022,0.001984,0.001984,0.001984,0.002060,0.002022,0.002022,0.002098,0.002060,0.002060,0.002022,0.002022,0.001984,0.001984,0.002060,0.002022,0.002060,0.002136,0.002060,0.002136,0.002136,0.002098,0.002098,0.002174,0.002136,0.002174,0.002213,0.002213,0.002251,0.002213,0.002174,0.002174,0.002174,0.002136,0.002136,0.002060,0.002060,0.002022,0.002022,0.001945,0.001945,0.001907,0.001869,0.001869,0.001869,0.001907,0.001869,0.001869,0.001793,0.001869,0.001869,0.001907,0.001907,0.001945,0.001869,0.001869,0.001945,0.001945,0.001984,0.001945,0.002022,0.002060,0.002060,0.002098,0.002022,0.002060,0.002060,0.002060,0.002098,0.002098,0.002098,0.002060,0.002098,0.002098,0.002060,0.002098,0.002060,0.002022,0.002022,0.002022,0.002060,0.002022,0.002022,0.002022,0.001984,0.001984,0.001984,0.001984,0.001945,0.001869,0.001907,0.001907,0.001945,0.001907,0.001907,0.001831,0.001831,0.001831,0.001869,0.001945,0.001869,0.001869,0.001984,0.001945,0.001907,0.001984,0.001945,0.002060,0.002060,0.002098,0.002098,0.002060,0.002136,0.002174,0.002174,0.002174,0.002174,0.002213,0.002213,0.002136,0.002174,0.002251,0.002213,0.002327,0.002289,0.002289,0.002289,0.002289,0.002327,0.002327,0.002327,0.002251,0.002327,0.002213,0.002289,0.002289,0.002289,0.002213,0.002213,0.002213,0.002174,0.002251,0.002213,0.002174,0.002174,0.002136,0.002136,0.002136,0.002060,0.002136,0.002098,0.002060,0.002060,0.002060,0.002060,0.002060,0.002022,0.002022,0.001984,0.002022,0.002022,0.002022,0.002022,0.002022,0.002022,0.001984,0.001984,0.002060,0.002060,0.002136,0.002174,0.002174,0.002213,0.002289,0.002327,0.002365,0.002403,0.002441,0.002441,0.002480,0.002556,0.002594,0.002556,0.002632,0.002632,0.002708,0.002747,0.002708,0.002708,0.002632,0.002670,0.002670,0.002594,0.002556,0.002518,0.002556,0.002441,0.002480,0.002403,0.002441,0.002365,0.002289,0.002289,0.002289,0.002213,0.002213,0.002174,0.002098,0.002022,0.001984,0.001984,0.001907,0.001831,0.001717,0.001678,0.001602,0.001450,0.001335,0.001259,0.001144,0.001144,0.001030,0.000954,0.000954,0.000916,0.000877,0.000877,0.000916,0.000954,0.000992,0.001068,0.001068,0.001183,0.001297,0.001450,0.001450,0.001526,0.001640,0.001717,0.001869,0.001907,0.001984,0.002098,0.002098,0.002213,0.002213,0.002251,0.002365,0.002289,0.002327,0.002327,0.002327,0.002403,0.002365,0.002365,0.002289,0.002289,0.002289,0.002251,0.002251,0.002251,0.002213,0.002136,0.002136,0.002213,0.002136,0.002213,0.002174,0.002174,0.002213,0.002213,0.002327,0.002327,0.002365,0.002403,0.002403,0.002480,0.002480,0.002480,0.002480,0.002480,0.002518,0.002518,0.002556,0.002518,0.002441,0.002480,0.002480,0.002441,0.002365,0.002403,0.002327,0.002327,0.002251,0.002213,0.002136,0.002174,0.002060,0.002060,0.001984,0.002022,0.002060,0.001984,0.001907,0.001945,0.001907,0.001945,0.001869,0.001907,0.001945,0.001945,0.001907,0.001907,0.001984,0.001945,0.001945,0.001984,0.001945,0.001945,0.001945,0.001984,0.002022,0.001945,0.001984,0.001984,0.001907,0.001907,0.001907,0.001945,0.001945,0.001984,0.001945,0.001907,0.001984,0.001907,0.001907,0.001869,0.001945,0.001945,0.001945,0.001945,0.001945,0.002022,0.001945,0.001984,0.002022,0.002022,0.002022,0.001984,0.001945,0.001984,0.002022,0.002060,0.002022,0.002098,0.002060,0.002136,0.002136,0.002060,0.002098,0.002213,0.002213,0.002213,0.002289,0.002289,0.002251,0.002327,0.002327,0.002327,0.002327,0.002327,0.002289,0.002289,0.002327,0.002365,0.002327,0.002327,0.002289,0.002327,0.002289,0.002289,0.002251,0.002213,0.002251,0.002251,0.002213,0.002174,0.002136,0.002174,0.002213,0.002136,0.002136,0.002136,0.002098,0.002136,0.002060,0.002098,0.002098,0.002060,0.002060,0.002060,0.002060,0.002098,0.002060,0.002098,0.002060,0.002060,0.002098,0.002136,0.002136,0.002174,0.002174,0.002213,0.002251,0.002251,0.002251,0.002213,0.002213,0.002327,0.002289,0.002289,0.002327,0.002327,0.002365,0.002327,0.002365,0.002365,0.002365,0.002441,0.002403,0.002365,0.002403,0.002365,0.002365,0.002327,0.002289,0.002289,0.002289,0.002213,0.002136,0.002098,0.002098,0.002098,0.002098,0.002060,0.001984,0.001907,0.001945,0.001907,0.001945,0.001907,0.001869,0.001869,0.001869,0.001793,0.001793,0.001793,0.001831,0.001831,0.001755,0.001793,0.001793,0.001755,0.001755,0.001831,0.001793,0.001793,0.001793,0.001831,0.001831,0.001831,0.001869,0.001831,0.001793,0.001869,0.001869,0.001869,0.001907,0.001869,0.001869,0.001945,0.001984,0.001945,0.001984,0.001945,0.002022,0.002060,0.001984,0.002022,0.002060,0.002060,0.002098,0.002136,0.002136,0.002098,0.002174,0.002174,0.002213,0.002174,0.002174,0.002174,0.002213,0.002174,0.002136,0.002174,0.002098,0.002136,0.002136,0.002136,0.002098,0.002136,0.002098,0.002060,0.002060,0.002136,0.002022,0.002098,0.002098,0.002022,0.002060,0.002098,0.002174,0.002098,0.002098,0.002098,0.002060,0.002136,0.002174,0.002136,0.002136,0.002136,0.002098,0.002098,0.002098,0.002098,0.002136,0.002136,0.002098,0.002060,0.002060,0.001984,0.001984,0.001984,0.001945,0.001945,0.001907,0.001869,0.001869,0.001945,0.001907,0.001907,0.001869,0.001831,0.001831,0.001831,0.001831,0.001869,0.001907,0.001869,0.001945,0.001907,0.001945,0.001945,0.001907,0.001945,0.001945,0.002022,0.001984,0.002022,0.002022,0.002098,0.002136,0.002060,0.002136,0.002098,0.002098,0.002098,0.002060,0.002060,0.002060,0.002060,0.002022,0.002060,0.002022,0.002022,0.002098,0.002022,0.002022,0.002060,0.002060,0.001984,0.001945,0.002022,0.002022,0.001984,0.002022,0.002060,0.002060,0.002022,0.002060,0.002136,0.002060,0.002136,0.002136,0.002136,0.002174,0.002136,0.002213,0.002213,0.002213,0.002251,0.002251,0.002251,0.002213,0.002327,0.002289,0.002289,0.002289,0.002327,0.002213,0.002251,0.002251,0.002213,0.002174,0.002213,0.002174,0.002174,0.002136,0.002174,0.002098,0.002136,0.002136,0.002174,0.002060,0.002022,0.002098,0.002060,0.002060,0.002060,0.002060,0.002060,0.002060,0.002060,0.002060,0.002098,0.002060,0.002060,0.002136,0.002174,0.002213,0.002174,0.002174,0.002174,0.002174,0.002213,0.002251,0.002251,0.002289,0.002213,0.002289,0.002251,0.002289,0.002251,0.002251,0.002251,0.002251,0.002327,0.002289,0.002251,0.002251,0.002251,0.002213,0.002251,0.002213,0.002136,0.002136,0.002174,0.002098,0.002136,0.002098,0.002060,0.002060,0.002022,0.002022,0.001907,0.001945,0.001984,0.001907,0.001907,0.001831,0.001831,0.001831,0.001793,0.001831,0.001717,0.001717,0.001755,0.001717,0.001678,0.001717,0.001678,0.001678,0.001678,0.001640,0.001678,0.001678,0.001640,0.001640,0.001602,0.001640,0.001717,0.001640,0.001678,0.001678,0.001678,0.001755,0.001678,0.001793,0.001755,0.001678,0.001678,0.001755,0.001717,0.001717,0.001793,0.001755,0.001755,0.001793,0.001793,0.001755,0.001793,0.001793,0.001907,0.001945,0.001984,0.001984,0.001945,0.001984,0.001984,0.002098,0.002136,0.002136,0.002136,0.002174,0.002174,0.002174,0.002174,0.002289,0.002251,0.002327,0.002289,0.002251,0.002327,0.002327,0.002365,0.002327,0.002365,0.002327,0.002327,0.002365,0.002365,0.002327,0.002327,0.002327,0.002403,0.002327,0.002365,0.002289,0.002251,0.002289,0.002289,0.002289,0.002213,0.002213,0.002213,0.002174,0.002174,0.002174,0.002098,0.002098,0.002098,0.002098,0.002060,0.002098,0.002060,0.002022,0.002022,0.002022,0.002022,0.002022,0.002022,0.002022,0.001984,0.002022,0.001984,0.001984,0.002022,0.002022,0.001984,0.002022,0.001984,0.002060,0.001945,0.001984,0.001984,0.001984,0.001945,0.001945,0.001907,0.001907,0.001907,0.001907,0.001907,0.001984,0.001869,0.001907,0.001945,0.001907,0.001907,0.001945,0.001984,0.001945,0.001945,0.001984,0.001945,0.001984,0.001984,0.001984,0.001984,0.002022,0.002022,0.002022,0.002022,0.002060,0.002022,0.002098,0.002022,0.002098,0.002098,0.002098,0.002136,0.002174,0.002136,0.002060,0.002060,0.002136,0.002060,0.002098,0.002098,0.002060,0.002136,0.002060,0.002022,0.002060,0.002060,0.002060,0.002098,0.002136,0.002098,0.002060,0.002098,0.002098,0.002136,0.002136,0.002136,0.002136,0.002098,0.002174,0.002136,0.002098,0.002136,0.002136,0.002136,0.002174,0.002213,0.002174,0.002174,0.002174,0.002174,0.002174,0.002213,0.002174,0.002213,0.002136,0.002136,0.002174,0.002174,0.002213,0.002098,0.002174,0.002098,0.002136,0.002136,0.002136,0.002136,0.002060,0.002098,0.002098,0.002098,0.002136,0.002060,0.002136,0.002136,0.002098,0.002136,0.002098,0.002136,0.002060,0.002098,0.002098,0.002060,0.002098,0.002060,0.002098,0.002060,0.002060,0.002060,0.002022,0.001984,0.002022,0.001984,0.002022,0.001984,0.001869,0.001984,0.001945,0.001945,0.001945,0.001945,0.001945,0.001945,0.001907,0.001869,0.001907,0.001945,0.001907,0.001907,0.001945,0.001945,0.001945,0.001907,0.001907,0.001831,0.001869,0.001869,0.001869,0.001869,0.001907,0.001945,0.001869,0.001907,0.001869,0.001869,0.001945,0.001907,0.001984,0.001984,0.001945,0.001945,0.001945,0.002022,0.001984,0.002022,0.002060,0.002022,0.002098,0.002022,0.002098,0.002136,0.002060,0.002136,0.002136,0.002174,0.002136,0.002136,0.002174,0.002174,0.002174,0.002136,0.002213,0.002213,0.002174,0.002174,0.002136,0.002174,0.002174,0.002213,0.002213,0.002098,0.002136,0.002136,0.002136,0.002174,0.002136,0.002174,0.002136,0.002136,0.002136,0.002098,0.002060,0.002098,0.002098,0.002060,0.002098,0.002174,0.002136,0.002213,0.002098,0.002136,0.002174,0.002136,0.002136,0.002213,0.002174,0.002136,0.002136,0.002174,0.002213,0.002174,0.002213,0.002136,0.002174,0.002174,0.002174,0.002213,0.002136,0.002174,0.002174,0.002098,0.002136,0.002213,0.002174,0.002136,0.002136,0.002098,0.002174,0.002174,0.002136,0.002136,0.002174,0.002136,0.002136,0.002098,0.002136,0.002098,0.002060,0.002098,0.002098,0.002136,0.002098,0.002098,0.002136,0.002136,0.002136,0.002174,0.002136,0.002098,0.002022,0.002098,0.002136,0.002136,0.002136,0.002060,0.002060,0.002098,0.002098,0.002098,0.002098,0.002136,0.002098,0.002136,0.002098,0.002136,0.002174,0.002136,0.002174,0.002136,0.002136,0.002098,0.002136,0.002174,0.002174,0.002174,0.002174,0.002174,0.002174,0.002136,0.002136,0.002136,0.002136,0.002213,0.002136,0.002098,0.002098,0.002060,0.002136,0.002060,0.002136,0.002098,0.002022,0.002060,0.002022,0.002098,0.002022,0.002060,0.002098,0.002022,0.002022,0.002022,0.001984,0.002022,0.002022,0.002022,0.002022,0.002060,0.001984,0.001984,0.002022,0.002022,0.002060,0.002060,0.002098,0.002098,0.002136,0.002136,0.002136,0.002098,0.002136,0.002136,0.002174,0.002213,0.002251,0.002289,0.002289,0.002289,0.002365,0.002327,0.002327,0.002365,0.002441,0.002403,0.002480,0.002480,0.002403,0.002403,0.002365,0.002365,0.002365,0.002327,0.002327,0.002251,0.002327,0.002213,0.002174,0.002174,0.002060,0.002098,0.001984,0.001984,0.001945,0.001907,0.001945,0.001869,0.001831,0.001869,0.001793,0.001831,0.001793,0.001793,0.001793,0.001793,0.001793,0.001869,0.001869,0.001869,0.001869,0.001907,0.001984,0.001945,0.001984,0.002022,0.002022,0.002022,0.002060,0.002022,0.002060,0.002060,0.002022,0.002060,0.002022,0.001984,0.002060,0.002022,0.002022,0.001984,0.002022,0.001984,0.001869,0.001907,0.001907,0.001945,0.001984,0.001984,0.001945,0.001945,0.002060,0.002060,0.002022,0.002022,0.002060,0.002136,0.002060,0.002098,0.002174,0.002136,0.002136,0.002136,0.002213,0.002174,0.002174,0.002213,0.002213,0.002251,0.002213,0.002289,0.002251,0.002213,0.002289,0.002289,0.002251,0.002251,0.002251,0.002251,0.002213,0.002251,0.002213,0.002213,0.002251,0.002213,0.002251,0.002213,0.002213,0.002213,0.002251,0.002251,0.002213,0.002213,0.002289,0.002289,0.002327,0.002289,0.002251,0.002327,0.002251,0.002327,0.002365,0.002289,0.002251,0.002289,0.002289,0.002213,0.002213,0.002174,0.002136,0.002098,0.001984,0.002060,0.002060,0.002022,0.002060,0.001984,0.001945,0.001907,0.001907,0.001907,0.001907,0.001831,0.001869,0.001869,0.001831,0.001793,0.001831,0.001831,0.001793,0.001793,0.001793,0.001831,0.001793,0.001831,0.001793,0.001793,0.001831,0.001793,0.001793,0.001831,0.001869,0.001831,0.001831,0.001907,0.001907,0.001907,0.001945,0.002022,0.001984,0.001984,0.001984,0.001984,0.001984,0.002098,0.002098,0.002098,0.002060,0.002060,0.002060,0.002060,0.002098,0.002098,0.002098,0.002060,0.002060,0.002098,0.002136,0.002098,0.002136,0.002098,0.002136,0.002098,0.002060,0.002098,0.002060,0.002098,0.002136,0.002136,0.002136,0.002098,0.002060,0.002060,0.002060,0.002060,0.002098,0.002136,0.002098,0.002174,0.002136,0.002098,0.002136,0.002136,0.002136,0.002136,0.002136,0.002174,0.002136,0.002174,0.002174,0.002136,0.002174,0.002174,0.002213,0.002174,0.002213,0.002251,0.002174,0.002174,0.002174,0.002213,0.002213,0.002174,0.002213,0.002174,0.002174,0.002174,0.002213,0.002136,0.002136,0.002174,0.002060,0.002060,0.002060,0.002098,0.002098,0.002022,0.001984,0.001984,0.001945,0.002022,0.002022,0.001984,0.002022,0.002060,0.002060,0.002060,0.002022,0.002022,0.002022,0.002098,0.002136,0.002136,0.002136,0.002098,0.002136,0.002098,0.002060,0.002098,0.002098,0.002136,0.002022,0.002022,0.002060,0.001984,0.001984,0.001984,0.001984,0.001945,0.001907,0.001869,0.001907,0.001869,0.001793,0.001869,0.001793,0.001831,0.001869,0.001793,0.001907,0.001869,0.001869,0.001907,0.001907,0.001907,0.001945,0.002060,0.002022,0.002060,0.002098,0.002060,0.002136,0.002098,0.002060,0.002136,0.002098,0.002136,0.002136,0.002136,0.002098,0.002098,0.002098,0.002098,0.002098,0.002060,0.002060,0.002098,0.002098,0.002060,0.002060,0.002022,0.002022,0.001984,0.002022,0.001984,0.001945,0.001984,0.001945,0.001984,0.002022,0.002022,0.002060,0.001984,0.002022,0.002022,0.002022,0.002060,0.002022,0.002098,0.002022,0.002060,0.002098,0.002060,0.002136,0.002098,0.002098,0.002174,0.002174,0.002213,0.002213,0.002213,0.002213,0.002213,0.002251,0.002251,0.002327,0.002327,0.002251,0.002213,0.002213,0.002327,0.002289,0.002365,0.002251,0.002251,0.002289,0.002251,0.002289,0.002213,0.002213,0.002213,0.002174,0.002213,0.002174,0.002098,0.002136,0.002136,0.002136,0.002022,0.002022,0.002022,0.002022,0.002098,0.002022,0.002022,0.002060,0.002022,0.002060,0.002022,0.002022,0.002060,0.002060,0.002060,0.002060,0.002060,0.001984,0.001907,0.002022,0.001984,0.001945,0.001945,0.001984,0.001907,0.001869,0.001907,0.001869,0.001869,0.001831,0.001793,0.001869,0.001831,0.001793,0.001831,0.001793,0.001831,0.001793,0.001793,0.001755,0.001793,0.001793,0.001793,0.001755,0.001793,0.001869,0.001869,0.001793,0.001869,0.001869,0.001831,0.001907,0.001869,0.001869,0.001869,0.001907,0.001984,0.001945,0.001907,0.001907,0.001945,0.001945,0.001984,0.001945,0.001945,0.001945,0.001945,0.001945,0.001984,0.001907,0.001945,0.001907,0.001907,0.001984,0.001907,0.001945,0.001945,0.001945,0.001945,0.001984,0.001984,0.001945,0.002022,0.001984,0.002022,0.002022,0.001984,0.002022,0.002022,0.002022,0.002060,0.002060,0.002098,0.002098,0.002136,0.002136,0.002098,0.002174,0.002136,0.002213,0.002251,0.002174,0.002213,0.002174,0.002251,0.002213,0.002213,0.002289,0.002251,0.002251,0.002327,0.002289,0.002365,0.002365,0.002365,0.002365,0.002365,0.002365,0.002403,0.002365,0.002365,0.002403,0.002403,0.002365,0.002327,0.002327,0.002327,0.002251,0.002251,0.002327,0.002213,0.002213,0.002174,0.002136,0.002136,0.002060,0.002060,0.001984,0.001984,0.001945,0.001869,0.001907,0.001831,0.001831,0.001831,0.001755,0.001793,0.001793,0.001755,0.001717,0.001678,0.001755,0.001755,0.001717,0.001793,0.001717,0.001793,0.001793,0.001793,0.001793,0.001831,0.001869,0.001869,0.001869,0.001869,0.001907,0.001945,0.001945,0.001945,0.001945,0.001984,0.001984,0.001945,0.001984,0.002060,0.002022,0.002098,0.002060,0.002136,0.002098,0.002098,0.002174,0.002136,0.002213,0.002174,0.002213,0.002251,0.002174,0.002251,0.002213,0.002213,0.002213,0.002251,0.002289,0.002251,0.002289,0.002327,0.002289,0.002327,0.002251,0.002327,0.002289,0.002327,0.002327,0.002289,0.002289,0.002289,0.002289,0.002289,0.002289,0.002289,0.002251,0.002327,0.002327,0.002327,0.002251,0.002213,0.002289,0.002251,0.002289,0.002327,0.002213,0.002289,0.002174,0.002213,0.002251,0.002251,0.002174,0.002136,0.002174,0.002136,0.002136,0.002174,0.002098,0.002136,0.002174,0.002136,0.002136,0.002136,0.002060,0.002060,0.002098,0.002174,0.002060,0.002098,0.002098,0.002174,0.002098,0.002136,0.002098,0.002098,0.002060,0.002060,0.002022,0.002022,0.001984,0.002060,0.001984,0.001945,0.001907,0.001907,0.001945,0.001945,0.001907,0.001907,0.001907,0.001945,0.001869,0.001907,0.001907,0.001907,0.001945,0.001945,0.001984,0.001984,0.001907,0.001984,0.001869,0.001945,0.001984,0.001984,0.001984,0.001984,0.002060,0.001984,0.002022,0.002022,0.001984,0.001984,0.001984,0.002022,0.001984,0.001984,0.002060,0.002022,0.002060,0.002098,0.002098,0.002136,0.002022,0.002060,0.002060,0.002136,0.002174,0.002098,0.002136,0.002174,0.002213,0.002213,0.002213,0.002174,0.002174,0.002213,0.002213,0.002251,0.002289,0.002213,0.002251,0.002251,0.002289,0.002289,0.002213,0.002251,0.002251,0.002251,0.002251,0.002213,0.002251,0.002251,0.002174,0.002213,0.002174,0.002251,0.002213,0.002174,0.002136,0.002136,0.002098,0.002136,0.002098,0.002136,0.002136,0.002174,0.002098,0.002098,0.002060,0.002098,0.002098,0.002060,0.002098,0.002098,0.002060,0.002098,0.002060,0.002098,0.002098,0.002098,0.002060,0.002060,0.002098,0.002060,0.002060,0.002098,0.002060,0.002060,0.002060,0.002060,0.002022,0.002022,0.002022,0.002022,0.001984,0.001945,0.001907,0.001907,0.001945,0.001945,0.001907,0.001907,0.001907,0.001907,0.001869,0.001869,0.001907,0.001869,0.001831,0.001831,0.001831,0.001869,0.001869,0.001831,0.001793,0.001755,0.001793,0.001831,0.001831,0.001831,0.001831,0.001831,0.001793,0.001831,0.001907,0.001869,0.001869,0.001869,0.001869,0.001945,0.001945,0.001984,0.001984,0.001984,0.001945,0.001984,0.001984,0.002022,0.002060,0.002098,0.002098,0.002098,0.002060,0.002098,0.002098,0.002098,0.002174,0.002174,0.002251,0.002213,0.002213,0.002251,0.002251,0.002289,0.002289,0.002251,0.002251,0.002213,0.002251,0.002251,0.002289,0.002213,0.002289,0.002327,0.002289,0.002251,0.002251,0.002213,0.002213,0.002213,0.002289,0.002174,0.002213,0.002174,0.002136,0.002174,0.002174,0.002136,0.002136,0.002136,0.002136,0.002174,0.002174,0.002098,0.002174,0.002136,0.002060,0.002136,0.002136,0.002136,0.002136,0.002098,0.002098,0.002098,0.002136,0.002174,0.002098,0.002136,0.002098,0.002098,0.002136,0.002098,0.002098,0.002060,0.002060,0.002098,0.002098,0.002174,0.002136,0.002098,0.002060,0.002136,0.002174,0.002174,0.002174,0.002174,0.002174,0.002174,0.002174,0.002174,0.002136,0.002213,0.002174,0.002174,0.002213,0.002174,0.002174,0.002174,0.002213,0.002174,0.002136,0.002174,0.002136,0.002136,0.002136,0.002174,0.002174,0.002136,0.002136,0.002136,0.002136,0.002251,0.002174,0.002060,0.002098,0.002098,0.002136,0.002136,0.002174,0.002174,0.002136,0.002136,0.002174,0.002174,0.002174,0.002213,0.002213,0.002174,0.002174,0.002174,0.002213,0.002213,0.002174,0.002213,0.002213,0.002251,0.002251,0.002174,0.002174,0.002136,0.002136,0.002098,0.002136,0.002136,0.002136,0.002136,0.002136,0.002060,0.002060,0.002060,0.002022,0.001984,0.002098,0.002022,0.002022,0.001945,0.001907,0.001945,0.001907,0.001907,0.001945,0.001869,0.001869,0.001869,0.001869,0.001831,0.001793,0.001869,0.001831,0.001793,0.001793,0.001793,0.001755,0.001831,0.001831,0.001831,0.001831,0.001831,0.001831,0.001831,0.001793,0.001793,0.001869,0.001907,0.001945,0.001945,0.001984,0.001945,0.001984,0.002060,0.002022,0.002022,0.002098,0.002098,0.002174,0.002136,0.002174,0.002213,0.002136,0.002213,0.002174,0.002251,0.002213,0.002251,0.002174,0.002213,0.002251,0.002251,0.002174,0.002136,0.002174,0.002174,0.002136,0.002136,0.002098,0.002098,0.002098,0.002098,0.002098,0.002060,0.002098,0.002136,0.002060,0.002098,0.002098,0.002098,0.002174,0.002174,0.002174,0.002136,0.002174,0.002213,0.002213,0.002251,0.002213,0.002174,0.002174,0.002213,0.002289,0.002213,0.002213,0.002251,0.002174,0.002213,0.002213,0.002136,0.002136,0.002098,0.002098,0.002060,0.002098,0.001984,0.001945,0.001945,0.001869,0.001831,0.001793,0.001755,0.001755,0.001678,0.001755,0.001717,0.001717,0.001678,0.001717,0.001717,0.001755,0.001717,0.001755,0.001793,0.001755,0.001831,0.001831,0.001869,0.001869,0.001869,0.001869,0.001945,0.001907,0.001984,0.002022,0.001984,0.001984,0.002022,0.002022,0.001984,0.001984,0.001984,0.001984,0.002022,0.001945,0.001984,0.001984,0.002022,0.002022,0.001984,0.001984,0.001984,0.002060,0.002022,0.001984,0.002060,0.002022,0.002060,0.002098,0.002098,0.002136,0.002136,0.002136,0.002174,0.002251,0.002251,0.002213,0.002213,0.002251,0.002251,0.002251,0.002251,0.002289,0.002251,0.002289,0.002327,0.002251,0.002289,0.002213,0.002174,0.002251,0.002136,0.002174,0.002136,0.002174,0.002174,0.002136,0.002136,0.002098,0.002136,0.002136,0.002136,0.002136,0.002098,0.002098,0.002136,0.002098,0.002136,0.002174,0.002174,0.002060,0.002136,0.002136,0.002136,0.002098,0.002098,0.002136,0.002098,0.002060,0.002060,0.002060,0.002060,0.002060,0.002022,0.002060,0.002060,0.002022,0.001984,0.001984,0.002022,0.001984,0.002022,0.002022,0.001945,0.001984,0.001984,0.001984,0.001945,0.001984,0.001945,0.001945,0.002060,0.002022,0.001984,0.001984,0.001984,0.001984,0.001984,0.002060,0.001984,0.002060,0.002022,0.002022,0.002022,0.001984,0.002060,0.002098,0.002060,0.002098,0.002098,0.002060,0.002136,0.002060,0.002098,0.002136,0.002098,0.002098,0.002022,0.002136,0.002098,0.002136,0.002136,0.002136,0.002098,0.002022,0.002174,0.002136,0.002098,0.002136,0.002136,0.002136,0.002098,0.002060,0.002098,0.002136,0.002060,0.002060,0.002098,0.002022,0.002022,0.002098,0.002022,0.002022,0.001984,0.001984,0.002022,0.001945,0.001945,0.001945,0.001907,0.001907,0.001907,0.001907,0.001945,0.001945,0.001907,0.001945,0.001945,0.001907,0.001945,0.001907,0.001945,0.001984,0.001945,0.001984,0.001945,0.001945,0.001984,0.001945,0.002022,0.001945,0.001984,0.001984,0.001945,0.001984,0.001945,0.001984,0.001984,0.001945,0.001984,0.001945,0.001984,0.002060,0.002022,0.002060,0.001984,0.002022,0.002022,0.002060,0.002060,0.002022,0.002136,0.002060,0.002060,0.002060,0.002098,0.002136,0.002060,0.002060,0.002060,0.002060,0.002060,0.002022,0.002098,0.002098,0.002022,0.002022,0.001945,0.002060,0.002022,0.001984,0.001984,0.002022,0.002022,0.002022,0.002022,0.001984,0.001945,0.001945,0.002022,0.002060,0.001984,0.002022,0.002098,0.002022,0.002060,0.002022,0.002022,0.002136,0.002098,0.002136,0.002136,0.002174,0.002174,0.002174,0.002213,0.002213,0.002251,0.002213,0.002213,0.002251,0.002213,0.002251,0.002251,0.002213,0.002251,0.002213,0.002213,0.002174,0.002174,0.002174,0.002098,0.002213,0.002174,0.002098,0.002098,0.002098,0.002174,0.002136,0.002174,0.002098,0.002098,0.002136,0.002098,0.002136,0.002098,0.002136,0.002098,0.002060,0.002098,0.002060,0.002022,0.002098,0.002060,0.002060,0.002022,0.002060,0.002022,0.001984,0.002022,0.001945,0.002022,0.002022,0.001984,0.002022,0.001945,0.002022,0.002022,0.002022,0.001945,0.001945,0.001984,0.001907,0.001984,0.002022,0.001945,0.001945,0.001869,0.001984,0.001945,0.001945,0.001945,0.001869,0.001945,0.001945,0.001907,0.001907,0.001907,0.001984,0.001984,0.001945,0.001907,0.001907,0.001984,0.001984,0.001984,0.001945,0.001984,0.002060,0.002022,0.002022,0.002022,0.001984,0.002022,0.002022,0.002060,0.002022,0.002060,0.002022,0.002060,0.002136,0.002098,0.002174,0.002136,0.002136,0.002213,0.002174,0.002213,0.002174,0.002174,0.002213,0.002174,0.002251,0.002174,0.002251,0.002213,0.002213,0.002289,0.002251,0.002251,0.002251,0.002251,0.002289,0.002251,0.002289,0.002289,0.002213,0.002251,0.002213,0.002327,0.002251,0.002213,0.002213,0.002136,0.002213,0.002136,0.002174,0.002213,0.002174,0.002174,0.002174,0.002213,0.002174,0.002136,0.002060,0.002136,0.002174,0.002136,0.002098,0.002098,0.002136,0.002136,0.002174,0.002136,0.002136,0.002136,0.002098,0.002174,0.002136,0.002060,0.002098,0.002213,0.002136,0.002136,0.002136,0.002098,0.002136,0.002098,0.002136,0.002098,0.002136,0.002136,0.002174,0.002136,0.002098,0.002098,0.002098,0.002098,0.002098,0.002060,0.002060,0.002022,0.001984,0.001984,0.001984,0.002022,0.001984,0.001945,0.001907,0.001945,0.001869,0.001869,0.001869,0.001907,0.001869,0.001869,0.001907,0.001984,0.002022,0.002022,0.002098,0.002098,0.002174,0.002213,0.002251,0.002213,0.002251,0.002289,0.002289,0.002365,0.002365,0.002327,0.002403,0.002327,0.002327,0.002327,0.002289,0.002289,0.002213,0.002251,0.002060,0.002060,0.002060,0.002022,0.002022,0.002022,0.001945,0.001945,0.001869,0.001869,0.001869,0.001869,0.001869,0.001907,0.001945,0.001945,0.001984,0.002060,0.002060,0.002022,0.001984,0.002060,0.002098,0.002136,0.002174,0.002136,0.002213,0.002174,0.002174,0.002174,0.002213,0.002213,0.002136,0.002174,0.002174,0.002174,0.002174,0.002136,0.002174,0.002174,0.002098,0.002136,0.002174,0.002213,0.002174,0.002174,0.002213,0.002213,0.002174,0.002174,0.002213,0.002174,0.002174,0.002251,0.002174,0.002251,0.002213,0.002251,0.002251,0.002251,0.002213,0.002251,0.002213,0.002213,0.002213,0.002213,0.002213,0.002174,0.002213,0.002251,0.002174,0.002174,0.002174,0.002174,0.002174,0.002213,0.002098,0.002174,0.002174,0.002136,0.002098,0.002098,0.002136,0.002136,0.002098,0.002098,0.002098,0.002174,0.002098,0.002098,0.002098,0.002098,0.002136,0.002098,0.002060,0.002060,0.002098,0.002098,0.002022,0.002060,0.002060,0.002022,0.001984,0.001984,0.002022,0.001945,0.001945,0.001984,0.001984,0.002022,0.001945,0.001984,0.001984,0.001984,0.002022,0.001984,0.002022,0.002060,0.002060,0.002060,0.002098,0.002098,0.002136,0.002098,0.002098,0.002098,0.002174,0.002136,0.002174,0.002136,0.002098,0.002060,0.002136,0.002098,0.002060,0.002098,0.002060,0.002060,0.002098,0.002098,0.002060,0.002022,0.001984,0.002060,0.002060,0.002022,0.002060,0.002022,0.002060,0.002022,0.002098,0.002098,0.002060,0.002098,0.002060,0.002136,0.002098,0.002136,0.002098,0.002136,0.002098,0.002022,0.002136,0.002136,0.002098,0.002098,0.002098,0.002174,0.002098,0.002098,0.002098,0.002098,0.002098,0.002098,0.002174,0.002174,0.002098,0.002098,0.002098,0.002136,0.002136,0.002098,0.002136,0.002060,0.002136,0.002098,0.002098,0.002136,0.002136,0.002136,0.002098,0.002174,0.002174,0.002174,0.002136,0.002098,0.002174,0.002174,0.002098,0.002098,0.002136,0.002136,0.002060,0.002098,0.002136,0.002060,0.002136,0.002098,0.002098,0.002022,0.002022,0.002060,0.002022,0.002060,0.002022,0.002022,0.001984,0.001945,0.001984,0.002022,0.001945,0.001984,0.001907,0.002022,0.001945,0.001945,0.001945,0.002022,0.001984,0.001984,0.001984,0.001984,0.002060,0.002060,0.002022,0.002022,0.002022,0.002022,0.002060,0.002022,0.002060,0.002022,0.002060,0.002060,0.002022,0.002022,0.002022,0.001984,0.002022,0.002060,0.002098,0.002136,0.002136,0.002098,0.002098,0.002136,0.002098,0.002098,0.002098,0.002136,0.002136,0.002098,0.002136,0.002136,0.002174,0.002174,0.002174,0.002213,0.002174,0.002213,0.002174,0.002213,0.002174,0.002251,0.002174,0.002289,0.002251,0.002136,0.002174,0.002213,0.002174,0.002174,0.002136,0.002136,0.002098,0.002060,0.002174,0.002098,0.002098,0.002060,0.002022,0.002060,0.002060,0.002060,0.002060,0.001984,0.002060,0.001984,0.002022,0.002022,0.001984,0.002022,0.001945,0.002022,0.002022,0.001984,0.001945,0.001984,0.001945,0.001945,0.001907,0.001907,0.001945,0.001907,0.001907,0.001984,0.001907,0.001907,0.001907,0.001907,0.001945,0.001907,0.001945,0.001869,0.001907,0.001945,0.001945,0.001907,0.001907,0.001945,0.001984,0.001945,0.002060,0.001984,0.001945,0.002060,0.002022,0.002022,0.002060,0.002060,0.002022,0.002098,0.002098,0.002136,0.002098,0.002136,0.002213,0.002213,0.002136,0.002213,0.002136,0.002213,0.002289,0.002213,0.002174,0.002213,0.002213,0.002213,0.002174,0.002213,0.002136,0.002136,0.002136,0.002136,0.002136,0.002098,0.002060,0.002022,0.002022,0.002060,0.001984,0.001984,0.001869,0.001907,0.001869,0.001907,0.001869,0.001831,0.001793,0.001831,0.001793,0.001831,0.001793,0.001793,0.001717,0.001717,0.001755,0.001793,0.001793,0.001793,0.001869,0.001831,0.001869,0.001945,0.001945,0.001984,0.001984,0.001984,0.002098,0.002098,0.002098,0.002098,0.002136,0.002174,0.002174,0.002251,0.002213,0.002174,0.002174,0.002174,0.002213,0.002174,0.002136,0.002136,0.002174,0.002136,0.002136,0.002213,0.002174,0.002174,0.002213,0.002213,0.002251,0.002213,0.002213,0.002213,0.002174,0.002174,0.002213,0.002251,0.002213,0.002251,0.002213,0.002213,0.002213,0.002174,0.002174,0.002213,0.002174,0.002251,0.002213,0.002213,0.002213,0.002174,0.002213,0.002136,0.002174,0.002136,0.002136,0.002098,0.002098,0.002098,0.002098,0.002098,0.002060,0.002060,0.002060,0.002022,0.001984,0.002022,0.002060,0.002060,0.002022,0.002060,0.002060,0.002022,0.002098,0.002022,0.002098,0.002060,0.001984,0.001984,0.001945,0.001907,0.001907,0.001945,0.001907,0.001945,0.001984,0.001907,0.001984,0.001984,0.002022,0.002060,0.002060,0.002136,0.002060,0.002098,0.002060,0.002022,0.002098,0.002060,0.002060,0.002060,0.002022,0.001984,0.001907,0.001945,0.001945,0.001869,0.001907,0.001831,0.001793,0.001831,0.001831,0.001831,0.001831,0.001755,0.001755,0.001793,0.001793,0.001831,0.001869,0.001869,0.001907,0.001831,0.001869,0.001945,0.001907,0.001945,0.001869,0.001831,0.001869,0.001831,0.001831,0.001793,0.001793,0.001831,0.001793,0.001831,0.001831,0.001869,0.001869,0.001831,0.001831,0.001869,0.001945,0.001907,0.001945,0.001945,0.001945,0.001984,0.001945,0.002022,0.001945,0.001945,0.001984,0.001984,0.001984,0.001945,0.001945,0.001984,0.001945,0.001984,0.001945,0.001984,0.002022,0.002060,0.002098,0.002022,0.002060,0.002136,0.002136,0.002136,0.002136,0.002213,0.002213,0.002174,0.002251,0.002289,0.002289,0.002327,0.002251,0.002251,0.002289,0.002403,0.002327,0.002365,0.002327,0.002327,0.002289,0.002251,0.002251,0.002174,0.002136,0.002136,0.002098,0.002060,0.002022,0.002022,0.001907,0.001945,0.001984,0.001945,0.002022,0.001945,0.001984,0.001907,0.002022,0.002022,0.001984,0.002022,0.002022,0.001984,0.002098,0.002098,0.002136,0.002136,0.002136,0.002174,0.002174,0.002213,0.002136,0.002174,0.002213,0.002174,0.002174,0.002098,0.002213,0.002174,0.002213,0.002174,0.002174,0.002136,0.002136,0.002136,0.002136,0.002098,0.002136,0.002136,0.002098,0.002060,0.002098,0.002136,0.002098,0.002060,0.002060,0.002060,0.002136,0.002136,0.002136,0.002098,0.002098,0.002098,0.002174,0.002251,0.002136,0.002136,0.002136,0.002136,0.002136,0.002174,0.002136,0.002060,0.002098,0.002136,0.002098,0.002060,0.002098,0.002060,0.002060,0.002022,0.002022,0.002060,0.002060,0.002022,0.002060,0.002098,0.002060,0.002060,0.002060,0.002136,0.002060,0.002098,0.002213,0.002098,0.002098,0.002136,0.002174,0.002136,0.002136,0.002136,0.002098,0.002136,0.002174,0.002098,0.002174,0.002098,0.002060,0.002060,0.002136,0.002136,0.002060,0.002060,0.002060,0.002098,0.002060,0.002060,0.002098,0.002098,0.002060,0.002098,0.002136,0.002098,0.002098,0.002136,0.002098,0.002060,0.002136,0.002098,0.002098,0.002136,0.002174,0.002136,0.002136,0.002136,0.002136,0.002136,0.002136,0.002098,0.002174,0.002060,0.002098,0.002098,0.002136,0.002174,0.002060,0.002136,0.002098,0.002098,0.002098,0.002174,0.002136,0.002098,0.002060,0.002098,0.002136,0.002098,0.002060,0.002022,0.002022,0.002022,0.002098,0.002060,0.002060,0.002060,0.002098,0.002060,0.002022,0.002098,0.002022,0.002022,0.002022,0.002060,0.002098,0.002022,0.002060,0.002022,0.001945,0.002060,0.002022,0.002022,0.001945,0.002022,0.002022,0.001984,0.001945,0.001907,0.001907,0.001945,0.001907,0.001945,0.001907,0.001945,0.001945,0.001945,0.002022,0.001984,0.001984,0.001945,0.002022,0.002022,0.002022,0.002060,0.002098,0.002098,0.002098,0.002136,0.002136,0.002136,0.002213,0.002136,0.002098,0.002136,0.002213,0.002213,0.002136,0.002251,0.002213,0.002213,0.002251,0.002213,0.002251,0.002251,0.002251,0.002213,0.002289,0.002327,0.002251,0.002289,0.002251,0.002251,0.002289,0.002251,0.002174,0.002174,0.002213,0.002174,0.002174,0.002174,0.002098,0.002098,0.002136,0.002136,0.002098,0.002060,0.002174,0.002098,0.002060,0.002060,0.002060,0.002136,0.002136,0.002136,0.002136,0.002136,0.002136,0.002136,0.002136,0.002136,0.002213,0.002136,0.002136,0.002213,0.002213,0.002251,0.002251,0.002213,0.002289,0.002213,0.002174,0.002213,0.002213,0.002251,0.002289,0.002251,0.002213,0.002251,0.002213,0.002213,0.002213,0.002213,0.002174,0.002213,0.002136,0.002174,0.002136,0.002098,0.002098,0.002060,0.002098,0.002060,0.001984,0.001945,0.001984,0.001945,0.001907,0.001907,0.001869,0.001869,0.001831,0.001793,0.001831,0.001869,0.001869,0.001831,0.001869,0.001869,0.001831,0.001869,0.001793,0.001831,0.001869,0.001907,0.001869,0.001907,0.001984,0.001945,0.001984,0.002060,0.002098,0.002136,0.002098,0.002136,0.002213,0.002251,0.002251,0.002251,0.002251,0.002213,0.002327,0.002327,0.002251,0.002289,0.002251,0.002213,0.002289,0.002289,0.002327,0.002251,0.002289,0.002251,0.002213,0.002251,0.002174,0.002174,0.002136,0.002174,0.002174,0.002136,0.002136,0.002060,0.002136,0.002136,0.002098,0.002098,0.002060,0.002098,0.002136,0.002098,0.002136,0.002098,0.002136,0.002174,0.002136,0.002098,0.002174,0.002174,0.002174,0.002213,0.002213,0.002213,0.002251,0.002213,0.002289,0.002213,0.002251,0.002289,0.002251,0.002251,0.002251,0.002251,0.002213,0.002213,0.002213,0.002174,0.002213,0.002213,0.002213,0.002251,0.002136,0.002174,0.002136,0.002098,0.002136,0.002174,0.002136,0.002174,0.002213,0.002174,0.002136,0.002136,0.002136,0.002174,0.002136,0.002174,0.002098,0.002136,0.002213,0.002136,0.002213,0.002213,0.002174,0.002174,0.002136,0.002136,0.002136,0.002136,0.002136,0.002098,0.002098,0.002060,0.002098,0.002098,0.002060,0.002098,0.002022,0.002022,0.001984,0.001945,0.001984,0.001907,0.001945,0.001907,0.001945,0.001945,0.001984,0.001984,0.001984,0.001945,0.001907,0.001945,0.001945,0.001945,0.002022,0.001984,0.001984,0.001984,0.001907,0.001945,0.001945,0.002022,0.002022,0.001984,0.001984,0.001984,0.002022,0.001984,0.001984,0.001984,0.001984,0.001984,0.001945,0.001984,0.002022,0.002022,0.001984,0.001984,0.002022,0.001984,0.001984,0.001984,0.001945,0.001907,0.001945,0.001945,0.001984,0.001984,0.001907,0.001907,0.001945,0.001945,0.001984,0.001945,0.001945,0.001984,0.001945,0.001907,0.001945,0.001945,0.002022,0.001984,0.002022,0.002022,0.002022,0.001984,0.001945,0.002022,0.002022,0.002022,0.002098,0.002060,0.002060,0.002060,0.001984,0.002060,0.002022,0.002098,0.002098,0.002060,0.002060,0.002136,0.002098,0.002060,0.002098,0.002098,0.002022,0.002022,0.002022,0.002060,0.002022,0.002022,0.001984,0.002022,0.002022,0.001984,0.001945,0.002022,0.001984,0.002022,0.001945,0.001945,0.001907,0.001945,0.001984,0.001945,0.001984,0.001945,0.001945,0.001945,0.001869,0.001945,0.001907,0.001945,0.001945,0.001945,0.001907,0.001945,0.002060,0.001984,0.001984,0.001945,0.001984,0.001984,0.001945,0.002022,0.001984,0.002060,0.002098,0.002098,0.002022,0.002060,0.002098,0.002098,0.002060,0.002098,0.002098,0.002136,0.002098,0.002060,0.002136,0.002098,0.002060,0.002098,0.002098,0.002098,0.002060,0.002060,0.002098,0.002136,0.002060,0.002098,0.002060,0.002098,0.002060,0.002060,0.002060,0.002098,0.002060,0.002022,0.002022,0.002060,0.002060,0.002098,0.002098,0.002098,0.002060,0.002060,0.002098,0.002060,0.002098,0.002098,0.002060,0.002098,0.002098,0.002136,0.002136,0.002060,0.002136,0.002098,0.002174,0.002136,0.002060,0.002098,0.002136,0.002174,0.002136,0.002174,0.002174,0.002136,0.002136,0.002136,0.002174,0.002174,0.002174,0.002213,0.002174,0.002251,0.002213,0.002213,0.002251,0.002213,0.002213,0.002289,0.002289,0.002251,0.002251,0.002251,0.002174,0.002174,0.002213,0.002174,0.002213,0.002174,0.002098,0.002098,0.002136,0.002136,0.002098,0.002060,0.002060,0.002060,0.002022,0.001984,0.002060,0.002060,0.002022,0.001984,0.001945,0.001984,0.001945,0.001984,0.001984,0.001984,0.001984,0.001945,0.001984,0.001945,0.001945,0.001984,0.001945,0.001984,0.001984,0.001945,0.001907,0.001907,0.001945,0.001907,0.001945,0.001945,0.001945,0.001945,0.001984,0.001945,0.001907,0.001945,0.001907,0.001907,0.001984,0.001945,0.001907,0.001907,0.002022,0.002060,0.001984,0.001945,0.001984,0.001945,0.001984,0.002060,0.002022,0.002022,0.002022,0.002022,0.002022,0.002022,0.002022,0.002022,0.002022,0.002022,0.001984,0.002022,0.002022,0.002022,0.002098,0.002022,0.002022,0.002022,0.002022,0.002136,0.002060,0.002098,0.002060,0.002098,0.002098,0.002098,0.002098,0.002098,0.002060,0.002098,0.002098,0.002136,0.002136,0.002174,0.002174,0.002136,0.002136,0.002174,0.002136,0.002136,0.002136,0.002174,0.002174,0.002136,0.002136,0.002136,0.002098,0.002136,0.002060,0.002098,0.002022,0.002022,0.002022,0.001945,0.001945,0.001984,0.001907,0.001945,0.001907,0.001907,0.001869,0.001793,0.001831,0.001831,0.001793,0.001793,0.001793,0.001831,0.001831,0.001831,0.001831,0.001831,0.001831,0.001793,0.001869,0.001831,0.001831,0.001945,0.001869,0.001907,0.001907,0.001945,0.001945,0.001945,0.001945,0.001907,0.001907,0.001907,0.001945,0.001945,0.001869,0.001869,0.001831,0.001831,0.001869,0.001831,0.001793,0.001793,0.001793,0.001793,0.001755,0.001793,0.001755,0.001831,0.001831,0.001831,0.001831,0.001869,0.001907,0.001831,0.001831,0.001793,0.001831,0.001869,0.001907,0.001945,0.001945,0.001945,0.001945,0.001945,0.002022,0.002060,0.002060,0.002060,0.002136,0.002174,0.002136,0.002213,0.002213,0.002174,0.002213,0.002213,0.002289,0.002251,0.002289,0.002251,0.002289,0.002327,0.002289,0.002365,0.002289,0.002403,0.002403,0.002365,0.002403,0.002403,0.002441,0.002441,0.002441,0.002441,0.002480,0.002480,0.002480,0.002441,0.002480,0.002556,0.002518,0.002518,0.002480,0.002480,0.002480,0.002518,0.002480,0.002518,0.002518,0.002441,0.002403,0.002403,0.002403,0.002403,0.002403,0.002365,0.002365,0.002365,0.002289,0.002289,0.002327,0.002251,0.002251,0.002174,0.002213,0.002174,0.002174,0.002136,0.002174,0.002098,0.002136,0.002098,0.002060,0.002098,0.002098,0.002098,0.002136,0.002060,0.002098,0.002098,0.002098,0.002098,0.002098,0.002060,0.002022,0.002060,0.001984,0.001984,0.002098,0.002022,0.001984,0.002022,0.001984,0.002022,0.002060,0.001984,0.001984,0.001984,0.002022,0.001945,0.001945,0.001984,0.001907,0.001945,0.001945,0.001907,0.001907,0.001907,0.001869,0.001869,0.001869,0.001831,0.001869,0.001831,0.001831,0.001793,0.001869,0.001907,0.001907,0.001869,0.001869,0.001869,0.001831,0.001831,0.001907,0.001869,0.001907,0.001831,0.001831,0.001907,0.001907,0.001984,0.001984,0.001984,0.002022,0.001984,0.002022,0.001984,0.002022,0.001984,0.002022,0.002060,0.001945,0.002022,0.002060,0.002060,0.002022,0.002022,0.002022,0.001984,0.001984,0.001984,0.001984,0.001945,0.001984,0.001984,0.001984,0.002022,0.002022,0.002022,0.002098,0.002022,0.002060,0.002022,0.002060,0.002098,0.002060,0.002060,0.002098,0.002098,0.002098,0.002098,0.002098,0.002060,0.002060,0.002060,0.002060,0.002098,0.002136,0.002098,0.002136,0.002098,0.002098,0.002060,0.002098,0.002136,0.002098,0.002136,0.002174,0.002136,0.002174,0.002174,0.002098,0.002136,0.002136,0.002098,0.002136,0.002098,0.002136,0.002060,0.002060,0.002098,0.002136,0.002098,0.002136,0.002174,0.002136,0.002174,0.002213,0.002174,0.002213,0.002136,0.002174,0.002174,0.002098,0.002213,0.002213,0.002213,0.002174,0.002213,0.002289,0.002213,0.002213,0.002174,0.002213,0.002213,0.002213,0.002174,0.002174,0.002174,0.002136,0.002136,0.002174,0.002136,0.002136,0.002136,0.002136,0.002174,0.002136,0.002098,0.002136,0.002098,0.002098,0.002136,0.002174,0.002136,0.002174,0.002098,0.002174,0.002174,0.002136,0.002213,0.002136,0.002136,0.002174,0.002213,0.002174,0.002174,0.002098,0.002174,0.002174,0.002213,0.002136,0.002136,0.002136,0.002136,0.002136,0.002136,0.002136,0.002136,0.002174,0.002136,0.002098,0.002136,0.002136,0.002098,0.002098,0.002136,0.002136,0.002136,0.002174,0.002136,0.002098,0.002098,0.002136,0.002174,0.002136,0.002098,0.002136,0.002136,0.002060,0.002098,0.002098,0.002098,0.002098,0.002060,0.002098,0.002098,0.002136,0.002098,0.002098,0.002022,0.002060,0.002098,0.002098,0.002060,0.002098,0.002060,0.002060,0.002098,0.002098,0.002098,0.002060,0.002060,0.002098,0.002060,0.002098,0.002060,0.002022,0.001984,0.002022,0.001984,0.002022,0.002060,0.001984,0.002060,0.002022,0.002022,0.002022,0.002022,0.002060,0.002060,0.002060,0.002098,0.002060,0.002098,0.002136,0.002174,0.002136,0.002136,0.002174,0.002136,0.002136,0.002174,0.002213,0.002136,0.002213,0.002213,0.002174,0.002213,0.002213,0.002251,0.002174,0.002213,0.002213,0.002213,0.002213,0.002174,0.002213,0.002213,0.002174,0.002213,0.002213,0.002213,0.002136,0.002174,0.002213,0.002213,0.002136,0.002213,0.002136,0.002174,0.002136,0.002213,0.002213,0.002174,0.002136,0.002136,0.002136,0.002022,0.002098,0.002098,0.002060,0.002060,0.002060,0.002098,0.002060,0.002060,0.002022,0.001984,0.001984,0.001945,0.001945,0.001907,0.001907,0.001945,0.001945,0.001984,0.001945,0.001907,0.001869,0.001869,0.001869,0.001869,0.001869,0.001869,0.001945,0.001945,0.001945,0.001984,0.001945,0.001945,0.001984,0.001984,0.001984,0.001945,0.002098,0.002022,0.002060,0.002060,0.002098,0.002098,0.002060,0.002098,0.002136,0.002136,0.002136,0.002136,0.002136,0.002174,0.002136,0.002136,0.002174,0.002136,0.002136,0.002174,0.002098,0.002136,0.002174,0.002174,0.002136,0.002098,0.002098,0.002098,0.002060,0.002060,0.002098,0.002060,0.002022,0.002060,0.002060,0.002060,0.002060,0.002060,0.002022,0.001984,0.002022,0.002022,0.002060,0.002060,0.002022,0.002060,0.002060,0.002060,0.002060,0.001984,0.002022,0.002060,0.002060,0.002060,0.002060,0.002022,0.002022,0.002060,0.002060,0.001984,0.002022,0.002060,0.002060,0.001984,0.001984,0.001984,0.001984,0.002022,0.001945,0.002022,0.001945,0.001945,0.001984,0.001945,0.002022,0.001945,0.001945,0.002022,0.001984,0.002060,0.002022,0.002060,0.002022,0.002022,0.002060,0.002060,0.002060,0.002098,0.002098,0.002136,0.002098,0.002136,0.002136,0.002136,0.002136,0.002098,0.002174,0.002213,0.002174,0.002136,0.002136,0.002060,0.002098,0.002136,0.002136,0.002136,0.002136,0.002136,0.002098,0.002060,0.002136,0.002098,0.002174,0.002098,0.002098,0.002136,0.002136,0.002136,0.002136,0.002174,0.002213,0.002213,0.002136,0.002174,0.002174,0.002174,0.002174,0.002213,0.002098,0.002098,0.002136,0.002136,0.002098,0.002098,0.002136,0.002136,0.002098,0.002098,0.002098,0.002060,0.002060,0.002060,0.002060,0.002060,0.002060,0.002022,0.002060,0.002098,0.002060,0.002060,0.002022,0.002022,0.002022,0.002022,0.002022,0.002060,0.001984,0.001984,0.002022,0.001984,0.002022,0.001984,0.001945,0.001984,0.001945,0.001945,0.001984,0.001984,0.001945,0.001984,0.001984,0.001945,0.002022,0.001984,0.002022,0.001945,0.001945,0.001984,0.001984,0.001984,0.001984,0.001984,0.001984,0.001984,0.002022,0.002022,0.002022,0.002060,0.002022,0.002022,0.002022,0.002098,0.002022,0.002022,0.002098,0.002022,0.002022,0.002022,0.002022,0.002060,0.002060,0.002022,0.002060,0.002060,0.002022,0.001984,0.002098,0.002098,0.002098,0.002060,0.002098,0.002098,0.002022,0.002098,0.002060,0.002060,0.002060,0.002060,0.002098,0.002022,0.002060,0.002022,0.002060,0.002060,0.002098,0.002098,0.002098,0.002098,0.002136,0.002060,0.002060,0.002136,0.002098,0.002136,0.002098,0.002060,0.002136,0.002022,0.002060,0.002022,0.002060,0.002022,0.002022,0.002022,0.002022,0.001984,0.001984,0.001945,0.001907,0.001945,0.001945,0.001869,0.001907,0.001869,0.001869,0.001831,0.001831,0.001793,0.001831,0.001869,0.001831,0.001831,0.001831,0.001869,0.001869,0.001869,0.001869,0.001869,0.001869,0.001831,0.001907,0.001945,0.001984,0.001945,0.002022,0.002022,0.002022,0.002022,0.002022,0.002060,0.002060,0.002060,0.002098,0.002060,0.002098,0.002098,0.002060,0.002098,0.002098,0.002098,0.002098,0.002136,0.002136,0.002098,0.002098,0.002098,0.002060,0.002098,0.002098,0.002060,0.002060,0.002136,0.002098,0.002098,0.002136,0.002098,0.002060,0.002098,0.002098,0.002060,0.002060,0.002098,0.002098,0.002060,0.002060,0.002098,0.002060,0.002098,0.002136,0.002060,0.002098,0.002022,0.002022,0.002060,0.002060,0.002060,0.002098,0.002098,0.002098,0.002136,0.002098,0.002136,0.002136,0.002136,0.002174,0.002213,0.002213,0.002136,0.002136,0.002136,0.002174,0.002136,0.002136,0.002136,0.002136,0.002136,0.002136,0.002136,0.002098,0.002136,0.002174,0.002136,0.002136,0.002136,0.002136,0.002136,0.002098,0.002060,0.002060,0.002136,0.002060,0.002060,0.002060,0.002060,0.002060,0.002022,0.001984,0.002022,0.002060,0.001945,0.002022,0.002098,0.002022,0.001984,0.002022,0.001984,0.001984,0.001945,0.001945,0.001984,0.001945,0.002022,0.001984,0.001945,0.001984,0.002022,0.001984,0.001945,0.001984,0.001984,0.002022,0.001984,0.002022,0.002022,0.001945,0.002060,0.002060,0.002060,0.002022,0.001945,0.002022,0.001984,0.001984,0.002022,0.002060,0.001984,0.002060,0.002022,0.001984,0.002022,0.002022,0.002022,0.002022,0.001984,0.002022,0.002022,0.002022,0.002022,0.002022,0.002060,0.002022,0.002022,0.002060,0.002060,0.002098,0.002060,0.002060,0.002060,0.002060,0.002060,0.002060,0.002022,0.002098,0.002060,0.002060,0.002022,0.002098,0.002060,0.002060,0.002022,0.002022,0.002060,0.002022,0.002060,0.002060,0.002022,0.002098,0.002060,0.002060,0.002060,0.002098,0.002098,0.002060,0.002060,0.002136,0.002098,0.002060,0.002136,0.002098,0.002060,0.002174,0.002136,0.002136,0.002174,0.002174,0.002213,0.002213,0.002251,0.002251,0.002289,0.002251,0.002251,0.002289,0.002327,0.002327,0.002289,0.002289,0.002251,0.002289,0.002289,0.002251,0.002327,0.002251,0.002251,0.002213,0.002251,0.002251,0.002174,0.002213,0.002213,0.002213,0.002213,0.002136,0.002174,0.002213,0.002174,0.002136,0.002136,0.002060,0.002060,0.002060,0.002060,0.002060,0.002060,0.002022,0.002022,0.002022,0.001984,0.002022,0.002022,0.002022,0.002022,0.001984,0.002060,0.002022,0.002060,0.002060,0.002060,0.002060,0.002060,0.002060,0.002060,0.002060,0.002022,0.001984,0.002136,0.002060,0.002022,0.002060,0.002060,0.002060,0.002060,0.002098,0.002174,0.002098,0.002136,0.002136,0.002136,0.002136,0.002136,0.002098,0.002136,0.002174,0.002136,0.002174,0.002136,0.002174,0.002174,0.002174,0.002213,0.002213,0.002289,0.002213,0.002213,0.002213,0.002213,0.002251,0.002213,0.002251,0.002289,0.002213,0.002251,0.002251,0.002213,0.002213,0.002213,0.002213,0.002136,0.002098,0.002136,0.002174,0.002098,0.002098,0.002136,0.002136,0.002060,0.002098,0.002022,0.002022,0.002022,0.002022,0.002022,0.001984,0.002022,0.001945,0.001945,0.001984,0.001984,0.001984,0.001984,0.001984,0.001984,0.001945,0.001945,0.001984,0.002022,0.001984,0.001984,0.001945,0.001984,0.001945,0.002022,0.001945,0.001984,0.001984,0.001984,0.002060,0.002022,0.002060,0.002060,0.002060,0.002060,0.002022,0.002098,0.002174,0.002174,0.002174,0.002098,0.002174,0.002174,0.002174,0.002213,0.002174,0.002174,0.002136,0.002136,0.002136,0.002174,0.002174,0.002098,0.002098,0.002098,0.002098,0.002098,0.002098,0.002060,0.001984,0.002022,0.002022,0.001984,0.001945,0.001945,0.001945,0.001945,0.001945,0.001869,0.001945,0.001945,0.001945,0.001907,0.001945,0.001984,0.001984,0.001984,0.001984,0.001984,0.001945,0.001984,0.001984,0.001984,0.001984,0.002022,0.002060,0.002098,0.002060,0.002098,0.002098,0.002174,0.002174,0.002174,0.002251,0.002213,0.002213,0.002251,0.002251,0.002289,0.002289,0.002251,0.002289,0.002289,0.002213,0.002251,0.002251,0.002289,0.002327,0.002251,0.002213,0.002251,0.002289,0.002251,0.002251,0.002251,0.002213,0.002174,0.002174,0.002213,0.002213,0.002213,0.002213,0.002213,0.002251,0.002251,0.002251,0.002213,0.002251,0.002213,0.002213,0.002213,0.002289,0.002174,0.002251,0.002251,0.002289,0.002251,0.002174,0.002213,0.002289,0.002213,0.002213,0.002251,0.002289,0.002251,0.002213,0.002251,0.002251,0.002251,0.002213,0.002213,0.002213,0.002289,0.002213,0.002251,0.002213,0.002251,0.002289,0.002251,0.002251,0.002251,0.002251,0.002251,0.002251,0.002251,0.002289,0.002213,0.002213,0.002251,0.002213,0.002213,0.002213,0.002213,0.002136,0.002174,0.002174,0.002174,0.002213,0.002174,0.002174,0.002136,0.002136,0.002136,0.002098,0.002098,0.002098,0.002098,0.002136,0.002136,0.002060,0.002098,0.002022,0.002060,0.002060,0.002098,0.002098,0.002060,0.002060,0.002022,0.002060,0.001984,0.001984,0.001945,0.001945,0.001945,0.001945,0.001907,0.001945,0.001907,0.001869,0.001869,0.001907,0.001869,0.001831,0.001869,0.001793,0.001831,0.001793,0.001793,0.001831,0.001793,0.001831,0.001831,0.001907,0.001869,0.001869,0.001907,0.001907,0.001945,0.001945,0.001945,0.001907,0.001945,0.001945,0.001907,0.002022,0.002022,0.002022,0.001984,0.002022,0.002022,0.002022,0.002060,0.002022,0.002060,0.002022,0.001984,0.002060,0.002022,0.002022,0.002022,0.002060,0.002098,0.002098,0.002060,0.002060,0.002136,0.002098,0.002098,0.002136,0.002174,0.002174,0.002136,0.002174,0.002174,0.002213,0.002213,0.002213,0.002213,0.002251,0.002213,0.002174,0.002213,0.002213,0.002174,0.002213,0.002174,0.002213,0.002174,0.002098,0.002136,0.002098,0.002213,0.002136,0.002136,0.002098,0.002060,0.002098,0.002060,0.002022,0.002060,0.002022,0.002022,0.002022,0.002098,0.002022,0.002022,0.001984,0.001984,0.001945,0.001907,0.001945,0.001984,0.001984,0.001945,0.001907,0.001907,0.001945,0.001984,0.001984,0.001984,0.001945,0.001945,0.001984,0.001945,0.001945,0.001945,0.001984,0.001945,0.001907,0.001945,0.001945,0.001945,0.001945,0.001945,0.001907,0.001869,0.001945,0.001907,0.001907,0.001945,0.001945,0.001984,0.001945,0.001907,0.001945,0.002060,0.001984,0.002022,0.001984,0.001984,0.002022,0.002060,0.002098,0.002098,0.002098,0.002136,0.002136,0.002136,0.002098,0.002060,0.002060,0.002060,0.002136,0.002174,0.002174,0.002136,0.002098,0.002098,0.002136,0.002136,0.002098,0.002098,0.002136,0.002136,0.002174,0.002136,0.002098,0.002136,0.002136,0.002174,0.002060,0.002136,0.002098,0.002098,0.002098,0.002098,0.002098,0.002136,0.002136,0.002060,0.002174,0.002098,0.002098,0.002098,0.002098,0.002136,0.002136,0.002136,0.002098,0.002098,0.002098,0.002098,0.002098,0.002136,0.002098,0.002022,0.002060,0.002060,0.002060,0.002022,0.002022,0.002022,0.002060,0.002022,0.002022,0.001984,0.001945,0.002022,0.001945,0.001945,0.001984,0.001945,0.001907,0.001945,0.001907,0.001907,0.001945,0.001907,0.001945,0.001945,0.001984,0.001984,0.001945,0.001984,0.002022,0.001984,0.001984,0.001984,0.001984,0.001984,0.002022,0.002022,0.002060,0.002060,0.002022,0.002098,0.002022
48,19:00:00.000,12/31/1903,0.000000,0.100000,UNKNOWN,1,0/0,0.000000,0.000000,0.000000,0.000000,0.000000,0.000000,0.000000,0.000000,0,0,0,0,0.002213,0.002213,0.002174,0.002251,0.002174,0.002174,0.002136,0.002136,0.002213,0.002174,0.002174,0.002213,0.002174,0.002251,0.002174,0.002174,0.002174,0.002174,0.002174,0.002174,0.002136,0.002060,0.002174,0.002136,0.002136,0.002174,0.002174,0.002136,0.002136,0.002098,0.002174,0.002136,0.002098,0.002136,0.002174,0.002174,0.002098,0.002098,0.002098,0.002136,0.002098,0.002098,0.002136,0.002136,0.002136,0.002060,0.002136,0.002136,0.002098,0.002098,0.002098,0.002060,0.002098,0.002060,0.002098,0.002060,0.002060,0.002060,0.002022,0.002098,0.002060,0.002060,0.002022,0.001984,0.002060,0.002060,0.002022,0.002060,0.002060,0.002022,0.001945,0.002022,0.002022,0.002022,0.002022,0.002022,0.002022,0.001984,0.001984,0.002022,0.002022,0.002060,0.001984,0.001984,0.002022,0.001984,0.001984,0.001984,0.002060,0.002022,0.002022,0.002060,0.002060,0.002022,0.002022,0.002022,0.002022,0.002022,0.002022,0.001984,0.002022,0.002060,0.001984,0.002060,0.002022,0.002022,0.002060,0.002098,0.002098,0.002022,0.002060,0.002022,0.002060,0.002098,0.002060,0.002060,0.002060,0.002060,0.002022,0.002098,0.002060,0.002060,0.002098,0.002060,0.002060,0.002022,0.002060,0.002060,0.002060,0.002060,0.002098,0.002098,0.002098,0.002098,0.002060,0.002098,0.002022,0.002060,0.002060,0.002098,0.002060,0.002060,0.002060,0.002060,0.002060,0.002060,0.002060,0.002098,0.002098,0.002098,0.002060,0.002060,0.002136,0.002060,0.002060,0.002098,0.002098,0.002098,0.002098,0.002174,0.002022,0.002098,0.002136,0.002098,0.002098,0.002098,0.002136,0.002098,0.002136,0.002136,0.002098,0.002136,0.002174,0.002174,0.002136,0.002174,0.002174,0.002174,0.002174,0.002136,0.002174,0.002098,0.002136,0.002174,0.002098,0.002136,0.002174,0.002098,0.002136,0.002136,0.002136,0.002060,0.002060,0.002136,0.002136,0.002098,0.002098,0.002060,0.002098,0.002098,0.002136,0.002098,0.002060,0.002060,0.002098,0.002136,0.002098,0.002098,0.002136,0.002060,0.002136,0.002136,0.002174,0.002136,0.002098,0.002136,0.002098,0.002136,0.002136,0.002098,0.002136,0.002136,0.002136,0.002213,0.002213,0.002174,0.002136,0.002098,0.002136,0.002136,0.002174,0.002174,0.002174,0.002136,0.002174,0.002174,0.002136,0.002136,0.002174,0.002174,0.002174,0.002136,0.002136,0.002136,0.002136,0.002174,0.002136,0.002174,0.002174,0.002174,0.002213,0.002136,0.002136,0.002136,0.002174,0.002174,0.002174,0.002136,0.002136,0.002174,0.002136,0.002136,0.002174,0.002136,0.002136,0.002136,0.002174,0.002136,0.002136,0.002098,0.002060,0.002098,0.002060,0.002136,0.002098,0.002060,0.002098,0.002060,0.002098,0.002136,0.002098,0.002060,0.002060,0.002060,0.002098,0.002098,0.002136,0.002022,0.002060,0.002022,0.002060,0.002098,0.002060,0.002060,0.002060,0.002060,0.002098,0.002098,0.002060,0.002098,0.002060,0.002098,0.002060,0.002022,0.002060,0.002060,0.002098,0.002060,0.002022,0.002098,0.002136,0.002060,0.002022,0.001984,0.002022,0.002060,0.002060,0.002060,0.002060,0.002022,0.002022,0.001984,0.002098,0.002060,0.002022,0.002098,0.002022,0.002022,0.002060,0.002060,0.002060,0.002022,0.002060,0.002098,0.002060,0.002060,0.002098,0.002098,0.002060,0.002060,0.002022,0.002022,0.002060,0.002060,0.002022,0.002022,0.002098,0.002098,0.002060,0.002060,0.002060,0.002060,0.002060,0.002060,0.002136,0.002098,0.002060,0.002060,0.002060,0.002098,0.002098,0.002060,0.002060,0.002060,0.002136,0.002098,0.002060,0.002136,0.002060,0.002136,0.002060,0.002098,0.002136,0.002022,0.002098,0.002060,0.002060,0.002060,0.002060,0.002060,0.002022,0.002022,0.002060,0.002060,0.002060,0.002022,0.002022,0.002060,0.002098,0.002136,0.002098,0.002060,0.002136,0.002136,0.002136,0.002098,0.002098,0.002098,0.002098,0.002174,0.002174,0.002136,0.002098,0.002174,0.002136,0.002098,0.002174,0.002136,0.002136,0.002136,0.002174,0.002136,0.002136,0.002136,0.002174,0.002174,0.002213,0.002136,0.002174,0.002174,0.002174,0.002174,0.002136,0.002136,0.002136,0.002213,0.002174,0.002136,0.002174,0.002213,0.002174,0.002213,0.002213,0.002213,0.002174,0.002174,0.002213,0.002174,0.002213,0.002136,0.002174,0.002136,0.002174,0.002174,0.002136,0.002174,0.002136,0.002098,0.002136,0.002136,0.002136,0.002136,0.002098,0.002098,0.002060,0.002098,0.002060,0.002098,0.002060,0.002060,0.002022,0.002098,0.002060,0.002022,0.002060,0.002022,0.002022,0.002060,0.002098,0.002022,0.002022,0.002022,0.002060,0.002060,0.002098,0.002098,0.002022,0.002060,0.002060,0.002060,0.002022,0.002060,0.002022,0.001984,0.002022,0.001907,0.001984,0.001984,0.002022,0.002022,0.002022,0.002022,0.002022,0.002060,0.002022,0.001984,0.002022,0.002022,0.002022,0.002022,0.002022,0.002060,0.001984,0.002022,0.002060,0.001984,0.001984,0.002022,0.002060,0.002022,0.002022,0.002022,0.001984,0.002060,0.002060,0.002060,0.002060,0.001984,0.002022,0.002022,0.002060,0.002098,0.002060,0.002022,0.002022,0.002060,0.002060,0.002022,0.002060,0.002060,0.002060,0.002098,0.002022,0.002098,0.002060,0.002060,0.002060,0.002060,0.002060,0.002060,0.002060,0.002060,0.002060,0.002098,0.002060,0.002060,0.002098,0.002136,0.002060,0.002060,0.002136,0.002136,0.002136,0.002098,0.002136,0.002136,0.002098,0.002136,0.002098,0.002098,0.002174,0.002098,0.002174,0.002136,0.002136,0.002174,0.002174,0.002213,0.002213,0.002136,0.002174,0.002136,0.002213,0.002213,0.002251,0.002213,0.002136,0.002136,0.002174,0.002174,0.002136,0.002174,0.002174,0.002136,0.002213,0.002174,0.002174,0.002213,0.002136,0.002174,0.002136,0.002174,0.002213,0.002136,0.002136,0.002136,0.002060,0.002098,0.002060,0.002136,0.002174,0.002136,0.002136,0.002098,0.002060,0.002098,0.002098,0.002098,0.002022,0.002022,0.002022,0.002060,0.002098,0.002098,0.002060,0.002098,0.002098,0.002060,0.002060,0.002098,0.002060,0.002060,0.002060,0.002098,0.002022,0.001984,0.002022,0.002098,0.002060,0.002060,0.002098,0.002022,0.002022,0.002098,0.002098,0.002060,0.002060,0.002060,0.002060,0.002098,0.002060,0.002022,0.002060,0.002098,0.002136,0.002060,0.002098,0.002060,0.002098,0.002060,0.002060,0.002022,0.002022,0.002022,0.001984,0.002060,0.002060,0.002022,0.002060,0.002060,0.002060,0.002098,0.002060,0.002098,0.002060,0.002060,0.002098,0.002060,0.002022,0.002022,0.002098,0.002060,0.002022,0.002060,0.002098,0.002060,0.002060,0.002098,0.002060,0.002174,0.002136,0.002060,0.002060,0.002022,0.002060,0.002022,0.002060,0.002022,0.002060,0.001984,0.001984,0.002022,0.002022,0.001984,0.002022,0.001984,0.001945,0.001984,0.001945,0.001984,0.001869,0.001831,0.001869,0.001869,0.001793,0.001755,0.001793,0.001755,0.001678,0.001717,0.001717,0.001640,0.001678,0.001640,0.001640,0.001564,0.001602,0.001526,0.001526,0.001488,0.001488,0.001526,0.001488,0.001526,0.001602,0.001602,0.001678,0.001678,0.001793,0.001907,0.002060,0.002251,0.002441,0.002594,0.002785,0.003128,0.003395,0.003624,0.003891,0.004272,0.004654,0.004997,0.005341,0.005722,0.006027,0.006409,0.006752,0.007019,0.007248,0.007401,0.007553,0.007553,0.007477,0.007286,0.007057,0.006752,0.006332,0.005913,0.005455,0.004883,0.004311,0.003777,0.003166,0.002594,0.001984,0.001373,0.000763,0.000153,-0.000343,-0.001030,-0.001602,-0.002251,-0.002899,-0.003433,-0.004005,-0.004387,-0.004768,-0.005074,-0.005341,-0.005417,-0.005341,-0.005188,-0.004959,-0.004654,-0.004272,-0.003853,-0.003395,-0.002937,-0.002365,-0.001831,-0.001373,-0.000839,-0.000343,0.000038,0.000458,0.000763,0.001030,0.001411,0.001640,0.001793,0.002022,0.002213,0.002289,0.002365,0.002365,0.002480,0.002556,0.002670,0.002708,0.002785,0.002899,0.002975,0.003052,0.003052,0.003128,0.003128,0.003204,0.003319,0.003357,0.003433,0.003548,0.003586,0.003738,0.003815,0.003967,0.004044,0.004234,0.004349,0.004425,0.004578,0.004578,0.004654,0.004730,0.004730,0.004768,0.004692,0.004730,0.004692,0.004616,0.004501,0.004425,0.004349,0.004234,0.004158,0.004082,0.003929,0.003853,0.003662,0.003510,0.003433,0.003281,0.003166,0.003052,0.002937,0.002823,0.002708,0.002670,0.002518,0.002480,0.002365,0.002289,0.002289,0.002213,0.002213,0.002022,0.002060,0.002022,0.001945,0.001869,0.001831,0.001793,0.001755,0.001793,0.001831,0.001793,0.001793,0.001793,0.001869,0.001907,0.001907,0.001945,0.001984,0.001984,0.002022,0.002060,0.002060,0.002060,0.002060,0.002022,0.001984,0.001984,0.001984,0.001907,0.001869,0.001831,0.001869,0.001831,0.001793,0.001793,0.001793,0.001755,0.001755,0.001717,0.001755,0.001717,0.001678,0.001602,0.001640,0.001564,0.001526,0.001488,0.001488,0.001450,0.001450,0.001488,0.001526,0.001526,0.001564,0.001640,0.001678,0.001717,0.001793,0.001907,0.001869,0.001907,0.001945,0.001907,0.001907,0.001869,0.001907,0.001869,0.001869,0.001945,0.001907,0.001831,0.001869,0.001831,0.001907,0.001907,0.001984,0.001945,0.001984,0.001984,0.001945,0.001984,0.002022,0.002022,0.001984,0.001907,0.001984,0.001945,0.001869,0.001869,0.001869,0.001869,0.001907,0.001907,0.001869,0.001907,0.001984,0.001945,0.002022,0.002098,0.002174,0.002213,0.002251,0.002403,0.002365,0.002480,0.002518,0.002556,0.002556,0.002594,0.002594,0.002632,0.002594,0.002556,0.002518,0.002403,0.002403,0.002289,0.002213,0.002098,0.002060,0.001984,0.001945,0.001945,0.001869,0.001869,0.001907,0.001869,0.001831,0.001869,0.001945,0.001907,0.001907,0.001869,0.001907,0.001907,0.001869,0.001869,0.001831,0.001831,0.001755,0.001640,0.001640,0.001602,0.001564,0.001564,0.001526,0.001526,0.001450,0.001450,0.001488,0.001411,0.001411,0.001411,0.001373,0.001450,0.001450,0.001450,0.001373,0.001373,0.001450,0.001526,0.001526,0.001526,0.001602,0.001678,0.001640,0.001755,0.001831,0.001907,0.001984,0.002022,0.002174,0.002213,0.002289,0.002403,0.002441,0.002518,0.002594,0.002632,0.002670,0.002747,0.002823,0.002785,0.002823,0.002785,0.002785,0.002785,0.002785,0.002747,0.002747,0.002708,0.002708,0.002708,0.002670,0.002632,0.002670,0.002632,0.002594,0.002670,0.002708,0.002632,0.002670,0.002594,0.002594,0.002556,0.002594,0.002480,0.002441,0.002480,0.002403,0.002365,0.002327,0.002289,0.002251,0.002213,0.002251,0.002136,0.002136,0.002136,0.002098,0.002213,0.002136,0.002136,0.002136,0.002174,0.002174,0.002174,0.002213,0.002136,0.002136,0.002136,0.002022,0.002098,0.002136,0.002098,0.002098,0.002136,0.002174,0.002136,0.002098,0.002136,0.002174,0.002251,0.002251,0.002251,0.002213,0.002289,0.002365,0.002441,0.002480,0.002556,0.002556,0.002594,0.002632,0.002632,0.002670,0.002632,0.002670,0.002594,0.002594,0.002518,0.002480,0.002480,0.002365,0.002327,0.002213,0.002136,0.002136,0.001984,0.001945,0.001907,0.001869,0.001793,0.001793,0.001717,0.001755,0.001755,0.001793,0.001717,0.001755,0.001755,0.001831,0.001869,0.001869,0.002022,0.001984,0.002022,0.002098,0.002136,0.002174,0.002136,0.002174,0.002174,0.002174,0.002136,0.002213,0.002174,0.002136,0.002136,0.002098,0.002098,0.002022,0.001984,0.001945,0.001907,0.001907,0.001831,0.001831,0.001869,0.001793,0.001793,0.001755,0.001717,0.001678,0.001640,0.001678,0.001602,0.001640,0.001640,0.001526,0.001526,0.001602,0.001526,0.001602,0.001602,0.001640,0.001717,0.001755,0.001717,0.001717,0.001793,0.001831,0.001869,0.001907,0.001984,0.001984,0.001984,0.001984,0.002022,0.002060,0.002060,0.002098,0.002098,0.002136,0.002098,0.002174,0.002136,0.002136,0.002174,0.002136,0.002213,0.002213,0.002213,0.002213,0.002251,0.002289,0.002251,0.002213,0.002213,0.002213,0.002251,0.002251,0.002174,0.002174,0.002174,0.002213,0.002213,0.002213,0.002136,0.002174,0.002136,0.002136,0.002098,0.002098,0.002136,0.002174,0.002174,0.002136,0.002213,0.002251,0.002213,0.002136,0.002174,0.002213,0.002213,0.002174,0.002213,0.002136,0.002174,0.002213,0.002136,0.002098,0.002098,0.002060,0.002060,0.002022,0.001984,0.001984,0.001945,0.001907,0.001869,0.001869,0.001831,0.001831,0.001831,0.001755,0.001755,0.001755,0.001717,0.001717,0.001678,0.001717,0.001717,0.001678,0.001602,0.001678,0.001717,0.001678,0.001640,0.001717,0.001678,0.001678,0.001678,0.001755,0.001869,0.001831,0.001869,0.001907,0.001984,0.001984,0.002060,0.002136,0.002098,0.002174,0.002174,0.002213,0.002327,0.002365,0.002327,0.002327,0.002403,0.002441,0.002403,0.002441,0.002441,0.002441,0.002480,0.002480,0.002518,0.002556,0.002594,0.002518,0.002518,0.002518,0.002518,0.002518,0.002556,0.002556,0.002556,0.002480,0.002556,0.002518,0.002518,0.002480,0.002480,0.002480,0.002441,0.002403,0.002403,0.002289,0.002251,0.002251,0.002213,0.002174,0.002174,0.002174,0.002060,0.002022,0.002022,0.002022,0.002022,0.001945,0.001907,0.001984,0.001945,0.001984,0.001984,0.002022,0.002060,0.002098,0.002098,0.002098,0.002213,0.002174,0.002251,0.002251,0.002289,0.002289,0.002289,0.002365,0.002403,0.002327,0.002365,0.002327,0.002327,0.002251,0.002289,0.002289,0.002289,0.002213,0.002213,0.002174,0.002136,0.002098,0.002060,0.001984,0.001945,0.001984,0.001945,0.001945,0.001869,0.001907,0.001831,0.001831,0.001831,0.001831,0.001793,0.001831,0.001793,0.001755,0.001717,0.001755,0.001793,0.001755,0.001755,0.001717,0.001717,0.001755,0.001755,0.001793,0.001755,0.001755,0.001831,0.001793,0.001755,0.001755,0.001831,0.001793,0.001793,0.001793,0.001755,0.001755,0.001755,0.001755,0.001793,0.001755,0.001869,0.001869,0.001869,0.001831,0.001869,0.001907,0.001945,0.001984,0.002022,0.002022,0.002098,0.002136,0.002213,0.002213,0.002213,0.002289,0.002251,0.002289,0.002251,0.002365,0.002365,0.002365,0.002327,0.002289,0.002289,0.002289,0.002213,0.002289,0.002289,0.002251,0.002251,0.002213,0.002251,0.002213,0.002174,0.002136,0.002174,0.002136,0.002136,0.002136,0.002098,0.002136,0.002060,0.002060,0.002136,0.002098,0.002136,0.002136,0.002098,0.002136,0.002022,0.002060,0.002098,0.002060,0.002098,0.002060,0.002098,0.002098,0.002098,0.002060,0.002098,0.002060,0.002174,0.002136,0.002136,0.002136,0.002136,0.002136,0.002174,0.002174,0.002136,0.002174,0.002136,0.002174,0.002213,0.002174,0.002213,0.002174,0.002251,0.002213,0.002289,0.002213,0.002174,0.002136,0.002136,0.002136,0.002136,0.002060,0.002098,0.002098,0.002060,0.002098,0.002060,0.002060,0.002060,0.002098,0.002060,0.002098,0.002060,0.001984,0.002022,0.002060,0.001984,0.002022,0.002022,0.002022,0.002022,0.002136,0.002060,0.002060,0.002098,0.002098,0.002098,0.002136,0.002060,0.002174,0.002136,0.002136,0.002213,0.002136,0.002213,0.002174,0.002213,0.002213,0.002213,0.002251,0.002174,0.002213,0.002213,0.002213,0.002174,0.002174,0.002136,0.002098,0.002098,0.002098,0.001984,0.001984,0.001984,0.001945,0.001984,0.001907,0.001907,0.001831,0.001869,0.001945,0.001831,0.001869,0.001945,0.001907,0.001907,0.001984,0.001984,0.001984,0.001984,0.002022,0.001984,0.002022,0.002060,0.002022,0.002098,0.002098,0.002060,0.002022,0.002060,0.002136,0.002098,0.002136,0.002136,0.002136,0.002098,0.002174,0.002136,0.002098,0.002098,0.002060,0.002060,0.002098,0.002098,0.002098,0.002060,0.002060,0.001984,0.001984,0.001984,0.002022,0.002022,0.001984,0.001945,0.001945,0.001984,0.001984,0.001907,0.001869,0.001907,0.001907,0.001945,0.001945,0.001907,0.001907,0.001907,0.001984,0.002022,0.002060,0.002022,0.002060,0.002098,0.002060,0.002136,0.002136,0.002174,0.002251,0.002136,0.002174,0.002174,0.002213,0.002251,0.002213,0.002251,0.002251,0.002327,0.002251,0.002251,0.002251,0.002251,0.002289,0.002327,0.002289,0.002289,0.002251,0.002251,0.002289,0.002251,0.002251,0.002289,0.002289,0.002289,0.002251,0.002213,0.002251,0.002213,0.002136,0.002174,0.002174,0.002213,0.002174,0.002136,0.002098,0.002098,0.002098,0.002174,0.002136,0.002098,0.002136,0.002022,0.002060,0.002022,0.002060,0.001984,0.002022,0.002060,0.002022,0.002060,0.002060,0.002022,0.002098,0.002022,0.002136,0.002174,0.002213,0.002289,0.002289,0.002289,0.002327,0.002403,0.002518,0.002518,0.002594,0.002556,0.002594,0.002594,0.002708,0.002670,0.002708,0.002708,0.002747,0.002708,0.002785,0.002708,0.002670,0.002632,0.002670,0.002632,0.002518,0.002518,0.002518,0.002480,0.002403,0.002327,0.002289,0.002251,0.002289,0.002251,0.002136,0.002213,0.002136,0.002060,0.002060,0.001984,0.001907,0.001793,0.001755,0.001717,0.001564,0.001488,0.001335,0.001297,0.001183,0.001106,0.001106,0.000954,0.000916,0.000954,0.000877,0.000916,0.000916,0.001030,0.001030,0.000992,0.001144,0.001183,0.001335,0.001373,0.001488,0.001602,0.001717,0.001831,0.001869,0.001984,0.002060,0.002098,0.002174,0.002174,0.002251,0.002289,0.002327,0.002327,0.002327,0.002403,0.002403,0.002365,0.002365,0.002365,0.002327,0.002289,0.002251,0.002213,0.002213,0.002213,0.002213,0.002174,0.002213,0.002174,0.002213,0.002174,0.002213,0.002213,0.002174,0.002251,0.002289,0.002289,0.002365,0.002365,0.002480,0.002403,0.002480,0.002518,0.002480,0.002556,0.002480,0.002556,0.002480,0.002518,0.002556,0.002480,0.002441,0.002441,0.002403,0.002365,0.002327,0.002289,0.002213,0.002174,0.002213,0.002174,0.002098,0.002098,0.002098,0.002060,0.001984,0.001984,0.001945,0.001945,0.001945,0.001945,0.002022,0.001945,0.001945,0.001945,0.001945,0.001945,0.001945,0.001945,0.001907,0.001984,0.001945,0.002022,0.002022,0.001945,0.002022,0.002060,0.002022,0.002022,0.001984,0.002022,0.002022,0.002022,0.002022,0.001945,0.002022,0.001984,0.001984,0.001984,0.001907,0.001984,0.002022,0.002022,0.001984,0.002022,0.001984,0.001984,0.002022,0.002022,0.001984,0.002022,0.002060,0.002060,0.002060,0.002022,0.002060,0.002060,0.002136,0.002098,0.002136,0.002174,0.002098,0.002136,0.002174,0.002251,0.002289,0.002251,0.002289,0.002289,0.002327,0.002327,0.002327,0.002365,0.002327,0.002441,0.002365,0.002327,0.002403,0.002327,0.002365,0.002289,0.002289,0.002289,0.002327,0.002327,0.002289,0.002251,0.002251,0.002251,0.002213,0.002213,0.002213,0.002213,0.002136,0.002136,0.002136,0.002136,0.002174,0.002098,0.002098,0.002098,0.002098,0.002060,0.002060,0.002098,0.002060,0.002060,0.002136,0.002136,0.002098,0.002098,0.002136,0.002136,0.002136,0.002136,0.002136,0.002136,0.002213,0.002251,0.002289,0.002213,0.002251,0.002289,0.002289,0.002289,0.002365,0.002365,0.002327,0.002403,0.002441,0.002365,0.002403,0.002365,0.002441,0.002365,0.002403,0.002403,0.002327,0.002365,0.002365,0.002251,0.002251,0.002213,0.002213,0.002136,0.002098,0.002060,0.002022,0.002060,0.001984,0.001945,0.001984,0.001945,0.001945,0.001869,0.001945,0.001945,0.001907,0.001869,0.001831,0.001869,0.001869,0.001869,0.001869,0.001793,0.001831,0.001793,0.001793,0.001831,0.001755,0.001793,0.001793,0.001793,0.001831,0.001793,0.001831,0.001869,0.001907,0.001831,0.001831,0.001945,0.001945,0.001907,0.001907,0.001945,0.001907,0.001945,0.001945,0.001945,0.001984,0.002022,0.002022,0.002136,0.002022,0.002098,0.002098,0.002136,0.002174,0.002174,0.002213,0.002174,0.002136,0.002174,0.002213,0.002213,0.002213,0.002174,0.002213,0.002213,0.002174,0.002136,0.002098,0.002136,0.002213,0.002174,0.002136,0.002098,0.002098,0.002060,0.002060,0.002098,0.002098,0.002136,0.002098,0.002060,0.002098,0.002136,0.002098,0.002098,0.002174,0.002098,0.002174,0.002136,0.002136,0.002136,0.002098,0.002174,0.002213,0.002136,0.002098,0.002098,0.002060,0.002098,0.002060,0.002022,0.002022,0.002098,0.002022,0.001945,0.001984,0.001945,0.001907,0.001907,0.001869,0.001869,0.001869,0.001869,0.001869,0.001869,0.001869,0.001831,0.001945,0.001907,0.001945,0.001984,0.001945,0.001945,0.001945,0.001945,0.001984,0.002060,0.002060,0.002022,0.002060,0.002022,0.002060,0.002098,0.002098,0.002136,0.002098,0.002060,0.002098,0.002060,0.002060,0.002098,0.002136,0.002098,0.002060,0.002060,0.001984,0.002060,0.002098,0.001984,0.002060,0.002022,0.002060,0.002060,0.002098,0.002060,0.002022,0.002098,0.002098,0.002060,0.002098,0.002098,0.002136,0.002174,0.002251,0.002213,0.002213,0.002213,0.002174,0.002289,0.002289,0.002289,0.002289,0.002251,0.002327,0.002251,0.002251,0.002365,0.002289,0.002251,0.002251,0.002251,0.002289,0.002289,0.002289,0.002251,0.002251,0.002174,0.002136,0.002174,0.002136,0.002098,0.002098,0.002098,0.002098,0.002098,0.002136,0.002098,0.002060,0.002098,0.002098,0.002098,0.002098,0.002098,0.002060,0.002060,0.002060,0.002136,0.002136,0.002136,0.002174,0.002213,0.002174,0.002251,0.002213,0.002174,0.002213,0.002251,0.002289,0.002289,0.002251,0.002251,0.002289,0.002327,0.002327,0.002327,0.002327,0.002251,0.002289,0.002251,0.002289,0.002251,0.002174,0.002213,0.002213,0.002174,0.002136,0.002136,0.002174,0.002136,0.002098,0.002060,0.002060,0.002060,0.002060,0.002022,0.001984,0.001907,0.001984,0.001945,0.001869,0.001869,0.001831,0.001869,0.001831,0.001831,0.001831,0.001755,0.001793,0.001755,0.001755,0.001717,0.001717,0.001678,0.001717,0.001717,0.001678,0.001717,0.001717,0.001717,0.001717,0.001717,0.001755,0.001755,0.001755,0.001678,0.001755,0.001755,0.001717,0.001755,0.001793,0.001755,0.001793,0.001755,0.001755,0.001755,0.001793,0.001831,0.001831,0.001831,0.001869,0.001907,0.001907,0.001907,0.001945,0.001984,0.001984,0.002022,0.002060,0.002060,0.002060,0.002098,0.002136,0.002098,0.002213,0.002213,0.002213,0.002251,0.002213,0.002327,0.002327,0.002327,0.002365,0.002289,0.002327,0.002365,0.002365,0.002441,0.002365,0.002403,0.002403,0.002365,0.002403,0.002403,0.002403,0.002289,0.002327,0.002327,0.002289,0.002327,0.002327,0.002289,0.002289,0.002213,0.002251,0.002251,0.002213,0.002213,0.002136,0.002213,0.002213,0.002174,0.002136,0.002136,0.002060,0.002060,0.002098,0.002098,0.002060,0.001984,0.001945,0.002060,0.002022,0.001984,0.001984,0.002022,0.002022,0.002022,0.002022,0.002022,0.002022,0.001984,0.001984,0.002022,0.002022,0.002022,0.002022,0.001984,0.001984,0.001984,0.001984,0.001984,0.001945,0.001984,0.001945,0.001945,0.001907,0.001907,0.001907,0.001907,0.001945,0.001945,0.001945,0.001945,0.001984,0.002022,0.001945,0.001984,0.002022,0.002060,0.002022,0.002022,0.002060,0.002022,0.002022,0.002098,0.002022,0.002022,0.002060,0.002098,0.002136,0.002136,0.002136,0.002098,0.002098,0.002098,0.002098,0.002136,0.002174,0.002060,0.002022,0.002098,0.002098,0.002022,0.002022,0.002098,0.002098,0.002098,0.002136,0.002098,0.002098,0.002098,0.002136,0.002136,0.002098,0.002136,0.002136,0.002174,0.002174,0.002174,0.002136,0.002174,0.002174,0.002174,0.002174,0.002251,0.002136,0.002136,0.002174,0.002213,0.002289,0.002213,0.002213,0.002213,0.002213,0.002213,0.002136,0.002174,0.002213,0.002174,0.002098,0.002098,0.002174,0.002136,0.002136,0.002136,0.002136,0.002174,0.002136,0.002136,0.002174,0.002174,0.002136,0.002174,0.002213,0.002174,0.002136,0.002060,0.002098,0.002136,0.002098,0.002136,0.002136,0.002136,0.002098,0.002060,0.002098,0.002060,0.002098,0.002060,0.002022,0.002060,0.002060,0.001984,0.001984,0.001984,0.002022,0.001984,0.001945,0.001984,0.001945,0.001907,0.001907,0.001984,0.001945,0.001945,0.001984,0.001907,0.001907,0.001907,0.001869,0.001945,0.001831,0.001945,0.001907,0.001907,0.001945,0.001945,0.001907,0.001945,0.001907,0.001907,0.001869,0.001907,0.001907,0.001945,0.001945,0.001945,0.001984,0.002022,0.002060,0.002022,0.001984,0.002022,0.002098,0.002098,0.002098,0.002098,0.002060,0.002098,0.002136,0.002136,0.002174,0.002136,0.002174,0.002136,0.002136,0.002213,0.002213,0.002174,0.002174,0.002174,0.002251,0.002251,0.002251,0.002213,0.002136,0.002174,0.002174,0.002174,0.002174,0.002136,0.002136,0.002174,0.002213,0.002136,0.002136,0.002174,0.002174,0.002174,0.002174,0.002213,0.002174,0.002060,0.002136,0.002174,0.002136,0.002098,0.002136,0.002136,0.002136,0.002174,0.002174,0.002136,0.002174,0.002174,0.002174,0.002174,0.002136,0.002213,0.002213,0.002174,0.002136,0.002174,0.002136,0.002136,0.002174,0.002213,0.002136,0.002213,0.002213,0.002174,0.002174,0.002213,0.002174,0.002136,0.002136,0.002136,0.002136,0.002174,0.002136,0.002098,0.002136,0.002060,0.002098,0.002136,0.002136,0.002098,0.002136,0.002098,0.002098,0.002098,0.002098,0.002098,0.002098,0.002098,0.002098,0.002060,0.002098,0.002060,0.002136,0.002136,0.002136,0.002136,0.002098,0.002136,0.002098,0.002136,0.002174,0.002022,0.002136,0.002098,0.002213,0.002174,0.002136,0.002174,0.002174,0.002136,0.002213,0.002098,0.002098,0.002136,0.002136,0.002174,0.002174,0.002136,0.002136,0.002174,0.002174,0.002136,0.002136,0.002136,0.002136,0.002136,0.002022,0.002098,0.002060,0.002060,0.002098,0.002022,0.002022,0.002022,0.002060,0.002060,0.001984,0.002022,0.002060,0.002060,0.002022,0.002022,0.002022,0.001984,0.002022,0.002060,0.002022,0.002022,0.002022,0.002060,0.002022,0.002060,0.002098,0.002098,0.002098,0.002098,0.002174,0.002136,0.002136,0.002136,0.002174,0.002174,0.002174,0.002213,0.002251,0.002251,0.002289,0.002251,0.002289,0.002327,0.002289,0.002365,0.002441,0.002480,0.002403,0.002480,0.002403,0.002403,0.002441,0.002441,0.002403,0.002403,0.002289,0.002327,0.002213,0.002213,0.002213,0.002174,0.002136,0.002098,0.002022,0.002022,0.002022,0.001907,0.001831,0.001869,0.001869,0.001831,0.001831,0.001831,0.001831,0.001793,0.001793,0.001793,0.001755,0.001831,0.001831,0.001831,0.001869,0.001945,0.001945,0.001907,0.001945,0.002022,0.002022,0.002136,0.002060,0.002022,0.002060,0.002060,0.002098,0.002060,0.002098,0.002060,0.001984,0.002022,0.001984,0.002022,0.001945,0.001984,0.001984,0.002022,0.001984,0.002022,0.001945,0.001907,0.001984,0.002060,0.001984,0.001945,0.002060,0.002060,0.002098,0.002098,0.002136,0.002098,0.002098,0.002136,0.002136,0.002136,0.002174,0.002174,0.002251,0.002213,0.002251,0.002213,0.002213,0.002289,0.002251,0.002289,0.002251,0.002251,0.002251,0.002327,0.002365,0.002251,0.002327,0.002251,0.002289,0.002289,0.002251,0.002213,0.002251,0.002213,0.002251,0.002251,0.002327,0.002327,0.002251,0.002289,0.002289,0.002327,0.002327,0.002251,0.002289,0.002251,0.002327,0.002251,0.002289,0.002327,0.002289,0.002289,0.002251,0.002174,0.002174,0.002174,0.002136,0.002174,0.002136,0.002098,0.002022,0.002060,0.002022,0.001945,0.001945,0.001907,0.001869,0.001831,0.001869,0.001869,0.001793,0.001793,0.001793,0.001793,0.001793,0.001717,0.001793,0.001869,0.001793,0.001793,0.001755,0.001793,0.001793,0.001869,0.001793,0.001831,0.001831,0.001831,0.001869,0.001869,0.001945,0.001945,0.001907,0.001945,0.001984,0.001945,0.001984,0.001984,0.002060,0.002022,0.002022,0.002060,0.002060,0.002098,0.002060,0.002136,0.002098,0.002098,0.002098,0.002060,0.002060,0.002098,0.002136,0.002060,0.002098,0.002060,0.002098,0.002060,0.002098,0.002060,0.002098,0.002098,0.002098,0.002136,0.002136,0.002060,0.002060,0.002098,0.002098,0.002136,0.002174,0.002098,0.002060,0.002060,0.002098,0.002136,0.002136,0.002213,0.002174,0.002136,0.002174,0.002213,0.002213,0.002136,0.002136,0.002213,0.002213,0.002213,0.002213,0.002251,0.002289,0.002213,0.002213,0.002174,0.002213,0.002213,0.002213,0.002289,0.002213,0.002251,0.002251,0.002251,0.002213,0.002174,0.002174,0.002174,0.002174,0.002174,0.002098,0.002098,0.002098,0.002060,0.002060,0.001984,0.001984,0.002022,0.002022,0.002022,0.001984,0.002022,0.001984,0.002022,0.002060,0.002060,0.002022,0.002022,0.002098,0.002098,0.002174,0.002136,0.002136,0.002136,0.002136,0.002098,0.002098,0.002098,0.002098,0.002098,0.002136,0.002098,0.002060,0.002060,0.001984,0.001984,0.002022,0.001907,0.001945,0.001907,0.001945,0.001907,0.001907,0.001831,0.001869,0.001869,0.001907,0.001869,0.001869,0.001945,0.001907,0.001869,0.001907,0.001945,0.001945,0.001984,0.002022,0.002098,0.002098,0.002136,0.002098,0.002098,0.002098,0.002136,0.002098,0.002213,0.002174,0.002213,0.002174,0.002136,0.002136,0.002098,0.002098,0.002098,0.002098,0.002098,0.002098,0.002098,0.002022,0.002060,0.002022,0.001945,0.001984,0.002022,0.002022,0.002060,0.002098,0.002060,0.001984,0.001984,0.002022,0.002060,0.002022,0.001984,0.001984,0.002060,0.002098,0.002060,0.002060,0.002136,0.002098,0.002174,0.002136,0.002136,0.002213,0.002174,0.002251,0.002174,0.002213,0.002251,0.002251,0.002251,0.002213,0.002289,0.002327,0.002327,0.002251,0.002289,0.002327,0.002289,0.002289,0.002327,0.002289,0.002327,0.002289,0.002251,0.002251,0.002251,0.002251,0.002213,0.002213,0.002213,0.002174,0.002174,0.002136,0.002136,0.002098,0.002060,0.002060,0.002098,0.002098,0.002136,0.002098,0.002098,0.002060,0.002022,0.002098,0.002060,0.002060,0.002022,0.002060,0.002098,0.002060,0.002060,0.002060,0.002060,0.002022,0.002022,0.002060,0.002022,0.001945,0.001907,0.001907,0.001945,0.001945,0.001907,0.001907,0.001793,0.001831,0.001907,0.001869,0.001831,0.001793,0.001793,0.001793,0.001831,0.001831,0.001869,0.001793,0.001793,0.001869,0.001869,0.001907,0.001907,0.001907,0.001907,0.001831,0.001907,0.001869,0.001907,0.001945,0.001945,0.001945,0.001945,0.001984,0.001907,0.001945,0.001984,0.001984,0.001984,0.001945,0.001945,0.002060,0.001945,0.002022,0.001984,0.001984,0.001984,0.002022,0.001984,0.001945,0.001945,0.001945,0.001945,0.001984,0.001945,0.001984,0.002060,0.002022,0.001984,0.002022,0.002060,0.002022,0.002022,0.002060,0.002098,0.002060,0.002060,0.002136,0.002136,0.002098,0.002136,0.002174,0.002174,0.002213,0.002213,0.002174,0.002289,0.002251,0.002213,0.002213,0.002213,0.002251,0.002289,0.002327,0.002289,0.002289,0.002327,0.002327,0.002365,0.002365,0.002365,0.002365,0.002403,0.002365,0.002403,0.002403,0.002403,0.002441,0.002403,0.002403,0.002403,0.002403,0.002365,0.002365,0.002289,0.002327,0.002289,0.002289,0.002213,0.002213,0.002213,0.002136,0.002098,0.002022,0.001945,0.001984,0.001907,0.001984,0.001907,0.001869,0.001869,0.001793,0.001793,0.001793,0.001755,0.001793,0.001793,0.001793,0.001755,0.001793,0.001793,0.001831,0.001793,0.001831,0.001869,0.001907,0.001831,0.001869,0.001907,0.001945,0.001945,0.001907,0.001984,0.001984,0.001907,0.002022,0.002022,0.002022,0.002098,0.002060,0.002060,0.002098,0.002136,0.002136,0.002098,0.002174,0.002213,0.002213,0.002213,0.002251,0.002251,0.002289,0.002251,0.002289,0.002289,0.002289,0.002289,0.002327,0.002289,0.002289,0.002289,0.002327,0.002327,0.002365,0.002365,0.002327,0.002327,0.002403,0.002365,0.002327,0.002365,0.002365,0.002327,0.002289,0.002327,0.002327,0.002289,0.002327,0.002327,0.002327,0.002289,0.002289,0.002327,0.002327,0.002365,0.002289,0.002327,0.002289,0.002327,0.002327,0.002289,0.002251,0.002213,0.002213,0.002289,0.002251,0.002213,0.002174,0.002213,0.002213,0.002213,0.002174,0.002174,0.002174,0.002174,0.002174,0.002213,0.002174,0.002174,0.002174,0.002136,0.002174,0.002098,0.002136,0.002098,0.002060,0.002060,0.002136,0.002098,0.002060,0.002022,0.001945,0.002022,0.002022,0.001945,0.001984,0.001984,0.001945,0.001945,0.001984,0.001984,0.001945,0.001907,0.001945,0.001907,0.001907,0.001945,0.001945,0.001945,0.001984,0.001984,0.002022,0.001984,0.001984,0.001984,0.001984,0.001984,0.002022,0.002022,0.002022,0.001984,0.002022,0.001984,0.001984,0.002022,0.002060,0.002022,0.001984,0.002060,0.002060,0.002060,0.002022,0.002022,0.002136,0.002136,0.002060,0.002098,0.002174,0.002174,0.002136,0.002136,0.002174,0.002213,0.002251,0.002251,0.002251,0.002251,0.002289,0.002289,0.002289,0.002251,0.002289,0.002327,0.002289,0.002289,0.002327,0.002289,0.002251,0.002365,0.002327,0.002251,0.002289,0.002251,0.002289,0.002289,0.002289,0.002251,0.002213,0.002174,0.002213,0.002213,0.002174,0.002213,0.002251,0.002136,0.002136,0.002098,0.002174,0.002098,0.002098,0.002174,0.002136,0.002060,0.002098,0.002098,0.002060,0.002060,0.002060,0.002174,0.002098,0.002098,0.002136,0.002136,0.002098,0.002098,0.002098,0.002098,0.002098,0.002098,0.002098,0.002060,0.002060,0.002098,0.002060,0.002022,0.002022,0.001945,0.002022,0.001984,0.001984,0.002022,0.001907,0.001907,0.001984,0.001945,0.001984,0.001907,0.001907,0.001869,0.001869,0.001831,0.001831,0.001831,0.001945,0.001869,0.001869,0.001869,0.001869,0.001869,0.001907,0.001869,0.001793,0.001869,0.001907,0.001907,0.001907,0.001945,0.001945,0.001945,0.001907,0.001945,0.001907,0.001984,0.002022,0.001945,0.001945,0.001984,0.002060,0.002060,0.001984,0.002060,0.002098,0.002060,0.002136,0.002060,0.002136,0.002174,0.002174,0.002136,0.002251,0.002251,0.002251,0.002213,0.002251,0.002251,0.002251,0.002251,0.002289,0.002327,0.002327,0.002327,0.002289,0.002289,0.002289,0.002289,0.002289,0.002251,0.002251,0.002251,0.002289,0.002289,0.002251,0.002213,0.002251,0.002251,0.002213,0.002174,0.002174,0.002174,0.002174,0.002174,0.002251,0.002213,0.002136,0.002174,0.002136,0.002174,0.002136,0.002174,0.002174,0.002213,0.002213,0.002174,0.002174,0.002174,0.002174,0.002251,0.002213,0.002136,0.002174,0.002136,0.002174,0.002174,0.002136,0.002213,0.002174,0.002136,0.002136,0.002213,0.002213,0.002213,0.002174,0.002213,0.002174,0.002213,0.002213,0.002174,0.002174,0.002213,0.002213,0.002213,0.002174,0.002136,0.002174,0.002251,0.002174,0.002174,0.002174,0.002213,0.002213,0.002174,0.002174,0.002174,0.002174,0.002213,0.002136,0.002174,0.002213,0.002136,0.002136,0.002136,0.002174,0.002174,0.002174,0.002136,0.002136,0.002174,0.002213,0.002136,0.002136,0.002174,0.002213,0.002136,0.002098,0.002174,0.002174,0.002174,0.002174,0.002136,0.002213,0.002174,0.002174,0.002213,0.002213,0.002213,0.002251,0.002213,0.002174,0.002213,0.002251,0.002251,0.002251,0.002213,0.002213,0.002174,0.002174,0.002213,0.002213,0.002174,0.002174,0.002174,0.002136,0.002136,0.002136,0.002060,0.002098,0.002060,0.002060,0.002022,0.001984,0.001945,0.001945,0.001945,0.001907,0.001907,0.001907,0.001869,0.001869,0.001869,0.001755,0.001869,0.001831,0.001793,0.001869,0.001869,0.001793,0.001831,0.001869,0.001831,0.001793,0.001869,0.001869,0.001869,0.001869,0.001907,0.001907,0.001869,0.001907,0.001945,0.001945,0.001984,0.002098,0.002098,0.002098,0.002060,0.002060,0.002136,0.002174,0.002136,0.002174,0.002213,0.002213,0.002289,0.002251,0.002213,0.002251,0.002251,0.002251,0.002251,0.002289,0.002251,0.002251,0.002174,0.002136,0.002213,0.002251,0.002174,0.002213,0.002098,0.002174,0.002174,0.002136,0.002136,0.002136,0.002136,0.002136,0.002213,0.002098,0.002136,0.002174,0.002213,0.002174,0.002174,0.002174,0.002174,0.002174,0.002213,0.002289,0.002213,0.002251,0.002213,0.002213,0.002251,0.002251,0.002213,0.002174,0.002174,0.002174,0.002174,0.002136,0.002174,0.002136,0.002060,0.002022,0.001984,0.001945,0.001869,0.001831,0.001831,0.001793,0.001755,0.001793,0.001717,0.001717,0.001717,0.001717,0.001755,0.001717,0.001717,0.001793,0.001793,0.001755,0.001793,0.001869,0.001869,0.001869,0.001907,0.001945,0.001945,0.001907,0.001945,0.001984,0.001984,0.001945,0.002060,0.002022,0.001984,0.002060,0.002022,0.001984,0.002022,0.002022,0.002022,0.002022,0.001984,0.002022,0.002022,0.001984,0.002022,0.002022,0.001984,0.002022,0.002022,0.002022,0.002060,0.002022,0.002098,0.002098,0.002136,0.002136,0.002174,0.002174,0.002136,0.002174,0.002251,0.002251,0.002251,0.002289,0.002251,0.002289,0.002251,0.002289,0.002251,0.002289,0.002289,0.002327,0.002213,0.002251,0.002213,0.002251,0.002213,0.002213,0.002251,0.002213,0.002174,0.002174,0.002213,0.002213,0.002174,0.002174,0.002174,0.002136,0.002174,0.002174,0.002136,0.002174,0.002174,0.002174,0.002174,0.002136,0.002174,0.002136,0.002136,0.002174,0.002174,0.002136,0.002136,0.002098,0.002174,0.002136,0.002060,0.002136,0.002136,0.002174,0.002098,0.002060,0.002060,0.002022,0.002060,0.002060,0.002098,0.001984,0.001984,0.002060,0.002022,0.001984,0.001984,0.002022,0.001984,0.001984,0.002022,0.002022,0.002060,0.002098,0.001984,0.002098,0.002060,0.002098,0.002060,0.002060,0.002022,0.002060,0.002098,0.002098,0.002022,0.002060,0.002098,0.002098,0.002136,0.002098,0.002098,0.002174,0.002174,0.002136,0.002060,0.002136,0.002136,0.002136,0.002174,0.002174,0.002136,0.002136,0.002098,0.002098,0.002174,0.002136,0.002174,0.002174,0.002136,0.002174,0.002174,0.002136,0.002098,0.002098,0.002136,0.002098,0.002136,0.002098,0.002136,0.002060,0.002060,0.002060,0.002060,0.002060,0.002022,0.001984,0.002022,0.001984,0.001945,0.002022,0.001984,0.001984,0.001984,0.001984,0.001984,0.001984,0.001984,0.001945,0.002022,0.002022,0.001984,0.001984,0.001945,0.002022,0.002060,0.002022,0.002022,0.001984,0.001984,0.002060,0.002022,0.002060,0.002022,0.002060,0.002022,0.002022,0.002022,0.002022,0.002060,0.002022,0.001984,0.001984,0.002022,0.002022,0.002022,0.002060,0.002060,0.002136,0.002174,0.002136,0.002098,0.002098,0.002098,0.002136,0.002098,0.002098,0.002136,0.002174,0.002098,0.002098,0.002136,0.002174,0.002060,0.002098,0.002098,0.002060,0.002098,0.002098,0.002098,0.002060,0.002022,0.002060,0.002098,0.002060,0.002060,0.001984,0.002022,0.002060,0.002060,0.001984,0.002022,0.002060,0.002098,0.002022,0.002022,0.002136,0.002098,0.002098,0.002136,0.002136,0.002174,0.002174,0.002213,0.002174,0.002251,0.002327,0.002289,0.002213,0.002251,0.002327,0.002251,0.002251,0.002251,0.002289,0.002251,0.002251,0.002213,0.002174,0.002251,0.002251,0.002213,0.002213,0.002213,0.002174,0.002174,0.002213,0.002174,0.002174,0.002213,0.002174,0.002098,0.002136,0.002136,0.002174,0.002098,0.002060,0.002098,0.002136,0.002098,0.002098,0.002060,0.002098,0.002060,0.002098,0.002098,0.002022,0.002022,0.002022,0.002060,0.002060,0.002022,0.002060,0.002022,0.002022,0.002022,0.002022,0.001984,0.001984,0.002022,0.002022,0.002022,0.001984,0.001945,0.001945,0.001945,0.001984,0.001984,0.001945,0.001945,0.001984,0.001984,0.001984,0.001984,0.002022,0.001984,0.002022,0.001945,0.001984,0.001984,0.001945,0.001945,0.001984,0.001984,0.001984,0.002022,0.002022,0.002022,0.002022,0.001984,0.002098,0.002060,0.002022,0.002060,0.002060,0.002022,0.002022,0.002060,0.002060,0.002060,0.002098,0.002136,0.002136,0.002136,0.002174,0.002136,0.002136,0.002213,0.002289,0.002174,0.002251,0.002251,0.002251,0.002213,0.002289,0.002251,0.002213,0.002327,0.002289,0.002289,0.002327,0.002289,0.002289,0.002289,0.002251,0.002251,0.002251,0.002251,0.002251,0.002251,0.002213,0.002251,0.002213,0.002251,0.002213,0.002251,0.002174,0.002136,0.002136,0.002213,0.002136,0.002136,0.002174,0.002174,0.002136,0.002098,0.002136,0.002136,0.002098,0.002174,0.002174,0.002136,0.002213,0.002174,0.002174,0.002136,0.002251,0.002174,0.002136,0.002174,0.002136,0.002174,0.002136,0.002174,0.002174,0.002136,0.002174,0.002174,0.002174,0.002136,0.002136,0.002174,0.002098,0.002136,0.002174,0.002136,0.002174,0.002213,0.002136,0.002136,0.002060,0.002060,0.002022,0.001984,0.001984,0.001984,0.001945,0.001945,0.001945,0.001869,0.001869,0.001869,0.001907,0.001907,0.001907,0.001984,0.001945,0.001984,0.002060,0.002060,0.002098,0.002136,0.002174,0.002174,0.002251,0.002327,0.002327,0.002327,0.002365,0.002403,0.002441,0.002403,0.002441,0.002365,0.002365,0.002289,0.002327,0.002327,0.002213,0.002251,0.002174,0.002136,0.002098,0.002060,0.002060,0.001984,0.001945,0.001945,0.001907,0.001945,0.001907,0.001945,0.001907,0.001907,0.001945,0.001945,0.001945,0.001984,0.002022,0.002060,0.002136,0.002098,0.002098,0.002098,0.002136,0.002174,0.002213,0.002213,0.002174,0.002174,0.002289,0.002213,0.002213,0.002213,0.002213,0.002213,0.002174,0.002251,0.002213,0.002213,0.002213,0.002213,0.002136,0.002136,0.002174,0.002174,0.002213,0.002136,0.002174,0.002174,0.002174,0.002213,0.002289,0.002213,0.002213,0.002174,0.002174,0.002213,0.002251,0.002213,0.002289,0.002251,0.002251,0.002289,0.002213,0.002213,0.002213,0.002251,0.002213,0.002213,0.002251,0.002136,0.002174,0.002174,0.002213,0.002213,0.002213,0.002174,0.002136,0.002174,0.002174,0.002136,0.002136,0.002060,0.002098,0.002136,0.002098,0.002098,0.002098,0.002136,0.002136,0.002098,0.002136,0.002098,0.002098,0.002098,0.002098,0.002136,0.002136,0.002136,0.002060,0.002022,0.002060,0.002022,0.001984,0.001984,0.002022,0.002022,0.001984,0.002022,0.001984,0.001984,0.001984,0.001984,0.001984,0.002022,0.002060,0.002060,0.002098,0.002060,0.002060,0.002136,0.002174,0.002136,0.002213,0.002136,0.002174,0.002136,0.002251,0.002136,0.002136,0.002213,0.002174,0.002213,0.002136,0.002136,0.002136,0.002136,0.002136,0.002098,0.002098,0.002060,0.002060,0.002060,0.002098,0.002098,0.002060,0.002060,0.002098,0.002060,0.002174,0.002136,0.002136,0.002098,0.002060,0.002098,0.002098,0.002136,0.002098,0.002136,0.002174,0.002136,0.002136,0.002098,0.002136,0.002098,0.002060,0.002136,0.002098,0.002098,0.002098,0.002060,0.002098,0.002060,0.002060,0.002098,0.002136,0.002136,0.002136,0.002098,0.002098,0.002136,0.002174,0.002174,0.002136,0.002174,0.002136,0.002136,0.002098,0.002174,0.002174,0.002136,0.002174,0.002136,0.002174,0.002136,0.002136,0.002136,0.002136,0.002136,0.002174,0.002136,0.002174,0.002098,0.002136,0.002136,0.002098,0.002098,0.002136,0.002060,0.002022,0.002098,0.002136,0.002060,0.002060,0.001984,0.002022,0.002060,0.002060,0.002060,0.002098,0.002098,0.002022,0.001984,0.002022,0.002022,0.002022,0.001984,0.001984,0.002022,0.002022,0.002022,0.002022,0.002060,0.002060,0.002060,0.002060,0.002022,0.002022,0.002060,0.002022,0.002022,0.002098,0.002060,0.002098,0.002136,0.002098,0.002098,0.002098,0.002098,0.002098,0.002060,0.002098,0.002098,0.002136,0.002136,0.002136,0.002174,0.002174,0.002213,0.002174,0.002136,0.002174,0.002213,0.002213,0.002213,0.002174,0.002213,0.002174,0.002213,0.002213,0.002251,0.002174,0.002174,0.002251,0.002251,0.002213,0.002213,0.002174,0.002174,0.002174,0.002213,0.002213,0.002174,0.002136,0.002098,0.002060,0.002098,0.002060,0.002098,0.002098,0.002136,0.002060,0.002098,0.002098,0.001984,0.002060,0.002022,0.002022,0.002022,0.002022,0.002098,0.002060,0.002060,0.001984,0.001984,0.001984,0.001945,0.001984,0.001945,0.001907,0.001907,0.001945,0.001945,0.001945,0.001945,0.001907,0.001907,0.001945,0.001869,0.001945,0.001907,0.001945,0.001869,0.001945,0.001945,0.001907,0.001945,0.001907,0.001907,0.001945,0.001984,0.002022,0.002060,0.002022,0.002022,0.002060,0.002060,0.002098,0.002098,0.002136,0.002136,0.002213,0.002174,0.002136,0.002213,0.002213,0.002174,0.002213,0.002213,0.002251,0.002289,0.002213,0.002213,0.002213,0.002213,0.002289,0.002251,0.002174,0.002136,0.002174,0.002213,0.002136,0.002136,0.002174,0.002060,0.002098,0.002022,0.002060,0.002022,0.002022,0.002022,0.001945,0.001945,0.001907,0.001831,0.001869,0.001869,0.001869,0.001831,0.001831,0.001869,0.001831,0.001793,0.001793,0.001831,0.001831,0.001831,0.001869,0.001869,0.001869,0.001907,0.001869,0.001945,0.001984,0.002022,0.002022,0.002098,0.002136,0.002136,0.002174,0.002136,0.002213,0.002174,0.002174,0.002251,0.002251,0.002213,0.002213,0.002136,0.002213,0.002213,0.002251,0.002213,0.002174,0.002136,0.002174,0.002174,0.002251,0.002174,0.002251,0.002213,0.002213,0.002251,0.002213,0.002289,0.002213,0.002213,0.002289,0.002213,0.002213,0.002251,0.002289,0.002251,0.002289,0.002251,0.002251,0.002251,0.002251,0.002213,0.002251,0.002251,0.002251,0.002213,0.002213,0.002213,0.002174,0.002174,0.002174,0.002098,0.002098,0.002098,0.002098,0.002022,0.002060,0.002060,0.002060,0.002060,0.002060,0.002098,0.002060,0.002060,0.002022,0.002060,0.002098,0.002098,0.002022,0.002022,0.002098,0.002022,0.002060,0.001984,0.001984,0.002060,0.001945,0.001984,0.001945,0.001945,0.001945,0.001945,0.001945,0.001984,0.001984,0.002098,0.002022,0.002060,0.002136,0.002098,0.002136,0.002136,0.002098,0.002136,0.002060,0.002022,0.002060,0.001984,0.001984,0.001945,0.001907,0.001907,0.001831,0.001831,0.001831,0.001831,0.001793,0.001793,0.001831,0.001831,0.001793,0.001793,0.001831,0.001755,0.001869,0.001907,0.001945,0.001984,0.001907,0.001869,0.001831,0.001945,0.001984,0.001907,0.001907,0.001869,0.001907,0.001869,0.001869,0.001831,0.001831,0.001831,0.001793,0.001831,0.001831,0.001831,0.001869,0.001869,0.001869,0.001945,0.001945,0.001984,0.001984,0.002022,0.001984,0.001945,0.001984,0.001984,0.001984,0.001984,0.001984,0.001984,0.001984,0.001984,0.001984,0.002060,0.002060,0.002022,0.002060,0.002060,0.002098,0.002098,0.002098,0.002174,0.002136,0.002174,0.002136,0.002213,0.002289,0.002289,0.002327,0.002327,0.002327,0.002365,0.002327,0.002365,0.002365,0.002403,0.002403,0.002365,0.002365,0.002251,0.002327,0.002213,0.002251,0.002251,0.002213,0.002174,0.002060,0.002098,0.002022,0.002022,0.002022,0.001984,0.001984,0.002022,0.001984,0.001984,0.001984,0.001984,0.001945,0.002022,0.002022,0.002060,0.002098,0.002022,0.002098,0.002098,0.002060,0.002136,0.002174,0.002174,0.002136,0.002213,0.002174,0.002213,0.002251,0.002213,0.002289,0.002213,0.002213,0.002213,0.002213,0.002251,0.002174,0.002136,0.002174,0.002174,0.002213,0.002174,0.002136,0.002136,0.002136,0.002098,0.002098,0.002174,0.002136,0.002136,0.002136,0.002136,0.002136,0.002098,0.002251,0.002213,0.002174,0.002174,0.002136,0.002136,0.002213,0.002213,0.002213,0.002136,0.002174,0.002136,0.002136,0.002136,0.002098,0.002174,0.002098,0.002098,0.002136,0.002060,0.002098,0.002098,0.002136,0.002060,0.002060,0.002060,0.002060,0.002174,0.002136,0.002136,0.002098,0.002098,0.002174,0.002136,0.002136,0.002136,0.002098,0.002174,0.002136,0.002174,0.002174,0.002174,0.002174,0.002136,0.002136,0.002098,0.002174,0.002136,0.002136,0.002174,0.002060,0.002060,0.002136,0.002060,0.002022,0.002060,0.002174,0.002098,0.002098,0.002098,0.002098,0.002098,0.002022,0.002136,0.002174,0.002136,0.002174,0.002136,0.002136,0.002136,0.002136,0.002213,0.002136,0.002174,0.002136,0.002174,0.002136,0.002136,0.002174,0.002174,0.002098,0.002060,0.002136,0.002174,0.002136,0.002136,0.002174,0.002136,0.002136,0.002098,0.002136,0.002136,0.002213,0.002174,0.002136,0.002213,0.002174,0.002174,0.002174,0.002136,0.002136,0.002136,0.002174,0.002098,0.002136,0.002098,0.002060,0.002060,0.002060,0.002098,0.002060,0.002098,0.002098,0.002098,0.002060,0.002022,0.002022,0.002060,0.002060,0.002022,0.001984,0.002022,0.001984,0.002060,0.002022,0.001945,0.001984,0.001984,0.001984,0.001984,0.001907,0.001984,0.001984,0.001984,0.001984,0.001984,0.002060,0.001984,0.001984,0.002022,0.002060,0.002060,0.002022,0.002136,0.002136,0.002098,0.002136,0.002098,0.002213,0.002213,0.002251,0.002213,0.002213,0.002251,0.002213,0.002289,0.002251,0.002251,0.002213,0.002251,0.002327,0.002289,0.002251,0.002251,0.002327,0.002327,0.002365,0.002327,0.002289,0.002289,0.002289,0.002251,0.002289,0.002289,0.002289,0.002251,0.002213,0.002213,0.002174,0.002174,0.002213,0.002174,0.002174,0.002098,0.002098,0.002136,0.002136,0.002136,0.002098,0.002136,0.002136,0.002136,0.002136,0.002213,0.002174,0.002136,0.002213,0.002213,0.002174,0.002213,0.002174,0.002213,0.002174,0.002213,0.002213,0.002251,0.002251,0.002213,0.002251,0.002251,0.002251,0.002289,0.002251,0.002289,0.002213,0.002251,0.002289,0.002213,0.002251,0.002327,0.002213,0.002213,0.002174,0.002251,0.002213,0.002251,0.002213,0.002174,0.002136,0.002098,0.002174,0.002136,0.002098,0.002022,0.001984,0.001945,0.001984,0.001945,0.001945,0.001907,0.001869,0.001869,0.001984,0.001869,0.001907,0.001869,0.001869,0.001907,0.001907,0.001907,0.001907,0.001907,0.001907,0.001907,0.001945,0.001869,0.001945,0.002022,0.002022,0.002060,0.002098,0.002098,0.002136,0.002136,0.002213,0.002213,0.002289,0.002289,0.002213,0.002327,0.002365,0.002365,0.002289,0.002251,0.002289,0.002251,0.002365,0.002327,0.002251,0.002289,0.002289,0.002251,0.002251,0.002251,0.002213,0.002213,0.002174,0.002174,0.002174,0.002213,0.002174,0.002174,0.002136,0.002136,0.002174,0.002098,0.002060,0.002098,0.002136,0.002098,0.002136,0.002136,0.002136,0.002174,0.002136,0.002174,0.002213,0.002174,0.002213,0.002251,0.002289,0.002251,0.002327,0.002327,0.002251,0.002251,0.002213,0.002289,0.002289,0.002289,0.002289,0.002289,0.002327,0.002213,0.002213,0.002289,0.002251,0.002289,0.002251,0.002213,0.002174,0.002213,0.002213,0.002174,0.002174,0.002136,0.002174,0.002174,0.002098,0.002174,0.002098,0.002136,0.002174,0.002174,0.002174,0.002174,0.002174,0.002213,0.002213,0.002213,0.002213,0.002251,0.002213,0.002251,0.002251,0.002174,0.002213,0.002136,0.002174,0.002136,0.002213,0.002136,0.002098,0.002098,0.002098,0.002060,0.002098,0.002060,0.002098,0.001984,0.002022,0.001984,0.002060,0.001984,0.001984,0.001945,0.002022,0.001984,0.002022,0.002022,0.002022,0.001984,0.002060,0.001984,0.001984,0.002022,0.002022,0.002022,0.001984,0.001984,0.002022,0.002022,0.002060,0.001984,0.002022,0.002060,0.002060,0.002022,0.002022,0.002060,0.002060,0.002060,0.002060,0.002022,0.002060,0.002022,0.002022,0.001984,0.001984,0.002060,0.002022,0.002060,0.002022,0.001945,0.002022,0.002022,0.002022,0.001984,0.001984,0.001984,0.001945,0.002022,0.001945,0.001984,0.001984,0.002060,0.001984,0.002022,0.002060,0.002098,0.002060,0.002060,0.002022,0.002060,0.002060,0.002060,0.002060,0.002060,0.002136,0.002136,0.002136,0.002098,0.002136,0.002174,0.002098,0.002174,0.002136,0.002136,0.002098,0.002098,0.002098,0.002060,0.002060,0.002098,0.002060,0.002098,0.002060,0.002060,0.002098,0.002060,0.002098,0.002060,0.002098,0.002060,0.002022,0.002060,0.002060,0.002022,0.002022,0.002060,0.002022,0.002022,0.001984,0.001984,0.002022,0.002022,0.002022,0.002022,0.001984,0.002060,0.001945,0.001945,0.001984,0.001984,0.001984,0.001984,0.001945,0.002022,0.001984,0.002022,0.002022,0.002060,0.002022,0.002022,0.002060,0.002098,0.002098,0.002098,0.002098,0.002098,0.002098,0.002136,0.002098,0.002098,0.002098,0.002098,0.002136,0.002060,0.002098,0.002098,0.002136,0.002060,0.002060,0.002136,0.002136,0.002060,0.002136,0.002060,0.002098,0.002022,0.002098,0.002136,0.002098,0.002098,0.002060,0.002098,0.002098,0.002136,0.002098,0.002098,0.002060,0.002098,0.002098,0.002098,0.002136,0.002136,0.002174,0.002174,0.002136,0.002213,0.002098,0.002098,0.002098,0.002060,0.002098,0.002174,0.002213,0.002174,0.002136,0.002213,0.002136,0.002174,0.002213,0.002213,0.002213,0.002174,0.002174,0.002251,0.002174,0.002213,0.002174,0.002174,0.002174,0.002251,0.002213,0.002251,0.002213,0.002289,0.002289,0.002289,0.002251,0.002251,0.002251,0.002327,0.002289,0.002289,0.002327,0.002251,0.002289,0.002251,0.002251,0.002213,0.002213,0.002213,0.002174,0.002174,0.002136,0.002174,0.002213,0.002136,0.002098,0.002098,0.002098,0.002022,0.002022,0.002098,0.002022,0.002098,0.002060,0.002060,0.002022,0.002022,0.002060,0.002022,0.002022,0.002022,0.002022,0.001984,0.001984,0.001984,0.001984,0.001984,0.001984,0.001907,0.001945,0.001945,0.001984,0.001984,0.001869,0.001945,0.001945,0.002022,0.001984,0.001945,0.002022,0.001945,0.001945,0.002022,0.001984,0.001984,0.001984,0.001984,0.001984,0.002060,0.002022,0.002022,0.002022,0.001984,0.002060,0.002022,0.002022,0.002022,0.002060,0.002060,0.001984,0.002060,0.002060,0.001984,0.002022,0.002022,0.002060,0.002022,0.002060,0.002060,0.002098,0.002060,0.002022,0.002098,0.002060,0.002022,0.002098,0.002098,0.002098,0.002098,0.002098,0.002174,0.002098,0.002174,0.002136,0.002136,0.002174,0.002174,0.002213,0.002213,0.002251,0.002174,0.002174,0.002174,0.002136,0.002213,0.002251,0.002251,0.002136,0.002174,0.002213,0.002136,0.002136,0.002136,0.002098,0.002136,0.002098,0.002098,0.002022,0.002098,0.002022,0.001907,0.002022,0.001945,0.001945,0.001907,0.001869,0.001831,0.001831,0.001831,0.001869,0.001831,0.001755,0.001793,0.001869,0.001831,0.001793,0.001831,0.001869,0.001945,0.001869,0.001869,0.001907,0.001907,0.001984,0.001945,0.001945,0.001984,0.001984,0.001945,0.001945,0.001945,0.001907,0.001907,0.001869,0.001869,0.001945,0.001869,0.001869,0.001831,0.001907,0.001869,0.001793,0.001831,0.001869,0.001907,0.001831,0.001793,0.001793,0.001793,0.001869,0.001793,0.001869,0.001869,0.001869,0.001907,0.001831,0.001869,0.001869,0.001869,0.001907,0.001945,0.001984,0.002022,0.001984,0.002060,0.002098,0.002098,0.002098,0.002136,0.002136,0.002174,0.002174,0.002174,0.002213,0.002213,0.002251,0.002213,0.002251,0.002251,0.002251,0.002327,0.002327,0.002327,0.002365,0.002365,0.002403,0.002327,0.002403,0.002441,0.002441,0.002441,0.002441,0.002480,0.002441,0.002480,0.002518,0.002480,0.002594,0.002594,0.002518,0.002518,0.002480,0.002518,0.002441,0.002480,0.002480,0.002441,0.002518,0.002518,0.002441,0.002441,0.002441,0.002403,0.002441,0.002403,0.002403,0.002403,0.002365,0.002327,0.002365,0.002327,0.002327,0.002251,0.002251,0.002213,0.002251,0.002213,0.002174,0.002174,0.002136,0.002174,0.002174,0.002098,0.002136,0.002136,0.002098,0.002136,0.002098,0.002098,0.002098,0.002098,0.002098,0.002060,0.002098,0.002060,0.002098,0.002098,0.002098,0.002060,0.002022,0.002098,0.002060,0.002060,0.002022,0.002060,0.002022,0.002060,0.002098,0.002022,0.001984,0.001984,0.001984,0.002022,0.001945,0.001907,0.001945,0.001907,0.001907,0.001869,0.001907,0.001869,0.001945,0.001907,0.001869,0.001869,0.001831,0.001907,0.001907,0.001869,0.001907,0.001869,0.001869,0.001869,0.001869,0.001869,0.001869,0.001907,0.001907,0.001907,0.001945,0.001984,0.001907,0.001869,0.001984,0.001945,0.001945,0.001984,0.001945,0.002060,0.002022,0.002060,0.002060,0.002060,0.002060,0.002022,0.002060,0.002022,0.002060,0.002060,0.002060,0.002022,0.002022,0.002022,0.002022,0.001984,0.001984,0.001984,0.002060,0.002022,0.002022,0.001984,0.002060,0.002060,0.002098,0.001984,0.002060,0.002098,0.002060,0.002060,0.002136,0.002098,0.002098,0.002098,0.002060,0.002098,0.002098,0.002174,0.002174,0.002213,0.002136,0.002136,0.002213,0.002136,0.002174,0.002136,0.002174,0.002213,0.002136,0.002213,0.002174,0.002213,0.002174,0.002098,0.002174,0.002174,0.002136,0.002174,0.002213,0.002174,0.002136,0.002174,0.002136,0.002136,0.002174,0.002213,0.002213,0.002174,0.002213,0.002213,0.002174,0.002213,0.002213,0.002251,0.002251,0.002251,0.002251,0.002213,0.002289,0.002213,0.002251,0.002213,0.002213,0.002289,0.002251,0.002251,0.002213,0.002213,0.002213,0.002174,0.002213,0.002174,0.002213,0.002174,0.002213,0.002174,0.002098,0.002174,0.002174,0.002098,0.002136,0.002174,0.002136,0.002136,0.002213,0.002174,0.002174,0.002174,0.002174,0.002174,0.002136,0.002136,0.002174,0.002136,0.002174,0.002174,0.002213,0.002174,0.002174,0.002213,0.002174,0.002251,0.002174,0.002174,0.002213,0.002213,0.002213,0.002136,0.002213,0.002174,0.002174,0.002213,0.002136,0.002174,0.002213,0.002213,0.002098,0.002174,0.002136,0.002098,0.002174,0.002136,0.002136,0.002098,0.002136,0.002213,0.002136,0.002174,0.002136,0.002174,0.002136,0.002136,0.002136,0.002174,0.002174,0.002136,0.002136,0.002174,0.002174,0.002174,0.002174,0.002136,0.002136,0.002098,0.002136,0.002136,0.002136,0.002136,0.002098,0.002098,0.002136,0.002098,0.002098,0.002060,0.002174,0.002098,0.002098,0.002098,0.002098,0.002098,0.002136,0.002098,0.002060,0.002098,0.002060,0.002098,0.002060,0.002022,0.002098,0.002060,0.002022,0.002060,0.002060,0.002136,0.002098,0.002174,0.002136,0.002136,0.002174,0.002136,0.002136,0.002174,0.002213,0.002174,0.002213,0.002213,0.002213,0.002289,0.002251,0.002174,0.002251,0.002213,0.002213,0.002251,0.002213,0.002213,0.002213,0.002289,0.002213,0.002289,0.002213,0.002251,0.002251,0.002251,0.002213,0.002174,0.002213,0.002251,0.002174,0.002251,0.002213,0.002213,0.002174,0.002213,0.002213,0.002136,0.002174,0.002174,0.002136,0.002098,0.002098,0.002136,0.002136,0.002213,0.002060,0.002060,0.002098,0.002098,0.002098,0.002060,0.002060,0.002022,0.002022,0.002022,0.001945,0.001984,0.001984,0.001945,0.001984,0.001907,0.001945,0.001945,0.001984,0.001984,0.001984,0.002022,0.001945,0.001945,0.001869,0.001984,0.001907,0.001984,0.001984,0.001945,0.002022,0.001984,0.002022,0.002060,0.002060,0.002098,0.002136,0.002060,0.002022,0.002098,0.002098,0.002136,0.002136,0.002136,0.002098,0.002136,0.002174,0.002174,0.002213,0.002213,0.002136,0.002136,0.002174,0.002174,0.002136,0.002136,0.002136,0.002174,0.002098,0.002136,0.002060,0.002098,0.002098,0.002060,0.002098,0.002060,0.002136,0.002098,0.002060,0.002060,0.002060,0.002098,0.002060,0.002098,0.002022,0.002060,0.002136,0.002060,0.002098,0.002060,0.002060,0.002060,0.002098,0.002136,0.002060,0.002098,0.002098,0.002098,0.002060,0.002060,0.002098,0.002022,0.002136,0.002098,0.002022,0.002060,0.002060,0.002060,0.002022,0.001984,0.002022,0.001984,0.002022,0.001984,0.001984,0.001984,0.002022,0.001984,0.001945,0.001984,0.001984,0.002022,0.002060,0.002022,0.001984,0.001945,0.002022,0.002060,0.002060,0.002136,0.002098,0.002136,0.002098,0.002136,0.002098,0.002136,0.002174,0.002098,0.002174,0.002213,0.002174,0.002174,0.002174,0.002213,0.002136,0.002136,0.002136,0.002136,0.002213,0.002098,0.002136,0.002098,0.002098,0.002060,0.002098,0.002136,0.002136,0.002136,0.002174,0.002174,0.002136,0.002136,0.002174,0.002174,0.002213,0.002174,0.002136,0.002213,0.002174,0.002174,0.002174,0.002174,0.002213,0.002174,0.002136,0.002136,0.002136,0.002098,0.002174,0.002174,0.002136,0.002060,0.002136,0.002136,0.002098,0.002060,0.002136,0.002060,0.002098,0.002098,0.002060,0.002060,0.002060,0.002022,0.002060,0.002098,0.002022,0.002060,0.002022,0.002060,0.002022,0.001984,0.001984,0.002022,0.001984,0.001984,0.001984,0.002022,0.001984,0.001984,0.001945,0.001945,0.002022,0.002022,0.002022,0.002022,0.002022,0.001984,0.001984,0.001984,0.001984,0.002022,0.002060,0.002022,0.001984,0.001984,0.002022,0.001984,0.001945,0.002060,0.002022,0.001984,0.002060,0.002060,0.002060,0.002060,0.002098,0.002060,0.002022,0.002060,0.002060,0.002060,0.002060,0.002098,0.002098,0.002136,0.002060,0.002060,0.002098,0.002022,0.002022,0.002060,0.002060,0.002060,0.002060,0.002098,0.002022,0.002060,0.002098,0.002136,0.002098,0.002098,0.002136,0.002098,0.002098,0.002060,0.002060,0.002136,0.002098,0.002174,0.002136,0.002098,0.002136,0.002136,0.002174,0.002136,0.002098,0.002060,0.002098,0.002098,0.002060,0.002136,0.002060,0.002022,0.002060,0.002022,0.002022,0.001984,0.001984,0.001945,0.001984,0.001984,0.001945,0.001945,0.001907,0.001907,0.001869,0.001869,0.001907,0.001869,0.001869,0.001869,0.001869,0.001869,0.001869,0.001869,0.001869,0.001907,0.001907,0.001869,0.001869,0.001831,0.001869,0.001907,0.001907,0.001945,0.001907,0.001907,0.001984,0.001945,0.001984,0.001984,0.002060,0.002060,0.002136,0.002136,0.002136,0.002136,0.002098,0.002098,0.002098,0.002174,0.002174,0.002174,0.002174,0.002098,0.002098,0.002136,0.002098,0.002098,0.002060,0.002060,0.002060,0.002136,0.002098,0.002060,0.002098,0.002098,0.002098,0.002136,0.002174,0.002098,0.002060,0.002098,0.002098,0.002098,0.002022,0.002098,0.002098,0.002098,0.002098,0.002060,0.002098,0.002098,0.002060,0.002098,0.002060,0.002060,0.002136,0.002174,0.002098,0.002136,0.002174,0.002136,0.002174,0.002174,0.002174,0.002136,0.002213,0.002289,0.002213,0.002213,0.002213,0.002213,0.002213,0.002136,0.002174,0.002174,0.002174,0.002174,0.002213,0.002174,0.002098,0.002098,0.002136,0.002136,0.002136,0.002098,0.002098,0.002098,0.002098,0.002098,0.002098,0.002060,0.001984,0.002060,0.002098,0.002098,0.002098,0.002060,0.002022,0.002022,0.002022,0.002136,0.002060,0.002022,0.001984,0.002060,0.002022,0.002060,0.001984,0.001984,0.002022,0.001945,0.001945,0.002022,0.002022,0.002022,0.001984,0.002022,0.001984,0.002022,0.002060,0.002022,0.002022,0.001984,0.001984,0.002060,0.002060,0.002022,0.002022,0.002060,0.002022,0.002022,0.002060,0.002022,0.001984,0.002022,0.002022,0.002022,0.002060,0.001984,0.001984,0.002060,0.002022,0.002022,0.002022,0.002022,0.002060,0.002022,0.002060,0.002060,0.002060,0.002098,0.002022,0.002060,0.002060,0.002060,0.002060,0.002060,0.002060,0.002060,0.002060,0.002098,0.002098,0.002060,0.002098,0.002098,0.002060,0.002022,0.002060,0.002098,0.002060,0.002060,0.002098,0.002022,0.002098,0.002022,0.002060,0.002098,0.002098,0.002098,0.002060,0.002136,0.002022,0.002136,0.002136,0.002174,0.002136,0.002136,0.002174,0.002213,0.002213,0.002213,0.002174,0.002174,0.002213,0.002213,0.002213,0.002289,0.002289,0.002251,0.002289,0.002289,0.002327,0.002289,0.002251,0.002289,0.002365,0.002327,0.002289,0.002327,0.002365,0.002251,0.002327,0.002327,0.002289,0.002365,0.002327,0.002327,0.002327,0.002251,0.002251,0.002251,0.002289,0.002213,0.002174,0.002174,0.002251,0.002213,0.002174,0.002136,0.002136,0.002098,0.002060,0.002060,0.002060,0.002098,0.002022,0.001945,0.002022,0.002098,0.002060,0.002060,0.002022,0.002098,0.001984,0.002022,0.002022,0.002060,0.002098,0.002098,0.002060,0.002060,0.002098,0.002098,0.002060,0.002060,0.002098,0.002060,0.002060,0.002060,0.002022,0.002098,0.002136,0.002098,0.002098,0.002136,0.002136,0.002098,0.002136,0.002174,0.002098,0.002174,0.002136,0.002174,0.002174,0.002174,0.002213,0.002213,0.002213,0.002213,0.002174,0.002174,0.002174,0.002213,0.002251,0.002251,0.002289,0.002251,0.002327,0.002289,0.002327,0.002251,0.002251,0.002174,0.002213,0.002251,0.002213,0.002251,0.002213,0.002136,0.002174,0.002174,0.002174,0.002098,0.002136,0.002136,0.002136,0.002060,0.002098,0.002060,0.002060,0.002098,0.002098,0.002022,0.002022,0.001945,0.002022,0.001984,0.002022,0.002022,0.001984,0.002022,0.002022,0.001984,0.002022,0.002022,0.002022,0.002022,0.002060,0.002022,0.001984,0.001984,0.002022,0.002022,0.001984,0.002022,0.002060,0.002022,0.002022,0.002022,0.002136,0.002060,0.002098,0.002174,0.002098,0.002098,0.002174,0.002213,0.002174,0.002251,0.002174,0.002174,0.002213,0.002251,0.002213,0.002289,0.002213,0.002251,0.002174,0.002174,0.002174,0.002213,0.002136,0.002136,0.002098,0.002098,0.002174,0.002060,0.002022,0.002098,0.001984,0.001984,0.002022,0.002060,0.002022,0.002022,0.002022,0.001984,0.002022,0.001945,0.001984,0.001945,0.001984,0.001945,0.001945,0.001984,0.002022,0.001984,0.001945,0.002022,0.002098,0.002022,0.002098,0.002136,0.002098,0.002098,0.002098,0.002136,0.002174,0.002174,0.002174,0.002213,0.002174,0.002213,0.002289,0.002251,0.002251,0.002251,0.002289,0.002251,0.002251,0.002251,0.002289,0.002327,0.002289,0.002289,0.002327,0.002251,0.002327,0.002327,0.002327,0.002289,0.002251,0.002251,0.002251,0.002251,0.002251,0.002213,0.002289,0.002251,0.002251,0.002251,0.002251,0.002213,0.002289,0.002213,0.002213,0.002289,0.002289,0.002289,0.002251,0.002289,0.002251,0.002251,0.002289,0.002289,0.002289,0.002251,0.002213,0.002251,0.002327,0.002289,0.002251,0.002251,0.002289,0.002213,0.002213,0.002289,0.002289,0.002289,0.002251,0.002327,0.002251,0.002251,0.002251,0.002251,0.002289,0.002289,0.002251,0.002251,0.002251,0.002251,0.002289,0.002289,0.002251,0.002251,0.002251,0.002289,0.002289,0.002289,0.002251,0.002213,0.002289,0.002251,0.002251,0.002213,0.002251,0.002213,0.002213,0.002213,0.002174,0.002174,0.002174,0.002136,0.002136,0.002098,0.002213,0.002136,0.002098,0.002136,0.002060,0.002098,0.002098,0.002136,0.002098,0.002098,0.002098,0.002060,0.002060,0.002060,0.002022,0.002022,0.002022,0.001984,0.001984,0.001907,0.001945,0.001945,0.001907,0.001984,0.001907,0.001945,0.001907,0.001907,0.001869,0.001869,0.001907,0.001907,0.001907,0.001869,0.001869,0.001831,0.001831,0.001869,0.001907,0.001945,0.001907,0.001907,0.001945,0.001984,0.002022,0.002060,0.001984,0.001984,0.002022,0.002022,0.002060,0.002060,0.002060,0.002098,0.002022,0.002060,0.002098,0.002098,0.002060,0.002060,0.002136,0.002022,0.002060,0.002136,0.002136,0.002098,0.002136,0.002098,0.002098,0.002174,0.002174,0.002174,0.002174,0.002174,0.002213,0.002213,0.002136,0.002174,0.002213,0.002251,0.002174,0.002213,0.002213,0.002251,0.002213,0.002251,0.002251,0.002213,0.002251,0.002213,0.002289,0.002174,0.002174,0.002213,0.002174,0.002213,0.002174,0.002136,0.002060,0.002136,0.002136,0.002098,0.002098,0.002098,0.002060,0.002022,0.002022,0.002060,0.002022,0.002022,0.002060,0.001984,0.002022,0.001984,0.001945,0.001984,0.001984,0.001945,0.001945,0.002022,0.001984,0.002022,0.001984,0.001945,0.002022,0.001984,0.002022,0.001945,0.001984,0.001945,0.001984,0.001945,0.001945,0.001984,0.001945,0.001945,0.001984,0.001907,0.001945,0.001984,0.001984,0.001984,0.001945,0.001984,0.001984,0.001984,0.001907,0.001984,0.001945,0.002022,0.002060,0.002022,0.002022,0.002022,0.002060,0.002136,0.002060,0.002060,0.002098,0.002060,0.002098,0.002136,0.002098,0.002174,0.002136,0.002136,0.002098,0.002136,0.002136,0.002098,0.002174,0.002136,0.002098,0.002213,0.002136,0.002213,0.002136,0.002174,0.002060,0.002136,0.002098,0.002022,0.002136,0.002136,0.002136,0.002136,0.002136,0.002098,0.002136,0.002174,0.002098,0.002098,0.002174,0.002136,0.002136,0.002136,0.002136,0.002174,0.002098,0.002136,0.002136,0.002136,0.002098,0.002136,0.002098,0.002136,0.002174,0.002174,0.002174,0.002136,0.002136,0.002098,0.002022,0.002060,0.002098,0.002098,0.002022,0.002060,0.002022,0.001984,0.002022,0.002022,0.001984,0.001984,0.002022,0.001984,0.001984,0.001984,0.001945,0.001984,0.002022,0.001984,0.001984,0.001984,0.002022,0.001984,0.001984,0.001984,0.001984,0.001984,0.001984,0.002022,0.001984,0.002022,0.002022,0.002022,0.001984,0.002022,0.002022,0.002060,0.002022
49,19:00:00.000,12/31/1903,0.000000,0.100000,UNKNOWN,1,0/0,0.000000,0.000000,0.000000,0.000000,0.000000,0.000000,0.000000,0.000000,0,0,0,0,0.002174,0.002136,0.002213,0.002174,0.002213,0.002213,0.002174,0.002174,0.002136,0.002174,0.002136,0.002213,0.002213,0.002136,0.002174,0.002136,0.002174,0.002213,0.002213,0.002174,0.002136,0.002098,0.002136,0.002213,0.002174,0.002098,0.002098,0.002136,0.002213,0.002174,0.002136,0.002174,0.002213,0.002174,0.002136,0.002136,0.002098,0.002136,0.002174,0.002174,0.002136,0.002136,0.002098,0.002098,0.002098,0.002098,0.002174,0.002136,0.002060,0.002098,0.002136,0.002098,0.002098,0.002060,0.002098,0.002060,0.002098,0.002022,0.002060,0.002060,0.001984,0.001984,0.002060,0.002098,0.002022,0.002060,0.002060,0.002060,0.002022,0.002022,0.002060,0.002060,0.002060,0.002098,0.002098,0.002022,0.002060,0.002098,0.002060,0.002022,0.002022,0.002022,0.002060,0.002022,0.002022,0.001984,0.001984,0.001984,0.002022,0.001984,0.002060,0.002022,0.001984,0.002022,0.002060,0.002022,0.002022,0.002022,0.002022,0.001984,0.002022,0.002060,0.002022,0.002022,0.001984,0.002022,0.002060,0.002022,0.001984,0.001984,0.002060,0.002060,0.002098,0.002022,0.002060,0.002060,0.002098,0.002098,0.002022,0.002098,0.002098,0.002060,0.002060,0.002060,0.002022,0.002022,0.002022,0.002098,0.002098,0.002098,0.002136,0.002098,0.002098,0.002098,0.002098,0.002098,0.002060,0.002060,0.002060,0.002098,0.002098,0.002098,0.002098,0.002098,0.002022,0.002098,0.002060,0.002098,0.002098,0.002098,0.002060,0.002136,0.002060,0.002060,0.002098,0.002060,0.002060,0.002098,0.002098,0.002098,0.002098,0.002098,0.002136,0.002098,0.002136,0.002098,0.002060,0.002136,0.002136,0.002098,0.002098,0.002136,0.002136,0.002136,0.002136,0.002136,0.002136,0.002136,0.002174,0.002098,0.002098,0.002136,0.002174,0.002098,0.002174,0.002174,0.002174,0.002136,0.002136,0.002136,0.002213,0.002136,0.002136,0.002136,0.002136,0.002098,0.002174,0.002136,0.002136,0.002136,0.002098,0.002060,0.002098,0.002060,0.002098,0.002136,0.002098,0.002098,0.002098,0.002136,0.002174,0.002060,0.002098,0.002136,0.002098,0.002098,0.002098,0.002098,0.002098,0.002136,0.002136,0.002098,0.002174,0.002174,0.002174,0.002136,0.002174,0.002174,0.002136,0.002098,0.002136,0.002174,0.002174,0.002174,0.002174,0.002098,0.002174,0.002174,0.002174,0.002174,0.002136,0.002174,0.002174,0.002136,0.002174,0.002098,0.002174,0.002136,0.002174,0.002136,0.002136,0.002098,0.002136,0.002174,0.002174,0.002213,0.002174,0.002098,0.002136,0.002174,0.002136,0.002174,0.002136,0.002136,0.002136,0.002136,0.002098,0.002060,0.002098,0.002098,0.002098,0.002098,0.002060,0.002060,0.002098,0.002098,0.002098,0.002060,0.002098,0.002060,0.002098,0.002098,0.002022,0.002022,0.002022,0.002060,0.002022,0.002098,0.002098,0.002098,0.002098,0.002098,0.002060,0.002060,0.002098,0.002060,0.002022,0.002060,0.002022,0.002098,0.002060,0.001984,0.002098,0.002098,0.002098,0.002098,0.002022,0.002022,0.002060,0.002060,0.002060,0.002098,0.002060,0.002060,0.002060,0.002022,0.002022,0.002060,0.001984,0.002022,0.002060,0.002098,0.002060,0.002060,0.002060,0.002060,0.002022,0.002022,0.002022,0.002060,0.002022,0.002060,0.002060,0.002022,0.002060,0.002060,0.002060,0.002060,0.002060,0.002060,0.002060,0.002022,0.002098,0.002060,0.002060,0.002022,0.002022,0.002098,0.002098,0.002060,0.002060,0.002098,0.002060,0.002060,0.002022,0.002060,0.002060,0.002060,0.002060,0.002098,0.002060,0.002098,0.002060,0.002098,0.002060,0.002060,0.002060,0.002098,0.002098,0.002098,0.002060,0.002060,0.002060,0.002098,0.002136,0.002098,0.002060,0.002060,0.002060,0.002060,0.002060,0.002060,0.002098,0.002098,0.002060,0.002098,0.002098,0.002136,0.002098,0.002098,0.002022,0.002098,0.002098,0.002098,0.002136,0.002136,0.002136,0.002136,0.002098,0.002136,0.002136,0.002098,0.002136,0.002136,0.002060,0.002098,0.002136,0.002098,0.002174,0.002174,0.002174,0.002136,0.002213,0.002136,0.002136,0.002174,0.002174,0.002098,0.002174,0.002213,0.002174,0.002174,0.002174,0.002174,0.002174,0.002098,0.002098,0.002174,0.002174,0.002136,0.002174,0.002174,0.002174,0.002174,0.002098,0.002174,0.002174,0.002174,0.002213,0.002098,0.002136,0.002098,0.002098,0.002098,0.002174,0.002136,0.002098,0.002098,0.002060,0.002022,0.002098,0.002060,0.002098,0.002060,0.002098,0.002098,0.002060,0.002060,0.002060,0.002022,0.002060,0.002022,0.002098,0.002098,0.002022,0.002060,0.002060,0.002060,0.002060,0.002022,0.002098,0.002060,0.002060,0.002022,0.001984,0.002098,0.002060,0.002060,0.002060,0.002022,0.002060,0.002060,0.002022,0.002022,0.001984,0.001984,0.001945,0.001984,0.002022,0.002022,0.001984,0.001984,0.002022,0.001945,0.002022,0.002022,0.002022,0.001984,0.001945,0.001984,0.001945,0.002022,0.001907,0.001984,0.002022,0.001984,0.001984,0.002022,0.002022,0.001984,0.002022,0.002060,0.001984,0.002022,0.002022,0.002022,0.002022,0.002060,0.002022,0.002022,0.002022,0.002022,0.002022,0.001984,0.002022,0.002022,0.002022,0.002060,0.001984,0.002022,0.002022,0.001984,0.002022,0.002060,0.002060,0.002060,0.002060,0.002060,0.002060,0.001984,0.002022,0.002098,0.002098,0.002136,0.002098,0.002060,0.002022,0.002098,0.002136,0.002060,0.002136,0.002060,0.002060,0.002136,0.002136,0.002136,0.002136,0.002174,0.002136,0.002136,0.002174,0.002098,0.002098,0.002136,0.002136,0.002136,0.002098,0.002136,0.002174,0.002174,0.002136,0.002136,0.002098,0.002098,0.002136,0.002098,0.002098,0.002098,0.002098,0.002136,0.002136,0.002098,0.002136,0.002136,0.002098,0.002098,0.002136,0.002174,0.002136,0.002136,0.002136,0.002098,0.002098,0.002098,0.002060,0.002098,0.002022,0.002060,0.002098,0.002098,0.002098,0.002060,0.002060,0.002022,0.002060,0.002098,0.002060,0.002022,0.002060,0.002098,0.002060,0.002060,0.002022,0.002060,0.002060,0.001984,0.002022,0.002060,0.002060,0.002022,0.002022,0.002060,0.002060,0.002060,0.002060,0.002060,0.002098,0.002022,0.002060,0.002060,0.002060,0.002022,0.002060,0.002098,0.002060,0.002060,0.002022,0.002060,0.002098,0.002060,0.002098,0.002060,0.002060,0.002098,0.002022,0.002022,0.002060,0.002060,0.002060,0.002022,0.002060,0.002098,0.002098,0.002060,0.002022,0.002022,0.001984,0.002022,0.002022,0.002022,0.002060,0.002060,0.002060,0.002022,0.001984,0.002022,0.002098,0.002060,0.002098,0.002060,0.002060,0.002098,0.002022,0.002060,0.002060,0.002060,0.001984,0.002022,0.001984,0.002022,0.002060,0.002060,0.002098,0.002060,0.002022,0.002060,0.002022,0.002022,0.002060,0.001984,0.002022,0.002022,0.001984,0.001907,0.001984,0.001984,0.001945,0.001945,0.001907,0.001869,0.001907,0.001869,0.001869,0.001793,0.001793,0.001755,0.001755,0.001755,0.001717,0.001717,0.001717,0.001640,0.001602,0.001602,0.001602,0.001564,0.001564,0.001526,0.001488,0.001488,0.001488,0.001526,0.001488,0.001526,0.001602,0.001564,0.001602,0.001755,0.001755,0.001869,0.002060,0.002289,0.002441,0.002632,0.002861,0.003090,0.003357,0.003662,0.003929,0.004311,0.004616,0.004959,0.005417,0.005684,0.006065,0.006409,0.006714,0.006981,0.007172,0.007439,0.007515,0.007477,0.007439,0.007286,0.007095,0.006714,0.006294,0.005836,0.005341,0.004883,0.004311,0.003662,0.003090,0.002518,0.001869,0.001259,0.000725,0.000076,-0.000420,-0.001068,-0.001640,-0.002289,-0.002861,-0.003395,-0.003929,-0.004425,-0.004845,-0.005150,-0.005264,-0.005379,-0.005341,-0.005264,-0.004959,-0.004654,-0.004272,-0.003891,-0.003395,-0.002861,-0.002365,-0.001907,-0.001335,-0.000839,-0.000381,0.000038,0.000420,0.000801,0.001106,0.001373,0.001640,0.001869,0.002060,0.002136,0.002251,0.002365,0.002441,0.002480,0.002556,0.002670,0.002747,0.002785,0.002861,0.002937,0.003052,0.003128,0.003128,0.003166,0.003204,0.003357,0.003319,0.003471,0.003510,0.003624,0.003738,0.003891,0.004082,0.004082,0.004234,0.004349,0.004463,0.004539,0.004616,0.004654,0.004768,0.004768,0.004730,0.004768,0.004692,0.004654,0.004616,0.004539,0.004463,0.004387,0.004234,0.004120,0.004082,0.003967,0.003853,0.003700,0.003586,0.003471,0.003357,0.003166,0.003090,0.002937,0.002823,0.002747,0.002594,0.002518,0.002403,0.002327,0.002213,0.002213,0.002136,0.002022,0.001984,0.001984,0.001984,0.001945,0.001869,0.001831,0.001793,0.001793,0.001755,0.001755,0.001831,0.001831,0.001831,0.001793,0.001869,0.001869,0.001945,0.002022,0.002022,0.002022,0.002060,0.002022,0.002060,0.002022,0.001984,0.001945,0.001907,0.001907,0.001945,0.001869,0.001831,0.001869,0.001793,0.001793,0.001793,0.001755,0.001793,0.001793,0.001755,0.001755,0.001678,0.001717,0.001678,0.001564,0.001564,0.001526,0.001488,0.001488,0.001450,0.001450,0.001450,0.001488,0.001526,0.001564,0.001602,0.001717,0.001717,0.001793,0.001907,0.001869,0.001869,0.001869,0.001869,0.001907,0.001907,0.001831,0.001907,0.001869,0.001831,0.001831,0.001831,0.001945,0.001945,0.001945,0.001907,0.001984,0.001945,0.001945,0.001984,0.002060,0.002022,0.002022,0.001984,0.001984,0.001945,0.001907,0.001869,0.001869,0.001869,0.001869,0.001869,0.001831,0.001869,0.001869,0.001907,0.001907,0.001945,0.001984,0.002060,0.002174,0.002213,0.002251,0.002365,0.002441,0.002441,0.002556,0.002480,0.002556,0.002594,0.002594,0.002594,0.002594,0.002556,0.002480,0.002403,0.002365,0.002327,0.002251,0.002136,0.002060,0.001984,0.001907,0.001945,0.001907,0.001869,0.001869,0.001869,0.001945,0.001907,0.001907,0.001945,0.001945,0.001984,0.001945,0.001907,0.001869,0.001831,0.001831,0.001755,0.001755,0.001678,0.001602,0.001602,0.001526,0.001526,0.001488,0.001450,0.001411,0.001450,0.001450,0.001373,0.001411,0.001411,0.001411,0.001411,0.001373,0.001373,0.001411,0.001411,0.001450,0.001450,0.001488,0.001564,0.001564,0.001640,0.001717,0.001793,0.001793,0.001907,0.001945,0.002098,0.002174,0.002251,0.002289,0.002403,0.002403,0.002518,0.002594,0.002594,0.002670,0.002670,0.002785,0.002785,0.002823,0.002861,0.002823,0.002823,0.002785,0.002785,0.002785,0.002747,0.002785,0.002670,0.002670,0.002632,0.002594,0.002632,0.002670,0.002670,0.002632,0.002632,0.002670,0.002670,0.002632,0.002594,0.002556,0.002480,0.002441,0.002403,0.002365,0.002327,0.002327,0.002251,0.002213,0.002174,0.002251,0.002213,0.002174,0.002174,0.002136,0.002174,0.002136,0.002136,0.002174,0.002174,0.002136,0.002136,0.002174,0.002174,0.002136,0.002174,0.002174,0.002136,0.002136,0.002060,0.002136,0.002060,0.002098,0.002060,0.002136,0.002136,0.002136,0.002174,0.002213,0.002251,0.002251,0.002289,0.002403,0.002441,0.002441,0.002480,0.002556,0.002632,0.002670,0.002670,0.002708,0.002632,0.002670,0.002594,0.002556,0.002518,0.002480,0.002403,0.002327,0.002327,0.002251,0.002136,0.002060,0.002022,0.001945,0.001945,0.001831,0.001831,0.001793,0.001755,0.001793,0.001755,0.001717,0.001678,0.001755,0.001793,0.001793,0.001831,0.001869,0.001984,0.002060,0.002022,0.002060,0.002136,0.002136,0.002174,0.002251,0.002213,0.002174,0.002174,0.002174,0.002136,0.002098,0.002136,0.002098,0.002022,0.002060,0.002022,0.001984,0.001945,0.001984,0.001869,0.001831,0.001907,0.001831,0.001793,0.001793,0.001678,0.001755,0.001755,0.001717,0.001717,0.001602,0.001564,0.001602,0.001602,0.001564,0.001602,0.001602,0.001564,0.001602,0.001640,0.001678,0.001755,0.001755,0.001793,0.001869,0.001869,0.001945,0.001907,0.001907,0.001945,0.002022,0.002060,0.002098,0.002060,0.002022,0.002098,0.002136,0.002098,0.002098,0.002136,0.002213,0.002174,0.002174,0.002213,0.002174,0.002213,0.002251,0.002213,0.002251,0.002174,0.002289,0.002251,0.002251,0.002213,0.002251,0.002174,0.002251,0.002174,0.002213,0.002136,0.002174,0.002136,0.002174,0.002213,0.002174,0.002213,0.002213,0.002174,0.002174,0.002174,0.002213,0.002174,0.002213,0.002213,0.002251,0.002251,0.002213,0.002174,0.002213,0.002213,0.002174,0.002136,0.002174,0.002174,0.002136,0.002136,0.002174,0.002098,0.002060,0.002022,0.001984,0.001984,0.001945,0.001869,0.001869,0.001831,0.001755,0.001793,0.001793,0.001793,0.001755,0.001717,0.001755,0.001678,0.001755,0.001717,0.001717,0.001678,0.001678,0.001717,0.001717,0.001717,0.001755,0.001640,0.001793,0.001755,0.001793,0.001793,0.001869,0.001907,0.001945,0.001984,0.002022,0.001984,0.002098,0.002136,0.002174,0.002251,0.002251,0.002327,0.002289,0.002403,0.002403,0.002365,0.002441,0.002403,0.002441,0.002480,0.002480,0.002518,0.002480,0.002518,0.002518,0.002480,0.002518,0.002556,0.002556,0.002556,0.002518,0.002594,0.002518,0.002518,0.002518,0.002556,0.002480,0.002480,0.002518,0.002480,0.002441,0.002327,0.002365,0.002365,0.002327,0.002327,0.002289,0.002174,0.002098,0.002098,0.002136,0.002098,0.002022,0.002022,0.001945,0.001984,0.001945,0.001907,0.001984,0.001945,0.001984,0.001984,0.002022,0.002022,0.002060,0.002098,0.002174,0.002213,0.002213,0.002251,0.002327,0.002289,0.002327,0.002327,0.002327,0.002365,0.002289,0.002327,0.002327,0.002365,0.002289,0.002289,0.002289,0.002251,0.002213,0.002174,0.002098,0.002098,0.002098,0.002060,0.002060,0.002022,0.001945,0.001907,0.001907,0.001907,0.001869,0.001907,0.001831,0.001869,0.001793,0.001793,0.001793,0.001755,0.001755,0.001793,0.001755,0.001755,0.001717,0.001755,0.001755,0.001755,0.001717,0.001755,0.001793,0.001755,0.001755,0.001755,0.001793,0.001793,0.001793,0.001793,0.001755,0.001755,0.001755,0.001793,0.001793,0.001831,0.001755,0.001793,0.001793,0.001793,0.001793,0.001831,0.001869,0.001907,0.001945,0.001984,0.002022,0.001984,0.002060,0.002174,0.002098,0.002174,0.002213,0.002174,0.002251,0.002251,0.002289,0.002251,0.002327,0.002327,0.002327,0.002365,0.002327,0.002327,0.002327,0.002251,0.002251,0.002213,0.002251,0.002213,0.002174,0.002174,0.002174,0.002174,0.002174,0.002136,0.002136,0.002098,0.002136,0.002060,0.002022,0.002060,0.002098,0.002098,0.002060,0.002060,0.002098,0.002060,0.002098,0.002098,0.002136,0.002098,0.002098,0.002136,0.002060,0.002136,0.002136,0.002136,0.002174,0.002098,0.002174,0.002098,0.002174,0.002136,0.002098,0.002174,0.002136,0.002098,0.002098,0.002136,0.002136,0.002174,0.002136,0.002174,0.002136,0.002136,0.002174,0.002251,0.002213,0.002213,0.002213,0.002098,0.002174,0.002213,0.002136,0.002136,0.002136,0.002098,0.002098,0.002060,0.002060,0.002098,0.002060,0.002060,0.002022,0.002060,0.002022,0.002022,0.002022,0.002022,0.001984,0.001984,0.002022,0.002060,0.002098,0.002060,0.002098,0.002022,0.002060,0.002098,0.002098,0.002060,0.002098,0.002060,0.002098,0.002098,0.002136,0.002174,0.002136,0.002174,0.002174,0.002213,0.002174,0.002136,0.002174,0.002213,0.002174,0.002174,0.002174,0.002136,0.002136,0.002098,0.002098,0.002098,0.002022,0.001984,0.001945,0.001984,0.001907,0.001907,0.001907,0.001869,0.001907,0.001869,0.001869,0.001869,0.001869,0.001869,0.001831,0.001907,0.001907,0.001907,0.001907,0.001984,0.001984,0.001984,0.002022,0.002022,0.002022,0.002060,0.002060,0.002060,0.002098,0.002060,0.002060,0.002098,0.002098,0.002098,0.002136,0.002136,0.002022,0.002098,0.002022,0.002060,0.002060,0.002098,0.002136,0.002022,0.002022,0.001984,0.002022,0.001984,0.001984,0.001945,0.001907,0.002022,0.001869,0.001984,0.001907,0.001984,0.001945,0.001945,0.001945,0.001945,0.001907,0.001907,0.001869,0.001907,0.001945,0.001945,0.001984,0.001984,0.002022,0.001984,0.001984,0.002060,0.002060,0.002098,0.002174,0.002136,0.002136,0.002174,0.002213,0.002213,0.002213,0.002289,0.002213,0.002213,0.002213,0.002251,0.002289,0.002251,0.002251,0.002251,0.002251,0.002289,0.002289,0.002365,0.002289,0.002289,0.002289,0.002327,0.002289,0.002251,0.002289,0.002251,0.002213,0.002174,0.002213,0.002251,0.002213,0.002174,0.002213,0.002136,0.002174,0.002136,0.002136,0.002098,0.002060,0.002022,0.002060,0.002060,0.002060,0.002022,0.002022,0.002060,0.001984,0.002060,0.002022,0.002060,0.002022,0.001984,0.002022,0.002060,0.002098,0.002098,0.002174,0.002174,0.002213,0.002289,0.002289,0.002289,0.002403,0.002403,0.002441,0.002518,0.002594,0.002556,0.002556,0.002670,0.002670,0.002670,0.002670,0.002708,0.002708,0.002747,0.002670,0.002632,0.002670,0.002670,0.002594,0.002556,0.002518,0.002480,0.002480,0.002403,0.002441,0.002365,0.002365,0.002289,0.002251,0.002251,0.002213,0.002174,0.002136,0.002098,0.002022,0.002022,0.001907,0.001869,0.001755,0.001717,0.001564,0.001488,0.001411,0.001335,0.001221,0.001144,0.001106,0.000992,0.000916,0.000916,0.000877,0.000916,0.000954,0.000916,0.000954,0.001068,0.001183,0.001183,0.001297,0.001373,0.001488,0.001564,0.001678,0.001793,0.001831,0.001907,0.002060,0.002060,0.002174,0.002213,0.002289,0.002327,0.002327,0.002365,0.002365,0.002403,0.002403,0.002480,0.002441,0.002365,0.002365,0.002289,0.002289,0.002251,0.002213,0.002213,0.002213,0.002174,0.002174,0.002174,0.002136,0.002174,0.002213,0.002251,0.002213,0.002251,0.002289,0.002289,0.002365,0.002403,0.002441,0.002403,0.002441,0.002518,0.002518,0.002518,0.002594,0.002556,0.002556,0.002556,0.002441,0.002480,0.002518,0.002441,0.002403,0.002365,0.002327,0.002289,0.002289,0.002213,0.002136,0.002136,0.002098,0.002060,0.002060,0.002022,0.002060,0.001984,0.001945,0.001984,0.001945,0.001907,0.001907,0.001945,0.001907,0.001945,0.001945,0.001945,0.001984,0.002022,0.001984,0.001984,0.002022,0.001984,0.001984,0.001984,0.001984,0.001984,0.001984,0.001984,0.001984,0.001984,0.001984,0.001945,0.001945,0.001907,0.002022,0.001945,0.001984,0.001945,0.001984,0.001984,0.001984,0.001984,0.001945,0.001984,0.002022,0.001984,0.002022,0.002022,0.001984,0.001984,0.001984,0.002022,0.002022,0.002022,0.002060,0.002060,0.002060,0.002098,0.002136,0.002136,0.002098,0.002136,0.002174,0.002213,0.002289,0.002251,0.002251,0.002289,0.002289,0.002327,0.002327,0.002403,0.002365,0.002365,0.002403,0.002403,0.002403,0.002403,0.002403,0.002365,0.002365,0.002327,0.002289,0.002327,0.002327,0.002365,0.002289,0.002213,0.002251,0.002289,0.002213,0.002251,0.002174,0.002174,0.002213,0.002174,0.002098,0.002098,0.002060,0.002098,0.002060,0.002060,0.002060,0.002136,0.002060,0.002060,0.002060,0.002098,0.002136,0.002098,0.002136,0.002136,0.002098,0.002136,0.002213,0.002213,0.002213,0.002213,0.002251,0.002251,0.002327,0.002289,0.002289,0.002327,0.002403,0.002327,0.002365,0.002403,0.002403,0.002365,0.002403,0.002403,0.002403,0.002441,0.002403,0.002403,0.002327,0.002365,0.002365,0.002327,0.002213,0.002174,0.002213,0.002174,0.002174,0.002098,0.002022,0.001984,0.002022,0.002022,0.001945,0.001907,0.001907,0.001945,0.001907,0.001907,0.001907,0.001907,0.001869,0.001831,0.001831,0.001869,0.001869,0.001831,0.001869,0.001793,0.001793,0.001755,0.001755,0.001793,0.001755,0.001755,0.001793,0.001831,0.001831,0.001793,0.001907,0.001907,0.001907,0.001907,0.001945,0.001984,0.001984,0.001945,0.001984,0.002022,0.002022,0.001984,0.001984,0.002060,0.001984,0.002022,0.002060,0.002136,0.002098,0.002136,0.002136,0.002136,0.002174,0.002174,0.002213,0.002213,0.002174,0.002174,0.002174,0.002213,0.002289,0.002213,0.002213,0.002174,0.002136,0.002174,0.002136,0.002098,0.002098,0.002098,0.002060,0.002060,0.002098,0.002060,0.002060,0.002098,0.002098,0.002136,0.002174,0.002136,0.002098,0.002098,0.002174,0.002174,0.002098,0.002098,0.002136,0.002136,0.002174,0.002174,0.002136,0.002136,0.002174,0.002136,0.002098,0.002098,0.002098,0.002022,0.002022,0.001984,0.001945,0.001984,0.001945,0.001907,0.001945,0.001945,0.001907,0.001869,0.001907,0.001907,0.001907,0.001869,0.001869,0.001869,0.001869,0.001831,0.001869,0.001945,0.001945,0.001945,0.001984,0.001984,0.001984,0.001984,0.002022,0.002060,0.002022,0.002022,0.002098,0.002098,0.002060,0.002098,0.002060,0.002098,0.002098,0.002098,0.002060,0.002098,0.002098,0.002060,0.002022,0.002060,0.002060,0.002022,0.001984,0.001945,0.002022,0.002060,0.002098,0.002098,0.002098,0.002060,0.002060,0.002060,0.002060,0.002098,0.002098,0.002136,0.002136,0.002136,0.002174,0.002174,0.002213,0.002213,0.002213,0.002251,0.002251,0.002213,0.002213,0.002213,0.002251,0.002251,0.002289,0.002251,0.002251,0.002213,0.002251,0.002289,0.002251,0.002251,0.002251,0.002213,0.002213,0.002251,0.002251,0.002213,0.002136,0.002136,0.002136,0.002098,0.002098,0.002060,0.002060,0.002060,0.002060,0.002060,0.002098,0.002060,0.002060,0.002098,0.002136,0.002098,0.002060,0.002136,0.002136,0.002136,0.002174,0.002174,0.002136,0.002174,0.002136,0.002213,0.002213,0.002289,0.002213,0.002289,0.002327,0.002251,0.002213,0.002327,0.002289,0.002251,0.002327,0.002251,0.002213,0.002251,0.002251,0.002251,0.002213,0.002174,0.002174,0.002213,0.002174,0.002174,0.002136,0.002136,0.002022,0.002060,0.002060,0.002022,0.001945,0.001984,0.002022,0.001945,0.001907,0.001869,0.001869,0.001831,0.001831,0.001831,0.001755,0.001793,0.001793,0.001717,0.001717,0.001717,0.001717,0.001678,0.001678,0.001678,0.001640,0.001717,0.001640,0.001640,0.001717,0.001678,0.001640,0.001640,0.001717,0.001717,0.001755,0.001793,0.001755,0.001717,0.001755,0.001717,0.001755,0.001755,0.001793,0.001755,0.001755,0.001793,0.001793,0.001831,0.001831,0.001869,0.001907,0.001869,0.001907,0.001907,0.001945,0.001984,0.001984,0.002022,0.002060,0.002098,0.002098,0.002098,0.002136,0.002098,0.002174,0.002174,0.002251,0.002251,0.002327,0.002289,0.002251,0.002365,0.002365,0.002327,0.002327,0.002365,0.002403,0.002365,0.002327,0.002327,0.002365,0.002365,0.002327,0.002327,0.002327,0.002365,0.002327,0.002251,0.002289,0.002327,0.002289,0.002289,0.002289,0.002213,0.002251,0.002213,0.002174,0.002174,0.002136,0.002174,0.002098,0.002136,0.002098,0.002136,0.002098,0.002136,0.002098,0.002022,0.002060,0.002022,0.002022,0.002022,0.002060,0.002022,0.001984,0.001984,0.001984,0.002022,0.001984,0.001984,0.002022,0.002022,0.002022,0.001984,0.002022,0.002022,0.002060,0.002060,0.001984,0.002060,0.001984,0.001984,0.001945,0.001984,0.001945,0.001907,0.001945,0.001869,0.001907,0.001869,0.001907,0.001945,0.001945,0.001907,0.001945,0.002022,0.001984,0.002022,0.002022,0.002022,0.001984,0.001984,0.002060,0.002060,0.002060,0.002060,0.002098,0.002098,0.002136,0.002136,0.002174,0.002136,0.002174,0.002174,0.002136,0.002136,0.002136,0.002174,0.002174,0.002098,0.002060,0.002098,0.002060,0.002060,0.002060,0.002060,0.002060,0.002098,0.002098,0.002098,0.002060,0.002098,0.002098,0.002136,0.002174,0.002136,0.002174,0.002136,0.002174,0.002136,0.002136,0.002174,0.002213,0.002213,0.002213,0.002174,0.002251,0.002251,0.002174,0.002174,0.002213,0.002251,0.002213,0.002213,0.002174,0.002213,0.002174,0.002136,0.002174,0.002136,0.002098,0.002136,0.002174,0.002136,0.002136,0.002136,0.002136,0.002136,0.002136,0.002174,0.002098,0.002060,0.002098,0.002136,0.002136,0.002098,0.002060,0.002060,0.002136,0.002098,0.002098,0.002136,0.002098,0.002136,0.002098,0.002098,0.002098,0.002060,0.002022,0.001984,0.001984,0.002022,0.002022,0.002022,0.002060,0.001945,0.001984,0.001984,0.002022,0.001945,0.001907,0.001945,0.001945,0.001945,0.001907,0.001984,0.001945,0.002022,0.001945,0.001945,0.001907,0.001907,0.001945,0.001945,0.001984,0.001907,0.001869,0.001907,0.001907,0.001945,0.001945,0.001869,0.001907,0.001945,0.001945,0.001945,0.001984,0.001984,0.001984,0.001945,0.001945,0.002022,0.001984,0.002060,0.002022,0.002060,0.002022,0.002060,0.002022,0.002098,0.002136,0.002136,0.002136,0.002174,0.002213,0.002213,0.002213,0.002213,0.002174,0.002213,0.002251,0.002213,0.002213,0.002174,0.002213,0.002174,0.002174,0.002213,0.002174,0.002174,0.002174,0.002174,0.002136,0.002136,0.002136,0.002174,0.002098,0.002098,0.002136,0.002174,0.002174,0.002136,0.002213,0.002174,0.002174,0.002136,0.002174,0.002174,0.002174,0.002136,0.002136,0.002174,0.002174,0.002136,0.002136,0.002098,0.002136,0.002174,0.002213,0.002213,0.002213,0.002174,0.002174,0.002213,0.002213,0.002174,0.002213,0.002213,0.002174,0.002213,0.002213,0.002213,0.002174,0.002136,0.002136,0.002174,0.002174,0.002136,0.002136,0.002174,0.002174,0.002136,0.002136,0.002136,0.002136,0.002136,0.002136,0.002136,0.002174,0.002136,0.002098,0.002136,0.002174,0.002136,0.002136,0.002136,0.002060,0.002098,0.002136,0.002098,0.002174,0.002174,0.002213,0.002174,0.002136,0.002136,0.002098,0.002098,0.002098,0.002136,0.002098,0.002060,0.002098,0.002174,0.002136,0.002098,0.002136,0.002174,0.002213,0.002136,0.002174,0.002174,0.002174,0.002136,0.002174,0.002213,0.002174,0.002174,0.002213,0.002174,0.002174,0.002136,0.002136,0.002213,0.002174,0.002098,0.002136,0.002098,0.002098,0.002098,0.002098,0.002060,0.002060,0.002022,0.002022,0.002022,0.002022,0.001984,0.002022,0.002022,0.002098,0.002022,0.002022,0.002022,0.001984,0.002022,0.002060,0.002060,0.002060,0.001984,0.002022,0.002060,0.002098,0.002098,0.002136,0.002098,0.002174,0.002174,0.002174,0.002213,0.002174,0.002251,0.002289,0.002289,0.002289,0.002327,0.002365,0.002403,0.002365,0.002403,0.002441,0.002403,0.002441,0.002441,0.002441,0.002441,0.002441,0.002403,0.002403,0.002365,0.002365,0.002403,0.002327,0.002251,0.002174,0.002136,0.002098,0.002060,0.002022,0.002060,0.001984,0.001984,0.001945,0.001907,0.001831,0.001793,0.001869,0.001831,0.001755,0.001793,0.001831,0.001831,0.001793,0.001793,0.001907,0.001945,0.001907,0.001907,0.001945,0.001945,0.001945,0.002022,0.002060,0.002022,0.002022,0.002060,0.002060,0.002098,0.002098,0.002060,0.002098,0.002022,0.002022,0.002022,0.001984,0.002022,0.001945,0.001984,0.001984,0.001945,0.001984,0.001945,0.001984,0.001984,0.002022,0.002022,0.001984,0.001984,0.002098,0.002060,0.002060,0.002098,0.002098,0.002098,0.002174,0.002213,0.002213,0.002251,0.002213,0.002174,0.002213,0.002289,0.002289,0.002289,0.002289,0.002289,0.002289,0.002289,0.002365,0.002327,0.002289,0.002289,0.002327,0.002289,0.002289,0.002251,0.002251,0.002327,0.002251,0.002289,0.002251,0.002251,0.002251,0.002251,0.002213,0.002251,0.002251,0.002289,0.002289,0.002327,0.002327,0.002327,0.002289,0.002289,0.002327,0.002289,0.002251,0.002251,0.002289,0.002327,0.002289,0.002174,0.002174,0.002136,0.002174,0.002136,0.002098,0.002098,0.002098,0.002060,0.002022,0.001984,0.001984,0.001984,0.001907,0.001869,0.001869,0.001793,0.001869,0.001907,0.001831,0.001831,0.001755,0.001793,0.001755,0.001831,0.001831,0.001793,0.001793,0.001869,0.001793,0.001869,0.001831,0.001869,0.001831,0.001907,0.001869,0.001907,0.001907,0.001945,0.001945,0.001907,0.001984,0.001984,0.001984,0.001984,0.002022,0.002098,0.002098,0.002022,0.002098,0.002022,0.002060,0.002098,0.002098,0.002098,0.002060,0.002136,0.002060,0.002136,0.002060,0.002174,0.002213,0.002174,0.002136,0.002098,0.002098,0.002022,0.002098,0.002098,0.002174,0.002174,0.002098,0.002098,0.002098,0.002098,0.002136,0.002098,0.002098,0.002098,0.002060,0.002060,0.002098,0.002136,0.002174,0.002174,0.002174,0.002136,0.002174,0.002174,0.002251,0.002174,0.002251,0.002213,0.002213,0.002213,0.002213,0.002174,0.002213,0.002251,0.002174,0.002213,0.002213,0.002213,0.002174,0.002174,0.002213,0.002213,0.002213,0.002213,0.002174,0.002174,0.002213,0.002174,0.002136,0.002136,0.002098,0.002136,0.002098,0.002060,0.002022,0.002060,0.002060,0.002022,0.001984,0.001945,0.001984,0.002022,0.001984,0.001984,0.002022,0.002022,0.001984,0.002060,0.002098,0.002098,0.002136,0.002098,0.002136,0.002136,0.002060,0.002098,0.002098,0.002098,0.002136,0.002098,0.002098,0.002098,0.002060,0.002060,0.002022,0.001984,0.002022,0.001945,0.001907,0.001907,0.001907,0.001869,0.001831,0.001869,0.001869,0.001907,0.001907,0.001907,0.001869,0.001869,0.001907,0.001945,0.001907,0.001984,0.001984,0.002022,0.002060,0.002060,0.002060,0.002060,0.002060,0.002098,0.002136,0.002136,0.002174,0.002136,0.002136,0.002136,0.002174,0.002174,0.002098,0.002136,0.002098,0.002060,0.002060,0.002060,0.002098,0.002098,0.002060,0.002022,0.002022,0.002022,0.001984,0.002022,0.001984,0.002022,0.001945,0.001984,0.002022,0.002022,0.002060,0.002022,0.001984,0.002060,0.002022,0.002060,0.002022,0.001984,0.002022,0.002098,0.002098,0.002098,0.002098,0.002136,0.002136,0.002136,0.002174,0.002213,0.002213,0.002213,0.002251,0.002174,0.002251,0.002251,0.002289,0.002327,0.002327,0.002289,0.002289,0.002327,0.002289,0.002289,0.002251,0.002213,0.002251,0.002289,0.002213,0.002251,0.002251,0.002174,0.002174,0.002213,0.002174,0.002174,0.002098,0.002136,0.002098,0.002098,0.002136,0.002098,0.002098,0.002060,0.002060,0.002060,0.002060,0.002022,0.002098,0.002022,0.002022,0.002098,0.002060,0.002098,0.002060,0.001984,0.001984,0.002022,0.001984,0.001945,0.001984,0.001984,0.001945,0.001945,0.001984,0.001907,0.001907,0.001869,0.001869,0.001869,0.001869,0.001869,0.001793,0.001831,0.001793,0.001755,0.001793,0.001831,0.001793,0.001793,0.001755,0.001793,0.001793,0.001831,0.001869,0.001831,0.001831,0.001869,0.001869,0.001907,0.001907,0.001907,0.001907,0.001945,0.001945,0.001984,0.001984,0.001945,0.001984,0.001945,0.001945,0.001984,0.001945,0.001945,0.001945,0.001984,0.001984,0.001984,0.001945,0.001945,0.001907,0.001945,0.001984,0.001907,0.001984,0.001984,0.002022,0.001945,0.001945,0.001984,0.002060,0.001984,0.002022,0.002022,0.002098,0.002022,0.002060,0.002098,0.002136,0.002098,0.002136,0.002174,0.002136,0.002174,0.002174,0.002174,0.002213,0.002213,0.002174,0.002174,0.002213,0.002251,0.002213,0.002251,0.002213,0.002289,0.002327,0.002289,0.002327,0.002327,0.002327,0.002327,0.002365,0.002403,0.002365,0.002403,0.002441,0.002365,0.002480,0.002403,0.002365,0.002403,0.002403,0.002403,0.002441,0.002441,0.002365,0.002251,0.002251,0.002251,0.002289,0.002213,0.002174,0.002213,0.002098,0.002022,0.002060,0.001984,0.001984,0.001869,0.001945,0.001869,0.001793,0.001831,0.001869,0.001793,0.001755,0.001793,0.001793,0.001717,0.001793,0.001755,0.001755,0.001793,0.001831,0.001831,0.001793,0.001869,0.001869,0.001869,0.001869,0.001869,0.001907,0.001907,0.001984,0.001984,0.001945,0.001907,0.001984,0.001984,0.002060,0.002060,0.002022,0.002022,0.002060,0.002136,0.002136,0.002136,0.002060,0.002136,0.002136,0.002136,0.002251,0.002213,0.002174,0.002251,0.002251,0.002289,0.002251,0.002213,0.002289,0.002289,0.002289,0.002327,0.002289,0.002327,0.002327,0.002327,0.002365,0.002327,0.002327,0.002327,0.002327,0.002327,0.002289,0.002289,0.002327,0.002327,0.002289,0.002289,0.002289,0.002327,0.002327,0.002327,0.002365,0.002327,0.002327,0.002251,0.002251,0.002365,0.002289,0.002289,0.002251,0.002251,0.002251,0.002289,0.002251,0.002136,0.002251,0.002251,0.002136,0.002213,0.002174,0.002136,0.002174,0.002136,0.002213,0.002174,0.002174,0.002136,0.002098,0.002174,0.002136,0.002136,0.002136,0.002136,0.002136,0.002022,0.002098,0.002136,0.002136,0.002022,0.002060,0.002022,0.002060,0.002060,0.002022,0.002022,0.002022,0.001945,0.001984,0.001907,0.001907,0.001945,0.001869,0.001945,0.001945,0.001907,0.001945,0.001945,0.001945,0.001907,0.001869,0.001945,0.001984,0.002022,0.001984,0.001984,0.001945,0.002022,0.001984,0.001945,0.001945,0.001984,0.002022,0.002060,0.002022,0.002022,0.002022,0.001984,0.002022,0.002022,0.002022,0.002060,0.002060,0.002060,0.002098,0.002098,0.002098,0.002098,0.002136,0.002136,0.002174,0.002213,0.002213,0.002251,0.002174,0.002174,0.002213,0.002251,0.002289,0.002213,0.002289,0.002289,0.002251,0.002289,0.002251,0.002289,0.002289,0.002251,0.002251,0.002289,0.002289,0.002251,0.002213,0.002251,0.002251,0.002251,0.002213,0.002251,0.002251,0.002251,0.002251,0.002213,0.002174,0.002213,0.002174,0.002136,0.002174,0.002136,0.002098,0.002098,0.002060,0.002098,0.002098,0.002136,0.002060,0.002060,0.002098,0.002098,0.002098,0.002098,0.002098,0.002098,0.002136,0.002098,0.002098,0.002060,0.002060,0.002136,0.002136,0.002098,0.002136,0.002098,0.002060,0.002098,0.002060,0.002060,0.002022,0.001984,0.002022,0.002022,0.001984,0.001984,0.001945,0.001945,0.001907,0.001907,0.001907,0.001907,0.001869,0.001907,0.001907,0.001907,0.001869,0.001869,0.001831,0.001793,0.001831,0.001831,0.001831,0.001831,0.001793,0.001793,0.001831,0.001869,0.001869,0.001869,0.001869,0.001907,0.001907,0.001869,0.001945,0.002022,0.001945,0.001945,0.001984,0.002022,0.001945,0.002022,0.002060,0.002098,0.002098,0.002022,0.002022,0.002098,0.002060,0.002098,0.002060,0.002136,0.002136,0.002136,0.002174,0.002174,0.002213,0.002251,0.002213,0.002289,0.002213,0.002289,0.002289,0.002327,0.002327,0.002327,0.002327,0.002327,0.002365,0.002327,0.002289,0.002365,0.002365,0.002365,0.002289,0.002213,0.002289,0.002174,0.002251,0.002289,0.002174,0.002136,0.002213,0.002174,0.002213,0.002174,0.002174,0.002213,0.002213,0.002174,0.002213,0.002136,0.002098,0.002174,0.002174,0.002174,0.002136,0.002098,0.002098,0.002136,0.002174,0.002136,0.002174,0.002174,0.002174,0.002136,0.002098,0.002098,0.002136,0.002174,0.002136,0.002136,0.002136,0.002174,0.002174,0.002213,0.002136,0.002174,0.002174,0.002174,0.002136,0.002174,0.002213,0.002213,0.002213,0.002213,0.002136,0.002174,0.002136,0.002174,0.002174,0.002174,0.002213,0.002174,0.002136,0.002174,0.002174,0.002174,0.002174,0.002174,0.002174,0.002174,0.002174,0.002136,0.002174,0.002136,0.002136,0.002174,0.002136,0.002136,0.002174,0.002098,0.002136,0.002174,0.002213,0.002174,0.002136,0.002098,0.002136,0.002136,0.002174,0.002174,0.002174,0.002174,0.002213,0.002174,0.002174,0.002136,0.002213,0.002213,0.002213,0.002251,0.002213,0.002251,0.002251,0.002251,0.002174,0.002136,0.002213,0.002174,0.002174,0.002174,0.002136,0.002174,0.002136,0.002174,0.002174,0.002174,0.002136,0.002060,0.002060,0.002022,0.002022,0.002022,0.002022,0.001984,0.001984,0.001984,0.001945,0.001907,0.001907,0.001907,0.001869,0.001869,0.001869,0.001907,0.001907,0.001907,0.001869,0.001831,0.001793,0.001869,0.001869,0.001831,0.001831,0.001831,0.001793,0.001869,0.001869,0.001869,0.001869,0.001831,0.001907,0.001907,0.001945,0.001984,0.001984,0.002022,0.002060,0.002098,0.002098,0.002136,0.002098,0.002098,0.002213,0.002213,0.002174,0.002251,0.002251,0.002289,0.002213,0.002251,0.002289,0.002289,0.002289,0.002251,0.002251,0.002174,0.002136,0.002213,0.002136,0.002136,0.002136,0.002098,0.002098,0.002136,0.002098,0.002098,0.002136,0.002098,0.002098,0.002174,0.002136,0.002098,0.002136,0.002136,0.002213,0.002213,0.002213,0.002213,0.002213,0.002213,0.002174,0.002174,0.002251,0.002251,0.002251,0.002174,0.002174,0.002251,0.002251,0.002213,0.002213,0.002136,0.002174,0.002136,0.002136,0.002022,0.002060,0.002060,0.001984,0.001907,0.001869,0.001907,0.001869,0.001755,0.001755,0.001793,0.001793,0.001678,0.001755,0.001717,0.001717,0.001755,0.001717,0.001755,0.001793,0.001755,0.001869,0.001793,0.001831,0.001831,0.001907,0.001945,0.001907,0.001945,0.001984,0.002022,0.001984,0.002022,0.002022,0.002022,0.002022,0.001984,0.001984,0.001945,0.002022,0.002022,0.002022,0.001945,0.002022,0.001945,0.001984,0.002022,0.001984,0.002022,0.001984,0.001984,0.002022,0.002060,0.002060,0.002098,0.002136,0.002136,0.002136,0.002136,0.002174,0.002136,0.002136,0.002213,0.002174,0.002251,0.002213,0.002251,0.002174,0.002251,0.002289,0.002289,0.002289,0.002251,0.002251,0.002289,0.002213,0.002174,0.002251,0.002174,0.002213,0.002174,0.002213,0.002213,0.002136,0.002213,0.002136,0.002213,0.002213,0.002136,0.002136,0.002136,0.002136,0.002174,0.002174,0.002174,0.002136,0.002174,0.002060,0.002060,0.002136,0.002060,0.002136,0.002136,0.002136,0.002136,0.002136,0.002098,0.002060,0.002136,0.002098,0.002098,0.002098,0.002136,0.002098,0.002060,0.002060,0.002022,0.002060,0.002060,0.002022,0.002022,0.002060,0.002022,0.001945,0.001984,0.002022,0.002022,0.001984,0.002060,0.002022,0.002022,0.002022,0.002022,0.002022,0.002060,0.002022,0.002060,0.002060,0.002098,0.002060,0.002098,0.002022,0.002060,0.002098,0.002098,0.002098,0.002098,0.002022,0.002098,0.002098,0.002098,0.002098,0.002098,0.002098,0.002060,0.002098,0.002098,0.002136,0.002098,0.002136,0.002174,0.002174,0.002136,0.002136,0.002098,0.002098,0.002136,0.002060,0.002136,0.002136,0.002098,0.002136,0.002136,0.002174,0.002098,0.002098,0.002022,0.002022,0.002022,0.002022,0.001984,0.002022,0.002022,0.001907,0.001945,0.001945,0.001945,0.001984,0.001907,0.001984,0.001945,0.001907,0.001945,0.001907,0.001945,0.001984,0.001984,0.001984,0.001984,0.002022,0.001945,0.001984,0.001984,0.001945,0.001984,0.001984,0.001984,0.001984,0.002022,0.002022,0.001984,0.002060,0.001984,0.001945,0.001984,0.002022,0.002060,0.001984,0.002022,0.001984,0.002022,0.002022,0.002022,0.002098,0.002060,0.002098,0.002136,0.002136,0.002136,0.002098,0.002136,0.002174,0.002098,0.002174,0.002136,0.002174,0.002174,0.002136,0.002136,0.002136,0.002098,0.002060,0.002060,0.002098,0.002022,0.002060,0.002098,0.002060,0.002060,0.002022,0.002022,0.001984,0.002060,0.002022,0.002022,0.002060,0.002060,0.002060,0.002060,0.002098,0.002098,0.002022,0.002060,0.002098,0.002174,0.002136,0.002136,0.002174,0.002174,0.002213,0.002213,0.002213,0.002289,0.002213,0.002213,0.002251,0.002251,0.002289,0.002251,0.002251,0.002251,0.002213,0.002251,0.002174,0.002251,0.002136,0.002251,0.002174,0.002174,0.002213,0.002174,0.002174,0.002213,0.002174,0.002136,0.002136,0.002213,0.002136,0.002098,0.002098,0.002136,0.002136,0.002136,0.002060,0.002022,0.002098,0.002136,0.002098,0.002098,0.002098,0.002098,0.002022,0.002060,0.002060,0.001945,0.001984,0.002022,0.002060,0.002022,0.002022,0.001984,0.002022,0.001984,0.001984,0.001984,0.001945,0.001984,0.001907,0.001984,0.001945,0.001907,0.001945,0.001945,0.001945,0.001945,0.001984,0.001907,0.001907,0.001945,0.001907,0.002022,0.001945,0.001984,0.001984,0.001945,0.001984,0.001984,0.001984,0.001945,0.001984,0.001984,0.001984,0.001984,0.002022,0.002022,0.001984,0.001945,0.001945,0.002022,0.001945,0.002022,0.002022,0.002060,0.002022,0.002060,0.002098,0.002060,0.002136,0.002136,0.002136,0.002098,0.002136,0.002136,0.002136,0.002174,0.002174,0.002174,0.002213,0.002213,0.002251,0.002213,0.002251,0.002289,0.002251,0.002289,0.002289,0.002213,0.002251,0.002251,0.002251,0.002251,0.002327,0.002327,0.002213,0.002251,0.002213,0.002251,0.002251,0.002213,0.002213,0.002174,0.002174,0.002136,0.002136,0.002174,0.002136,0.002174,0.002174,0.002136,0.002174,0.002098,0.002174,0.002174,0.002136,0.002098,0.002213,0.002136,0.002098,0.002174,0.002136,0.002136,0.002136,0.002136,0.002174,0.002174,0.002098,0.002098,0.002098,0.002098,0.002136,0.002098,0.002098,0.002098,0.002136,0.002136,0.002136,0.002098,0.002174,0.002174,0.002136,0.002098,0.002136,0.002136,0.002022,0.002022,0.002060,0.002136,0.002098,0.002022,0.001984,0.001984,0.001984,0.001984,0.001907,0.001907,0.001907,0.001869,0.001907,0.001907,0.001945,0.001945,0.001907,0.001907,0.001945,0.001984,0.002022,0.002022,0.002060,0.002098,0.002136,0.002213,0.002289,0.002327,0.002365,0.002365,0.002327,0.002327,0.002365,0.002403,0.002365,0.002365,0.002365,0.002365,0.002289,0.002251,0.002327,0.002213,0.002098,0.002060,0.002098,0.001984,0.001984,0.001984,0.001984,0.001945,0.001945,0.001945,0.001907,0.001869,0.001945,0.001945,0.001984,0.001984,0.001984,0.002022,0.002022,0.002098,0.002060,0.002136,0.002174,0.002136,0.002136,0.002136,0.002213,0.002174,0.002213,0.002213,0.002174,0.002251,0.002213,0.002213,0.002213,0.002098,0.002136,0.002174,0.002174,0.002213,0.002136,0.002174,0.002174,0.002174,0.002174,0.002174,0.002213,0.002174,0.002174,0.002136,0.002136,0.002213,0.002213,0.002213,0.002251,0.002251,0.002213,0.002213,0.002213,0.002251,0.002213,0.002251,0.002213,0.002251,0.002174,0.002251,0.002251,0.002251,0.002213,0.002213,0.002213,0.002213,0.002174,0.002136,0.002174,0.002174,0.002136,0.002213,0.002174,0.002174,0.002213,0.002136,0.002174,0.002098,0.002136,0.002136,0.002136,0.002174,0.002098,0.002098,0.002098,0.002136,0.002060,0.002060,0.002136,0.002136,0.002098,0.002136,0.002060,0.002060,0.002022,0.002060,0.002022,0.001984,0.002022,0.001984,0.002022,0.002060,0.002022,0.002022,0.001984,0.001945,0.002022,0.002022,0.002022,0.002022,0.002060,0.002060,0.002098,0.002136,0.002098,0.002136,0.002060,0.002136,0.002136,0.002136,0.002136,0.002174,0.002136,0.002174,0.002174,0.002136,0.002098,0.002098,0.002098,0.002060,0.002060,0.002060,0.002098,0.002060,0.002060,0.002098,0.002022,0.002098,0.002098,0.002098,0.002022,0.002022,0.002060,0.002098,0.002060,0.002060,0.002060,0.002098,0.002060,0.002060,0.002136,0.002060,0.002098,0.002136,0.002136,0.002098,0.002136,0.002060,0.002098,0.002098,0.002098,0.002136,0.002136,0.002136,0.002098,0.002098,0.002098,0.002060,0.002060,0.002136,0.002136,0.002136,0.002136,0.002136,0.002136,0.002174,0.002136,0.002136,0.002136,0.002098,0.002136,0.002174,0.002136,0.002136,0.002136,0.002136,0.002174,0.002136,0.002174,0.002174,0.002213,0.002213,0.002174,0.002136,0.002098,0.002136,0.002174,0.002136,0.002098,0.002098,0.002136,0.002098,0.002098,0.002060,0.002022,0.002022,0.002098,0.002022,0.002022,0.001984,0.002060,0.001984,0.001984,0.002022,0.002022,0.001984,0.001984,0.002060,0.002022,0.001984,0.002022,0.001984,0.002060,0.002022,0.001984,0.001984,0.001984,0.002022,0.002022,0.002098,0.002022,0.002022,0.001984,0.002022,0.002060,0.002022,0.002060,0.002022,0.002060,0.002022,0.002060,0.002098,0.002060,0.002060,0.002098,0.002098,0.002098,0.002098,0.002098,0.002136,0.002136,0.002060,0.002098,0.002136,0.002136,0.002136,0.002136,0.002174,0.002136,0.002174,0.002213,0.002213,0.002213,0.002174,0.002213,0.002213,0.002213,0.002174,0.002213,0.002174,0.002251,0.002213,0.002213,0.002136,0.002174,0.002136,0.002174,0.002136,0.002174,0.002098,0.002136,0.002060,0.002060,0.002098,0.002060,0.002098,0.002098,0.002022,0.002060,0.002022,0.002022,0.001984,0.002098,0.002098,0.001984,0.002022,0.002022,0.001984,0.001984,0.001984,0.002022,0.001984,0.001945,0.001945,0.001945,0.001984,0.001945,0.001907,0.001945,0.001984,0.001945,0.001907,0.001945,0.001907,0.001869,0.001945,0.001907,0.001945,0.001945,0.001869,0.001945,0.001984,0.001984,0.001984,0.001984,0.001945,0.002060,0.001945,0.001945,0.002022,0.002098,0.002098,0.002060,0.002098,0.002136,0.002174,0.002136,0.002136,0.002174,0.002174,0.002174,0.002251,0.002174,0.002174,0.002213,0.002251,0.002213,0.002213,0.002213,0.002213,0.002213,0.002251,0.002251,0.002251,0.002174,0.002174,0.002136,0.002098,0.002060,0.002098,0.002060,0.002060,0.002060,0.002022,0.001945,0.001984,0.001907,0.001869,0.001907,0.001869,0.001869,0.001869,0.001831,0.001869,0.001793,0.001793,0.001793,0.001831,0.001793,0.001755,0.001793,0.001793,0.001907,0.001869,0.001869,0.001984,0.001907,0.001907,0.001945,0.001984,0.002060,0.002136,0.002136,0.002174,0.002174,0.002174,0.002174,0.002213,0.002213,0.002174,0.002174,0.002174,0.002136,0.002174,0.002213,0.002213,0.002213,0.002136,0.002174,0.002213,0.002098,0.002136,0.002213,0.002136,0.002213,0.002251,0.002251,0.002251,0.002251,0.002289,0.002289,0.002213,0.002213,0.002327,0.002213,0.002174,0.002213,0.002289,0.002213,0.002213,0.002251,0.002251,0.002251,0.002213,0.002213,0.002174,0.002174,0.002174,0.002174,0.002213,0.002174,0.002060,0.002174,0.002098,0.002098,0.002136,0.002136,0.002136,0.002060,0.002060,0.002060,0.002022,0.002060,0.002060,0.002060,0.001984,0.002060,0.002098,0.002022,0.002060,0.002022,0.002060,0.001945,0.002022,0.002022,0.002022,0.002060,0.001984,0.001984,0.001984,0.001984,0.001984,0.001945,0.001945,0.001984,0.001984,0.002060,0.002098,0.002060,0.002060,0.002136,0.002060,0.002136,0.002098,0.002136,0.002098,0.002136,0.002098,0.002022,0.002022,0.002022,0.001984,0.001869,0.001869,0.001907,0.001869,0.001831,0.001793,0.001793,0.001755,0.001755,0.001755,0.001793,0.001793,0.001869,0.001869,0.001907,0.001907,0.001945,0.001907,0.001907,0.001945,0.001945,0.001869,0.001907,0.001869,0.001907,0.001869,0.001869,0.001831,0.001831,0.001869,0.001793,0.001831,0.001793,0.001793,0.001831,0.001831,0.001869,0.001869,0.001869,0.001945,0.001984,0.001984,0.001907,0.001984,0.001984,0.001984,0.001945,0.001984,0.002022,0.001984,0.001984,0.002022,0.001984,0.002022,0.002060,0.002022,0.002022,0.002022,0.002060,0.002060,0.002060,0.002136,0.002098,0.002136,0.002174,0.002174,0.002174,0.002213,0.002327,0.002289,0.002327,0.002327,0.002289,0.002365,0.002327,0.002365,0.002365,0.002327,0.002251,0.002327,0.002365,0.002289,0.002289,0.002251,0.002213,0.002251,0.002213,0.002136,0.002136,0.002098,0.002136,0.002060,0.002022,0.001984,0.001984,0.001984,0.001945,0.001945,0.001945,0.001945,0.001984,0.002022,0.001984,0.002022,0.002060,0.002060,0.002022,0.002098,0.002098,0.002174,0.002136,0.002174,0.002213,0.002174,0.002174,0.002174,0.002174,0.002213,0.002174,0.002213,0.002136,0.002174,0.002174,0.002174,0.002213,0.002136,0.002174,0.002174,0.002174,0.002136,0.002174,0.002136,0.002060,0.002098,0.002060,0.002098,0.002136,0.002060,0.002136,0.002174,0.002098,0.002098,0.002098,0.002136,0.002136,0.002136,0.002136,0.002136,0.002174,0.002136,0.002136,0.002136,0.002174,0.002213,0.002136,0.002136,0.002136,0.002136,0.002098,0.002060,0.002098,0.002136,0.002098,0.002060,0.002136,0.002136,0.002060,0.002098,0.002098,0.002098,0.002136,0.002060,0.002098,0.002136,0.002098,0.002098,0.002136,0.002136,0.002098,0.002136,0.002098,0.002136,0.002136,0.002098,0.002136,0.002136,0.002174,0.002174,0.002098,0.002098,0.002060,0.002136,0.002098,0.002060,0.002098,0.002022,0.002060,0.002174,0.002098,0.002098,0.002060,0.002060,0.002060,0.002098,0.002136,0.002060,0.002060,0.002136,0.002060,0.002098,0.002136,0.002098,0.002136,0.002136,0.002136,0.002098,0.002136,0.002098,0.002174,0.002136,0.002136,0.002174,0.002136,0.002136,0.002098,0.002136,0.002098,0.002060,0.002060,0.002136,0.002136,0.002136,0.002098,0.002098,0.002060,0.002098,0.002136,0.002098,0.002098,0.002060,0.002060,0.002060,0.002136,0.002098,0.002098,0.002060,0.002098,0.002098,0.002098,0.002060,0.002098,0.002022,0.002098,0.002060,0.002022,0.002022,0.002022,0.002060,0.002022,0.002060,0.001984,0.001984,0.002060,0.001907,0.001984,0.002022,0.002022,0.001984,0.001907,0.001984,0.001984,0.001984,0.001984,0.001945,0.002022,0.001945,0.001907,0.001945,0.001984,0.001984,0.001984,0.002022,0.002060,0.001984,0.002022,0.002060,0.002136,0.002098,0.002098,0.002136,0.002136,0.002136,0.002098,0.002174,0.002174,0.002174,0.002174,0.002213,0.002251,0.002251,0.002251,0.002251,0.002251,0.002289,0.002251,0.002213,0.002251,0.002251,0.002251,0.002213,0.002251,0.002251,0.002251,0.002213,0.002289,0.002289,0.002174,0.002251,0.002174,0.002136,0.002136,0.002136,0.002174,0.002098,0.002098,0.002098,0.002060,0.002098,0.002098,0.002136,0.002060,0.002098,0.002174,0.002136,0.002098,0.002098,0.002098,0.002136,0.002136,0.002136,0.002136,0.002174,0.002174,0.002136,0.002174,0.002174,0.002213,0.002251,0.002213,0.002289,0.002213,0.002251,0.002251,0.002213,0.002251,0.002251,0.002327,0.002213,0.002289,0.002251,0.002174,0.002213,0.002174,0.002213,0.002174,0.002174,0.002174,0.002174,0.002136,0.002098,0.002098,0.002098,0.002022,0.002060,0.002022,0.002022,0.001984,0.001945,0.001945,0.001907,0.001945,0.001869,0.001793,0.001869,0.001869,0.001907,0.001869,0.001831,0.001793,0.001793,0.001869,0.001869,0.001907,0.001869,0.001869,0.001869,0.001869,0.001984,0.001945,0.001984,0.002022,0.002022,0.002060,0.002060,0.002136,0.002136,0.002174,0.002213,0.002174,0.002251,0.002289,0.002251,0.002289,0.002174,0.002289,0.002327,0.002251,0.002289,0.002251,0.002213,0.002251,0.002289,0.002213,0.002213,0.002213,0.002174,0.002213,0.002213,0.002174,0.002174,0.002098,0.002060,0.002060,0.002098,0.002098,0.002098,0.002136,0.002060,0.002136,0.002098,0.002098,0.002098,0.002136,0.002136,0.002098,0.002174,0.002174,0.002136,0.002174,0.002136,0.002251,0.002251,0.002213,0.002289,0.002174,0.002251,0.002213,0.002251,0.002251,0.002213,0.002251,0.002213,0.002251,0.002289,0.002213,0.002289,0.002251,0.002251,0.002251,0.002174,0.002174,0.002136,0.002174,0.002213,0.002213,0.002174,0.002136,0.002136,0.002136,0.002136,0.002136,0.002098,0.002098,0.002136,0.002174,0.002174,0.002136,0.002174,0.002136,0.002213,0.002174,0.002174,0.002174,0.002136,0.002174,0.002136,0.002213,0.002174,0.002136,0.002174,0.002136,0.002174,0.002136,0.002136,0.002136,0.002060,0.002098,0.002060,0.002022,0.002060,0.002022,0.002022,0.001907,0.002022,0.002022,0.002022,0.001984,0.001945,0.001984,0.001945,0.001984,0.001945,0.001907,0.002022,0.001945,0.001945,0.001984,0.001945,0.001984,0.001945,0.001984,0.001984,0.002022,0.001945,0.001984,0.002022,0.001945,0.002022,0.002022,0.001984,0.002060,0.001984,0.002060,0.002022,0.002022,0.002022,0.001984,0.002022,0.002022,0.002098,0.002022,0.002022,0.002022,0.001945,0.002060,0.001984,0.001945,0.001945,0.001945,0.001984,0.001907,0.001984,0.001945,0.001907,0.001984,0.001907,0.001984,0.002022,0.002022,0.001945,0.001984,0.002022,0.001984,0.002060,0.001945,0.002022,0.001984,0.001984,0.002098,0.002098,0.002022,0.002060,0.002098,0.002098,0.002060,0.002098,0.002060,0.002060,0.002098,0.002098,0.002098,0.002060,0.002098,0.002098,0.002022,0.002098,0.002060,0.002022,0.002022,0.002022,0.002060,0.002098,0.002098,0.002060,0.002060,0.002022,0.002022,0.002022,0.002060,0.002060,0.001984,0.001984,0.002022,0.001984,0.001945,0.001945,0.001945,0.001945,0.001907,0.001984,0.001984,0.001945,0.001984,0.001945,0.001945,0.001945,0.001984,0.001984,0.001945,0.001984,0.002022,0.002022,0.002022,0.001984,0.002022,0.002022,0.002098,0.002022,0.002022,0.002022,0.002060,0.002098,0.002022,0.002060,0.002022,0.002060,0.002060,0.002060,0.002098,0.002060,0.002060,0.002098,0.002060,0.002098,0.002098,0.002098,0.002060,0.002098,0.002174,0.002098,0.002136,0.002098,0.002060,0.002136,0.002098,0.002136,0.002060,0.002060,0.002098,0.002060,0.002098,0.002060,0.002098,0.002098,0.002098,0.002098,0.002022,0.002174,0.002098,0.002136,0.002136,0.002098,0.002174,0.002136,0.002174,0.002136,0.002060,0.002136,0.002060,0.002136,0.002022,0.002098,0.002136,0.002098,0.002174,0.002098,0.002174,0.002098,0.002174,0.002213,0.002174,0.002213,0.002213,0.002213,0.002213,0.002136,0.002213,0.002289,0.002289,0.002251,0.002251,0.002251,0.002136,0.002289,0.002289,0.002289,0.002251,0.002174,0.002213,0.002213,0.002289,0.002289,0.002251,0.002213,0.002213,0.002174,0.002136,0.002174,0.002136,0.002098,0.002098,0.002060,0.002098,0.002098,0.002060,0.002060,0.001984,0.002060,0.002098,0.002060,0.002022,0.001945,0.001945,0.001945,0.002022,0.002022,0.001907,0.001984,0.001945,0.002022,0.001984,0.001984,0.002022,0.001907,0.001945,0.001984,0.001984,0.001907,0.001945,0.001984,0.001945,0.001984,0.001984,0.001984,0.001984,0.001984,0.002022,0.001945,0.001945,0.001984,0.001984,0.001984,0.001945,0.001984,0.001945,0.001984,0.002022,0.001945,0.001984,0.001984,0.001984,0.002060,0.001984,0.001984,0.002022,0.001984,0.001984,0.002022,0.002098,0.002022,0.002022,0.002060,0.002022,0.002098,0.001984,0.002060,0.002022,0.002060,0.002060,0.002022,0.002060,0.002022,0.002060,0.002022,0.002098,0.002136,0.002022,0.002098,0.002022,0.002136,0.002136,0.002060,0.002098,0.002098,0.002098,0.002136,0.002136,0.002213,0.002174,0.002174,0.002174,0.002213,0.002136,0.002174,0.002174,0.002136,0.002136,0.002136,0.002136,0.002136,0.002022,0.002098,0.002022,0.002022,0.002060,0.002022,0.001984,0.001869,0.001945,0.001907,0.001869,0.001869,0.001831,0.001869,0.001793,0.001793,0.001831,0.001793,0.001755,0.001755,0.001793,0.001755,0.001755,0.001831,0.001831,0.001831,0.001831,0.001869,0.001907,0.001831,0.001869,0.001907,0.001945,0.001907,0.001907,0.002022,0.001907,0.001945,0.001984,0.001984,0.001945,0.001907,0.001984,0.001869,0.001907,0.001869,0.001869,0.001869,0.001793,0.001869,0.001831,0.001869,0.001869,0.001869,0.001831,0.001793,0.001755,0.001793,0.001793,0.001831,0.001793,0.001793,0.001831,0.001869,0.001869,0.001907,0.001945,0.001907,0.001984,0.001945,0.001945,0.001984,0.002022,0.002022,0.002022,0.002098,0.002060,0.002060,0.002174,0.002136,0.002213,0.002213,0.002174,0.002289,0.002289,0.002289,0.002289,0.002327,0.002327,0.002289,0.002365,0.002403,0.002403,0.002403,0.002365,0.002480,0.002403,0.002441,0.002403,0.002480,0.002518,0.002480,0.002518,0.002480,0.002518,0.002480,0.002480,0.002556,0.002480,0.002556,0.002480,0.002518,0.002518,0.002441,0.002518,0.002441,0.002441,0.002441,0.002403,0.002480,0.002480,0.002518,0.002365,0.002365,0.002365,0.002327,0.002365,0.002289,0.002327,0.002289,0.002174,0.002251,0.002174,0.002174,0.002136,0.002098,0.002174,0.002098,0.002136,0.002098,0.002136,0.002098,0.002060,0.002060,0.002022,0.002098,0.002136,0.002098,0.002098,0.002098,0.002098,0.002022,0.002098,0.002098,0.002060,0.002060,0.002060,0.002060,0.002060,0.001984,0.002060,0.001984,0.001984,0.001984,0.002022,0.002022,0.002022,0.002022,0.001945,0.001945,0.001945,0.001945,0.001869,0.001831,0.001907,0.001831,0.001907,0.001869,0.001907,0.001907,0.001755,0.001907,0.001907,0.001907,0.001831,0.001793,0.001869,0.001793,0.001869,0.001907,0.001869,0.001945,0.001907,0.001907,0.001869,0.001869,0.001945,0.001945,0.001945,0.001984,0.001984,0.001945,0.001945,0.002022,0.001984,0.001984,0.002022,0.002060,0.002022,0.002022,0.002022,0.002060,0.002022,0.002022,0.002060,0.002060,0.002022,0.002022,0.001984,0.002022,0.002022,0.001945,0.002060,0.002022,0.002022,0.001984,0.002022,0.002022,0.001984,0.002022,0.002060,0.002060,0.002022,0.002060,0.002136,0.002060,0.002060,0.002060,0.002060,0.002060,0.002060,0.002136,0.002098,0.002098,0.002098,0.002098,0.002136,0.002060,0.002098,0.002213,0.002098,0.002174,0.002136,0.002174,0.002136,0.002136,0.002136,0.002098,0.002136,0.002060,0.002174,0.002174,0.002098,0.002174,0.002213,0.002174,0.002098,0.002136,0.002136,0.002174,0.002136,0.002174,0.002136,0.002174,0.002251,0.002213,0.002136,0.002213,0.002174,0.002060,0.002136,0.002213,0.002251,0.002174,0.002213,0.002289,0.002251,0.002289,0.002289,0.002289,0.002213,0.002213,0.002213,0.002213,0.002213,0.002174,0.002174,0.002136,0.002174,0.002174,0.002136,0.002136,0.002136,0.002098,0.002174,0.002136,0.002213,0.002213,0.002174,0.002136,0.002136,0.002136,0.002098,0.002136,0.002174,0.002136,0.002136,0.002136,0.002174,0.002213,0.002136,0.002098,0.002174,0.002174,0.002174,0.002213,0.002213,0.002174,0.002174,0.002098,0.002174,0.002136,0.002136,0.002174,0.002136,0.002174,0.002136,0.002174,0.002174,0.002174,0.002174,0.002098,0.002174,0.002098,0.002174,0.002136,0.002098,0.002136,0.002098,0.002136,0.002174,0.002136,0.002174,0.002098,0.002136,0.002098,0.002174,0.002174,0.002174,0.002136,0.002136,0.002136,0.002174,0.002174,0.002136,0.002098,0.002098,0.002098,0.002174,0.002136,0.002136,0.002136,0.002060,0.002136,0.002060,0.002060,0.002060,0.002022,0.002060,0.002060,0.002098,0.002022,0.002060,0.002098,0.002022,0.002060,0.002060,0.002098,0.002060,0.002060,0.002060,0.001984,0.002022,0.001984,0.001984,0.002022,0.001984,0.002060,0.002022,0.002060,0.002022,0.002098,0.002136,0.002098,0.002060,0.002098,0.002136,0.002174,0.002098,0.002213,0.002213,0.002174,0.002174,0.002174,0.002251,0.002213,0.002213,0.002174,0.002174,0.002213,0.002213,0.002251,0.002251,0.002213,0.002174,0.002174,0.002174,0.002174,0.002251,0.002251,0.002251,0.002251,0.002213,0.002251,0.002174,0.002213,0.002098,0.002136,0.002174,0.002174,0.002174,0.002213,0.002174,0.002174,0.002136,0.002174,0.002060,0.002060,0.002060,0.002136,0.002098,0.002022,0.002098,0.002022,0.001984,0.002022,0.002060,0.002022,0.002022,0.001984,0.002022,0.001945,0.001945,0.001945,0.001945,0.001869,0.001907,0.001945,0.001907,0.001869,0.001907,0.001984,0.001907,0.001907,0.001907,0.001869,0.001907,0.001907,0.001984,0.001945,0.002060,0.002060,0.001984,0.002022,0.002022,0.002022,0.002060,0.002060,0.002098,0.002098,0.002136,0.002098,0.002136,0.002174,0.002098,0.002174,0.002136,0.002174,0.002213,0.002174,0.002136,0.002136,0.002174,0.002174,0.002213,0.002174,0.002136,0.002136,0.002060,0.002098,0.002098,0.002174,0.002136,0.002060,0.002060,0.002098,0.002060,0.002098,0.002060,0.002060,0.002060,0.002060,0.002060,0.002060,0.002098,0.002060,0.002098,0.002060,0.002098,0.002098,0.002060,0.002098,0.002060,0.002098,0.002060,0.002060,0.002022,0.002060,0.002060,0.002022,0.002060,0.002060,0.002022,0.002022,0.002022,0.001984,0.002022,0.002022,0.002022,0.001984,0.002022,0.001984,0.002022,0.001984,0.001984,0.001984,0.001945,0.001945,0.001984,0.001984,0.001945,0.001907,0.001945,0.001984,0.002060,0.002022,0.001984,0.002060,0.002022,0.002098,0.002098,0.002098,0.002098,0.002098,0.002136,0.002136,0.002174,0.002136,0.002174,0.002174,0.002098,0.002098,0.002136,0.002136,0.002136,0.002098,0.002174,0.002136,0.002213,0.002060,0.002098,0.002136,0.002060,0.002174,0.002098,0.002098,0.002098,0.002136,0.002213,0.002136,0.002136,0.002136,0.002213,0.002174,0.002136,0.002136,0.002098,0.002174,0.002136,0.002136,0.002213,0.002136,0.002136,0.002174,0.002174,0.002174,0.002098,0.002136,0.002136,0.002098,0.002060,0.002098,0.002098,0.002136,0.002136,0.002136,0.002136,0.002174,0.002098,0.002098,0.002022,0.002060,0.002060,0.002022,0.002022,0.002022,0.002060,0.002022,0.002060,0.002098,0.002022,0.002022,0.002022,0.002060,0.002022,0.002060,0.002022,0.001984,0.002022,0.001984,0.002022,0.001984,0.001945,0.001984,0.001945,0.001984,0.001984,0.002060,0.002022,0.002060,0.002060,0.001984,0.002060,0.001984,0.001984,0.002060,0.002022,0.002060,0.002022,0.002022,0.002022,0.001984,0.002022,0.001984,0.002022,0.001984,0.002060,0.002060,0.002098,0.002060,0.002022,0.002060,0.002060,0.002060,0.002098,0.002060,0.002098,0.002060,0.002098,0.002098,0.002060,0.002060,0.002098,0.002060,0.002098,0.002060,0.002098,0.002060,0.001984,0.002022,0.002098,0.002098,0.002098,0.002136,0.002060,0.002060,0.002022,0.002098,0.002060,0.002098,0.002136,0.002098,0.002098,0.002098,0.002098,0.002060,0.002060,0.002098,0.002022,0.002060,0.002022,0.002022,0.002060,0.002022,0.002022,0.002022,0.001984,0.001984,0.001984,0.002022,0.001984,0.001945,0.001907,0.001984,0.001945,0.001831,0.001907,0.001869,0.001907,0.001869,0.001793,0.001869,0.001831,0.001869,0.001831,0.001831,0.001869,0.001831,0.001869,0.001831,0.001869,0.001869,0.001831,0.001945,0.001907,0.001869,0.001907,0.001907,0.001945,0.001945,0.002060,0.002022,0.002060,0.002060,0.002022,0.002098,0.002060,0.002136,0.002174,0.002136,0.002060,0.002098,0.002174,0.002136,0.002136,0.002098,0.002136,0.002136,0.002098,0.002136,0.002136,0.002098,0.002098,0.002098,0.002060,0.002060,0.002060,0.001984,0.002060,0.002098,0.002060,0.002060,0.002098,0.002060,0.002098,0.002098,0.002098,0.002060,0.002098,0.002098,0.002098,0.002060,0.002060,0.002060,0.002098,0.002060,0.002098,0.002098,0.002098,0.002098,0.002098,0.002022,0.002098,0.002136,0.002136,0.002136,0.002136,0.002136,0.002136,0.002174,0.002136,0.002136,0.002174,0.002213,0.002213,0.002174,0.002213,0.002213,0.002213,0.002136,0.002136,0.002174,0.002174,0.002098,0.002136,0.002098,0.002136,0.002098,0.002136,0.002098,0.002136,0.002098,0.002136,0.002098,0.002098,0.002060,0.002060,0.002060,0.002060,0.002098,0.002022,0.002098,0.002060,0.002022,0.002060,0.002022,0.002022,0.002060,0.002022,0.002022,0.001945,0.001907,0.002022,0.001945,0.001945,0.001984,0.001945,0.001984,0.001984,0.001984,0.001984,0.001984,0.002022,0.001984,0.002022,0.001984,0.001984,0.002022,0.001945,0.001984,0.002060,0.002022,0.001984,0.001945,0.002022,0.001984,0.002060,0.002022,0.002060,0.002060,0.001984,0.002060,0.001984,0.002022,0.002060,0.002060,0.002022,0.002022,0.002022,0.002060,0.002022,0.002060,0.002060,0.002060,0.002060,0.002022,0.002098,0.002022,0.002060,0.002022,0.002098,0.002060,0.002060,0.002022,0.002060,0.002098,0.002060,0.002098,0.002060,0.002098,0.002098,0.002022,0.002060,0.002022,0.002022,0.002060,0.002060,0.002060,0.002022,0.002022,0.002060,0.002136,0.002098,0.002098,0.002098,0.002060,0.002174,0.002098,0.002098,0.002136,0.002174,0.002174,0.002136,0.002136,0.002136,0.002213,0.002251,0.002289,0.002289,0.002213,0.002251,0.002251,0.002213,0.002289,0.002213,0.002289,0.002251,0.002289,0.002251,0.002327,0.002365,0.002327,0.002327,0.002289,0.002289,0.002289,0.002251,0.002327,0.002251,0.002327,0.002251,0.002213,0.002251,0.002213,0.002213,0.002174,0.002213,0.002213,0.002174,0.002174,0.002136,0.002136,0.002098,0.002098,0.002098,0.002022,0.002098,0.002022,0.002022,0.002060,0.002060,0.002022,0.002022,0.002022,0.002022,0.002022,0.002022,0.002022,0.002098,0.002022,0.002060,0.002060,0.002060,0.002060,0.002022,0.002098,0.002098,0.002098,0.002136,0.002136,0.002136,0.002098,0.002098,0.002098,0.002098,0.002060,0.002098,0.002098,0.002136,0.002174,0.002136,0.002136,0.002136,0.002098,0.002213,0.002136,0.002098,0.002136,0.002213,0.002213,0.002213,0.002213,0.002174,0.002251,0.002213,0.002251,0.002251,0.002213,0.002251,0.002289,0.002213,0.002174,0.002213,0.002251,0.002213,0.002213,0.002213,0.002251,0.002213,0.002213,0.002213,0.002174,0.002136,0.002136,0.002136,0.002098,0.002060,0.002098,0.002136,0.002136,0.002060,0.002022,0.002022,0.001945,0.002022,0.002022,0.001984,0.001984,0.001984,0.002060,0.001984,0.001984,0.001984,0.001984,0.001984,0.002022,0.001984,0.001984,0.001984,0.001984,0.001984,0.002060,0.002022,0.002022,0.002060,0.002060,0.002060,0.001984,0.002022,0.002022,0.001984,0.002060,0.002060,0.002098,0.002060,0.002098,0.002098,0.002098,0.002098,0.002098,0.002136,0.002174,0.002174,0.002174,0.002213,0.002213,0.002174,0.002213,0.002174,0.002213,0.002174,0.002174,0.002174,0.002174,0.002174,0.002136,0.002136,0.002136,0.002136,0.002098,0.002060,0.002098,0.002022,0.002060,0.001984,0.002022,0.001984,0.001907,0.001945,0.001907,0.001907,0.001907,0.001907,0.001945,0.001907,0.001945,0.001907,0.001945,0.001984,0.001984,0.001984,0.002022,0.002022,0.001984,0.001984,0.002098,0.002098,0.002098,0.002136,0.002098,0.002174,0.002213,0.002213,0.002174,0.002213,0.002213,0.002213,0.002213,0.002213,0.002289,0.002289,0.002213,0.002213,0.002251,0.002327,0.002289,0.002251,0.002251,0.002213,0.002289,0.002289,0.002289,0.002289,0.002251,0.002213,0.002213,0.002251,0.002251,0.002251,0.002213,0.002289,0.002213,0.002213,0.002251,0.002213,0.002213,0.002251,0.002251,0.002213,0.002251,0.002251,0.002174,0.002213,0.002251,0.002251,0.002251,0.002251,0.002213,0.002251,0.002213,0.002251,0.002289,0.002289,0.002251,0.002289,0.002213,0.002251,0.002251,0.002213,0.002251,0.002213,0.002289,0.002289,0.002251,0.002289,0.002251,0.002289,0.002289,0.002213,0.002251,0.002213,0.002251,0.002251,0.002251,0.002251,0.002174,0.002251,0.002251,0.002251,0.002213,0.002213,0.002174,0.002213,0.002174,0.002136,0.002213,0.002174,0.002174,0.002213,0.002174,0.002213,0.002136,0.002174,0.002098,0.002174,0.002136,0.002174,0.002174,0.002136,0.002136,0.002060,0.002098,0.002136,0.002136,0.002136,0.002098,0.002060,0.002060,0.002098,0.002098,0.002022,0.002060,0.001984,0.002022,0.002022,0.001945,0.001907,0.001907,0.001984,0.001945,0.001907,0.001907,0.001907,0.001869,0.001869,0.001869,0.001831,0.001831,0.001831,0.001793,0.001869,0.001869,0.001793,0.001869,0.001869,0.001907,0.001869,0.001907,0.001869,0.001945,0.001869,0.001907,0.001945,0.001945,0.001984,0.001945,0.001984,0.002022,0.002022,0.002060,0.002022,0.002098,0.002060,0.002022,0.002022,0.002060,0.002098,0.001984,0.002098,0.002060,0.002022,0.002136,0.002060,0.002136,0.002098,0.002098,0.002060,0.002098,0.002174,0.002136,0.002136,0.002136,0.002213,0.002213,0.002136,0.002251,0.002136,0.002174,0.002174,0.002136,0.002213,0.002174,0.002213,0.002174,0.002289,0.002213,0.002174,0.002174,0.002174,0.002213,0.002174,0.002174,0.002136,0.002174,0.002174,0.002174,0.002098,0.002098,0.002098,0.002098,0.002098,0.002098,0.002098,0.002098,0.001984,0.001984,0.001984,0.002022,0.002060,0.001984,0.001984,0.001984,0.001984,0.001945,0.001907,0.001984,0.001984,0.001945,0.001984,0.001984,0.001945,0.001907,0.001945,0.001907,0.001984,0.001984,0.001984,0.001984,0.001945,0.001945,0.001945,0.001984,0.001945,0.001945,0.001984,0.001869,0.001907,0.001945,0.001945,0.001907,0.001945,0.001907,0.001907,0.001945,0.001907,0.001945,0.001984,0.001984,0.002060,0.001984,0.002022,0.002022,0.001984,0.001984,0.001984,0.002136,0.002060,0.002060,0.002098,0.002060,0.002098,0.002136,0.002098,0.002136,0.002136,0.002136,0.002060,0.002098,0.002098,0.002136,0.002136,0.002098,0.002136,0.002098,0.002098,0.002098,0.002060,0.002060,0.002098,0.002098,0.002136,0.002136,0.002098,0.002136,0.002098,0.002098,0.002136,0.002098,0.002136,0.002136,0.002136,0.002098,0.002136,0.002174,0.002060,0.002060,0.002136,0.002136,0.002098,0.002098,0.002136,0.002098,0.002136,0.002098,0.002098,0.002098,0.002098,0.002098,0.002060,0.002060,0.002022,0.002022,0.002060,0.001945,0.001945,0.001984,0.002022,0.002022,0.001984,0.002022,0.001907,0.001945,0.001945,0.001984,0.001984,0.001945,0.001945,0.001945,0.002022,0.001984,0.001945,0.001984,0.001945,0.001984,0.001945,0.001945,0.001907,0.001984,0.001984,0.001945,0.001984,0.001945,0.002022,0.002022,0.002022,0.001984,0.002022,0.001984,0.002022
50,19:00:00.000,12/31/1903,0.000000,0.100000,UNKNOWN,1,0/0,0.000000,0.000000,0.000000,0.000000,0.000000,0.000000,0.000000,0.000000,0,0,0,0,0.002098,0.002098,0.002213,0.002136,0.002174,0.002174,0.002098,0.002174,0.002174,0.002174,0.002098,0.002136,0.002136,0.002136,0.002174,0.002098,0.002136,0.002098,0.002098,0.002098,0.002060,0.002136,0.002098,0.002098,0.002060,0.002060,0.002098,0.002098,0.002098,0.002174,0.002098,0.002098,0.002022,0.002060,0.002136,0.002098,0.002060,0.002060,0.002098,0.002098,0.002060,0.002060,0.002060,0.002060,0.002060,0.002060,0.002022,0.002022,0.002022,0.002022,0.002060,0.002060,0.002022,0.002060,0.001984,0.002098,0.002060,0.001984,0.002022,0.001984,0.002022,0.002060,0.001984,0.001984,0.002022,0.002022,0.001984,0.002022,0.002022,0.001984,0.002060,0.002022,0.001984,0.002060,0.002022,0.001984,0.001984,0.002022,0.001945,0.001945,0.002022,0.002060,0.002022,0.001945,0.001945,0.001984,0.001984,0.001984,0.002022,0.001945,0.001945,0.001945,0.002022,0.001984,0.002022,0.002022,0.001907,0.001907,0.001945,0.001984,0.002022,0.001984,0.002022,0.002022,0.002022,0.002022,0.001984,0.001984,0.001984,0.002022,0.002022,0.001984,0.002022,0.002060,0.002060,0.002022,0.002022,0.002022,0.001984,0.002022,0.002022,0.002022,0.002022,0.002060,0.002060,0.002022,0.002060,0.002060,0.001984,0.002022,0.002022,0.002098,0.002098,0.001984,0.002022,0.002022,0.002060,0.002060,0.002136,0.002098,0.002060,0.002098,0.002060,0.002060,0.002060,0.002022,0.002022,0.002022,0.002098,0.002060,0.002022,0.002060,0.002060,0.002060,0.002098,0.002060,0.002060,0.002060,0.002098,0.002098,0.002060,0.002098,0.002098,0.002098,0.002098,0.002098,0.002098,0.002098,0.002098,0.002022,0.002098,0.002098,0.002098,0.002098,0.002060,0.002136,0.002098,0.002098,0.002136,0.002098,0.002136,0.002060,0.002136,0.002136,0.002098,0.002174,0.002098,0.002136,0.002098,0.002098,0.002174,0.002136,0.002136,0.002098,0.002098,0.002136,0.002060,0.002060,0.002060,0.002060,0.002098,0.002060,0.002098,0.002060,0.002098,0.002022,0.002022,0.002060,0.002060,0.002136,0.002098,0.002098,0.002098,0.002060,0.002060,0.002060,0.002136,0.002098,0.002098,0.002136,0.002060,0.002136,0.002136,0.002098,0.002136,0.002098,0.002136,0.002098,0.002136,0.002174,0.002098,0.002136,0.002136,0.002136,0.002136,0.002098,0.002174,0.002136,0.002136,0.002136,0.002098,0.002136,0.002174,0.002098,0.002098,0.002060,0.002136,0.002098,0.002136,0.002098,0.002098,0.002136,0.002098,0.002174,0.002174,0.002098,0.002136,0.002136,0.002136,0.002174,0.002136,0.002136,0.002060,0.002136,0.002136,0.002098,0.002136,0.002060,0.002136,0.002060,0.002098,0.002098,0.002098,0.002098,0.002060,0.002098,0.002060,0.002060,0.002098,0.002060,0.002098,0.002098,0.002060,0.002060,0.002022,0.002060,0.002060,0.002022,0.002022,0.002060,0.002098,0.002060,0.002022,0.002098,0.002022,0.002060,0.002022,0.002060,0.001984,0.001945,0.002022,0.001945,0.002060,0.002022,0.001984,0.002022,0.001984,0.002022,0.001984,0.002022,0.002022,0.001984,0.002022,0.001984,0.002060,0.002060,0.001984,0.002022,0.002022,0.002022,0.002060,0.001945,0.002060,0.002060,0.001984,0.001984,0.002022,0.002022,0.001945,0.002098,0.002060,0.001984,0.002060,0.001984,0.002098,0.002022,0.002060,0.002060,0.001984,0.001984,0.001984,0.002060,0.002060,0.002022,0.002022,0.001984,0.002060,0.002060,0.002022,0.001984,0.002022,0.002060,0.002060,0.002060,0.002022,0.002022,0.002060,0.002060,0.002022,0.001984,0.002022,0.002060,0.002060,0.002060,0.002060,0.002022,0.002098,0.001984,0.002060,0.002060,0.002022,0.002060,0.002022,0.002022,0.002022,0.002022,0.002060,0.002060,0.002060,0.002022,0.002060,0.002060,0.002060,0.002022,0.002022,0.002098,0.002060,0.002060,0.002098,0.002022,0.002060,0.002098,0.002060,0.002060,0.002060,0.002098,0.002098,0.002098,0.002060,0.002060,0.002174,0.002098,0.002060,0.002060,0.002022,0.002098,0.002136,0.002098,0.002098,0.002060,0.002098,0.002060,0.002136,0.002098,0.002098,0.002174,0.002174,0.002136,0.002136,0.002174,0.002136,0.002098,0.002174,0.002136,0.002136,0.002174,0.002098,0.002098,0.002098,0.002174,0.002174,0.002136,0.002136,0.002136,0.002136,0.002136,0.002136,0.002136,0.002136,0.002136,0.002136,0.002136,0.002098,0.002060,0.002060,0.002060,0.002136,0.002098,0.002098,0.002136,0.002174,0.002136,0.002060,0.002022,0.002098,0.002022,0.002022,0.002060,0.002022,0.002060,0.002022,0.002022,0.002060,0.002022,0.001984,0.001945,0.002022,0.001945,0.001984,0.002022,0.001945,0.001984,0.002022,0.001984,0.001984,0.001984,0.001984,0.001945,0.002022,0.002022,0.001984,0.002022,0.001945,0.001945,0.001984,0.001907,0.001945,0.001907,0.001984,0.001984,0.001945,0.001984,0.001945,0.001984,0.001984,0.001984,0.001907,0.001984,0.001984,0.001907,0.001984,0.001984,0.001984,0.002022,0.001945,0.001945,0.001907,0.001984,0.001945,0.001945,0.001945,0.001984,0.001984,0.001984,0.001984,0.002022,0.001984,0.001984,0.002022,0.001984,0.002022,0.001945,0.001984,0.002060,0.001984,0.001984,0.001984,0.002022,0.002022,0.001945,0.001984,0.001984,0.002022,0.001984,0.002022,0.002022,0.001984,0.002098,0.002060,0.002022,0.002022,0.002022,0.002060,0.002060,0.002022,0.002022,0.001984,0.002060,0.002022,0.002022,0.002060,0.002022,0.002060,0.002060,0.002098,0.002098,0.002098,0.002098,0.002022,0.002136,0.002098,0.002136,0.002098,0.002098,0.002098,0.002060,0.002098,0.002136,0.002174,0.002174,0.002060,0.002136,0.002098,0.002098,0.002098,0.002098,0.002174,0.002060,0.002098,0.002136,0.002098,0.002136,0.002098,0.002060,0.002022,0.002098,0.002136,0.002098,0.002098,0.002136,0.002098,0.002098,0.002060,0.002060,0.002060,0.002060,0.002060,0.002060,0.002060,0.002060,0.002022,0.002098,0.002022,0.002060,0.002022,0.002060,0.001984,0.001984,0.002022,0.002060,0.002060,0.002060,0.001984,0.001984,0.002022,0.002060,0.002022,0.001945,0.002022,0.002022,0.001984,0.001984,0.002022,0.002098,0.001984,0.001984,0.002022,0.002060,0.002022,0.001984,0.002022,0.002060,0.002022,0.002022,0.002060,0.002060,0.002022,0.002060,0.002022,0.001984,0.002060,0.002022,0.001984,0.002022,0.002060,0.002060,0.001984,0.001984,0.002022,0.002060,0.002022,0.002022,0.002060,0.002022,0.002060,0.001984,0.001984,0.002022,0.002022,0.002022,0.002022,0.001945,0.001984,0.001984,0.002022,0.002022,0.001984,0.002060,0.001984,0.002060,0.002022,0.002022,0.002022,0.002022,0.002060,0.002022,0.001984,0.002022,0.002022,0.002060,0.002060,0.002022,0.001945,0.001945,0.002022,0.001945,0.001945,0.002022,0.001984,0.001984,0.001984,0.001907,0.001984,0.001945,0.001907,0.001831,0.001945,0.001945,0.001793,0.001869,0.001831,0.001831,0.001793,0.001793,0.001831,0.001717,0.001755,0.001678,0.001755,0.001602,0.001602,0.001602,0.001602,0.001564,0.001564,0.001526,0.001450,0.001373,0.001488,0.001450,0.001411,0.001450,0.001411,0.001450,0.001450,0.001488,0.001602,0.001602,0.001717,0.001869,0.001984,0.002174,0.002327,0.002556,0.002785,0.003052,0.003357,0.003624,0.003967,0.004234,0.004578,0.004921,0.005302,0.005684,0.005989,0.006371,0.006638,0.006905,0.007172,0.007324,0.007515,0.007477,0.007439,0.007324,0.007057,0.006752,0.006371,0.005913,0.005379,0.004807,0.004272,0.003662,0.003090,0.002518,0.001907,0.001335,0.000687,0.000076,-0.000458,-0.001106,-0.001717,-0.002365,-0.002899,-0.003510,-0.004044,-0.004539,-0.004845,-0.005150,-0.005379,-0.005417,-0.005341,-0.005226,-0.004997,-0.004730,-0.004387,-0.003929,-0.003433,-0.002899,-0.002403,-0.001831,-0.001335,-0.000877,-0.000420,-0.000038,0.000343,0.000725,0.001068,0.001373,0.001602,0.001793,0.001984,0.002098,0.002213,0.002289,0.002441,0.002480,0.002556,0.002670,0.002708,0.002785,0.002861,0.002937,0.002975,0.003014,0.003128,0.003128,0.003204,0.003242,0.003319,0.003433,0.003471,0.003586,0.003700,0.003815,0.003929,0.004082,0.004196,0.004349,0.004425,0.004501,0.004578,0.004654,0.004654,0.004654,0.004730,0.004730,0.004692,0.004616,0.004616,0.004539,0.004463,0.004311,0.004120,0.004120,0.004044,0.003929,0.003777,0.003624,0.003510,0.003395,0.003319,0.003166,0.003052,0.002937,0.002785,0.002708,0.002594,0.002441,0.002441,0.002289,0.002251,0.002213,0.002136,0.002060,0.002022,0.002022,0.001907,0.001907,0.001831,0.001793,0.001793,0.001793,0.001755,0.001831,0.001755,0.001793,0.001717,0.001831,0.001907,0.001907,0.001945,0.001984,0.002022,0.001984,0.002060,0.002060,0.001984,0.002022,0.001984,0.001984,0.001945,0.001907,0.001869,0.001831,0.001869,0.001831,0.001793,0.001755,0.001717,0.001755,0.001793,0.001717,0.001678,0.001640,0.001602,0.001602,0.001602,0.001564,0.001488,0.001450,0.001488,0.001411,0.001411,0.001373,0.001411,0.001526,0.001564,0.001564,0.001602,0.001678,0.001755,0.001755,0.001831,0.001831,0.001869,0.001907,0.001869,0.001907,0.001869,0.001831,0.001831,0.001869,0.001793,0.001907,0.001869,0.001755,0.001793,0.001831,0.001869,0.001907,0.001869,0.001945,0.001945,0.001984,0.001945,0.001945,0.001907,0.001869,0.001907,0.001984,0.001907,0.001869,0.001831,0.001793,0.001831,0.001755,0.001793,0.001831,0.001907,0.001907,0.001984,0.001984,0.002060,0.002174,0.002213,0.002174,0.002251,0.002365,0.002441,0.002518,0.002518,0.002594,0.002556,0.002632,0.002556,0.002594,0.002518,0.002441,0.002441,0.002289,0.002251,0.002174,0.002060,0.002098,0.001984,0.001945,0.001869,0.001869,0.001869,0.001831,0.001831,0.001831,0.001793,0.001907,0.001869,0.001907,0.001907,0.001907,0.001869,0.001831,0.001831,0.001793,0.001755,0.001755,0.001678,0.001640,0.001564,0.001488,0.001564,0.001488,0.001450,0.001373,0.001450,0.001450,0.001373,0.001411,0.001373,0.001450,0.001373,0.001335,0.001373,0.001411,0.001373,0.001373,0.001450,0.001488,0.001526,0.001602,0.001678,0.001678,0.001793,0.001793,0.001907,0.001984,0.002022,0.002098,0.002174,0.002289,0.002289,0.002365,0.002441,0.002518,0.002632,0.002632,0.002670,0.002747,0.002785,0.002861,0.002823,0.002823,0.002785,0.002785,0.002785,0.002708,0.002708,0.002670,0.002708,0.002708,0.002670,0.002632,0.002632,0.002594,0.002556,0.002594,0.002632,0.002556,0.002556,0.002518,0.002556,0.002518,0.002441,0.002403,0.002441,0.002365,0.002289,0.002251,0.002251,0.002213,0.002174,0.002136,0.002213,0.002174,0.002136,0.002136,0.002136,0.002136,0.002060,0.002098,0.002098,0.002098,0.002098,0.002098,0.002060,0.002136,0.002136,0.002060,0.002060,0.002060,0.002098,0.002022,0.002022,0.002098,0.002060,0.002098,0.002136,0.002174,0.002174,0.002213,0.002289,0.002289,0.002327,0.002327,0.002365,0.002441,0.002480,0.002518,0.002556,0.002594,0.002632,0.002632,0.002632,0.002594,0.002556,0.002556,0.002518,0.002441,0.002327,0.002327,0.002289,0.002213,0.002136,0.002060,0.002022,0.001907,0.001831,0.001793,0.001793,0.001755,0.001755,0.001717,0.001717,0.001678,0.001717,0.001678,0.001717,0.001755,0.001831,0.001869,0.001869,0.001984,0.002022,0.002060,0.002060,0.002098,0.002098,0.002136,0.002098,0.002174,0.002174,0.002136,0.002098,0.002060,0.002098,0.002060,0.002022,0.001984,0.001945,0.001907,0.001869,0.001907,0.001793,0.001793,0.001755,0.001793,0.001831,0.001640,0.001678,0.001678,0.001602,0.001564,0.001564,0.001564,0.001564,0.001564,0.001488,0.001488,0.001526,0.001602,0.001564,0.001564,0.001640,0.001678,0.001678,0.001755,0.001755,0.001793,0.001793,0.001831,0.001831,0.001831,0.001945,0.001984,0.001945,0.002022,0.002060,0.002060,0.002060,0.002022,0.002022,0.002098,0.002136,0.002060,0.002136,0.002174,0.002136,0.002174,0.002213,0.002174,0.002174,0.002136,0.002098,0.002174,0.002174,0.002136,0.002174,0.002136,0.002136,0.002136,0.002136,0.002174,0.002136,0.002174,0.002136,0.002098,0.002098,0.002174,0.002136,0.002098,0.002098,0.002098,0.002136,0.002136,0.002136,0.002174,0.002174,0.002213,0.002174,0.002174,0.002213,0.002174,0.002174,0.002098,0.002098,0.002174,0.002136,0.002098,0.002060,0.002022,0.002022,0.002022,0.001945,0.001907,0.001945,0.001831,0.001869,0.001869,0.001793,0.001755,0.001678,0.001793,0.001717,0.001678,0.001717,0.001678,0.001678,0.001678,0.001640,0.001602,0.001640,0.001640,0.001640,0.001640,0.001678,0.001678,0.001717,0.001717,0.001755,0.001755,0.001793,0.001831,0.001755,0.001869,0.001945,0.001984,0.002022,0.002060,0.002098,0.002136,0.002213,0.002213,0.002289,0.002327,0.002365,0.002403,0.002365,0.002403,0.002441,0.002365,0.002441,0.002403,0.002403,0.002441,0.002441,0.002480,0.002441,0.002480,0.002480,0.002556,0.002480,0.002480,0.002480,0.002480,0.002441,0.002480,0.002480,0.002441,0.002441,0.002403,0.002441,0.002327,0.002365,0.002327,0.002327,0.002251,0.002289,0.002251,0.002213,0.002174,0.002174,0.002060,0.002022,0.001984,0.001984,0.001984,0.001907,0.001945,0.001945,0.001869,0.001907,0.001907,0.001907,0.001945,0.002060,0.001984,0.002022,0.002136,0.002174,0.002213,0.002174,0.002213,0.002251,0.002251,0.002289,0.002213,0.002251,0.002251,0.002213,0.002251,0.002251,0.002251,0.002213,0.002213,0.002213,0.002174,0.002174,0.002174,0.002136,0.002060,0.002060,0.002022,0.001945,0.001869,0.001907,0.001869,0.001831,0.001793,0.001793,0.001793,0.001793,0.001717,0.001678,0.001678,0.001755,0.001755,0.001717,0.001678,0.001717,0.001755,0.001755,0.001717,0.001717,0.001717,0.001678,0.001678,0.001755,0.001717,0.001678,0.001755,0.001755,0.001793,0.001755,0.001717,0.001755,0.001755,0.001678,0.001717,0.001717,0.001717,0.001678,0.001717,0.001717,0.001793,0.001831,0.001831,0.001869,0.001869,0.001869,0.001907,0.001984,0.002022,0.002022,0.002098,0.002136,0.002060,0.002174,0.002174,0.002251,0.002251,0.002251,0.002213,0.002289,0.002289,0.002251,0.002289,0.002251,0.002289,0.002213,0.002213,0.002213,0.002213,0.002136,0.002174,0.002174,0.002098,0.002098,0.002060,0.002098,0.002060,0.002060,0.002098,0.002060,0.002022,0.002060,0.002060,0.002060,0.002060,0.002098,0.002060,0.002060,0.002098,0.002060,0.002022,0.002060,0.002060,0.002060,0.002060,0.002022,0.002022,0.002060,0.002022,0.002060,0.002098,0.002174,0.002060,0.002136,0.002098,0.002098,0.002098,0.002136,0.002098,0.002098,0.002098,0.002098,0.002098,0.002136,0.002098,0.002098,0.002136,0.002136,0.002174,0.002174,0.002136,0.002098,0.002136,0.002136,0.002098,0.002060,0.002060,0.002060,0.002060,0.001984,0.001984,0.001945,0.002022,0.002022,0.002022,0.001984,0.001945,0.002022,0.001945,0.001945,0.001984,0.002022,0.001984,0.001984,0.002022,0.001984,0.002022,0.002022,0.002022,0.002022,0.002022,0.002022,0.001984,0.001984,0.002022,0.002022,0.002060,0.002060,0.002060,0.002098,0.002136,0.002136,0.002174,0.002213,0.002251,0.002174,0.002136,0.002174,0.002098,0.002174,0.002098,0.002022,0.002060,0.002022,0.001945,0.001984,0.001984,0.001945,0.001945,0.001869,0.001869,0.001869,0.001869,0.001831,0.001831,0.001831,0.001793,0.001869,0.001831,0.001869,0.001869,0.001869,0.001984,0.001907,0.001945,0.001945,0.001945,0.001907,0.001984,0.002060,0.002022,0.002022,0.002060,0.002060,0.002022,0.002098,0.002060,0.002060,0.002098,0.002060,0.002022,0.002022,0.002060,0.002060,0.002022,0.002060,0.002022,0.002022,0.002022,0.001984,0.001984,0.001945,0.001984,0.001945,0.001945,0.001945,0.001984,0.001907,0.001907,0.001869,0.001869,0.001945,0.001869,0.001869,0.001869,0.001907,0.001907,0.001907,0.001907,0.001907,0.001869,0.001945,0.001945,0.001984,0.001984,0.002060,0.002022,0.002022,0.002060,0.002098,0.002136,0.002098,0.002136,0.002174,0.002136,0.002174,0.002213,0.002213,0.002251,0.002251,0.002213,0.002289,0.002289,0.002251,0.002289,0.002289,0.002251,0.002251,0.002289,0.002251,0.002213,0.002251,0.002213,0.002174,0.002174,0.002213,0.002251,0.002174,0.002174,0.002174,0.002136,0.002213,0.002136,0.002060,0.002098,0.002098,0.002060,0.002060,0.002060,0.002022,0.002098,0.002098,0.002022,0.002022,0.002060,0.001984,0.002022,0.001984,0.002022,0.002022,0.001984,0.002022,0.002060,0.002060,0.002022,0.002098,0.002098,0.002098,0.002174,0.002136,0.002213,0.002289,0.002289,0.002403,0.002480,0.002441,0.002441,0.002556,0.002556,0.002556,0.002632,0.002594,0.002632,0.002670,0.002632,0.002670,0.002632,0.002632,0.002632,0.002632,0.002594,0.002518,0.002518,0.002480,0.002441,0.002403,0.002365,0.002327,0.002327,0.002289,0.002251,0.002174,0.002136,0.002098,0.002174,0.002060,0.001984,0.001945,0.001907,0.001831,0.001717,0.001640,0.001564,0.001450,0.001297,0.001259,0.001183,0.001068,0.001030,0.000954,0.000916,0.000877,0.000801,0.000839,0.000916,0.000916,0.000992,0.000954,0.001068,0.001144,0.001297,0.001373,0.001450,0.001526,0.001640,0.001717,0.001869,0.001945,0.001984,0.002098,0.002136,0.002213,0.002251,0.002289,0.002327,0.002365,0.002327,0.002289,0.002327,0.002289,0.002251,0.002365,0.002327,0.002251,0.002251,0.002251,0.002174,0.002251,0.002213,0.002174,0.002136,0.002136,0.002136,0.002136,0.002136,0.002251,0.002213,0.002213,0.002289,0.002327,0.002327,0.002365,0.002365,0.002441,0.002403,0.002480,0.002480,0.002556,0.002556,0.002480,0.002518,0.002518,0.002480,0.002441,0.002441,0.002480,0.002441,0.002365,0.002289,0.002289,0.002213,0.002174,0.002136,0.002060,0.002022,0.002060,0.001984,0.002022,0.002022,0.001984,0.001945,0.001945,0.001945,0.001907,0.001945,0.001945,0.001869,0.001869,0.001907,0.001945,0.001945,0.001945,0.001945,0.001984,0.001984,0.001984,0.001984,0.001984,0.001945,0.001945,0.001945,0.001945,0.001945,0.001945,0.001945,0.001945,0.001945,0.001945,0.001869,0.001984,0.001945,0.001984,0.002022,0.001907,0.001984,0.001945,0.001945,0.001984,0.001984,0.001984,0.001945,0.001984,0.002022,0.001984,0.002022,0.002022,0.002060,0.001984,0.002022,0.002060,0.002060,0.002022,0.002060,0.002060,0.002174,0.002098,0.002136,0.002213,0.002213,0.002213,0.002251,0.002289,0.002289,0.002289,0.002327,0.002365,0.002327,0.002327,0.002365,0.002365,0.002365,0.002365,0.002327,0.002365,0.002327,0.002327,0.002327,0.002327,0.002289,0.002289,0.002251,0.002251,0.002251,0.002213,0.002213,0.002213,0.002174,0.002136,0.002136,0.002098,0.002098,0.002060,0.002060,0.002060,0.002060,0.002136,0.002060,0.002060,0.002098,0.002060,0.002060,0.002098,0.002060,0.002098,0.002098,0.002136,0.002136,0.002098,0.002213,0.002213,0.002213,0.002174,0.002213,0.002251,0.002251,0.002251,0.002289,0.002289,0.002289,0.002327,0.002327,0.002327,0.002365,0.002403,0.002403,0.002403,0.002365,0.002365,0.002327,0.002365,0.002289,0.002289,0.002289,0.002251,0.002251,0.002136,0.002136,0.002098,0.001984,0.002022,0.002022,0.002022,0.002022,0.001945,0.001907,0.001907,0.001907,0.001869,0.001869,0.001907,0.001907,0.001831,0.001869,0.001793,0.001831,0.001755,0.001793,0.001793,0.001755,0.001755,0.001755,0.001717,0.001793,0.001793,0.001717,0.001717,0.001793,0.001831,0.001793,0.001869,0.001869,0.001869,0.001869,0.001831,0.001907,0.001869,0.001907,0.001869,0.001945,0.001945,0.001945,0.001945,0.001945,0.001984,0.001945,0.002098,0.002060,0.002022,0.002060,0.002136,0.002136,0.002060,0.002174,0.002174,0.002136,0.002136,0.002136,0.002174,0.002136,0.002136,0.002213,0.002213,0.002174,0.002136,0.002136,0.002136,0.002098,0.002060,0.002098,0.002098,0.002060,0.002098,0.002098,0.002098,0.002060,0.002136,0.002098,0.002098,0.002136,0.002060,0.002060,0.002098,0.002060,0.002136,0.002136,0.002136,0.002098,0.002060,0.002136,0.002098,0.002098,0.002136,0.002098,0.002022,0.001984,0.002022,0.002060,0.001945,0.002022,0.001945,0.001984,0.001945,0.001945,0.001907,0.001869,0.001907,0.001869,0.001907,0.001869,0.001907,0.001831,0.001793,0.001869,0.001869,0.001831,0.001869,0.001907,0.001907,0.001869,0.001907,0.001945,0.001984,0.001945,0.001984,0.002022,0.002022,0.002022,0.002060,0.002022,0.002098,0.002060,0.002060,0.002098,0.002098,0.002098,0.002098,0.002136,0.002098,0.002022,0.002022,0.002022,0.002060,0.002098,0.002060,0.002022,0.002022,0.002022,0.002022,0.002022,0.002022,0.002022,0.002060,0.002060,0.002022,0.002060,0.002022,0.002022,0.002060,0.002136,0.002098,0.002098,0.002174,0.002174,0.002251,0.002289,0.002213,0.002213,0.002251,0.002251,0.002251,0.002289,0.002289,0.002289,0.002251,0.002251,0.002327,0.002289,0.002213,0.002213,0.002213,0.002251,0.002213,0.002213,0.002213,0.002174,0.002136,0.002098,0.002136,0.002060,0.002060,0.002060,0.002098,0.002098,0.002060,0.002022,0.002060,0.002022,0.002060,0.002174,0.002136,0.002136,0.002060,0.002060,0.002098,0.002098,0.002098,0.002136,0.002136,0.002174,0.002174,0.002213,0.002213,0.002174,0.002213,0.002174,0.002251,0.002251,0.002251,0.002289,0.002251,0.002251,0.002289,0.002251,0.002251,0.002251,0.002213,0.002213,0.002213,0.002213,0.002251,0.002213,0.002174,0.002174,0.002136,0.002098,0.002136,0.002136,0.002060,0.001984,0.001984,0.002022,0.001984,0.001984,0.001869,0.001907,0.001869,0.001831,0.001831,0.001755,0.001869,0.001793,0.001755,0.001717,0.001717,0.001755,0.001717,0.001717,0.001678,0.001602,0.001640,0.001678,0.001640,0.001640,0.001678,0.001678,0.001678,0.001640,0.001640,0.001678,0.001678,0.001717,0.001717,0.001755,0.001755,0.001755,0.001678,0.001717,0.001678,0.001717,0.001678,0.001717,0.001717,0.001755,0.001755,0.001793,0.001793,0.001831,0.001793,0.001869,0.001869,0.001831,0.001907,0.001907,0.001945,0.001984,0.002060,0.002022,0.002060,0.002098,0.002098,0.002136,0.002174,0.002251,0.002251,0.002213,0.002251,0.002251,0.002289,0.002289,0.002327,0.002327,0.002327,0.002327,0.002365,0.002327,0.002327,0.002327,0.002365,0.002327,0.002289,0.002289,0.002327,0.002327,0.002327,0.002289,0.002289,0.002251,0.002213,0.002213,0.002251,0.002251,0.002213,0.002213,0.002174,0.002136,0.002136,0.002098,0.002136,0.002098,0.002060,0.002060,0.002098,0.002060,0.002022,0.002022,0.002060,0.001984,0.001984,0.001984,0.001984,0.001945,0.001907,0.001984,0.001984,0.002022,0.001984,0.001984,0.001984,0.002022,0.001984,0.001984,0.001945,0.001984,0.001984,0.001984,0.001907,0.001945,0.001984,0.001945,0.001907,0.001945,0.001907,0.001907,0.001907,0.001984,0.001907,0.001945,0.001945,0.001907,0.001907,0.001907,0.001907,0.001907,0.001945,0.001984,0.001984,0.002022,0.001984,0.001984,0.002022,0.002022,0.002060,0.002022,0.002022,0.002022,0.002098,0.002136,0.002098,0.002098,0.002136,0.002060,0.002098,0.002136,0.002098,0.002098,0.002060,0.002060,0.002098,0.002098,0.002098,0.002060,0.002060,0.002060,0.002022,0.002060,0.001984,0.002060,0.002022,0.002060,0.002098,0.002098,0.002136,0.002098,0.002136,0.002136,0.002098,0.002174,0.002174,0.002251,0.002136,0.002174,0.002136,0.002136,0.002174,0.002174,0.002174,0.002213,0.002174,0.002136,0.002136,0.002174,0.002136,0.002098,0.002098,0.002098,0.002136,0.002136,0.002098,0.002098,0.002098,0.002174,0.002174,0.002098,0.002098,0.002098,0.002136,0.002060,0.002098,0.002098,0.002060,0.002136,0.002174,0.002060,0.002060,0.002060,0.002136,0.002136,0.002098,0.002060,0.002060,0.002060,0.002060,0.002060,0.002060,0.001984,0.002022,0.002022,0.001984,0.001984,0.001984,0.001984,0.001907,0.001907,0.001945,0.001907,0.001945,0.001869,0.001907,0.001869,0.001907,0.001907,0.001907,0.001907,0.001945,0.001869,0.001907,0.001907,0.001869,0.001945,0.001907,0.001907,0.001869,0.001907,0.001907,0.001945,0.001945,0.001869,0.001869,0.001907,0.001907,0.001945,0.001945,0.001945,0.001945,0.001984,0.001945,0.001984,0.001945,0.002022,0.002022,0.002022,0.002060,0.001984,0.002022,0.002098,0.002060,0.002136,0.002098,0.002136,0.002098,0.002136,0.002098,0.002174,0.002136,0.002174,0.002174,0.002136,0.002174,0.002174,0.002213,0.002213,0.002174,0.002136,0.002213,0.002174,0.002174,0.002136,0.002136,0.002098,0.002098,0.002098,0.002098,0.002060,0.002060,0.002060,0.002060,0.002098,0.002060,0.002098,0.002098,0.002098,0.002098,0.002098,0.002098,0.002098,0.002136,0.002174,0.002174,0.002136,0.002098,0.002174,0.002136,0.002136,0.002174,0.002174,0.002174,0.002098,0.002136,0.002174,0.002174,0.002174,0.002174,0.002136,0.002174,0.002174,0.002136,0.002174,0.002136,0.002136,0.002136,0.002213,0.002136,0.002174,0.002098,0.002136,0.002136,0.002174,0.002098,0.002098,0.002136,0.002098,0.002098,0.002136,0.002136,0.002060,0.002060,0.002060,0.002060,0.002136,0.002136,0.002136,0.002098,0.002060,0.002098,0.002098,0.002098,0.002060,0.002136,0.002098,0.002060,0.002060,0.002098,0.002060,0.002022,0.002098,0.002136,0.002060,0.002098,0.002098,0.002098,0.002098,0.002098,0.002098,0.002136,0.002136,0.002136,0.002136,0.002136,0.002136,0.002136,0.002098,0.002136,0.002098,0.002136,0.002098,0.002060,0.002136,0.002136,0.002136,0.002136,0.002098,0.002098,0.002098,0.002098,0.002060,0.002022,0.002022,0.002022,0.002022,0.001984,0.001984,0.002022,0.001984,0.002022,0.002022,0.001984,0.002022,0.001984,0.002022,0.002022,0.001984,0.001984,0.001984,0.001984,0.001945,0.002022,0.002022,0.002022,0.002022,0.002022,0.002022,0.002060,0.002098,0.002136,0.002098,0.002174,0.002174,0.002174,0.002174,0.002174,0.002251,0.002289,0.002289,0.002289,0.002365,0.002365,0.002403,0.002365,0.002403,0.002403,0.002441,0.002403,0.002403,0.002403,0.002403,0.002365,0.002327,0.002289,0.002289,0.002174,0.002174,0.002136,0.002098,0.002022,0.001984,0.001984,0.001945,0.001945,0.001907,0.001831,0.001831,0.001793,0.001831,0.001793,0.001755,0.001755,0.001793,0.001831,0.001831,0.001831,0.001793,0.001831,0.001907,0.001907,0.001907,0.001907,0.001945,0.001984,0.001984,0.001984,0.002022,0.002022,0.002098,0.002060,0.002098,0.002060,0.002060,0.002022,0.002022,0.002022,0.001984,0.001945,0.001907,0.001945,0.002022,0.001984,0.001907,0.001945,0.001907,0.001907,0.001907,0.001945,0.002022,0.001945,0.002022,0.002098,0.002060,0.002022,0.002060,0.002098,0.002136,0.002098,0.002136,0.002136,0.002136,0.002136,0.002136,0.002213,0.002213,0.002213,0.002213,0.002213,0.002251,0.002213,0.002213,0.002213,0.002251,0.002213,0.002213,0.002213,0.002251,0.002251,0.002251,0.002251,0.002174,0.002174,0.002213,0.002174,0.002174,0.002213,0.002174,0.002213,0.002251,0.002289,0.002289,0.002327,0.002289,0.002251,0.002251,0.002327,0.002327,0.002327,0.002251,0.002289,0.002213,0.002251,0.002251,0.002213,0.002213,0.002174,0.002174,0.002136,0.002060,0.002022,0.002022,0.001984,0.001984,0.001945,0.001945,0.001945,0.001907,0.001831,0.001793,0.001831,0.001793,0.001831,0.001831,0.001717,0.001755,0.001755,0.001755,0.001793,0.001831,0.001793,0.001793,0.001831,0.001793,0.001793,0.001793,0.001793,0.001793,0.001793,0.001869,0.001831,0.001869,0.001907,0.001907,0.001945,0.001907,0.001907,0.001907,0.001945,0.001984,0.001945,0.001984,0.002022,0.002022,0.002060,0.002060,0.002060,0.002060,0.002060,0.002098,0.002098,0.002098,0.002098,0.002060,0.002098,0.002098,0.002060,0.002098,0.002060,0.002098,0.002022,0.002098,0.002060,0.002136,0.002098,0.001984,0.002022,0.002098,0.002098,0.002060,0.002022,0.002060,0.002098,0.002174,0.002098,0.002098,0.002060,0.002136,0.002098,0.002136,0.002098,0.002136,0.002136,0.002136,0.002136,0.002213,0.002174,0.002136,0.002174,0.002174,0.002136,0.002136,0.002174,0.002174,0.002174,0.002213,0.002213,0.002174,0.002174,0.002174,0.002174,0.002213,0.002136,0.002136,0.002174,0.002136,0.002098,0.002098,0.002060,0.002060,0.002098,0.002060,0.001984,0.001984,0.001984,0.002022,0.001945,0.001945,0.001945,0.001945,0.002022,0.001945,0.001984,0.002022,0.001984,0.001984,0.002022,0.002022,0.002022,0.002060,0.002098,0.002098,0.002060,0.002060,0.002098,0.002098,0.002098,0.002136,0.002060,0.002060,0.001984,0.001984,0.001984,0.001984,0.002022,0.001907,0.001869,0.001945,0.001869,0.001869,0.001831,0.001869,0.001869,0.001831,0.001831,0.001831,0.001793,0.001831,0.001793,0.001831,0.001869,0.001869,0.001945,0.001945,0.002022,0.002022,0.002060,0.002060,0.002060,0.002060,0.002098,0.002098,0.002098,0.002098,0.002098,0.002098,0.002136,0.002060,0.002136,0.002098,0.002098,0.002098,0.002098,0.002098,0.002098,0.002022,0.002060,0.002022,0.002022,0.001984,0.001984,0.001984,0.001984,0.001984,0.001945,0.001907,0.001984,0.001984,0.002022,0.001945,0.001945,0.001984,0.001945,0.001984,0.002022,0.001984,0.002022,0.002022,0.002060,0.002022,0.002060,0.002022,0.002060,0.002174,0.002136,0.002136,0.002136,0.002174,0.002174,0.002213,0.002251,0.002213,0.002213,0.002213,0.002251,0.002289,0.002251,0.002289,0.002251,0.002251,0.002251,0.002213,0.002251,0.002213,0.002213,0.002213,0.002213,0.002213,0.002136,0.002098,0.002174,0.002136,0.002136,0.002136,0.002060,0.002060,0.002060,0.002060,0.002022,0.002022,0.002022,0.001984,0.002022,0.002060,0.002022,0.002022,0.002022,0.002022,0.001984,0.002060,0.002022,0.001984,0.002060,0.002022,0.002060,0.001984,0.001945,0.001945,0.002022,0.001984,0.001984,0.001907,0.001907,0.001869,0.001869,0.001831,0.001869,0.001869,0.001831,0.001831,0.001717,0.001793,0.001793,0.001755,0.001831,0.001831,0.001793,0.001793,0.001755,0.001755,0.001793,0.001831,0.001793,0.001869,0.001869,0.001831,0.001907,0.001869,0.001831,0.001907,0.001869,0.001984,0.001907,0.001945,0.001945,0.001907,0.001945,0.001945,0.001945,0.001907,0.001945,0.001907,0.001869,0.001907,0.001945,0.001945,0.001907,0.001869,0.001945,0.001907,0.001945,0.001984,0.001945,0.001945,0.001945,0.001945,0.001984,0.002022,0.001984,0.002022,0.001984,0.001945,0.001984,0.002022,0.002022,0.002098,0.002098,0.002060,0.002060,0.002060,0.002136,0.002174,0.002060,0.002174,0.002136,0.002213,0.002213,0.002213,0.002213,0.002213,0.002213,0.002213,0.002251,0.002213,0.002213,0.002251,0.002289,0.002327,0.002327,0.002289,0.002365,0.002327,0.002403,0.002403,0.002365,0.002365,0.002289,0.002403,0.002403,0.002365,0.002365,0.002289,0.002327,0.002327,0.002251,0.002251,0.002213,0.002213,0.002136,0.002174,0.002098,0.002060,0.002022,0.001945,0.001984,0.001984,0.001907,0.001869,0.001831,0.001831,0.001831,0.001793,0.001755,0.001678,0.001755,0.001755,0.001755,0.001717,0.001717,0.001755,0.001755,0.001755,0.001831,0.001717,0.001793,0.001831,0.001869,0.001793,0.001831,0.001831,0.001869,0.001945,0.001945,0.001907,0.001907,0.001907,0.001945,0.001945,0.001984,0.002022,0.002022,0.002098,0.002060,0.002098,0.002136,0.002098,0.002136,0.002174,0.002136,0.002174,0.002136,0.002174,0.002213,0.002251,0.002251,0.002251,0.002251,0.002251,0.002251,0.002251,0.002251,0.002289,0.002289,0.002289,0.002289,0.002251,0.002213,0.002251,0.002327,0.002327,0.002327,0.002289,0.002289,0.002327,0.002251,0.002327,0.002251,0.002251,0.002327,0.002327,0.002289,0.002251,0.002213,0.002289,0.002251,0.002365,0.002213,0.002213,0.002213,0.002213,0.002213,0.002174,0.002174,0.002136,0.002174,0.002174,0.002098,0.002136,0.002136,0.002136,0.002098,0.002174,0.002174,0.002213,0.002098,0.002136,0.002098,0.002136,0.002098,0.002098,0.002098,0.002060,0.002060,0.002060,0.002060,0.002098,0.002060,0.002060,0.002022,0.001984,0.001984,0.001984,0.002022,0.001945,0.001945,0.001907,0.001907,0.001945,0.001907,0.001907,0.001945,0.001869,0.001869,0.001869,0.001907,0.001907,0.001907,0.001907,0.001831,0.001831,0.001907,0.001907,0.001907,0.001945,0.001984,0.001945,0.001907,0.001945,0.002022,0.001984,0.001907,0.002022,0.001984,0.001984,0.002022,0.002060,0.002022,0.002022,0.001984,0.001984,0.002022,0.002060,0.002022,0.001984,0.001984,0.002060,0.002060,0.002098,0.002136,0.002098,0.002098,0.002174,0.002136,0.002174,0.002251,0.002213,0.002213,0.002174,0.002251,0.002251,0.002251,0.002251,0.002174,0.002251,0.002213,0.002251,0.002251,0.002251,0.002251,0.002251,0.002213,0.002213,0.002213,0.002251,0.002174,0.002174,0.002213,0.002213,0.002213,0.002174,0.002213,0.002174,0.002213,0.002174,0.002136,0.002098,0.002098,0.002098,0.002136,0.002060,0.002098,0.002060,0.002022,0.002060,0.002060,0.002098,0.002060,0.002098,0.002060,0.002022,0.002060,0.001984,0.002060,0.002098,0.002098,0.002022,0.002022,0.002060,0.002022,0.002060,0.002060,0.001984,0.002022,0.001984,0.001984,0.001907,0.001907,0.001945,0.001907,0.001945,0.001945,0.001907,0.001869,0.001831,0.001869,0.001869,0.001945,0.001907,0.001793,0.001831,0.001831,0.001793,0.001831,0.001755,0.001793,0.001755,0.001793,0.001793,0.001755,0.001755,0.001793,0.001831,0.001831,0.001793,0.001831,0.001793,0.001907,0.001869,0.001907,0.001869,0.001869,0.001945,0.001907,0.001907,0.001984,0.001984,0.001984,0.001984,0.002022,0.001984,0.001984,0.002022,0.001984,0.002060,0.002060,0.002060,0.002098,0.002060,0.002136,0.002136,0.002136,0.002213,0.002098,0.002251,0.002174,0.002174,0.002174,0.002213,0.002289,0.002213,0.002289,0.002289,0.002251,0.002251,0.002213,0.002174,0.002251,0.002251,0.002213,0.002213,0.002213,0.002174,0.002213,0.002251,0.002136,0.002136,0.002136,0.002136,0.002136,0.002136,0.002136,0.002136,0.002174,0.002136,0.002136,0.002174,0.002098,0.002060,0.002098,0.002098,0.002098,0.002098,0.002136,0.002060,0.002136,0.002136,0.002060,0.002136,0.002060,0.002060,0.002098,0.002098,0.002098,0.002098,0.002098,0.002098,0.002136,0.002136,0.002098,0.002098,0.002098,0.002098,0.002136,0.002136,0.002136,0.002098,0.002136,0.002098,0.002136,0.002174,0.002136,0.002174,0.002098,0.002136,0.002136,0.002136,0.002174,0.002174,0.002098,0.002136,0.002136,0.002136,0.002098,0.002136,0.002174,0.002098,0.002060,0.002060,0.002174,0.002098,0.002098,0.002174,0.002098,0.002098,0.002174,0.002136,0.002174,0.002098,0.002136,0.002098,0.002098,0.002098,0.002060,0.002098,0.002098,0.002098,0.002060,0.002060,0.002136,0.002136,0.002174,0.002213,0.002136,0.002174,0.002136,0.002174,0.002174,0.002136,0.002213,0.002174,0.002174,0.002136,0.002136,0.002136,0.002136,0.002136,0.002136,0.002098,0.002213,0.002098,0.002098,0.002098,0.002060,0.002022,0.001984,0.002022,0.001945,0.001907,0.001945,0.001945,0.001945,0.001907,0.001945,0.001869,0.001831,0.001907,0.001831,0.001831,0.001793,0.001755,0.001869,0.001831,0.001793,0.001793,0.001755,0.001831,0.001793,0.001755,0.001717,0.001793,0.001793,0.001755,0.001831,0.001793,0.001793,0.001831,0.001793,0.001793,0.001869,0.001945,0.001945,0.001945,0.001945,0.001907,0.001984,0.002060,0.002136,0.002098,0.002098,0.002136,0.002136,0.002136,0.002213,0.002174,0.002213,0.002213,0.002213,0.002174,0.002174,0.002213,0.002136,0.002136,0.002136,0.002098,0.002098,0.002022,0.002022,0.002060,0.002060,0.002060,0.002060,0.002022,0.002022,0.002060,0.002022,0.002022,0.002060,0.002022,0.002098,0.002136,0.002098,0.002136,0.002098,0.002098,0.002136,0.002098,0.002174,0.002136,0.002213,0.002174,0.002174,0.002174,0.002136,0.002174,0.002174,0.002136,0.002136,0.002060,0.002174,0.002060,0.002136,0.002060,0.001984,0.002022,0.001945,0.001945,0.001869,0.001831,0.001831,0.001755,0.001755,0.001755,0.001640,0.001678,0.001678,0.001678,0.001640,0.001640,0.001678,0.001717,0.001755,0.001717,0.001755,0.001755,0.001793,0.001793,0.001793,0.001869,0.001945,0.001907,0.001907,0.001945,0.001984,0.001945,0.001907,0.001984,0.001945,0.001984,0.001984,0.001945,0.001984,0.001945,0.001945,0.001945,0.001945,0.001945,0.001984,0.002022,0.001907,0.002022,0.001984,0.001984,0.002022,0.002060,0.002022,0.002022,0.002060,0.002098,0.002136,0.002136,0.002060,0.002174,0.002174,0.002174,0.002213,0.002136,0.002251,0.002213,0.002251,0.002213,0.002174,0.002213,0.002251,0.002251,0.002251,0.002251,0.002289,0.002174,0.002136,0.002174,0.002174,0.002136,0.002174,0.002136,0.002174,0.002098,0.002136,0.002098,0.002174,0.002098,0.002098,0.002098,0.002136,0.002136,0.002098,0.002022,0.002136,0.002060,0.002136,0.002136,0.002098,0.002060,0.002060,0.002136,0.002098,0.002060,0.002060,0.002060,0.002060,0.002060,0.002060,0.002022,0.002022,0.002022,0.002022,0.002060,0.002060,0.002022,0.002060,0.001984,0.002060,0.001984,0.001945,0.001984,0.001984,0.002022,0.002022,0.001945,0.001984,0.001945,0.001945,0.001907,0.002022,0.001984,0.002060,0.002022,0.001984,0.002022,0.002022,0.002022,0.002022,0.001984,0.002060,0.002060,0.002022,0.002060,0.002060,0.002060,0.002022,0.002060,0.002060,0.002098,0.002136,0.002060,0.002136,0.002136,0.002098,0.002174,0.002136,0.002174,0.002098,0.002136,0.002136,0.002060,0.002098,0.002098,0.002136,0.002098,0.002098,0.002136,0.002174,0.002136,0.002136,0.002060,0.002098,0.002022,0.002136,0.002022,0.002022,0.002060,0.002022,0.002060,0.002022,0.001984,0.001945,0.001945,0.001984,0.002022,0.001984,0.001945,0.001907,0.001907,0.001907,0.001984,0.001945,0.001945,0.001945,0.001869,0.001907,0.001945,0.001907,0.001945,0.001945,0.001984,0.001907,0.001984,0.001945,0.001945,0.001907,0.001907,0.001945,0.001984,0.001907,0.001984,0.001984,0.001945,0.001945,0.001984,0.002022,0.001984,0.001945,0.001945,0.001984,0.002022,0.002060,0.002098,0.002060,0.002098,0.002098,0.002022,0.002022,0.002022,0.002098,0.002060,0.002060,0.002098,0.002022,0.002060,0.002136,0.002098,0.002098,0.002060,0.002098,0.002060,0.002022,0.002022,0.002022,0.002060,0.002022,0.002022,0.001984,0.001945,0.001984,0.001945,0.001984,0.001945,0.001945,0.001945,0.001984,0.002060,0.001945,0.002022,0.002060,0.002022,0.002098,0.002022,0.002098,0.002098,0.002060,0.002136,0.002098,0.002136,0.002213,0.002213,0.002251,0.002213,0.002213,0.002174,0.002289,0.002251,0.002174,0.002213,0.002136,0.002213,0.002213,0.002213,0.002213,0.002136,0.002174,0.002136,0.002136,0.002174,0.002098,0.002136,0.002136,0.002136,0.002060,0.002060,0.002098,0.002060,0.002098,0.002098,0.002022,0.002098,0.002060,0.002022,0.002060,0.002022,0.002098,0.002022,0.002060,0.002060,0.002060,0.002022,0.001984,0.002060,0.001984,0.002022,0.001984,0.001984,0.002022,0.001984,0.001984,0.001984,0.001945,0.002022,0.001945,0.001984,0.001945,0.001945,0.001945,0.001945,0.001945,0.001907,0.001945,0.001945,0.001869,0.001907,0.001945,0.001907,0.001945,0.001945,0.001984,0.001869,0.001907,0.001907,0.001907,0.001945,0.001945,0.001984,0.001907,0.001907,0.001945,0.001907,0.001984,0.001945,0.002022,0.002060,0.001945,0.001984,0.001984,0.002022,0.002022,0.002022,0.001984,0.002022,0.002060,0.002060,0.002060,0.002098,0.002098,0.002098,0.002136,0.002136,0.002136,0.002098,0.002136,0.002213,0.002174,0.002251,0.002174,0.002213,0.002251,0.002213,0.002251,0.002213,0.002289,0.002251,0.002251,0.002251,0.002251,0.002251,0.002251,0.002289,0.002251,0.002251,0.002251,0.002213,0.002251,0.002213,0.002213,0.002174,0.002174,0.002213,0.002213,0.002136,0.002174,0.002136,0.002098,0.002098,0.002136,0.002136,0.002136,0.002136,0.002060,0.002136,0.002098,0.002174,0.002136,0.002060,0.002174,0.002174,0.002098,0.002098,0.002136,0.002174,0.002098,0.002174,0.002098,0.002136,0.002174,0.002136,0.002136,0.002098,0.002098,0.002098,0.002060,0.002098,0.002098,0.002136,0.002098,0.002098,0.002098,0.002098,0.002136,0.002174,0.002060,0.002098,0.002098,0.002060,0.002022,0.001984,0.001984,0.001907,0.001945,0.001869,0.001907,0.001831,0.001869,0.001831,0.001831,0.001869,0.001869,0.001869,0.001907,0.001869,0.001984,0.002022,0.002022,0.002060,0.002060,0.002136,0.002213,0.002251,0.002251,0.002289,0.002289,0.002289,0.002327,0.002289,0.002327,0.002403,0.002327,0.002327,0.002327,0.002251,0.002251,0.002213,0.002213,0.002098,0.002060,0.002060,0.002022,0.001984,0.001907,0.001945,0.001907,0.001831,0.001831,0.001831,0.001831,0.001907,0.001945,0.001907,0.001907,0.001984,0.001984,0.002022,0.002060,0.002022,0.002060,0.002060,0.002098,0.002136,0.002098,0.002098,0.002098,0.002136,0.002098,0.002098,0.002136,0.002136,0.002174,0.002174,0.002136,0.002174,0.002136,0.002136,0.002174,0.002136,0.002174,0.002098,0.002174,0.002174,0.002174,0.002136,0.002136,0.002174,0.002098,0.002136,0.002174,0.002174,0.002174,0.002174,0.002174,0.002251,0.002213,0.002251,0.002174,0.002174,0.002213,0.002213,0.002213,0.002174,0.002213,0.002174,0.002174,0.002213,0.002174,0.002213,0.002174,0.002098,0.002174,0.002174,0.002174,0.002098,0.002098,0.002136,0.002098,0.002136,0.002098,0.002098,0.002098,0.002136,0.002098,0.002060,0.002136,0.002098,0.002098,0.002098,0.002098,0.002098,0.002060,0.002136,0.002060,0.002098,0.002060,0.002060,0.002060,0.001984,0.001984,0.001984,0.001945,0.001984,0.001984,0.001984,0.001984,0.001945,0.001984,0.001907,0.001984,0.001945,0.001984,0.001984,0.001984,0.002022,0.002022,0.001984,0.002022,0.001984,0.002060,0.002022,0.002098,0.002060,0.002060,0.002098,0.002060,0.002098,0.002060,0.002060,0.002060,0.002060,0.002098,0.002060,0.002060,0.002060,0.002022,0.002060,0.002022,0.001984,0.001984,0.001984,0.002022,0.001984,0.002060,0.002060,0.002022,0.002098,0.002022,0.001984,0.002022,0.002022,0.002060,0.002060,0.002060,0.002022,0.002060,0.002098,0.002098,0.002098,0.002060,0.002098,0.002022,0.002022,0.002098,0.002098,0.002098,0.002098,0.002060,0.002098,0.002098,0.002136,0.002098,0.002098,0.002060,0.002060,0.002098,0.002060,0.002098,0.002060,0.002098,0.002136,0.002060,0.002136,0.002136,0.002136,0.002098,0.002098,0.002136,0.002098,0.002098,0.002098,0.002098,0.002098,0.002136,0.002136,0.002136,0.002136,0.002136,0.002136,0.002136,0.002098,0.002060,0.002098,0.002060,0.002098,0.002022,0.002060,0.001984,0.001984,0.002022,0.001984,0.002022,0.002022,0.001984,0.001984,0.001984,0.002022,0.001945,0.001984,0.001984,0.001907,0.001984,0.001945,0.001945,0.001945,0.001945,0.001945,0.001945,0.001984,0.001945,0.001984,0.002022,0.001984,0.002022,0.002060,0.002022,0.001984,0.001945,0.002060,0.001984,0.001984,0.002022,0.002060,0.002022,0.002060,0.002060,0.002022,0.002060,0.002098,0.002022,0.002098,0.002060,0.002060,0.002136,0.002060,0.002098,0.002098,0.002098,0.002174,0.002136,0.002174,0.002098,0.002174,0.002174,0.002174,0.002213,0.002213,0.002251,0.002174,0.002136,0.002174,0.002136,0.002174,0.002213,0.002174,0.002213,0.002174,0.002213,0.002136,0.002136,0.002136,0.002060,0.002136,0.002060,0.002098,0.002060,0.002060,0.002098,0.002022,0.002060,0.002022,0.002022,0.002022,0.001984,0.001984,0.002022,0.001984,0.001984,0.001984,0.002022,0.002022,0.001945,0.001945,0.001907,0.001945,0.001907,0.001945,0.001945,0.001907,0.001984,0.001869,0.001907,0.001907,0.001869,0.001831,0.001869,0.001869,0.001869,0.001907,0.001831,0.001869,0.001907,0.001869,0.001945,0.001831,0.001945,0.001907,0.001907,0.001907,0.001945,0.001945,0.001984,0.001984,0.002060,0.002022,0.002060,0.002022,0.002098,0.002060,0.002060,0.002174,0.002098,0.002136,0.002174,0.002136,0.002136,0.002136,0.002174,0.002174,0.002136,0.002251,0.002213,0.002174,0.002136,0.002136,0.002213,0.002136,0.002136,0.002098,0.002136,0.002098,0.002098,0.002098,0.002060,0.001984,0.001984,0.002022,0.002022,0.001984,0.001945,0.001907,0.001869,0.001831,0.001831,0.001869,0.001793,0.001793,0.001831,0.001793,0.001793,0.001755,0.001717,0.001793,0.001755,0.001793,0.001793,0.001793,0.001793,0.001793,0.001869,0.001907,0.001907,0.001984,0.001945,0.001984,0.001984,0.002060,0.002060,0.002060,0.002098,0.002213,0.002174,0.002174,0.002174,0.002174,0.002174,0.002174,0.002174,0.002213,0.002136,0.002174,0.002174,0.002098,0.002136,0.002098,0.002136,0.002213,0.002136,0.002174,0.002174,0.002174,0.002174,0.002098,0.002213,0.002174,0.002213,0.002174,0.002174,0.002213,0.002174,0.002251,0.002174,0.002174,0.002213,0.002174,0.002213,0.002174,0.002213,0.002213,0.002136,0.002174,0.002136,0.002213,0.002174,0.002174,0.002136,0.002098,0.002060,0.002022,0.002022,0.002022,0.002022,0.002022,0.001945,0.001984,0.002022,0.001984,0.002022,0.001984,0.002022,0.002022,0.001984,0.002022,0.001984,0.002022,0.001984,0.001984,0.001907,0.001984,0.001945,0.001907,0.001945,0.001945,0.001945,0.001945,0.001945,0.001945,0.001984,0.001945,0.001945,0.001907,0.001984,0.002022,0.002060,0.002060,0.002060,0.002098,0.002060,0.002060,0.002060,0.002022,0.002022,0.001984,0.002022,0.001984,0.001907,0.001907,0.001831,0.001831,0.001831,0.001678,0.001717,0.001717,0.001755,0.001717,0.001755,0.001793,0.001755,0.001793,0.001793,0.001869,0.001907,0.001869,0.001869,0.001869,0.001869,0.001831,0.001907,0.001869,0.001831,0.001907,0.001869,0.001831,0.001831,0.001793,0.001831,0.001755,0.001831,0.001793,0.001755,0.001793,0.001831,0.001869,0.001831,0.001907,0.001945,0.001984,0.001945,0.001945,0.001945,0.001907,0.001984,0.001945,0.001907,0.001945,0.001945,0.002022,0.001984,0.001907,0.001945,0.001945,0.001984,0.002022,0.001984,0.002022,0.002098,0.002060,0.002022,0.002098,0.002136,0.002213,0.002174,0.002136,0.002213,0.002213,0.002213,0.002289,0.002251,0.002251,0.002289,0.002289,0.002289,0.002327,0.002327,0.002365,0.002289,0.002251,0.002251,0.002251,0.002251,0.002213,0.002174,0.002174,0.002136,0.002136,0.002060,0.002098,0.002022,0.002022,0.001984,0.001945,0.001907,0.001945,0.001984,0.001907,0.001945,0.001945,0.001984,0.001984,0.001945,0.002060,0.002022,0.002060,0.002098,0.002098,0.002098,0.002098,0.002174,0.002136,0.002174,0.002174,0.002174,0.002136,0.002136,0.002174,0.002136,0.002098,0.002136,0.002136,0.002174,0.002174,0.002136,0.002098,0.002060,0.002098,0.002098,0.002098,0.002098,0.002060,0.002098,0.002098,0.002136,0.002136,0.002098,0.002098,0.002060,0.002098,0.002060,0.002060,0.002136,0.002136,0.002136,0.002098,0.002136,0.002098,0.002060,0.002136,0.002136,0.002136,0.002136,0.002098,0.002136,0.002098,0.002060,0.002060,0.002060,0.002098,0.002098,0.002060,0.002060,0.002098,0.002098,0.001984,0.002022,0.002022,0.002022,0.002098,0.002022,0.002060,0.002060,0.002098,0.002060,0.002098,0.002098,0.002098,0.002098,0.002060,0.002098,0.002098,0.002022,0.002098,0.002060,0.002060,0.002136,0.002136,0.002060,0.001984,0.002098,0.002136,0.002060,0.002098,0.001984,0.002060,0.002022,0.002022,0.002022,0.002022,0.002060,0.001984,0.002060,0.002060,0.002022,0.002098,0.002060,0.002098,0.002060,0.002098,0.002136,0.002060,0.002060,0.002136,0.002098,0.002098,0.002060,0.002098,0.002098,0.002098,0.002060,0.002060,0.002136,0.002060,0.002098,0.002060,0.002136,0.002098,0.002060,0.002098,0.002060,0.002098,0.002098,0.002098,0.002174,0.002060,0.002136,0.002098,0.002098,0.002136,0.002098,0.002060,0.002060,0.002060,0.002098,0.002098,0.002022,0.002022,0.002098,0.002098,0.002098,0.002022,0.001945,0.002098,0.002060,0.002060,0.002060,0.001984,0.001984,0.001984,0.002022,0.001984,0.001945,0.001945,0.001945,0.001907,0.001907,0.002022,0.001984,0.001984,0.001945,0.001945,0.001945,0.001945,0.001907,0.001907,0.001945,0.001945,0.001945,0.001945,0.001984,0.001907,0.001984,0.002022,0.002022,0.002060,0.002022,0.002060,0.002060,0.002098,0.002136,0.002174,0.002136,0.002136,0.002213,0.002213,0.002213,0.002174,0.002213,0.002251,0.002213,0.002213,0.002213,0.002213,0.002251,0.002174,0.002289,0.002251,0.002213,0.002251,0.002251,0.002251,0.002251,0.002213,0.002213,0.002174,0.002174,0.002174,0.002136,0.002174,0.002136,0.002098,0.002098,0.002098,0.002136,0.002098,0.002098,0.002098,0.002060,0.002060,0.002136,0.002174,0.002060,0.002098,0.002060,0.002098,0.002136,0.002136,0.002136,0.002098,0.002136,0.002174,0.002136,0.002174,0.002136,0.002174,0.002213,0.002174,0.002213,0.002174,0.002174,0.002213,0.002251,0.002213,0.002213,0.002213,0.002213,0.002251,0.002213,0.002213,0.002213,0.002136,0.002213,0.002136,0.002174,0.002098,0.002098,0.002174,0.002098,0.002098,0.002060,0.001945,0.002022,0.001984,0.001984,0.001945,0.001907,0.001945,0.001831,0.001831,0.001831,0.001793,0.001831,0.001869,0.001831,0.001755,0.001755,0.001793,0.001793,0.001755,0.001755,0.001869,0.001831,0.001869,0.001869,0.001907,0.001907,0.001869,0.001984,0.001984,0.001945,0.002060,0.002022,0.002098,0.002098,0.002098,0.002174,0.002136,0.002251,0.002213,0.002289,0.002251,0.002251,0.002289,0.002251,0.002251,0.002251,0.002213,0.002213,0.002251,0.002213,0.002136,0.002251,0.002174,0.002174,0.002136,0.002098,0.002136,0.002136,0.002060,0.002098,0.002098,0.002136,0.002098,0.002022,0.002060,0.002098,0.002060,0.002060,0.002098,0.002136,0.002060,0.002098,0.002136,0.002136,0.002136,0.002136,0.002136,0.002136,0.002213,0.002136,0.002213,0.002213,0.002174,0.002213,0.002213,0.002251,0.002213,0.002136,0.002174,0.002174,0.002213,0.002213,0.002213,0.002213,0.002174,0.002213,0.002136,0.002213,0.002174,0.002174,0.002174,0.002136,0.002136,0.002136,0.002136,0.002174,0.002098,0.002136,0.002098,0.002136,0.002098,0.002098,0.002098,0.002098,0.002136,0.002136,0.002098,0.002174,0.002136,0.002174,0.002136,0.002213,0.002213,0.002174,0.002174,0.002098,0.002136,0.002098,0.002060,0.002098,0.002060,0.002098,0.002022,0.002022,0.002022,0.002022,0.001984,0.002022,0.001945,0.001945,0.001945,0.001945,0.001907,0.001984,0.001984,0.001984,0.001907,0.001869,0.002022,0.001945,0.001984,0.001984,0.001907,0.001907,0.001869,0.001907,0.001945,0.001907,0.001945,0.001984,0.002022,0.001945,0.001984,0.001945,0.001984,0.001945,0.001907,0.001984,0.001945,0.001984,0.002022,0.001984,0.002022,0.002060,0.001945,0.001984,0.002022,0.001984,0.001984,0.001945,0.001907,0.001945,0.001945,0.001945,0.001984,0.001907,0.001869,0.001945,0.001907,0.001945,0.001945,0.001907,0.001945,0.001907,0.001907,0.001945,0.001984,0.001945,0.001984,0.002022,0.001945,0.002060,0.002022,0.002022,0.002022,0.001984,0.002060,0.002098,0.002022,0.002098,0.002022,0.002060,0.002022,0.002098,0.002060,0.002098,0.002060,0.002022,0.002098,0.002060,0.002060,0.002060,0.002022,0.002098,0.002022,0.002060,0.002022,0.002060,0.002060,0.002022,0.002022,0.002060,0.002022,0.002022,0.002022,0.002022,0.001945,0.001984,0.001945,0.001907,0.002022,0.001984,0.001907,0.001945,0.001869,0.001945,0.001945,0.001984,0.001984,0.001945,0.001945,0.001907,0.001984,0.001945,0.001984,0.001984,0.001945,0.001945,0.001907,0.001984,0.001945,0.001907,0.001945,0.001984,0.001984,0.001984,0.002022,0.002022,0.001984,0.002060,0.001984,0.002060,0.002098,0.002022,0.002060,0.002060,0.002098,0.002060,0.002136,0.002098,0.002060,0.002060,0.002060,0.002098,0.002060,0.001984,0.002098,0.002060,0.002060,0.002022,0.002098,0.002060,0.002022,0.002098,0.002022,0.002060,0.002060,0.002022,0.002060,0.002022,0.002022,0.002060,0.002060,0.002060,0.002060,0.002060,0.002022,0.002060,0.002098,0.002022,0.002022,0.002022,0.002136,0.002098,0.002136,0.002098,0.002060,0.002098,0.002060,0.002098,0.002098,0.002098,0.002136,0.002098,0.002136,0.002136,0.002136,0.002136,0.002098,0.002174,0.002213,0.002213,0.002174,0.002136,0.002213,0.002136,0.002213,0.002251,0.002251,0.002213,0.002213,0.002213,0.002251,0.002213,0.002213,0.002213,0.002289,0.002174,0.002251,0.002251,0.002174,0.002174,0.002213,0.002213,0.002136,0.002098,0.002174,0.002098,0.002136,0.002098,0.002098,0.002060,0.002022,0.002022,0.002022,0.002022,0.001984,0.001984,0.001984,0.002022,0.001984,0.001945,0.002022,0.001945,0.001907,0.001984,0.001945,0.001984,0.001945,0.001945,0.001907,0.001945,0.001984,0.001907,0.001984,0.001945,0.001907,0.001945,0.001907,0.001907,0.001907,0.001945,0.001945,0.001869,0.001907,0.001907,0.001945,0.001907,0.001945,0.002022,0.001984,0.001984,0.001945,0.001984,0.001984,0.001945,0.002022,0.001945,0.001984,0.001984,0.001984,0.002022,0.001945,0.001984,0.002022,0.001984,0.002060,0.001984,0.002022,0.001984,0.002022,0.002060,0.002060,0.002060,0.001984,0.001984,0.002060,0.002060,0.002060,0.002060,0.002098,0.002098,0.002060,0.002098,0.002060,0.002098,0.002098,0.002136,0.002136,0.002060,0.002174,0.002136,0.002136,0.002174,0.002136,0.002098,0.002136,0.002174,0.002136,0.002060,0.002136,0.002213,0.002174,0.002098,0.002136,0.002136,0.002136,0.002098,0.002098,0.002174,0.002060,0.001945,0.001984,0.001945,0.001907,0.001945,0.001945,0.001869,0.001869,0.001831,0.001831,0.001869,0.001793,0.001793,0.001831,0.001717,0.001717,0.001755,0.001755,0.001755,0.001793,0.001793,0.001831,0.001869,0.001831,0.001869,0.001869,0.001869,0.001907,0.001869,0.001907,0.001907,0.001907,0.001907,0.001869,0.001945,0.001945,0.001869,0.001869,0.001907,0.001945,0.001869,0.001907,0.001831,0.001793,0.001755,0.001793,0.001869,0.001831,0.001793,0.001793,0.001755,0.001793,0.001755,0.001831,0.001793,0.001793,0.001793,0.001793,0.001831,0.001831,0.001869,0.001869,0.001869,0.001831,0.001831,0.001907,0.001945,0.001945,0.001984,0.001984,0.002060,0.002060,0.002060,0.002098,0.002136,0.002174,0.002136,0.002136,0.002174,0.002174,0.002213,0.002174,0.002251,0.002251,0.002289,0.002289,0.002289,0.002365,0.002327,0.002327,0.002289,0.002327,0.002403,0.002365,0.002480,0.002480,0.002480,0.002480,0.002403,0.002441,0.002403,0.002518,0.002480,0.002441,0.002480,0.002403,0.002518,0.002480,0.002480,0.002480,0.002403,0.002480,0.002480,0.002441,0.002441,0.002403,0.002441,0.002365,0.002365,0.002365,0.002327,0.002289,0.002289,0.002365,0.002289,0.002251,0.002251,0.002213,0.002251,0.002174,0.002213,0.002136,0.002174,0.002136,0.002060,0.002098,0.002098,0.002098,0.002060,0.002060,0.002098,0.002060,0.002098,0.002098,0.002136,0.002060,0.002022,0.002060,0.002060,0.002098,0.002060,0.002022,0.002022,0.002060,0.002098,0.002022,0.002060,0.002022,0.001984,0.002060,0.002022,0.002022,0.001984,0.001945,0.001907,0.001907,0.001945,0.001907,0.001869,0.001907,0.001907,0.001869,0.001831,0.001869,0.001907,0.001869,0.001869,0.001831,0.001831,0.001869,0.001793,0.001793,0.001755,0.001793,0.001793,0.001831,0.001831,0.001831,0.001869,0.001869,0.001831,0.001869,0.001831,0.001869,0.001869,0.001907,0.001907,0.001945,0.001984,0.001907,0.001907,0.001907,0.001984,0.001984,0.001984,0.002022,0.001945,0.001984,0.001984,0.002022,0.001984,0.001984,0.001984,0.001984,0.002022,0.002022,0.001984,0.001945,0.001945,0.002022,0.001984,0.001984,0.001945,0.001945,0.002022,0.001984,0.002022,0.002022,0.002022,0.002022,0.002022,0.002022,0.002022,0.002060,0.002060,0.002060,0.002060,0.002060,0.002060,0.002060,0.002022,0.002060,0.002060,0.002098,0.002098,0.002098,0.002060,0.002136,0.002098,0.002060,0.002098,0.002060,0.002098,0.002098,0.002136,0.002098,0.002098,0.002098,0.002098,0.002136,0.002136,0.002098,0.002098,0.002136,0.002098,0.002136,0.002098,0.002098,0.002022,0.002174,0.002136,0.002060,0.002136,0.002174,0.002174,0.002136,0.002174,0.002213,0.002136,0.002136,0.002136,0.002213,0.002174,0.002174,0.002213,0.002213,0.002174,0.002174,0.002174,0.002213,0.002174,0.002174,0.002136,0.002174,0.002213,0.002174,0.002098,0.002098,0.002136,0.002098,0.002136,0.002136,0.002060,0.002098,0.002136,0.002136,0.002136,0.002136,0.002136,0.002136,0.002174,0.002060,0.002098,0.002174,0.002136,0.002098,0.002098,0.002136,0.002136,0.002136,0.002136,0.002136,0.002174,0.002136,0.002098,0.002136,0.002098,0.002136,0.002136,0.002136,0.002136,0.002136,0.002098,0.002174,0.002136,0.002060,0.002098,0.002136,0.002136,0.002136,0.002098,0.002136,0.002136,0.002098,0.002136,0.002098,0.002136,0.002060,0.002136,0.002098,0.002136,0.002098,0.002136,0.002098,0.002098,0.002060,0.002136,0.002098,0.002098,0.002136,0.002098,0.002098,0.002060,0.002060,0.002098,0.002060,0.002060,0.002060,0.002060,0.002098,0.002098,0.002060,0.002098,0.002098,0.002098,0.002060,0.002022,0.002060,0.002022,0.001984,0.002098,0.002022,0.002060,0.002022,0.001984,0.002022,0.002022,0.001984,0.001984,0.002060,0.002098,0.002060,0.001984,0.002022,0.002060,0.001984,0.002060,0.002022,0.002098,0.002060,0.002098,0.002098,0.002098,0.002060,0.002136,0.002174,0.002136,0.002136,0.002174,0.002174,0.002174,0.002174,0.002136,0.002174,0.002174,0.002174,0.002213,0.002174,0.002174,0.002174,0.002174,0.002136,0.002174,0.002213,0.002213,0.002174,0.002136,0.002174,0.002174,0.002136,0.002213,0.002174,0.002174,0.002213,0.002136,0.002098,0.002174,0.002174,0.002174,0.002213,0.002136,0.002098,0.002060,0.002098,0.002098,0.002136,0.002136,0.002174,0.002060,0.002098,0.002060,0.002022,0.002060,0.002022,0.001945,0.001945,0.001984,0.001984,0.001945,0.001984,0.001945,0.001869,0.001869,0.001945,0.001907,0.001907,0.002022,0.001907,0.001869,0.001907,0.001907,0.001907,0.001907,0.001907,0.001907,0.001945,0.001984,0.001984,0.001984,0.002022,0.001984,0.002022,0.002022,0.002060,0.002022,0.002022,0.002022,0.002098,0.002098,0.002060,0.002136,0.002098,0.002136,0.002174,0.002060,0.002136,0.002174,0.002136,0.002136,0.002098,0.002136,0.002098,0.002136,0.002098,0.002098,0.002136,0.002060,0.002022,0.002022,0.002060,0.002060,0.002060,0.002060,0.002022,0.002060,0.002060,0.002022,0.002022,0.002022,0.002060,0.002022,0.002060,0.001984,0.001984,0.002060,0.002060,0.002060,0.002022,0.002022,0.002060,0.002022,0.001984,0.002098,0.002136,0.002022,0.002098,0.002098,0.002022,0.002060,0.002022,0.001945,0.002022,0.001984,0.002022,0.002022,0.002022,0.001945,0.001984,0.002022,0.001945,0.001945,0.001945,0.001907,0.001984,0.001907,0.001945,0.001945,0.001984,0.001945,0.001984,0.001984,0.001945,0.002022,0.002022,0.002022,0.002060,0.002060,0.002060,0.002098,0.002060,0.002098,0.002136,0.002136,0.002174,0.002136,0.002136,0.002136,0.002098,0.002174,0.002136,0.002174,0.002136,0.002136,0.002136,0.002098,0.002136,0.002136,0.002098,0.002060,0.002060,0.002098,0.002098,0.002098,0.002136,0.002098,0.002136,0.002136,0.002098,0.002098,0.002098,0.002136,0.002098,0.002136,0.002136,0.002136,0.002136,0.002060,0.002136,0.002174,0.002174,0.002098,0.002098,0.002098,0.002060,0.002098,0.002098,0.002098,0.002060,0.002098,0.002098,0.002060,0.002060,0.002098,0.002060,0.002060,0.002060,0.002022,0.002060,0.002060,0.001984,0.002022,0.002022,0.002022,0.002022,0.001945,0.002022,0.001984,0.001984,0.001984,0.001945,0.001984,0.001945,0.001984,0.001945,0.001945,0.001945,0.001907,0.001907,0.001984,0.001945,0.001945,0.001907,0.001945,0.001984,0.001945,0.001945,0.001945,0.001984,0.001984,0.001945,0.001984,0.001984,0.002022,0.001984,0.001984,0.001984,0.001945,0.002060,0.001945,0.001984,0.002022,0.002022,0.002022,0.002022,0.001984,0.002022,0.002022,0.002022,0.002060,0.002022,0.001945,0.002060,0.002060,0.001984,0.002022,0.002098,0.002060,0.002022,0.001984,0.002022,0.001984,0.002060,0.002060,0.002022,0.002060,0.002060,0.002098,0.002022,0.002060,0.002060,0.002022,0.002060,0.002022,0.002098,0.002022,0.002060,0.002060,0.002060,0.002098,0.002060,0.002098,0.002060,0.002098,0.002098,0.002098,0.002022,0.002060,0.002098,0.002060,0.002060,0.002060,0.002022,0.001984,0.001984,0.002022,0.001945,0.001945,0.001907,0.001907,0.001945,0.001945,0.001869,0.001869,0.001831,0.001831,0.001869,0.001907,0.001831,0.001831,0.001793,0.001793,0.001793,0.001793,0.001793,0.001831,0.001793,0.001831,0.001793,0.001831,0.001907,0.001907,0.001907,0.001907,0.001907,0.001984,0.002022,0.001984,0.001945,0.001984,0.001984,0.002022,0.002060,0.002022,0.002022,0.002060,0.002098,0.002098,0.002098,0.002098,0.002060,0.002098,0.002136,0.002098,0.002060,0.002060,0.002022,0.002022,0.002022,0.002060,0.002060,0.002060,0.002060,0.002060,0.002060,0.002022,0.002022,0.002022,0.001984,0.002022,0.002060,0.002060,0.002060,0.002022,0.001984,0.002022,0.002022,0.002060,0.002022,0.002060,0.002022,0.002022,0.002098,0.002060,0.002098,0.002098,0.002098,0.002136,0.002060,0.002060,0.002098,0.002098,0.002022,0.002060,0.002136,0.002098,0.002136,0.002174,0.002174,0.002174,0.002136,0.002136,0.002174,0.002213,0.002136,0.002174,0.002136,0.002136,0.002174,0.002136,0.002174,0.002098,0.002136,0.002060,0.002098,0.002098,0.002060,0.002098,0.002060,0.002098,0.002098,0.002060,0.002098,0.002060,0.002060,0.002060,0.001984,0.001984,0.002022,0.002022,0.002022,0.001984,0.001984,0.001984,0.001984,0.001945,0.001945,0.001945,0.001945,0.001984,0.001945,0.002022,0.001945,0.001907,0.001945,0.001984,0.001984,0.001984,0.001984,0.001945,0.001945,0.001984,0.001945,0.001945,0.001945,0.001984,0.001984,0.001984,0.002022,0.002022,0.001984,0.001984,0.002060,0.001984,0.001984,0.002022,0.001984,0.001984,0.002022,0.001984,0.002022,0.001907,0.001945,0.001984,0.001984,0.002022,0.001984,0.002022,0.001984,0.002022,0.002022,0.002098,0.002060,0.001984,0.002060,0.002060,0.002060,0.002022,0.002022,0.002022,0.002022,0.002060,0.002022,0.002022,0.001984,0.002022,0.002060,0.002022,0.002060,0.001984,0.002022,0.001984,0.002060,0.002022,0.002022,0.002022,0.002022,0.002022,0.002060,0.002022,0.002060,0.002098,0.002136,0.002060,0.002098,0.002060,0.002098,0.002060,0.002174,0.002098,0.002098,0.002136,0.002174,0.002136,0.002174,0.002213,0.002174,0.002174,0.002251,0.002251,0.002289,0.002213,0.002289,0.002289,0.002213,0.002251,0.002327,0.002251,0.002327,0.002327,0.002289,0.002289,0.002251,0.002289,0.002251,0.002251,0.002289,0.002251,0.002251,0.002213,0.002213,0.002213,0.002174,0.002136,0.002136,0.002136,0.002136,0.002136,0.002098,0.002060,0.002136,0.002098,0.002098,0.002060,0.002098,0.002098,0.002060,0.002060,0.002060,0.002022,0.002022,0.001984,0.001984,0.001945,0.002060,0.002022,0.002060,0.002022,0.002022,0.002060,0.002060,0.002060,0.002060,0.002060,0.002098,0.002098,0.002060,0.002136,0.002060,0.002098,0.002060,0.001984,0.002060,0.002060,0.002098,0.002098,0.002098,0.002136,0.002098,0.002136,0.002213,0.002136,0.002098,0.002098,0.002136,0.002136,0.002136,0.002174,0.002174,0.002136,0.002174,0.002213,0.002213,0.002174,0.002174,0.002213,0.002136,0.002251,0.002213,0.002289,0.002213,0.002174,0.002213,0.002174,0.002251,0.002251,0.002213,0.002213,0.002136,0.002174,0.002136,0.002098,0.002098,0.002060,0.002098,0.002060,0.002060,0.002098,0.001984,0.001984,0.001984,0.001945,0.002022,0.002022,0.001984,0.001945,0.001945,0.001945,0.002022,0.001984,0.001984,0.001984,0.001984,0.001907,0.001907,0.001945,0.001945,0.001984,0.001945,0.001945,0.001984,0.001984,0.002022,0.002022,0.001907,0.001984,0.001984,0.002060,0.001984,0.002060,0.002060,0.002060,0.002060,0.002022,0.002098,0.002098,0.002098,0.002136,0.002136,0.002174,0.002136,0.002213,0.002213,0.002174,0.002213,0.002174,0.002136,0.002136,0.002174,0.002136,0.002098,0.002136,0.002098,0.002060,0.002136,0.002098,0.002060,0.002022,0.002060,0.001984,0.002022,0.001984,0.001945,0.001907,0.001907,0.001945,0.001945,0.001907,0.001945,0.001945,0.001907,0.001907,0.001869,0.001869,0.001907,0.001984,0.001984,0.001984,0.001984,0.001945,0.002022,0.002022,0.001984,0.001984,0.002060,0.002060,0.002022,0.002136,0.002136,0.002136,0.002174,0.002213,0.002174,0.002174,0.002251,0.002251,0.002289,0.002213,0.002289,0.002251,0.002251,0.002251,0.002289,0.002251,0.002289,0.002251,0.002213,0.002213,0.002251,0.002251,0.002327,0.002251,0.002251,0.002289,0.002289,0.002174,0.002213,0.002251,0.002251,0.002251,0.002251,0.002213,0.002174,0.002213,0.002213,0.002251,0.002213,0.002213,0.002213,0.002213,0.002251,0.002213,0.002174,0.002174,0.002251,0.002213,0.002213,0.002251,0.002136,0.002174,0.002136,0.002174,0.002213,0.002213,0.002213,0.002136,0.002213,0.002213,0.002174,0.002174,0.002213,0.002289,0.002289,0.002213,0.002213,0.002213,0.002213,0.002251,0.002251,0.002251,0.002251,0.002213,0.002289,0.002213,0.002251,0.002289,0.002251,0.002251,0.002213,0.002136,0.002213,0.002174,0.002174,0.002174,0.002174,0.002213,0.002174,0.002098,0.002174,0.002174,0.002174,0.002174,0.002136,0.002098,0.002213,0.002098,0.002098,0.002060,0.002098,0.002060,0.002060,0.002060,0.002060,0.002060,0.002022,0.002060,0.002022,0.002060,0.002022,0.001984,0.001984,0.001984,0.001984,0.001945,0.001984,0.001945,0.001945,0.001907,0.001869,0.001831,0.001831,0.001793,0.001793,0.001793,0.001869,0.001793,0.001831,0.001831,0.001831,0.001869,0.001831,0.001831,0.001793,0.001831,0.001869,0.001907,0.001869,0.001831,0.001831,0.001907,0.001869,0.001984,0.001945,0.001984,0.001984,0.001984,0.002022,0.002022,0.002022,0.002022,0.002022,0.001984,0.001984,0.002098,0.002022,0.002022,0.001984,0.002060,0.001984,0.002060,0.002022,0.002022,0.002060,0.002098,0.002098,0.002098,0.002060,0.002098,0.002174,0.002174,0.002174,0.002174,0.002174,0.002136,0.002213,0.002136,0.002174,0.002213,0.002213,0.002174,0.002251,0.002251,0.002174,0.002213,0.002251,0.002213,0.002251,0.002136,0.002136,0.002136,0.002174,0.002174,0.002213,0.002136,0.002060,0.002136,0.002098,0.002136,0.002060,0.002022,0.002022,0.002022,0.001984,0.002022,0.001945,0.001984,0.001945,0.002022,0.001945,0.001945,0.001907,0.001945,0.001907,0.001945,0.001945,0.001907,0.001869,0.001869,0.001945,0.001984,0.001945,0.002022,0.001907,0.001945,0.001945,0.001945,0.001907,0.001945,0.001945,0.001907,0.001907,0.001945,0.001907,0.001945,0.001869,0.001907,0.001945,0.001945,0.001945,0.001869,0.001869,0.001984,0.001945,0.001907,0.001945,0.001869,0.001984,0.001984,0.001984,0.002022,0.002022,0.001984,0.002060,0.002060,0.002098,0.002060,0.002060,0.002060,0.002060,0.002136,0.002098,0.002098,0.002098,0.002022,0.002060,0.002060,0.002098,0.002098,0.002060,0.002098,0.002060,0.002098,0.002098,0.002060,0.002098,0.002098,0.002098,0.002060,0.002136,0.002136,0.002098,0.002060,0.002060,0.002098,0.002098,0.002098,0.002098,0.002098,0.002060,0.002060,0.002098,0.002060,0.002136,0.002060,0.002098,0.002136,0.002136,0.002060,0.002060,0.002098,0.002136,0.002060,0.002060,0.002060,0.002022,0.002060,0.002098,0.002060,0.002060,0.001984,0.001984,0.002022,0.002022,0.001984,0.002022,0.001984,0.001984,0.001984,0.002022,0.001984,0.001984,0.001945,0.001907,0.001945,0.001907,0.001945,0.001945,0.001907,0.001945,0.001945,0.001945,0.001907,0.001945,0.001907,0.001984,0.001907,0.001907,0.001984,0.001984,0.001984,0.001945,0.001945,0.001984,0.002022,0.001984,0.001984,0.001984
